1.000000000000000000e+00 2.000000000000000000e+00 3.000000000000000000e+00 4.000000000000000000e+00 5.000000000000000000e+00 6.000000000000000000e+00 8.000000000000000000e+00 1.000000000000000000e+01 1.200000000000000000e+01 1.500000000000000000e+01 2.000000000000000000e+01 3.000000000000000000e+01
2.668966256908838020e+01 1.732787885079959267e+01 1.459736511489305677e+01 1.242286001249283167e+01 1.127917812424596988e+01 1.057296836697316778e+01 9.567277646019679338e+00 9.024000722398216823e+00 8.116827492695598778e+00 7.465918314280517443e+00 6.191850338811255128e+00 3.972017117510207029e+00
3.410049721207754914e+01 1.856192309724364975e+01 1.358123182367497783e+01 1.216932160330952328e+01 1.130516865444563024e+01 1.086567313689267245e+01 9.742898346931971432e+00 8.689187310388268415e+00 8.435397274496626352e+00 7.711119098836183738e+00 5.851380066311151040e+00 4.887343566329017008e+00
2.625012631906923488e+01 2.009137825027686830e+01 1.367430620113271367e+01 1.210940971599544547e+01 1.126703481787546579e+01 1.064609415369819345e+01 9.884848864887141318e+00 9.086629661587242168e+00 8.126717992305632521e+00 7.559065375416196275e+00 6.002803980057436206e+00 4.377333568751895498e+00
2.955681891858168342e+01 1.716908974610333871e+01 1.332168688512856924e+01 1.346084217306293596e+01 1.131731100635505705e+01 1.060777493666405036e+01 9.615697244763143914e+00 8.875861160386232740e+00 8.108937034564245749e+00 7.413722624744922385e+00 6.550290510085177154e+00 5.171065993667955496e+00
2.491395515540939698e+01 1.727977834971832038e+01 1.366839829735164713e+01 1.207870836619227006e+01 1.135054772474464180e+01 1.065202247248999612e+01 9.633580410270614180e+00 8.993555355210091307e+00 8.229574795014926281e+00 7.736951255898305568e+00 6.048734907126029903e+00 4.569038358652399268e+00
2.937269768548094362e+01 1.756466641682363772e+01 1.349538465013889699e+01 1.227562064330665059e+01 1.143522261330330814e+01 1.086853903348252715e+01 9.588599439405797398e+00 8.920323272815601001e+00 8.168418634160579117e+00 7.221914983828437329e+00 6.415741166556654385e+00 5.654885510146612226e+00
2.768893372759180238e+01 1.821926846510575260e+01 1.428566395787523824e+01 1.291832967083973394e+01 1.184255430598930658e+01 1.128596262762229330e+01 1.016980322283237470e+01 9.137919704242658980e+00 8.538742662891408486e+00 8.058080202480798704e+00 6.655484839777603412e+00 3.970654801990014526e+00
3.289764450078826741e+01 1.870277282037866584e+01 1.436567614885316857e+01 1.302724930136230874e+01 1.198063999747047603e+01 1.123154970490952742e+01 1.035756355563756159e+01 9.466530053627696617e+00 8.701205903759589688e+00 8.079356252153779394e+00 6.700985392637148763e+00 4.741398203071023332e+00
2.794529005506771568e+01 1.831966942822510447e+01 1.565831670924002772e+01 1.328450210903575623e+01 1.192835901097437556e+01 1.133677669264478993e+01 1.052225297061173492e+01 9.370268555863226823e+00 8.579262052560887142e+00 7.949739706365599901e+00 7.201614976902959597e+00 5.500118657067599059e+00
2.976098287106106000e+01 2.010366984580671357e+01 1.366034367293556073e+01 1.200780448162931435e+01 1.090475161387205461e+01 1.043949728017782341e+01 9.123713096126817135e+00 8.485395592470457160e+00 7.618361232841963648e+00 7.184698550475621559e+00 6.865021364302014817e+00 6.046008342817232872e+00
3.070461691392194581e+01 1.805776047138009233e+01 1.372438066023047298e+01 1.178325040692206294e+01 1.078557567608615742e+01 1.013879639999921700e+01 9.007378816450916759e+00 8.350640728089409492e+00 7.694609636954863774e+00 7.138978177232035982e+00 6.617061024685966686e+00 4.948959963908960979e+00
3.809810116186395135e+01 2.012313387170561185e+01 1.504761035667173630e+01 1.191135386436831212e+01 1.110927144555456891e+01 1.033991003716820956e+01 9.440300380189835749e+00 8.426960250905569438e+00 7.773986978442682272e+00 7.180333559637186447e+00 6.686621961791283653e+00 4.894612610143955322e+00
2.909098495382109917e+01 1.818043004259948248e+01 1.370970435546916555e+01 1.219561773479376221e+01 1.142861825455852021e+01 1.050862815389658245e+01 9.603749642783798279e+00 8.977136870575087357e+00 8.075456278577842539e+00 7.357459132870114438e+00 6.355546098859754522e+00 4.548104096723848855e+00
2.625108543843064268e+01 1.772842669403278393e+01 1.363066477166406898e+01 1.217760975642629973e+01 1.147970068420710632e+01 1.054129251271625023e+01 9.900016372216724037e+00 8.903848801577984418e+00 8.306165986717484628e+00 7.438775281845810383e+00 6.220728944333098198e+00 3.898101930579800367e+00
2.812130080212827821e+01 1.922625441492610321e+01 1.394091923417911616e+01 1.231681012322731661e+01 1.137814180701870370e+01 1.072201091825273345e+01 9.623308954791220060e+00 9.215545867009566905e+00 8.299370579624220312e+00 7.333728887611579594e+00 6.052479452433223273e+00 4.386943163513812749e+00
3.358297547906797575e+01 1.821998902664295628e+01 1.382283630032713440e+01 1.254431089797009058e+01 1.127578814808589769e+01 1.072754560930205869e+01 9.941046674548935869e+00 8.708305086316791233e+00 7.971066726443709172e+00 7.291650136310745545e+00 6.150974140358355768e+00 4.368342407721071297e+00
2.654107463299915182e+01 1.863360498634694196e+01 1.396576766657560142e+01 1.258912268089010844e+01 1.132205663642373850e+01 1.070935806269450730e+01 9.848793217686857560e+00 9.304308989169808086e+00 8.178300501262880218e+00 7.238200095737868267e+00 6.554760647691304953e+00 5.239853158892515239e+00
3.057754412865917359e+01 1.852052760857333524e+01 1.381816724099333982e+01 1.285436413474826445e+01 1.132903128666127301e+01 1.073959891872360295e+01 9.864799877455643795e+00 8.847574031262418259e+00 8.192853827094459973e+00 7.132504606795531110e+00 7.152524308238783490e+00 4.429733718897610473e+00
2.529397018020234000e+01 1.650241180284866971e+01 1.319821452441103382e+01 1.199716748796608812e+01 1.078199617428201584e+01 1.030126854327173547e+01 9.248858566964512917e+00 8.902118325917939501e+00 7.898543469533592543e+00 7.250169823532504054e+00 6.731925034426645027e+00 3.395108505732891135e+00
2.496928767028359175e+01 1.698002157091077535e+01 1.314687011465295363e+01 1.180080527184144046e+01 1.091957568984787130e+01 1.022128713979208925e+01 9.451020005124933121e+00 8.460255369557634353e+00 7.762445020877439816e+00 7.088235487003347046e+00 6.001735795247331140e+00 3.891475124837484589e+00
3.179949356502880420e+01 1.804005129469741320e+01 1.322933623786044421e+01 1.175279122656507269e+01 1.097221723410867256e+01 1.024815750969322359e+01 9.429524310687121158e+00 8.782401918121053086e+00 7.823466192588490742e+00 7.472256842615177419e+00 6.416130606840608763e+00 4.694986024034763616e+00
3.200024332620989753e+01 1.826609030991830451e+01 1.336820353484142743e+01 1.216747020303653493e+01 1.084325805621438832e+01 1.041915403772177839e+01 9.303220759023522746e+00 8.469810040698256159e+00 8.130544307796006009e+00 7.596811538533632557e+00 6.427006930205214630e+00 5.134218569974080992e+00
3.120005402577351461e+01 2.293277219077716111e+01 1.340398053619992247e+01 1.218418135348390230e+01 1.097613033693730600e+01 1.028869512270191855e+01 9.309588886427444976e+00 8.428495289467097251e+00 7.778073084726145225e+00 7.253312810870726324e+00 6.495019475135377363e+00 5.042591336792357382e+00
2.566074196691248233e+01 1.810441808952152343e+01 1.332871704628989562e+01 1.215673354624743396e+01 1.106620516627437922e+01 1.036613253621756492e+01 9.267051070687292835e+00 8.531918604864285882e+00 7.854147797100829997e+00 7.005022999211718115e+00 6.830713271312616186e+00 5.578127598573312085e+00
