1.000000000000000000e+00 2.000000000000000000e+00 3.000000000000000000e+00 4.000000000000000000e+00 5.000000000000000000e+00 6.000000000000000000e+00 8.000000000000000000e+00 1.000000000000000000e+01 1.200000000000000000e+01 1.500000000000000000e+01 2.000000000000000000e+01 3.000000000000000000e+01
1.650045476417720636e+01 8.394968078867314887e+00 6.469138739680269090e+00 5.091951660769266752e+00 4.434546698068375647e+00 3.806112182869691996e+00 3.309274104786508186e+00 2.779309927164508309e+00 2.785037131181999914e+00 2.195054670581564338e+00 1.929869895420854853e+00 1.534741301709396932e+00
1.616954038937460325e+01 9.053785735082120922e+00 6.628442098803133398e+00 5.318669463078029125e+00 4.404038568162516043e+00 3.789984228677367728e+00 3.288207513419061367e+00 2.939626233339887040e+00 2.398845774093483207e+00 2.221719369659447274e+00 1.858818864869582477e+00 1.606079419469397251e+00
1.816853783870729799e+01 9.036430945312922347e+00 6.370746019719108588e+00 4.926656224966130537e+00 4.282059754573785959e+00 3.932132342472904885e+00 3.397397547657265982e+00 2.697197592799061017e+00 2.493354092303701197e+00 2.191656975356948145e+00 1.911582745316975362e+00 1.663082203517696200e+00
2.262379956643507484e+01 1.303844810542159571e+01 8.746421824194161587e+00 6.801133209416510006e+00 5.549943484391306470e+00 5.142822326133877908e+00 3.879938453943698740e+00 3.298002142908551537e+00 2.968540728992008493e+00 2.721143032984896237e+00 2.341186969856334787e+00 1.813655295455129934e+00
2.225895312605199550e+01 1.225801419278754700e+01 9.162952942307189375e+00 6.766899006956306195e+00 5.570567460800724291e+00 5.134862601675682647e+00 3.918187572056075485e+00 3.355677186203498419e+00 2.972467711352566599e+00 2.762621198309278547e+00 2.586018450343519071e+00 1.983726165000998520e+00
2.327308015185486312e+01 1.241042455244190101e+01 9.114959514321618883e+00 6.877374383780898270e+00 5.703080471743493973e+00 5.058455306738263602e+00 4.396064415553779803e+00 3.476140415316164578e+00 2.969708454514508045e+00 2.714687411507221704e+00 2.259297438443141903e+00 1.839328371003434714e+00
2.091794704309631925e+01 1.162331091158815788e+01 8.225766102688080395e+00 6.108826966060021846e+00 5.417094371466268932e+00 4.549619736712462448e+00 3.975454188189087024e+00 3.445003951958514055e+00 2.810611391532380487e+00 2.439503990518843146e+00 2.141680215973251755e+00 1.737535442439330780e+00
2.057299558327036948e+01 1.181596884443633044e+01 7.910338452701203948e+00 6.139082169431286928e+00 5.095237982787558906e+00 4.571594118552269492e+00 3.823494797828363989e+00 3.036980985020432122e+00 2.863632399527249461e+00 2.459892381066786093e+00 2.294094167076288215e+00 1.802099593712891412e+00
2.204125943704880086e+01 1.249407780879738894e+01 8.033985093722762372e+00 6.589482969412041591e+00 5.119180477097840409e+00 4.585793829124718002e+00 3.865028938922210333e+00 3.096151992920082030e+00 2.775870474762320850e+00 2.544317153029906908e+00 2.152637286929248717e+00 1.739992181041316588e+00
2.056592917929690501e+01 1.080968399786430467e+01 7.843730305896046140e+00 6.206929044735409740e+00 5.049689928660628269e+00 4.557650380757072739e+00 3.693992852782512770e+00 3.309048302234873784e+00 2.678917550980908224e+00 2.411615042515979912e+00 2.143347805701500963e+00 1.720133777196097835e+00
2.010593679343568496e+01 1.069330581271800185e+01 8.148186796486299954e+00 6.295667260592852088e+00 4.974371465517190671e+00 4.515236989161719450e+00 3.750174522164684277e+00 3.381105250404881080e+00 2.777996349740674553e+00 2.474307786036789025e+00 2.087822000236316811e+00 2.001742410421269991e+00
2.051333808161780325e+01 1.162216114906373576e+01 7.783750897860941542e+00 6.175956744387390174e+00 5.284986134548697478e+00 4.473339822348776806e+00 3.468802996779662973e+00 3.119983205809306881e+00 2.826334063233348903e+00 2.482723994965885250e+00 2.138177176647615418e+00 1.782778260022832573e+00
2.199552456591034044e+01 1.134346872881353363e+01 8.187064543888800117e+00 6.349604756978754594e+00 5.317478306347888761e+00 4.738825674578017733e+00 3.668385319229461317e+00 3.680369663230476096e+00 2.762977328570404012e+00 2.512340042545346819e+00 2.230977805833667116e+00 1.773056825375407541e+00
2.342593202937425190e+01 1.277416495771363003e+01 8.435527697262267921e+00 6.632093603528844028e+00 5.413627306714918319e+00 4.797565878649878712e+00 4.068579225665325261e+00 3.422538096020233400e+00 2.898728903853520222e+00 2.531331230413125244e+00 2.219357471002725291e+00 1.734600773162620069e+00
2.227242434411076388e+01 1.249907902757354528e+01 8.301716204342701744e+00 6.618550961848845837e+00 5.177856165204142158e+00 4.792549674974821983e+00 3.977179369115246832e+00 3.310234689698732247e+00 2.893164475217058218e+00 2.494715272243630544e+00 2.174480166007197735e+00 1.680463094852047146e+00
1.691128160223190946e+01 1.044032710749659465e+01 7.034374012330535386e+00 5.724357105330235562e+00 4.582488822027586117e+00 4.160900003752409759e+00 3.541745362126402785e+00 2.982480314059188231e+00 2.508660636660153820e+00 2.283959020583659072e+00 1.923474592976226472e+00 1.668027238544056434e+00
1.753570002272444128e+01 9.490364678225260420e+00 6.764761607648583919e+00 5.425537813929803832e+00 4.760536985369379082e+00 4.033935855533743009e+00 3.546626057429780321e+00 3.155169971846805144e+00 2.459772197849452446e+00 2.285052566723688727e+00 2.020863957240037756e+00 1.450245291441132345e+00
1.758160142922804425e+01 9.826540380184367152e+00 7.115935355670144347e+00 5.698366430338930755e+00 4.742290280485716991e+00 4.057464503090645991e+00 3.271805300730767918e+00 2.766033733292816432e+00 2.661307198545070918e+00 2.402315439013580356e+00 2.043698808923777310e+00 1.539206165406226123e+00
1.892974243375580201e+01 1.011868405373695978e+01 7.656470077015276487e+00 5.601254574124769903e+00 4.783942950565378993e+00 4.187983938946803875e+00 3.473599887098210992e+00 2.761974276353296176e+00 2.467923920318371156e+00 2.238267863211795827e+00 1.914411664277593239e+00 1.675939746251009499e+00
1.989205933687119199e+01 9.654613848730718928e+00 7.739756317209356418e+00 5.980028500079725973e+00 4.626071161463096715e+00 4.240098793153279644e+00 3.323188726380521540e+00 2.818150513917183630e+00 2.447572170358192079e+00 2.226200893469298947e+00 1.931209548484658090e+00 1.576515381917609204e+00
1.921363753351486992e+01 1.004389732089040521e+01 7.575138637361089167e+00 5.763399208164754484e+00 5.073424414982974362e+00 4.236683927445417552e+00 3.631543326442554509e+00 2.822388513636575613e+00 2.523791122214325000e+00 2.284710764126618443e+00 1.911301106839591313e+00 1.628320394493676382e+00
1.865183991904462246e+01 9.499344905435435749e+00 7.567469579347796405e+00 5.756155927015460527e+00 5.016060473633753958e+00 4.399829444611713214e+00 3.708713246589223633e+00 3.030943488941761910e+00 2.577918869824435966e+00 2.365161593856146549e+00 2.102846199462626853e+00 1.755423375682940712e+00
1.938448717322384240e+01 9.866749902917481663e+00 7.265893617850816000e+00 5.860876243293655641e+00 4.846951749779315755e+00 4.592352649121977493e+00 3.719950369024938031e+00 3.096317181318386513e+00 2.634660724357484884e+00 2.385614219640064260e+00 2.146572701785465220e+00 1.620455706335899304e+00
1.819040098317917753e+01 9.975577526019030472e+00 7.264182654489936830e+00 6.121372836330596812e+00 4.828272451980753388e+00 4.361841024135005185e+00 3.677358081018688996e+00 3.222207351931849484e+00 2.614323571424481685e+00 2.452279985568572851e+00 2.036500186900591647e+00 1.698862025842495793e+00
