1.000000000000000000e+00 2.000000000000000000e+00 3.000000000000000000e+00 4.000000000000000000e+00 5.000000000000000000e+00 6.000000000000000000e+00 8.000000000000000000e+00 1.000000000000000000e+01 1.200000000000000000e+01 1.500000000000000000e+01 2.000000000000000000e+01 3.000000000000000000e+01
1.155193726515613051e+01 4.150990287189715744e+00 3.626104458078693860e+00 2.956097540554181169e+00 2.882647463205456617e+00 2.708195343028352298e+00 2.758903275036173053e+00 2.783499326371641214e+00 2.386926149596457769e+00 2.332905095048309896e+00 2.318647453956346194e+00 2.413230730045312633e+00
1.332740649948719280e+01 4.090753979443572774e+00 3.223989208487276770e+00 3.265583192072540886e+00 2.985706824334810605e+00 2.691364191497969127e+00 2.661829852258379425e+00 2.692881265338131769e+00 2.796384319975364630e+00 2.324389269983828665e+00 2.370933775926509224e+00 2.373429231199275513e+00
5.570348091214091113e+01 4.785826303198659204e+00 3.309279463356695761e+00 3.465489013505862470e+00 2.891798682950563748e+00 2.774415962519327650e+00 2.758259443641941644e+00 2.565035575909291321e+00 2.547862026161484827e+00 2.402339416776266834e+00 2.373517141785885798e+00 2.321923898272437725e+00
5.656488002342665311e+01 5.893062770054369182e+00 4.244163056214212304e+00 3.982991917724898467e+00 3.294482995803960090e+00 3.146116807842036511e+00 3.327515526062596596e+00 3.074233817399718571e+00 2.627049850858387270e+00 2.787473824302999503e+00 2.716537934558593825e+00 2.819139663205694202e+00
1.706076685538240412e+01 6.507026866744192617e+00 5.001758508914733170e+00 3.689391987483447988e+00 3.313770411718464093e+00 3.634096328180946855e+00 3.295118009135145076e+00 2.877124517843754337e+00 3.004569870495610306e+00 2.850011634054472331e+00 2.883920171905018925e+00 2.493649906992756460e+00
2.092629393509351132e+01 5.068169268791367088e+00 3.931364518082491877e+00 3.497083666714728700e+00 3.450683791896502761e+00 3.244500737953748271e+00 3.266642834461030986e+00 3.269587287012698518e+00 3.310736500703048701e+00 2.859705354528052634e+00 2.783915683757964832e+00 2.786834060208775998e+00
1.856849779440090487e+01 4.915194980206405440e+00 4.118304600615774191e+00 3.307616511919453384e+00 3.601039466309441384e+00 3.177572331782707593e+00 2.787861652448475613e+00 2.883584810462846981e+00 2.938756433691747105e+00 2.971598141997855436e+00 2.898690279448190577e+00 2.562791179161705291e+00
1.801276799623495606e+01 5.909141376304793525e+00 4.863153862183045462e+00 3.306934868407451766e+00 3.157316962126088811e+00 3.089465625290044315e+00 3.117478296829301332e+00 2.654715513682881500e+00 2.806948746538839856e+00 2.744504223465205062e+00 2.567428020076623074e+00 2.752669382532402231e+00
5.959596315387929621e+01 4.705027381193405134e+00 4.334993638439788022e+00 3.657341896128363246e+00 3.398666542865969031e+00 3.224766049129246248e+00 3.060246762659724062e+00 2.891092645030524100e+00 2.729386615706763664e+00 2.767638139198003167e+00 2.653866312744457279e+00 2.588763585418840663e+00
1.607463259032428837e+01 4.928740526623387908e+00 3.685888487210564612e+00 3.330337837822727742e+00 3.088540066205691659e+00 2.901798917571452030e+00 2.752348395139236903e+00 2.757645719496581993e+00 2.645041475876852566e+00 2.659650013527758983e+00 2.605831818374815256e+00 2.674346547656869522e+00
5.251842538594920029e+01 5.058355793929081301e+00 3.921805740806327822e+00 3.260492746389886953e+00 3.263695481471928783e+00 3.226483458790174730e+00 3.046708249234275634e+00 3.031841514584021624e+00 2.596593396494850658e+00 2.494727755283321358e+00 2.667363402070266343e+00 2.457542687872427134e+00
1.546797696958670443e+01 5.343578058482190585e+00 3.623358985383851039e+00 3.518275280134874894e+00 2.922238438859425802e+00 3.725919619638817792e+00 2.797744603845708777e+00 2.667506288649923452e+00 2.897155824182318096e+00 2.616112818108284888e+00 2.434876580896705445e+00 2.449313490764781776e+00
1.609521540398186801e+01 5.004622029258465332e+00 3.930010248872883860e+00 3.253234564318452371e+00 3.229169958382960282e+00 3.094696601740742903e+00 2.942253800532601549e+00 2.666493531197733358e+00 2.796054007671422426e+00 2.757733493828695703e+00 2.696349284138321867e+00 2.464580938597449311e+00
1.715067892601969035e+01 5.295244083571515326e+00 3.966365054939502421e+00 3.488667820586610624e+00 3.333688416781566133e+00 3.240409939167809839e+00 3.016711579935660303e+00 3.106364304945208321e+00 2.705264892229108931e+00 2.837170266249344763e+00 2.796930135903674675e+00 2.606923308590070043e+00
1.901820608036510762e+01 4.883530189202889282e+00 4.496769166547609942e+00 3.576588120431767326e+00 3.712527363789663859e+00 3.142428819659293104e+00 3.043685209757884813e+00 2.920413899426821391e+00 2.725433970719248755e+00 2.835549657616553976e+00 2.956670040696651736e+00 2.563966164117226221e+00
1.498978035080107318e+01 4.383526743247967872e+00 3.515524129690095201e+00 3.388085023424614040e+00 2.976807117858992768e+00 2.636308697493006115e+00 2.714062402084538306e+00 2.704867293559254371e+00 2.742069211240460991e+00 2.360464621305469191e+00 2.376131302152106883e+00 2.379525865930065542e+00
1.518494909450565089e+01 4.561310276937946995e+00 3.737871343401688584e+00 3.035411152553257885e+00 2.801080370838049394e+00 2.645874049456664601e+00 2.930916498209124033e+00 2.501649133426586680e+00 2.573900058747546904e+00 2.952396449539751444e+00 2.335419563365781492e+00 2.449993610555789569e+00
1.409043210577687333e+01 4.211571467379138234e+00 3.736343880041703702e+00 3.297370648013064898e+00 3.221656474883349830e+00 2.605036715966657646e+00 2.652834314811469696e+00 3.199219654396068258e+00 2.728421778897660577e+00 2.412443101602035345e+00 2.307339328614999019e+00 2.221806167878592753e+00
1.565903022695486158e+01 4.428521100115090370e+00 3.965136142114789042e+00 2.892449437769661902e+00 3.396595174155658814e+00 3.065120353050787561e+00 2.814935536398377458e+00 2.613373549465358714e+00 2.536122703661203293e+00 2.487600343638340927e+00 2.657672590660054013e+00 2.350122289683476140e+00
1.423219303561243976e+01 4.428775267863604981e+00 3.475679619193428049e+00 3.033576790808223400e+00 2.729476359112192885e+00 2.635510255588846551e+00 2.885098088498083690e+00 2.573614219779774004e+00 3.364654546970269333e+00 2.634437565083247446e+00 2.536165994105399335e+00 2.408115550863221266e+00
1.492012651357253006e+01 4.461306905068118667e+00 3.306970284063592835e+00 2.977808923552416331e+00 2.805607924870323622e+00 2.829102917881964885e+00 2.938509603713579388e+00 2.483749797621015443e+00 2.604828367904110653e+00 2.516977681512444498e+00 2.226535023672404634e+00 2.350229466082565111e+00
1.615338888582273924e+01 5.108877500333386834e+00 3.624136793896715059e+00 4.055721314406889988e+00 3.434048293883729119e+00 2.860334838240996547e+00 2.883759800876917190e+00 2.642691235703376051e+00 2.914180811764377488e+00 2.559258019561405639e+00 2.499105619678210211e+00 2.405208623802079781e+00
1.566998961150000191e+01 8.161170119668403444e+00 4.561194738304230611e+00 3.629077918111422996e+00 3.318240258231186512e+00 3.188027678943061716e+00 3.234674222193567594e+00 2.850705534576702949e+00 2.697216866709950533e+00 2.671779510309080230e+00 2.621353758372235720e+00 2.375055364103006994e+00
2.542883263343107458e+01 4.669449505709700077e+00 3.785126703025032402e+00 3.083022561926407334e+00 3.602018590268984966e+00 3.467379232150302748e+00 2.861779415746046329e+00 2.857972278198261940e+00 2.854969153513986502e+00 2.956521862621441787e+00 2.494114999747187866e+00 2.497664151944434252e+00
