1.000000000000000000e+00 2.000000000000000000e+00 3.000000000000000000e+00 4.000000000000000000e+00 5.000000000000000000e+00 6.000000000000000000e+00 8.000000000000000000e+00 1.000000000000000000e+01 1.200000000000000000e+01 1.500000000000000000e+01 2.000000000000000000e+01 3.000000000000000000e+01
1.867129723031377608e+01 1.019898029461063871e+01 7.300561466237076580e+00 6.386499758036723762e+00 5.180811438066346142e+00 4.818502068129070892e+00 3.609876717152193937e+00 3.189302522148496077e+00 3.502717623844708861e+00 2.651546798330828292e+00 2.173477938424372979e+00 1.962147927504542810e+00
1.730760503838252262e+01 1.056770264326567599e+01 7.592356559449020992e+00 6.722925090445919238e+00 5.336135974641054602e+00 4.739647466784868257e+00 4.150948309703950123e+00 3.102195681365105262e+00 3.129959681264593563e+00 2.535179181214108901e+00 2.286132769222992689e+00 1.925816988652984119e+00
1.855880944469137006e+01 1.045344027097577744e+01 7.532960909430319596e+00 6.129142603850668003e+00 5.353170878472957028e+00 4.514918316172722434e+00 3.588157065876240726e+00 3.123869531210810013e+00 3.263530617572341086e+00 2.677682448105656032e+00 2.125802619732686249e+00 1.892992068395615846e+00
2.577371014379084002e+01 1.524008117570666521e+01 1.039422114752463955e+01 8.281038077906522687e+00 6.895033231906666060e+00 6.270479239863291809e+00 5.470192797478157232e+00 4.003433255845479266e+00 3.642594664946030569e+00 3.426458376796603922e+00 2.714502551146757980e+00 2.132645968810298331e+00
2.445744595641121677e+01 1.438382776241127203e+01 1.059434399656123915e+01 8.136623668632381623e+00 7.016613258314308155e+00 6.350541098977235954e+00 5.432662261910891743e+00 4.059718197167949683e+00 3.777376721115210945e+00 3.343389739020552476e+00 2.742346240686188708e+00 2.226201062743871084e+00
2.716785186393668639e+01 1.426699565549681736e+01 1.068476738788373126e+01 8.246205851883459559e+00 6.928707148324864562e+00 6.502865981419048147e+00 4.785989616924135603e+00 4.044546341843258119e+00 4.063095436409136951e+00 3.205424999896888671e+00 2.811619713619417649e+00 2.394417685590943812e+00
2.343171313523716393e+01 1.264531054107341745e+01 9.764129744671180333e+00 8.281557696837694493e+00 6.461582253415166122e+00 5.637544875303579062e+00 4.266171519436712245e+00 3.823384109334682091e+00 3.385945988279492891e+00 2.803142108827727519e+00 2.609904726437417555e+00 1.996920512758848520e+00
2.343121802203771509e+01 1.421063638048177857e+01 9.376906409090457473e+00 7.594946363027488268e+00 6.396899375191411607e+00 5.659005270224659156e+00 4.241132441455263802e+00 3.727441367550998752e+00 3.281279061404818176e+00 2.976130896289574945e+00 2.401292346693972846e+00 1.997334305666009779e+00
2.278202661639792126e+01 1.328388885570262978e+01 9.559410165538185566e+00 7.751044364413650634e+00 6.656859583298057714e+00 5.642055571736892539e+00 4.941785721262959008e+00 3.648609615030284914e+00 3.231645472017907750e+00 2.801022995361879264e+00 2.446581144019532861e+00 2.111358963959886204e+00
2.222939881727773326e+01 1.256537542622181469e+01 9.487698537625865569e+00 7.453832688631390369e+00 6.291047069099608535e+00 5.405534312503601058e+00 4.601220586832299730e+00 4.203697433499941738e+00 3.298006061140512646e+00 2.957903752118129503e+00 2.448319713595747960e+00 1.928550040400822674e+00
2.167488993459510027e+01 1.191257598932492456e+01 9.008152450201144745e+00 7.509923550636166567e+00 6.132224991056734353e+00 5.410905425695111681e+00 4.724620247402788742e+00 3.611183283245711362e+00 3.320140323602538412e+00 2.736860777508332010e+00 2.487122947559905484e+00 2.085525664599563456e+00
2.316144586952537665e+01 1.303208772662037873e+01 9.260290021097382862e+00 7.631521406677221897e+00 6.457068015729038990e+00 5.471452172976453809e+00 4.227662534387133242e+00 3.687786722642538706e+00 3.304205735903009700e+00 2.712958536083409644e+00 2.322978026994515499e+00 1.944519377342790456e+00
2.739680960737423021e+01 1.633069456048571411e+01 1.001114952428334703e+01 8.159899661530589654e+00 6.664114705507351744e+00 5.539712910369565257e+00 4.328728497986644719e+00 3.891380557354495728e+00 3.411744953891804322e+00 3.042375385192963577e+00 2.450313650029001256e+00 1.995181021238889851e+00
2.377576538701438125e+01 1.474653409039926544e+01 9.747800108393400720e+00 8.296684963291367509e+00 6.640967147910070700e+00 5.897576309058116806e+00 4.633238320643561892e+00 3.733956210682276566e+00 3.368776369258785763e+00 3.028273450923890664e+00 2.616389194150869901e+00 2.000902690702921483e+00
2.437754798151070545e+01 1.276346088139033164e+01 9.649113318058210709e+00 7.890265530757190504e+00 6.664784578138260862e+00 5.555569764995837545e+00 4.996078473717768809e+00 4.158571843021396930e+00 3.406580096838141003e+00 2.893737337561430589e+00 2.537961991825210539e+00 2.033011455160294023e+00
2.110447985044056196e+01 1.136330276397260519e+01 8.395533729322778527e+00 6.490926522522100228e+00 5.733119314316770243e+00 4.978295241431663243e+00 3.844137884526110938e+00 3.401410786169500877e+00 3.042148597895399931e+00 2.611159038001109600e+00 2.262099984117182938e+00 1.957037175551279429e+00
2.415267197208873640e+01 1.134228497723971429e+01 8.281139408103721067e+00 6.613465817505037592e+00 5.498403517125827200e+00 5.001537705800673805e+00 4.007074322028525870e+00 3.309009399184159594e+00 2.984818996088878240e+00 2.808328516082392312e+00 2.333311636741519646e+00 1.941170690954296951e+00
1.987370588456465015e+01 1.250363192706115356e+01 8.913580518169117894e+00 6.695789903886650407e+00 5.451825398671051204e+00 4.837601049230489281e+00 4.360761506383381558e+00 3.979009061322846819e+00 3.026537653932692695e+00 2.758748889643747315e+00 2.261590428943438535e+00 1.895897137166391300e+00
2.096773681941257550e+01 1.188864318239999385e+01 9.807815464830671459e+00 6.803074155634469378e+00 5.709416196199468274e+00 5.392359283852032448e+00 3.986160111505776538e+00 3.589288918686850405e+00 2.969333774659621561e+00 2.526009746451340909e+00 2.324417094569786180e+00 1.929824953693504153e+00
2.047907112810417729e+01 1.194753732239836097e+01 8.209103674957841434e+00 7.199599228583696942e+00 5.997849327809223752e+00 5.273121482827725082e+00 3.983415695741354678e+00 3.383968883303067887e+00 3.151825842147448764e+00 2.541575357865499818e+00 2.276552159534128705e+00 1.981557305688008697e+00
2.083900965538418859e+01 1.193054971845558576e+01 8.379383109867911017e+00 7.009231616655442920e+00 5.860538328912012318e+00 5.302610053394252176e+00 4.613100543422188338e+00 3.382748339511509883e+00 3.137556053323431460e+00 2.803497795107567914e+00 2.263245741230135444e+00 1.987600046630122463e+00
2.049150192231459044e+01 1.201725413308824031e+01 1.047605729427831811e+01 6.921540834348782312e+00 5.887789482542382657e+00 5.013212147634171778e+00 4.543115829989529786e+00 3.870152069157783981e+00 3.180884899951097466e+00 2.772478068759132164e+00 2.386355224458514002e+00 1.924478260696593779e+00
2.124008544551874067e+01 1.143291071086920496e+01 9.359677251599729075e+00 7.048588434191438878e+00 6.201093811489045038e+00 5.339328957687494714e+00 4.608954257067354732e+00 3.521507913540300461e+00 3.129565156708746798e+00 2.866383887015699905e+00 2.296900557834302692e+00 2.020023636229584252e+00
2.064803515916838705e+01 1.175437799053825572e+01 8.928053565907124067e+00 6.964876666084784951e+00 5.851670904138261520e+00 5.283855564528295190e+00 4.639324720259030421e+00 3.771086641350540614e+00 3.232012413424911745e+00 2.835347127948351087e+00 2.512937278802374053e+00 1.933138427616598598e+00
