1.000000000000000000e+00 2.000000000000000000e+00 3.000000000000000000e+00 4.000000000000000000e+00 5.000000000000000000e+00 6.000000000000000000e+00 8.000000000000000000e+00 1.000000000000000000e+01 1.200000000000000000e+01 1.500000000000000000e+01 2.000000000000000000e+01 3.000000000000000000e+01
1.258674656906179123e+01 6.128458964031424649e+00 5.814338121474305510e+00 3.226322866778541520e+00 2.749994955182255563e+00 2.665482000141505825e+00 2.672620574543982386e+00 5.472299777995259795e+00 2.122756833737460269e+00 2.234748581207579576e+00 1.881454263306303609e+00 1.834218784562480220e+00
1.713757269027033203e+01 5.788676936343694734e+00 5.913208883878873223e+00 3.459260326406443653e+00 2.752674351759687443e+00 5.623285173420611294e+00 2.406238429837448400e+00 2.122691312306179690e+00 2.301992106744488176e+00 2.171464117233423696e+00 2.023214484365276622e+00 1.914539788103442053e+00
1.277019712125542128e+01 6.566522078853820332e+00 4.349679845628973140e+00 3.489781596498064964e+00 2.775116898819129929e+00 2.523450348540179355e+00 2.435500406584223398e+00 2.481823530290172553e+00 2.154646047217090299e+00 2.102335787811482337e+00 1.856542093198998433e+00 1.929351766369669097e+00
1.701777588154859089e+01 7.595741216657769357e+00 5.462079134482844545e+00 5.786740555928671093e+00 3.740816665900614790e+00 3.177609339999698523e+00 2.899048322232955499e+00 2.745199030731371170e+00 2.440153348006646183e+00 2.373997380711267979e+00 2.216192067672173582e+00 2.145386042380170721e+00
2.228552833011274714e+01 7.465247305379607567e+00 5.632339729969837450e+00 4.306714231940079074e+00 4.305782866247387375e+00 3.178021633074801233e+00 2.770869724495494957e+00 5.397846265634454355e+00 2.634263386899948767e+00 2.437129464722087580e+00 2.264520719115492575e+00 2.215792945934746960e+00
2.207553477316137602e+01 8.601977560926844291e+00 5.783837222344656581e+00 4.281888830943280766e+00 4.058326203661010823e+00 3.391488906817807791e+00 2.984814622566045461e+00 2.669634312077928673e+00 2.528955576417213358e+00 2.307501141487766638e+00 2.222273683656583732e+00 2.125383585120088625e+00
1.542589881019728004e+01 7.476231177913672532e+00 6.758805936261113700e+00 4.547201979800274962e+00 3.375403051434744395e+00 3.055420251290230649e+00 2.629421533684928036e+00 2.540738311403423211e+00 2.347684742425626414e+00 2.427948901605692100e+00 2.154377862542555810e+00 1.975611994207226996e+00
2.292058038397607334e+01 7.341938464292496747e+00 6.873863406710656321e+00 4.104196309232421847e+00 3.511904641384921977e+00 3.165252543854402134e+00 2.734400131918479637e+00 2.590184498602521312e+00 2.574017011431961599e+00 2.262343717517467656e+00 2.119366054486904183e+00 2.013302201260291913e+00
1.608160073456474848e+01 8.346369154513677557e+00 6.987347953079958707e+00 4.608688378158475984e+00 3.568728591472869471e+00 3.114618518199407937e+00 2.798009860247197000e+00 2.412679125053163176e+00 2.302660186434890566e+00 2.336818601258916495e+00 2.214257681052722582e+00 2.043810583572946982e+00
1.525867969775757160e+01 8.864897205097232558e+00 5.157381845244635166e+00 4.727475940811231681e+00 3.562877053408419759e+00 3.358692941430108103e+00 2.746559444655516380e+00 2.640071081688066812e+00 2.343028879536979137e+00 2.291266353587317894e+00 2.292497504962953681e+00 2.036321616171843374e+00
1.589325069049845141e+01 8.460835485056373173e+00 5.258380749148116706e+00 4.228495278629429421e+00 3.531088906605450717e+00 3.324333241333266020e+00 2.798817738803105470e+00 2.516447414947442507e+00 2.500152624338969343e+00 2.423869859565819240e+00 2.141368639552976294e+00 1.981634949624822006e+00
3.574838496976332181e+01 1.061149481163697850e+01 6.784584385553326769e+00 6.685881269444326591e+00 3.726165388880331442e+00 3.189821887556909541e+00 2.784264565085925458e+00 3.293816574429897504e+00 2.433336806753882975e+00 2.321787851334544683e+00 2.134404994972771696e+00 2.002246358264636594e+00
2.162505750680163885e+01 7.599020351375185278e+00 5.394245830034860134e+00 5.925609104020801432e+00 3.531431513419658330e+00 3.177374009332634142e+00 2.622679416079365389e+00 2.562889185942007764e+00 2.351443640827044490e+00 2.208963612546754884e+00 2.109009609770107208e+00 1.989503022234928586e+00
1.568318004828458356e+01 8.046204622765262826e+00 5.043988821907518627e+00 4.246198867554618062e+00 3.461965956369217334e+00 3.030315074225353733e+00 3.241789313131582251e+00 2.505120267051119676e+00 2.311863347334708330e+00 2.244257684827177801e+00 2.151339208185254481e+00 1.859078996782148607e+00
1.695316611683256269e+01 8.567398289133720368e+00 4.898543802172039108e+00 4.122224412902452784e+00 4.172231199679410807e+00 3.110970014866154543e+00 2.734395644144027582e+00 2.582894069214969335e+00 2.411821779138390021e+00 2.155488033658703451e+00 2.075609714360138192e+00 1.982575373689854370e+00
1.864589030795686853e+01 7.877166344974117607e+00 5.142133245297908495e+00 4.134250694825281514e+00 5.625710633332792199e+00 3.219432577584313560e+00 2.806328826751480765e+00 2.423409113049168617e+00 2.997426416314641351e+00 2.394425740250138990e+00 2.165110710275364170e+00 2.093254103057795579e+00
1.610582670248761161e+01 1.020044336863017520e+01 5.091444532897881459e+00 4.066470767261620267e+00 3.445345866032234472e+00 3.154426968835244427e+00 2.891404397134011983e+00 2.738908520090910237e+00 2.363886974783768746e+00 2.184226224488183821e+00 2.055180665095057702e+00 1.934090575810964996e+00
2.069649277758270856e+01 7.742438999641643171e+00 6.450426005299958021e+00 5.241071208570080131e+00 3.520767863833973443e+00 3.079101233395009629e+00 2.749085508850612758e+00 2.413053933396913653e+00 2.425763981817952164e+00 2.247278844429601019e+00 2.271434979251207853e+00 2.023903960066419927e+00
1.284518129333152103e+01 5.714561281721453057e+00 4.096754787829670619e+00 4.188405131877559029e+00 2.601931130901125044e+00 2.364560901657142278e+00 2.092215578923573016e+00 1.856196204663851379e+00 1.763831389242920267e+00 1.635731395742412442e+00 1.784646010761559154e+00 1.480441767851692347e+00
1.215628585962104147e+01 6.219586072658566778e+00 3.867293140221828018e+00 3.169561993515801479e+00 4.576609856969771073e+00 2.684968958915767701e+00 2.152064343201154362e+00 2.053477406986892184e+00 1.734864210298403542e+00 1.656849985082298193e+00 1.727678013747824259e+00 1.438365657742979309e+00
1.628431237484543459e+01 6.521951448449847533e+00 4.280829346030845528e+00 3.298429417088599713e+00 2.622273217109927224e+00 2.497813691000172476e+00 2.306543754471379604e+00 2.041103672090760490e+00 1.739411348656361156e+00 1.733859509447255309e+00 1.673349637672039147e+00 1.506219313038092977e+00
2.140720761664012173e+01 6.934277307909864518e+00 5.239640280471702383e+00 3.519714170761911731e+00 3.044645360128106493e+00 2.805809493670896604e+00 3.852958547698526193e+00 2.273157364992817175e+00 2.750060183864344587e+00 2.088577784942080573e+00 1.852993416858883524e+00 1.732286384127301737e+00
1.740385892192841766e+01 6.449614889766430714e+00 5.172841980260301398e+00 3.531044696299479035e+00 3.087532247117963369e+00 5.143806120167027096e+00 2.296888329787505345e+00 2.192795767405664176e+00 2.130513412707157883e+00 1.973067805305350753e+00 1.854941565601864184e+00 1.842959688792689121e+00
1.267527651543984746e+01 7.168686036168914200e+00 4.331282133554625879e+00 3.588432270689090320e+00 5.169263360175458288e+00 2.884216560074659430e+00 2.319496626353823032e+00 2.156926017410143448e+00 2.134353188241167043e+00 1.965273895045116515e+00 2.051922782133464018e+00 1.868050136220866797e+00
