1.000000000000000000e+00 2.000000000000000000e+00 3.000000000000000000e+00 4.000000000000000000e+00 5.000000000000000000e+00 6.000000000000000000e+00 8.000000000000000000e+00 1.000000000000000000e+01 1.200000000000000000e+01 1.500000000000000000e+01 2.000000000000000000e+01 3.000000000000000000e+01
3.923015098735075412e+01 1.052173462322648589e+01 9.223512157305801651e+00 8.357228910162062263e+00 7.621426356926940926e+00 7.187126106877006038e+00 7.605420437620358243e+00 6.443060434683656190e+00 6.465504351275153105e+00 5.735087866769717380e+00 5.563229916746426085e+00 5.769446087147633406e+00
2.236739500716506868e+01 1.057313354147747475e+01 8.866353587266351255e+00 8.310287555638605994e+00 7.635013814035540136e+00 7.128311469396974687e+00 6.753803576055239510e+00 6.347972993782013518e+00 7.249899833558592910e+00 5.475117289566111545e+00 5.755167280307560418e+00 5.526496203032049692e+00
2.256152326000952968e+01 1.090093763474970778e+01 8.863229734154687733e+00 8.733718264867274428e+00 8.016653743689516887e+00 7.212733116957181778e+00 7.164467451514456187e+00 6.461077828016237312e+00 6.391740785184795826e+00 5.754514083833761617e+00 5.191626670593740833e+00 5.071887103560035470e+00
2.099739380132356104e+01 9.575653247920890010e+00 8.078335952347014626e+00 7.227334368478088855e+00 6.664457375197141431e+00 6.262810958397690975e+00 6.389268241312007213e+00 5.870306672794168179e+00 4.556669414614189506e+00 4.969731534069643075e+00 4.808037396729480939e+00 4.754481332766302693e+00
2.092003956443675605e+01 9.879709899622767466e+00 8.430045355364178761e+00 7.148693532751471125e+00 6.767942190381437406e+00 6.199032714374252961e+00 6.403420084495059506e+00 5.362900958582416777e+00 5.354714714369213091e+00 5.371101463866656545e+00 5.043228459262339314e+00 4.606323264876621693e+00
2.108215509749118510e+01 9.250264636985161104e+00 7.962872661807541164e+00 7.380986140868928125e+00 6.717682667764979243e+00 6.483318093895384493e+00 6.297719691475323067e+00 6.027504708996311855e+00 6.008750982953136699e+00 5.396759882300116828e+00 4.801329375993890203e+00 4.719707770567483252e+00
2.121200902825095369e+01 9.339108655103112611e+00 8.133487474037826459e+00 7.126225514495465596e+00 7.150358739784179463e+00 6.549382127614045146e+00 5.419738130500983964e+00 5.723165248821471707e+00 6.164508150543701603e+00 5.925184745326195213e+00 5.639795582805751550e+00 4.599370249746459471e+00
2.122596610514757742e+01 9.896706204313254318e+00 8.105736864408807918e+00 7.321415022030919317e+00 7.146173131404198742e+00 6.667672130887680737e+00 6.494515815955292481e+00 5.229773830188211292e+00 5.595710467365167418e+00 5.423442966921754760e+00 5.263366016728920904e+00 4.834752776561924037e+00
4.330552434690952168e+01 9.156010018324767685e+00 8.199574427517520192e+00 7.553653547644689326e+00 6.841532524140947480e+00 6.423423283138573581e+00 6.051436720903979882e+00 5.650295810719685008e+00 5.241742277905759195e+00 5.226192442796118165e+00 4.990210063882505764e+00 4.793798879886024267e+00
2.205152057529465992e+01 1.031485686813213931e+01 8.253688976909700159e+00 7.592960505559354090e+00 7.353668698188497999e+00 7.242023492374594085e+00 6.038936610315815301e+00 5.793180115202067881e+00 5.488772267790342774e+00 5.812523248751544358e+00 5.643337929625080740e+00 5.592356582354030436e+00
2.223207631161094966e+01 9.957137437021511772e+00 8.452140111221639884e+00 7.694840338809704861e+00 7.399652074642093069e+00 7.142840455970733693e+00 6.582546406216427393e+00 6.932722938559710002e+00 6.134128177826991823e+00 4.879591132743721360e+00 5.161954990572048985e+00 4.806105919383085734e+00
2.197940578883133966e+01 1.001140005384372245e+01 8.327159353518776896e+00 7.997950243754370803e+00 6.992545197869670659e+00 7.660472370012394450e+00 6.548264761620526286e+00 5.773124360786763276e+00 6.615762682784220416e+00 5.295792922133779612e+00 4.598112674017729162e+00 3.742018857150630762e+00
2.169386941842459393e+01 9.419151462202425051e+00 8.016203362669305221e+00 7.418981648034983500e+00 6.676357692027956148e+00 6.857538761174519770e+00 6.182661671085643462e+00 5.423167892809798829e+00 5.011602218941913378e+00 5.068730965224787610e+00 4.422184843282039424e+00 4.559087397599559388e+00
2.167070811182381007e+01 9.534318016232523618e+00 8.195848330767073975e+00 7.234040991758594608e+00 6.862572851408488717e+00 6.518313446354917495e+00 6.249696206927968234e+00 6.019469408344713557e+00 5.247475154775593786e+00 5.291018922279311809e+00 5.135426905120032970e+00 4.679942081486398564e+00
2.217920246333362400e+01 9.373474324501462007e+00 8.726281931692870586e+00 7.299515688736757824e+00 7.186518855587564758e+00 6.522659991783374522e+00 6.128392755128242442e+00 5.460873455146275646e+00 5.644172162922345137e+00 5.585307366873271562e+00 5.434276346437005856e+00 4.265963910395265124e+00
2.589012877127484558e+01 1.042679445744912847e+01 9.084299122775352231e+00 8.721782817499445173e+00 7.425220480177097571e+00 7.141295120998291779e+00 6.984799383822537067e+00 6.543769103664653919e+00 6.357261107670431066e+00 5.759837122266898035e+00 5.459037209711814498e+00 5.614879879499412141e+00
2.263332193111842372e+01 1.047961944166441128e+01 9.248149998367228619e+00 8.047177777382618302e+00 7.510197269405893827e+00 7.188531300299116467e+00 7.211604728222276606e+00 5.845341189244868119e+00 5.925628847414088796e+00 6.541668829690872045e+00 4.930905069565150178e+00 5.381967632446338357e+00
2.266589332501742859e+01 1.035714839010115540e+01 9.078175702699320837e+00 8.258522621508246786e+00 7.493744529776957819e+00 7.726782836509515917e+00 6.668088976764174447e+00 7.572392889395840321e+00 6.598758388965886290e+00 5.337985967842929114e+00 5.349258010809087693e+00 4.468333710412119686e+00
2.221861311844718401e+01 1.026504613561982637e+01 9.732829479007087059e+00 7.990803452380800920e+00 7.596073711157258046e+00 7.756294833343735817e+00 6.435450092713512760e+00 6.085381335603590180e+00 5.910046629363607806e+00 6.339026465611552474e+00 5.911527966718510996e+00 5.008576019260924106e+00
2.229139789707204145e+01 9.996736960750363110e+00 8.863573387243505408e+00 8.524966729629445794e+00 7.101280045750968384e+00 6.904892942293116676e+00 6.937802736126230663e+00 5.919813410232366735e+00 8.329712455609284305e+00 5.911892939553187176e+00 6.147259135359195881e+00 5.759515518679836354e+00
2.233797738995782112e+01 1.015157514210678258e+01 8.629804817642439119e+00 8.142418477581859548e+00 7.487446652094753574e+00 7.036633627217647735e+00 7.057973595049215731e+00 6.042551904750615321e+00 6.487754839119741490e+00 6.339803701317547890e+00 5.404292027562940248e+00 4.824134301417116077e+00
2.108331396194739327e+01 9.217186457294202384e+00 8.281000010100925124e+00 7.265426042833711406e+00 6.738830233378689805e+00 6.225215849109611455e+00 5.756294252042993165e+00 5.298229129506804469e+00 6.459011290093408242e+00 5.383573903108529457e+00 5.224121414796323748e+00 4.012699543400843893e+00
2.115477829794158993e+01 9.546720741795756027e+00 1.259948791818715819e+01 7.159822099440793508e+00 6.753665715423173843e+00 5.917550774933411084e+00 5.947599015567995195e+00 5.591275998957212501e+00 5.625602151387165684e+00 5.138748173482865056e+00 4.247696743093520411e+00 4.172313749980959940e+00
2.113267928890999414e+01 9.050231115380036329e+00 8.065098033841167080e+00 7.091160405941687728e+00 6.445939191668337287e+00 6.833449807942915122e+00 5.345810762152336082e+00 6.083394092472049763e+00 5.868810624988185509e+00 5.791007640727318773e+00 4.763397715426764378e+00 4.064191129935180058e+00
