1.000000000000000000e+00 2.000000000000000000e+00 3.000000000000000000e+00 4.000000000000000000e+00 5.000000000000000000e+00 6.000000000000000000e+00 8.000000000000000000e+00 1.000000000000000000e+01 1.200000000000000000e+01 1.500000000000000000e+01 2.000000000000000000e+01 3.000000000000000000e+01
2.350959955324734096e+01 1.237126904481952216e+01 1.009569562575823909e+01 8.665259612436393866e+00 6.607093278013054238e+00 7.705947523964318258e+00 4.591767461926465899e+00 4.374916173112664453e+00 4.807188498223813333e+00 3.161358135181169260e+00 3.367458178394511226e+00 3.865960594864936706e+00
2.580520551126288353e+01 1.555100209013610169e+01 9.742024168241680826e+00 8.041145257824700465e+00 7.244326920574939876e+00 6.060194351363845655e+00 5.674198306246047707e+00 4.881822010228608733e+00 5.037762384866240062e+00 4.295300709951765938e+00 2.787784988893626803e+00 3.486561696802281674e+00
2.227118577962258072e+01 1.260556086984254698e+01 1.054632980917843454e+01 7.867234361714903201e+00 7.726626690721549728e+00 5.745563787938245959e+00 4.667414866754704406e+00 4.313849807530956149e+00 4.425706589984434558e+00 3.564455671138022641e+00 2.776679290400585476e+00 2.947879804643993573e+00
3.491354790600240676e+01 1.988671004173394508e+01 1.313885548039777085e+01 1.106421571744509080e+01 1.012843201526165693e+01 8.034090969205376354e+00 6.045803003773952966e+00 4.953430644531520599e+00 3.979639560066505766e+00 3.899973931433520224e+00 2.905693551733179447e+00 2.634888531513612797e+00
3.136619990649936085e+01 1.870098331104853528e+01 1.390876490268300181e+01 9.781602805496071085e+00 9.901108202349085730e+00 7.009504073052319484e+00 6.410979800420202324e+00 4.842459021724998536e+00 5.357059116840268587e+00 4.432392757893999224e+00 3.282492673015069418e+00 2.769528221533601453e+00
3.095875588549221646e+01 1.869882047426296623e+01 1.387907494888156457e+01 1.141494664736453224e+01 8.623976953168844162e+00 7.183940228107720927e+00 5.873018586010814168e+00 5.036416703812052198e+00 4.162553161342441577e+00 3.581735140085995361e+00 3.102974526158064350e+00 2.985241698482077322e+00
3.706680622926860025e+01 2.039397496741084481e+01 1.413428223324090283e+01 1.184480672351835295e+01 1.001281645448367463e+01 7.434586865766279473e+00 5.369243568102333164e+00 5.367533887345277144e+00 4.295015304821092172e+00 3.476131931699832922e+00 3.902383692288269312e+00 2.958419738614137540e+00
3.881348813487078075e+01 1.996707367628679464e+01 1.566803044448450422e+01 1.123808056805825117e+01 8.872317507397408320e+00 8.587903213877034148e+00 5.745561167262414060e+00 5.911531848539985923e+00 5.157510868288317951e+00 3.988327486426657131e+00 3.721951220253572057e+00 2.353993795364639485e+00
3.280714039010830163e+01 1.996624607925955175e+01 1.441616120752717833e+01 1.123919974019615964e+01 1.001297173525028583e+01 7.730748198156423001e+00 6.432758187624476598e+00 4.732008578155822320e+00 4.989362407988373604e+00 3.517042180996066136e+00 3.206595955121338548e+00 3.506189121885161519e+00
3.514380503206089656e+01 2.404616738235577600e+01 1.475245606036624757e+01 1.187175602011083519e+01 9.560921290464063915e+00 8.833550403322165678e+00 6.314910399765238935e+00 5.855542944694446916e+00 4.359477368121500440e+00 3.604218285074511918e+00 4.111891766560615835e+00 2.789892251809544810e+00
3.548264803702807768e+01 2.133669824723862973e+01 1.492022983447902718e+01 1.116600104972540564e+01 8.247251052087689160e+00 7.377471249504785611e+00 6.703479881446849475e+00 5.607871128390129911e+00 4.295704436363889656e+00 3.412414174640221454e+00 3.774769406809885819e+00 2.981955453187623561e+00
3.383953250286752734e+01 2.139249254657071830e+01 1.445842168002600125e+01 1.211006828216772924e+01 9.514167542083241003e+00 7.324920438198468275e+00 5.603127069039082642e+00 5.392819994201580869e+00 4.367643053281056176e+00 4.023796030287163816e+00 4.067628167658510208e+00 2.537468772371354042e+00
3.311884643133870298e+01 2.227832279871520171e+01 1.454957798460495511e+01 1.161745436225453076e+01 7.905795029282836062e+00 6.994319532647819138e+00 6.047000742226183334e+00 5.785421600951079490e+00 4.725416971737061544e+00 3.805903188930415126e+00 3.229320196240670349e+00 2.890253338117332316e+00
3.218194902500620458e+01 2.160247957993108869e+01 1.388491927494027678e+01 1.156921294068641259e+01 9.875953219664291183e+00 7.805921327300724855e+00 6.266546243215920242e+00 4.855227464247457547e+00 4.728007078053586554e+00 4.124264934834531715e+00 3.069760474917304638e+00 2.571535521241086197e+00
3.117988646397538233e+01 2.059279188956593032e+01 1.381975026269047824e+01 1.185928206186643763e+01 9.118919269705338948e+00 6.718606884954292369e+00 6.098205255802202629e+00 5.185839339601228559e+00 4.665161356902047807e+00 4.509920182202009187e+00 3.010989772209049509e+00 2.349619221014320747e+00
3.657325985932319412e+01 2.497581372177907255e+01 1.405827153474248448e+01 1.029349589969891277e+01 8.849152901214619504e+00 7.293870347565944989e+00 5.788546880546419082e+00 5.241893750225957049e+00 4.130505771656456382e+00 4.850060461972782733e+00 3.241938216785056337e+00 2.513032899646883145e+00
3.939798908420652879e+01 1.988994315707902771e+01 1.476664928776002483e+01 1.142477945735840272e+01 1.117049570317926133e+01 9.083472016192139620e+00 8.125812561151434466e+00 4.481000944144685860e+00 4.620873668556568781e+00 4.350628255871880512e+00 3.314121866567254493e+00 3.935343226062137933e+00
3.998787732727717525e+01 2.160975087024528207e+01 1.438844807966134276e+01 1.092754554527730626e+01 8.895149488706287855e+00 7.796645360112430367e+00 6.172085218402822981e+00 4.794743349963336954e+00 5.112875933682337504e+00 4.747530177078740365e+00 3.120569428284003521e+00 2.653773509897638938e+00
2.511453334528285097e+01 1.496631700240639340e+01 1.105352347570642735e+01 8.050771185462989976e+00 7.609992457436298707e+00 6.776071142848816287e+00 4.842467822779661368e+00 4.201029667651146049e+00 3.517128625076071380e+00 2.601507544948700179e+00 2.959450018356102330e+00 2.075057905094923605e+00
2.457896013987077666e+01 1.476328471676883147e+01 1.030223384740407511e+01 8.466719971315184168e+00 6.690940819383439653e+00 6.029086746953948861e+00 4.491237272010895509e+00 3.427358062740837319e+00 3.352817264272678344e+00 2.678930657344413824e+00 3.147717087352530640e+00 2.739042355651999383e+00
2.564512418257658410e+01 1.517068514622335051e+01 1.023576428539607619e+01 8.731501576406087040e+00 7.471189575523085047e+00 6.692308532381884945e+00 5.973687683606487830e+00 4.410034222481929334e+00 3.631360187541810003e+00 2.858115148754714063e+00 3.408850060047474706e+00 2.064404784999251952e+00
2.923098448036880370e+01 1.775197934239691833e+01 1.206093712515099448e+01 8.194270296089179340e+00 7.346762251377270125e+00 6.141708046320870196e+00 6.073166027822695767e+00 4.106888393012986249e+00 4.069618383075046530e+00 4.141472814191393681e+00 2.940729617169557386e+00 2.503912533033247900e+00
2.870837938411865409e+01 1.566596439091076931e+01 1.206715161654533475e+01 9.274318814125702914e+00 7.966709897118362527e+00 6.076741656656237112e+00 5.827528925557978745e+00 4.492555045607470987e+00 4.046598879987550745e+00 3.624017549352553935e+00 2.774044177833911995e+00 2.437893916584088494e+00
2.666619550957162232e+01 1.812250782729766385e+01 1.243440174127756848e+01 9.488323329904224224e+00 7.640109449963439658e+00 8.172907567307364118e+00 5.205380918270741120e+00 4.327152780130827381e+00 5.248329941797158504e+00 3.315071454608453649e+00 2.858509057828140243e+00 2.347409875653494460e+00
