0.000000000000000000e+00 1.212461199611425400e-02
0.000000000000000000e+00 4.230129066854715347e-03
0.000000000000000000e+00 1.501020742580294609e-03
0.000000000000000000e+00 3.146442759316414595e-04
0.000000000000000000e+00 1.925110700540244579e-04
0.000000000000000000e+00 5.134326420375145972e-05
0.000000000000000000e+00 6.933553231647238135e-05
0.000000000000000000e+00 2.744778430496808141e-05
0.000000000000000000e+00 5.115290696267038584e-05
0.000000000000000000e+00 6.122064223745837808e-05
0.000000000000000000e+00 8.411731687374413013e-05
0.000000000000000000e+00 8.507574966643005610e-05
0.000000000000000000e+00 7.511958392569795251e-05
0.000000000000000000e+00 1.163843044196255505e-04
0.000000000000000000e+00 9.239813516614958644e-05
0.000000000000000000e+00 3.420510620344430208e-04
0.000000000000000000e+00 6.756809307262301445e-04
0.000000000000000000e+00 8.814234752207994461e-04
0.000000000000000000e+00 2.246042713522911072e-03
0.000000000000000000e+00 8.139416575431823730e-03
0.000000000000000000e+00 4.221595078706741333e-02
0.000000000000000000e+00 8.987873792648315430e-02
0.000000000000000000e+00 3.333131074905395508e-01
0.000000000000000000e+00 4.760934710502624512e-01
0.000000000000000000e+00 3.395915031433105469e-01
0.000000000000000000e+00 5.004671216011047363e-01
0.000000000000000000e+00 2.865750193595886230e-01
0.000000000000000000e+00 1.093131750822067261e-01
0.000000000000000000e+00 4.574964195489883423e-02
0.000000000000000000e+00 2.648879028856754303e-02
0.000000000000000000e+00 1.046938262879848480e-02
0.000000000000000000e+00 1.214731857180595398e-02
1.000000000000000000e+00 7.762563414871692657e-03
1.000000000000000000e+00 3.389773657545447350e-03
0.000000000000000000e+00 2.000117208808660507e-03
0.000000000000000000e+00 2.497843233868479729e-03
0.000000000000000000e+00 1.334341126494109631e-03
0.000000000000000000e+00 6.831773789599537849e-04
0.000000000000000000e+00 6.424683961085975170e-04
0.000000000000000000e+00 1.088701770640909672e-03
0.000000000000000000e+00 1.694380654953420162e-03
0.000000000000000000e+00 3.368174424394965172e-03
0.000000000000000000e+00 2.966180443763732910e-03
0.000000000000000000e+00 2.417915733531117439e-03
0.000000000000000000e+00 2.143051475286483765e-03
0.000000000000000000e+00 8.410861715674400330e-03
0.000000000000000000e+00 5.788991693407297134e-03
0.000000000000000000e+00 7.919259369373321533e-03
0.000000000000000000e+00 3.718703985214233398e-03
0.000000000000000000e+00 3.702553221955895424e-03
0.000000000000000000e+00 5.747180432081222534e-03
0.000000000000000000e+00 2.919559134170413017e-03
0.000000000000000000e+00 2.310059731826186180e-03
0.000000000000000000e+00 2.179855015128850937e-03
0.000000000000000000e+00 1.928833778947591782e-03
0.000000000000000000e+00 3.831276902928948402e-03
0.000000000000000000e+00 3.271842608228325844e-03
0.000000000000000000e+00 4.240755457431077957e-03
0.000000000000000000e+00 2.522699302062392235e-03
0.000000000000000000e+00 1.145269488915801048e-03
0.000000000000000000e+00 6.310509634204208851e-04
0.000000000000000000e+00 1.399543980369344354e-04
0.000000000000000000e+00 1.328080834355205297e-04
0.000000000000000000e+00 2.113057271344587207e-04
0.000000000000000000e+00 2.178275171900168061e-04
0.000000000000000000e+00 5.112542421557009220e-04
0.000000000000000000e+00 9.907438652589917183e-04
0.000000000000000000e+00 2.456034300848841667e-03
0.000000000000000000e+00 7.770161028020083904e-04
0.000000000000000000e+00 1.217100652866065502e-03
0.000000000000000000e+00 4.963048268109560013e-04
0.000000000000000000e+00 6.849972996860742569e-04
0.000000000000000000e+00 4.746551276184618473e-04
0.000000000000000000e+00 6.286561256274580956e-04
0.000000000000000000e+00 5.873991176486015320e-04
0.000000000000000000e+00 1.866595000028610229e-01
0.000000000000000000e+00 9.743427485227584839e-02
0.000000000000000000e+00 6.837865710258483887e-02
0.000000000000000000e+00 3.169926255941390991e-02
0.000000000000000000e+00 8.385864086449146271e-03
0.000000000000000000e+00 8.821972645819187164e-03
0.000000000000000000e+00 7.099735084921121597e-03
0.000000000000000000e+00 2.687241416424512863e-03
0.000000000000000000e+00 2.210788894444704056e-03
0.000000000000000000e+00 1.386092859320342541e-03
0.000000000000000000e+00 7.724657189100980759e-04
0.000000000000000000e+00 7.272986695170402527e-04
0.000000000000000000e+00 6.604283116757869720e-04
0.000000000000000000e+00 2.643255284056067467e-04
0.000000000000000000e+00 1.402840134687721729e-04
0.000000000000000000e+00 1.730723452055826783e-04
0.000000000000000000e+00 2.703224308788776398e-04
0.000000000000000000e+00 4.085362888872623444e-04
0.000000000000000000e+00 4.594609199557453394e-04
0.000000000000000000e+00 1.189939444884657860e-03
0.000000000000000000e+00 3.431597724556922913e-03
0.000000000000000000e+00 5.834011826664209366e-03
0.000000000000000000e+00 2.691778540611267090e-02
0.000000000000000000e+00 9.051944315433502197e-02
0.000000000000000000e+00 6.787157803773880005e-02
0.000000000000000000e+00 1.183409914374351501e-01
0.000000000000000000e+00 2.462844550609588623e-01
0.000000000000000000e+00 1.386771202087402344e-01
0.000000000000000000e+00 9.702702611684799194e-02
0.000000000000000000e+00 1.041859984397888184e-01
0.000000000000000000e+00 1.563894450664520264e-01
0.000000000000000000e+00 6.893730908632278442e-02
0.000000000000000000e+00 5.534079298377037048e-02
0.000000000000000000e+00 5.283748731017112732e-02
0.000000000000000000e+00 5.253246054053306580e-02
0.000000000000000000e+00 9.309335052967071533e-02
0.000000000000000000e+00 1.556593179702758789e-01
0.000000000000000000e+00 4.858968034386634827e-02
0.000000000000000000e+00 1.080011352896690369e-01
0.000000000000000000e+00 9.506265819072723389e-02
0.000000000000000000e+00 2.262965887784957886e-01
0.000000000000000000e+00 1.524538099765777588e-01
0.000000000000000000e+00 1.060384139418601990e-01
0.000000000000000000e+00 3.962006419897079468e-02
0.000000000000000000e+00 8.923483639955520630e-02
0.000000000000000000e+00 1.277338862419128418e-01
0.000000000000000000e+00 1.836024224758148193e-01
0.000000000000000000e+00 2.397506833076477051e-01
0.000000000000000000e+00 1.639498174190521240e-01
0.000000000000000000e+00 4.102758765220642090e-01
0.000000000000000000e+00 4.864494204521179199e-01
0.000000000000000000e+00 5.131054520606994629e-01
0.000000000000000000e+00 5.452582836151123047e-01
0.000000000000000000e+00 6.134920716285705566e-01
0.000000000000000000e+00 5.239831209182739258e-01
1.000000000000000000e+00 4.672747552394866943e-01
1.000000000000000000e+00 5.237797498703002930e-01
0.000000000000000000e+00 3.833198249340057373e-01
0.000000000000000000e+00 3.574981987476348877e-01
0.000000000000000000e+00 3.771566450595855713e-01
0.000000000000000000e+00 3.101878166198730469e-01
0.000000000000000000e+00 2.843046486377716064e-01
0.000000000000000000e+00 2.153287827968597412e-01
0.000000000000000000e+00 1.406187564134597778e-01
0.000000000000000000e+00 2.058991491794586182e-01
0.000000000000000000e+00 1.052578091621398926e-01
0.000000000000000000e+00 9.796369820833206177e-02
0.000000000000000000e+00 8.906381577253341675e-02
0.000000000000000000e+00 1.089436635375022888e-01
0.000000000000000000e+00 2.403817623853683472e-01
0.000000000000000000e+00 1.389462649822235107e-01
0.000000000000000000e+00 1.594826430082321167e-01
0.000000000000000000e+00 1.165643855929374695e-01
0.000000000000000000e+00 1.591164320707321167e-01
0.000000000000000000e+00 1.407988816499710083e-01
0.000000000000000000e+00 2.803662121295928955e-01
0.000000000000000000e+00 3.962404727935791016e-01
0.000000000000000000e+00 2.009672224521636963e-01
0.000000000000000000e+00 1.109135076403617859e-01
0.000000000000000000e+00 1.952299848198890686e-02
0.000000000000000000e+00 2.210540324449539185e-02
0.000000000000000000e+00 1.600229740142822266e-02
0.000000000000000000e+00 1.632455363869667053e-02
0.000000000000000000e+00 1.644358597695827484e-02
0.000000000000000000e+00 3.645852208137512207e-02
0.000000000000000000e+00 8.825404196977615356e-02
0.000000000000000000e+00 2.891031280159950256e-02
0.000000000000000000e+00 6.448275595903396606e-02
0.000000000000000000e+00 9.320361912250518799e-02
0.000000000000000000e+00 4.585673809051513672e-01
0.000000000000000000e+00 3.507465124130249023e-01
0.000000000000000000e+00 4.480952322483062744e-01
0.000000000000000000e+00 2.200441658496856689e-01
0.000000000000000000e+00 2.817514240741729736e-01
0.000000000000000000e+00 2.271491736173629761e-01
0.000000000000000000e+00 2.249672412872314453e-01
0.000000000000000000e+00 1.389541625976562500e-01
0.000000000000000000e+00 1.450416296720504761e-01
0.000000000000000000e+00 1.198232322931289673e-01
0.000000000000000000e+00 1.166714727878570557e-01
0.000000000000000000e+00 2.099671959877014160e-01
0.000000000000000000e+00 3.711309134960174561e-01
0.000000000000000000e+00 3.556419610977172852e-01
0.000000000000000000e+00 3.177940547466278076e-01
0.000000000000000000e+00 4.447806775569915771e-01
0.000000000000000000e+00 5.168892741203308105e-01
0.000000000000000000e+00 5.466214418411254883e-01
0.000000000000000000e+00 4.311842322349548340e-01
0.000000000000000000e+00 4.485664367675781250e-01
0.000000000000000000e+00 4.423659145832061768e-01
0.000000000000000000e+00 4.594225883483886719e-01
0.000000000000000000e+00 5.334022641181945801e-01
0.000000000000000000e+00 5.990683436393737793e-01
0.000000000000000000e+00 5.713363885879516602e-01
0.000000000000000000e+00 6.008168458938598633e-01
0.000000000000000000e+00 5.208253860473632812e-01
0.000000000000000000e+00 6.708890795707702637e-01
0.000000000000000000e+00 6.932001113891601562e-01
0.000000000000000000e+00 6.463834643363952637e-01
0.000000000000000000e+00 7.229185700416564941e-01
0.000000000000000000e+00 7.638230323791503906e-01
0.000000000000000000e+00 6.944011449813842773e-01
0.000000000000000000e+00 6.863177418708801270e-01
0.000000000000000000e+00 5.221441388130187988e-01
0.000000000000000000e+00 4.788700342178344727e-01
0.000000000000000000e+00 5.469445586204528809e-01
0.000000000000000000e+00 4.561439156532287598e-01
0.000000000000000000e+00 3.768365383148193359e-01
0.000000000000000000e+00 3.460873961448669434e-01
0.000000000000000000e+00 4.328979849815368652e-01
0.000000000000000000e+00 6.503325104713439941e-01
0.000000000000000000e+00 7.466968894004821777e-01
0.000000000000000000e+00 7.562089562416076660e-01
0.000000000000000000e+00 7.566355466842651367e-01
0.000000000000000000e+00 7.997618317604064941e-01
0.000000000000000000e+00 8.145025968551635742e-01
0.000000000000000000e+00 7.411378026008605957e-01
0.000000000000000000e+00 7.196956276893615723e-01
0.000000000000000000e+00 7.428480982780456543e-01
0.000000000000000000e+00 6.513493061065673828e-01
0.000000000000000000e+00 6.586915254592895508e-01
0.000000000000000000e+00 6.732660531997680664e-01
0.000000000000000000e+00 7.762982845306396484e-01
0.000000000000000000e+00 7.317214608192443848e-01
0.000000000000000000e+00 7.481519579887390137e-01
0.000000000000000000e+00 7.080646157264709473e-01
0.000000000000000000e+00 5.836734175682067871e-01
0.000000000000000000e+00 6.683135628700256348e-01
0.000000000000000000e+00 5.164065957069396973e-01
0.000000000000000000e+00 6.350651979446411133e-01
0.000000000000000000e+00 9.217517375946044922e-01
0.000000000000000000e+00 8.289526700973510742e-01
0.000000000000000000e+00 8.351749181747436523e-01
0.000000000000000000e+00 4.957161545753479004e-01
0.000000000000000000e+00 3.641410470008850098e-01
0.000000000000000000e+00 2.497272565960884094e-02
0.000000000000000000e+00 2.614188939332962036e-03
0.000000000000000000e+00 2.053055679425597191e-03
0.000000000000000000e+00 3.305347345303744078e-04
0.000000000000000000e+00 1.479827478760853410e-04
0.000000000000000000e+00 9.353284258395433426e-05
0.000000000000000000e+00 7.041484059300273657e-05
0.000000000000000000e+00 4.028909097542054951e-05
0.000000000000000000e+00 2.345460052310954779e-05
0.000000000000000000e+00 1.784770938684232533e-05
0.000000000000000000e+00 2.035807665379252285e-05
0.000000000000000000e+00 1.623852767806965858e-05
0.000000000000000000e+00 1.160398824140429497e-05
0.000000000000000000e+00 1.006845650408649817e-05
0.000000000000000000e+00 1.480297760281246156e-05
0.000000000000000000e+00 2.042505184363108128e-05
0.000000000000000000e+00 2.156625851057469845e-05
0.000000000000000000e+00 7.178896339610219002e-05
0.000000000000000000e+00 8.039276872295886278e-05
0.000000000000000000e+00 1.607259473530575633e-04
0.000000000000000000e+00 1.970523298950865865e-04
0.000000000000000000e+00 2.129285421688109636e-04
0.000000000000000000e+00 4.635950608644634485e-04
0.000000000000000000e+00 1.333023305051028728e-03
0.000000000000000000e+00 1.682121539488434792e-03
0.000000000000000000e+00 3.808899084106087685e-03
0.000000000000000000e+00 3.478033933788537979e-03
0.000000000000000000e+00 8.918520063161849976e-03
0.000000000000000000e+00 5.340975243598222733e-03
0.000000000000000000e+00 1.462967228144407272e-02
0.000000000000000000e+00 1.333769131451845169e-02
0.000000000000000000e+00 2.189396694302558899e-02
0.000000000000000000e+00 1.428490132093429565e-02
0.000000000000000000e+00 1.667444221675395966e-02
0.000000000000000000e+00 2.363890409469604492e-02
0.000000000000000000e+00 4.372983798384666443e-02
0.000000000000000000e+00 1.458462048321962357e-02
0.000000000000000000e+00 4.553190991282463074e-02
0.000000000000000000e+00 3.526209294795989990e-02
0.000000000000000000e+00 1.549552828073501587e-01
0.000000000000000000e+00 5.503223538398742676e-01
0.000000000000000000e+00 4.513702094554901123e-01
0.000000000000000000e+00 7.668597102165222168e-01
0.000000000000000000e+00 8.081335425376892090e-01
0.000000000000000000e+00 8.171618580818176270e-01
0.000000000000000000e+00 8.572618365287780762e-01
0.000000000000000000e+00 8.331281542778015137e-01
0.000000000000000000e+00 8.410269618034362793e-01
0.000000000000000000e+00 8.900422453880310059e-01
1.000000000000000000e+00 9.038845300674438477e-01
1.000000000000000000e+00 9.016210436820983887e-01
1.000000000000000000e+00 8.392243385314941406e-01
0.000000000000000000e+00 6.520715951919555664e-01
0.000000000000000000e+00 6.388777494430541992e-01
0.000000000000000000e+00 3.425021767616271973e-01
0.000000000000000000e+00 2.876607179641723633e-01
0.000000000000000000e+00 2.010568827390670776e-01
0.000000000000000000e+00 2.217879146337509155e-01
0.000000000000000000e+00 2.368396073579788208e-01
0.000000000000000000e+00 2.530592679977416992e-01
0.000000000000000000e+00 3.334650993347167969e-01
0.000000000000000000e+00 2.614376842975616455e-01
0.000000000000000000e+00 3.448252975940704346e-01
0.000000000000000000e+00 3.206781446933746338e-01
0.000000000000000000e+00 2.789918780326843262e-01
0.000000000000000000e+00 2.210055291652679443e-01
0.000000000000000000e+00 3.452460765838623047e-01
0.000000000000000000e+00 2.992567420005798340e-01
0.000000000000000000e+00 1.778386384248733521e-01
0.000000000000000000e+00 1.544507741928100586e-01
1.000000000000000000e+00 6.344743967056274414e-01
1.000000000000000000e+00 6.936947703361511230e-01
1.000000000000000000e+00 6.163381934165954590e-01
1.000000000000000000e+00 7.546681165695190430e-01
1.000000000000000000e+00 6.797999143600463867e-01
1.000000000000000000e+00 6.879274249076843262e-01
0.000000000000000000e+00 6.597830057144165039e-01
0.000000000000000000e+00 3.727417290210723877e-01
0.000000000000000000e+00 2.384736984968185425e-01
0.000000000000000000e+00 6.708430498838424683e-02
0.000000000000000000e+00 4.363806545734405518e-02
0.000000000000000000e+00 2.179296128451824188e-02
0.000000000000000000e+00 2.756247296929359436e-02
0.000000000000000000e+00 2.059000171720981598e-02
0.000000000000000000e+00 4.194777924567461014e-03
0.000000000000000000e+00 5.764983594417572021e-03
0.000000000000000000e+00 2.310610376298427582e-03
0.000000000000000000e+00 2.535025589168071747e-03
0.000000000000000000e+00 1.043877098709344864e-03
0.000000000000000000e+00 1.327633392065763474e-03
0.000000000000000000e+00 7.329652435146272182e-04
0.000000000000000000e+00 6.005844916217029095e-04
0.000000000000000000e+00 1.409499207511544228e-03
0.000000000000000000e+00 1.373550156131386757e-03
0.000000000000000000e+00 1.463634660467505455e-03
0.000000000000000000e+00 3.162390319630503654e-03
0.000000000000000000e+00 6.685031577944755554e-03
0.000000000000000000e+00 1.329505071043968201e-02
0.000000000000000000e+00 1.148914638906717300e-02
0.000000000000000000e+00 1.315461844205856323e-02
0.000000000000000000e+00 2.552471496164798737e-02
0.000000000000000000e+00 1.825238950550556183e-02
0.000000000000000000e+00 1.155160367488861084e-02
0.000000000000000000e+00 1.078460272401571274e-02
0.000000000000000000e+00 1.745036430656909943e-02
0.000000000000000000e+00 1.818141713738441467e-02
0.000000000000000000e+00 2.021603472530841827e-02
0.000000000000000000e+00 6.327078491449356079e-02
0.000000000000000000e+00 4.942398145794868469e-02
0.000000000000000000e+00 1.901612803339958191e-02
0.000000000000000000e+00 2.862869203090667725e-02
0.000000000000000000e+00 2.238078042864799500e-02
0.000000000000000000e+00 3.855120018124580383e-02
0.000000000000000000e+00 1.134044863283634186e-02
0.000000000000000000e+00 1.508590020239353180e-02
0.000000000000000000e+00 2.733839862048625946e-02
0.000000000000000000e+00 2.178109996020793915e-02
0.000000000000000000e+00 2.002682909369468689e-02
0.000000000000000000e+00 2.741427347064018250e-02
0.000000000000000000e+00 1.828953996300697327e-02
0.000000000000000000e+00 4.887689650058746338e-02
0.000000000000000000e+00 8.112056553363800049e-02
0.000000000000000000e+00 1.844124794006347656e-01
0.000000000000000000e+00 1.584380120038986206e-01
0.000000000000000000e+00 6.629057526588439941e-01
0.000000000000000000e+00 7.374271154403686523e-01
0.000000000000000000e+00 8.236098289489746094e-01
0.000000000000000000e+00 7.793824672698974609e-01
0.000000000000000000e+00 7.574986219406127930e-01
0.000000000000000000e+00 4.855150282382965088e-01
0.000000000000000000e+00 4.491983652114868164e-01
0.000000000000000000e+00 4.826062023639678955e-01
0.000000000000000000e+00 3.203690052032470703e-01
0.000000000000000000e+00 4.414274394512176514e-01
0.000000000000000000e+00 3.674039542675018311e-01
0.000000000000000000e+00 3.294399976730346680e-01
0.000000000000000000e+00 5.428016185760498047e-01
0.000000000000000000e+00 3.604930341243743896e-01
0.000000000000000000e+00 5.448138713836669922e-01
0.000000000000000000e+00 5.380212664604187012e-01
0.000000000000000000e+00 4.485119581222534180e-01
0.000000000000000000e+00 5.108333230018615723e-01
0.000000000000000000e+00 4.909462332725524902e-01
0.000000000000000000e+00 5.686435699462890625e-01
0.000000000000000000e+00 4.359953403472900391e-01
0.000000000000000000e+00 1.460003404645249248e-04
0.000000000000000000e+00 1.382058399030938745e-04
1.000000000000000000e+00 1.019570481730625033e-04
0.000000000000000000e+00 1.387066004099324346e-04
0.000000000000000000e+00 9.971851977752521634e-05
0.000000000000000000e+00 5.630919258692301810e-05
0.000000000000000000e+00 7.155440107453614473e-05
0.000000000000000000e+00 8.174639515345916152e-05
0.000000000000000000e+00 5.053804852650500834e-05
0.000000000000000000e+00 7.013939466560259461e-05
0.000000000000000000e+00 6.410821515601128340e-05
0.000000000000000000e+00 1.879324845504015684e-04
0.000000000000000000e+00 1.958662032848224044e-04
0.000000000000000000e+00 1.016703536151908338e-04
0.000000000000000000e+00 1.511634036432951689e-04
0.000000000000000000e+00 1.744129112921655178e-04
0.000000000000000000e+00 6.088157169870100915e-05
0.000000000000000000e+00 4.226695818942971528e-05
0.000000000000000000e+00 2.753086118900682777e-05
0.000000000000000000e+00 2.888578092097304761e-05
0.000000000000000000e+00 3.436997940298169851e-05
0.000000000000000000e+00 4.593898120219819248e-05
0.000000000000000000e+00 4.383295163279399276e-05
0.000000000000000000e+00 2.981340367114171386e-05
0.000000000000000000e+00 8.153736416716128588e-05
0.000000000000000000e+00 1.327482023043558002e-04
0.000000000000000000e+00 1.771684910636395216e-04
0.000000000000000000e+00 3.639339120127260685e-04
0.000000000000000000e+00 4.952212329953908920e-04
0.000000000000000000e+00 7.328985375352203846e-04
0.000000000000000000e+00 5.815544165670871735e-03
0.000000000000000000e+00 2.395259449258446693e-03
0.000000000000000000e+00 8.105123415589332581e-03
0.000000000000000000e+00 4.801806993782520294e-03
0.000000000000000000e+00 9.263876825571060181e-03
0.000000000000000000e+00 3.901378717273473740e-03
0.000000000000000000e+00 9.909804910421371460e-03
0.000000000000000000e+00 7.748212199658155441e-03
0.000000000000000000e+00 9.420769289135932922e-03
0.000000000000000000e+00 1.054735854268074036e-02
0.000000000000000000e+00 1.582611352205276489e-02
0.000000000000000000e+00 1.748496480286121368e-02
0.000000000000000000e+00 5.101855471730232239e-02
0.000000000000000000e+00 5.845663603395223618e-03
0.000000000000000000e+00 1.668450795114040375e-02
0.000000000000000000e+00 1.710646972060203552e-02
0.000000000000000000e+00 3.218663856387138367e-02
0.000000000000000000e+00 3.978808969259262085e-02
0.000000000000000000e+00 3.242998197674751282e-02
0.000000000000000000e+00 5.584899708628654480e-02
0.000000000000000000e+00 6.708060204982757568e-02
0.000000000000000000e+00 1.939553618431091309e-01
1.000000000000000000e+00 2.918679118156433105e-01
1.000000000000000000e+00 4.146948754787445068e-01
1.000000000000000000e+00 7.841837406158447266e-01
1.000000000000000000e+00 7.630069255828857422e-01
1.000000000000000000e+00 5.563704967498779297e-01
1.000000000000000000e+00 4.848268628120422363e-01
1.000000000000000000e+00 3.761891126632690430e-01
0.000000000000000000e+00 1.358880996704101562e-01
0.000000000000000000e+00 8.540835976600646973e-02
0.000000000000000000e+00 3.854421153664588928e-02
0.000000000000000000e+00 2.091463422402739525e-03
0.000000000000000000e+00 2.780630020424723625e-03
0.000000000000000000e+00 3.932629770133644342e-04
0.000000000000000000e+00 2.063614811049774289e-04
0.000000000000000000e+00 1.218336037709377706e-04
0.000000000000000000e+00 5.370810322347097099e-05
0.000000000000000000e+00 5.025430436944589019e-05
0.000000000000000000e+00 2.562365261837840080e-05
0.000000000000000000e+00 1.122308276535477489e-05
1.000000000000000000e+00 1.271457495022332296e-05
0.000000000000000000e+00 1.128710755438078195e-05
0.000000000000000000e+00 1.301054089708486572e-05
0.000000000000000000e+00 1.245613930223044008e-05
0.000000000000000000e+00 9.912338852882385254e-01
0.000000000000000000e+00 9.831566214561462402e-01
0.000000000000000000e+00 9.855862259864807129e-01
0.000000000000000000e+00 9.818939566612243652e-01
0.000000000000000000e+00 9.711286425590515137e-01
0.000000000000000000e+00 9.689939618110656738e-01
0.000000000000000000e+00 9.713729619979858398e-01
0.000000000000000000e+00 9.701108932495117188e-01
0.000000000000000000e+00 9.703595638275146484e-01
0.000000000000000000e+00 9.777315258979797363e-01
0.000000000000000000e+00 9.758801460266113281e-01
0.000000000000000000e+00 9.807273149490356445e-01
0.000000000000000000e+00 9.752819538116455078e-01
0.000000000000000000e+00 9.850872755050659180e-01
0.000000000000000000e+00 9.888302683830261230e-01
0.000000000000000000e+00 9.842917919158935547e-01
0.000000000000000000e+00 9.915466904640197754e-01
0.000000000000000000e+00 9.901571273803710938e-01
0.000000000000000000e+00 9.900614023208618164e-01
0.000000000000000000e+00 9.907338619232177734e-01
0.000000000000000000e+00 9.897210001945495605e-01
0.000000000000000000e+00 9.941319823265075684e-01
0.000000000000000000e+00 9.947287440299987793e-01
0.000000000000000000e+00 9.925377964973449707e-01
0.000000000000000000e+00 9.948533177375793457e-01
0.000000000000000000e+00 9.960903525352478027e-01
0.000000000000000000e+00 9.957433342933654785e-01
0.000000000000000000e+00 9.972409009933471680e-01
0.000000000000000000e+00 9.970788955688476562e-01
0.000000000000000000e+00 9.965742826461791992e-01
0.000000000000000000e+00 9.973332881927490234e-01
0.000000000000000000e+00 9.970456957817077637e-01
0.000000000000000000e+00 9.975053668022155762e-01
0.000000000000000000e+00 9.976160526275634766e-01
0.000000000000000000e+00 9.980194568634033203e-01
0.000000000000000000e+00 9.977516531944274902e-01
0.000000000000000000e+00 9.978456497192382812e-01
0.000000000000000000e+00 9.978448152542114258e-01
0.000000000000000000e+00 9.987540245056152344e-01
0.000000000000000000e+00 9.985103011131286621e-01
0.000000000000000000e+00 9.987630844116210938e-01
0.000000000000000000e+00 9.988374114036560059e-01
0.000000000000000000e+00 9.987957477569580078e-01
0.000000000000000000e+00 9.990625977516174316e-01
0.000000000000000000e+00 9.990864992141723633e-01
0.000000000000000000e+00 9.992824196815490723e-01
0.000000000000000000e+00 9.990916252136230469e-01
0.000000000000000000e+00 9.991154074668884277e-01
0.000000000000000000e+00 9.989167451858520508e-01
0.000000000000000000e+00 9.988610744476318359e-01
0.000000000000000000e+00 9.986720085144042969e-01
0.000000000000000000e+00 9.988116025924682617e-01
0.000000000000000000e+00 9.987819790840148926e-01
0.000000000000000000e+00 9.988117218017578125e-01
0.000000000000000000e+00 9.986439347267150879e-01
0.000000000000000000e+00 9.981580376625061035e-01
0.000000000000000000e+00 9.982743263244628906e-01
0.000000000000000000e+00 9.977826476097106934e-01
0.000000000000000000e+00 9.978350996971130371e-01
0.000000000000000000e+00 9.977226853370666504e-01
0.000000000000000000e+00 9.961801767349243164e-01
0.000000000000000000e+00 9.938498139381408691e-01
0.000000000000000000e+00 9.942780733108520508e-01
0.000000000000000000e+00 9.933312535285949707e-01
0.000000000000000000e+00 9.894832968711853027e-01
0.000000000000000000e+00 9.911561012268066406e-01
0.000000000000000000e+00 9.860803484916687012e-01
0.000000000000000000e+00 9.873708486557006836e-01
0.000000000000000000e+00 9.914827346801757812e-01
0.000000000000000000e+00 9.889909029006958008e-01
0.000000000000000000e+00 9.800204038619995117e-01
0.000000000000000000e+00 9.824714064598083496e-01
0.000000000000000000e+00 9.780484437942504883e-01
0.000000000000000000e+00 9.689530134201049805e-01
0.000000000000000000e+00 9.582801461219787598e-01
0.000000000000000000e+00 9.280949234962463379e-01
0.000000000000000000e+00 9.359118938446044922e-01
0.000000000000000000e+00 9.456086754798889160e-01
0.000000000000000000e+00 9.600917696952819824e-01
0.000000000000000000e+00 9.569079279899597168e-01
0.000000000000000000e+00 9.721367359161376953e-01
0.000000000000000000e+00 9.734621047973632812e-01
0.000000000000000000e+00 9.784491062164306641e-01
0.000000000000000000e+00 9.852437973022460938e-01
0.000000000000000000e+00 9.783195853233337402e-01
0.000000000000000000e+00 9.851699471473693848e-01
0.000000000000000000e+00 9.821525216102600098e-01
0.000000000000000000e+00 9.878925681114196777e-01
0.000000000000000000e+00 9.876258969306945801e-01
0.000000000000000000e+00 9.900062680244445801e-01
0.000000000000000000e+00 9.899615049362182617e-01
1.000000000000000000e+00 9.873086810111999512e-01
1.000000000000000000e+00 9.865560531616210938e-01
1.000000000000000000e+00 9.846365451812744141e-01
1.000000000000000000e+00 9.818488359451293945e-01
1.000000000000000000e+00 9.300512075424194336e-01
1.000000000000000000e+00 9.023804664611816406e-01
1.000000000000000000e+00 7.656719088554382324e-01
0.000000000000000000e+00 8.047063350677490234e-01
0.000000000000000000e+00 5.593036413192749023e-01
0.000000000000000000e+00 3.428633213043212891e-01
0.000000000000000000e+00 1.089773327112197876e-01
0.000000000000000000e+00 2.794842608273029327e-02
0.000000000000000000e+00 3.510639816522598267e-02
0.000000000000000000e+00 2.450234815478324890e-02
0.000000000000000000e+00 7.298283278942108154e-02
0.000000000000000000e+00 6.166120991110801697e-02
0.000000000000000000e+00 1.406395584344863892e-01
0.000000000000000000e+00 1.485235095024108887e-01
0.000000000000000000e+00 7.628697156906127930e-02
0.000000000000000000e+00 2.152537927031517029e-02
0.000000000000000000e+00 1.413849554955959320e-02
0.000000000000000000e+00 1.830624975264072418e-02
0.000000000000000000e+00 5.357545334845781326e-03
0.000000000000000000e+00 9.182714857161045074e-03
0.000000000000000000e+00 1.658484712243080139e-02
0.000000000000000000e+00 1.203674450516700745e-02
0.000000000000000000e+00 1.546909939497709274e-02
0.000000000000000000e+00 7.327181752771139145e-03
0.000000000000000000e+00 1.787829445675015450e-03
0.000000000000000000e+00 1.698792562820017338e-03
0.000000000000000000e+00 1.314294408075511456e-03
0.000000000000000000e+00 3.107861557509750128e-04
0.000000000000000000e+00 1.778005535015836358e-04
0.000000000000000000e+00 1.154700003098696470e-04
0.000000000000000000e+00 6.522896001115441322e-05
0.000000000000000000e+00 6.953914271434769034e-05
0.000000000000000000e+00 4.006499148090369999e-05
0.000000000000000000e+00 3.235668918932788074e-05
0.000000000000000000e+00 2.481256524333730340e-05
0.000000000000000000e+00 5.163531750440597534e-05
0.000000000000000000e+00 5.739712287322618067e-05
0.000000000000000000e+00 3.630335413618013263e-05
0.000000000000000000e+00 6.250577280297875404e-05
0.000000000000000000e+00 4.851347330259159207e-05
0.000000000000000000e+00 3.003049459948670119e-05
0.000000000000000000e+00 6.052709977666381747e-06
0.000000000000000000e+00 7.616886705363867804e-06
0.000000000000000000e+00 5.314596819516737014e-06
0.000000000000000000e+00 8.633013749204110354e-06
0.000000000000000000e+00 1.462527325202245265e-05
0.000000000000000000e+00 1.267386232939315960e-05
0.000000000000000000e+00 2.763966404017992318e-05
0.000000000000000000e+00 2.147611667169257998e-05
0.000000000000000000e+00 1.303556564380414784e-05
0.000000000000000000e+00 2.664504245331045240e-05
0.000000000000000000e+00 7.760806511214468628e-06
0.000000000000000000e+00 1.010027972370153293e-05
0.000000000000000000e+00 1.051543404173571616e-05
0.000000000000000000e+00 1.354721098323352635e-05
