0.000000000000000000e+00 2.857946157455444336e-01
0.000000000000000000e+00 2.347257733345031738e-01
0.000000000000000000e+00 2.021617740392684937e-01
0.000000000000000000e+00 1.603808104991912842e-01
0.000000000000000000e+00 1.476241797208786011e-01
0.000000000000000000e+00 1.570217758417129517e-01
0.000000000000000000e+00 1.112872660160064697e-01
0.000000000000000000e+00 1.205529943108558655e-01
0.000000000000000000e+00 1.145258471369743347e-01
0.000000000000000000e+00 9.573137760162353516e-02
0.000000000000000000e+00 8.592927455902099609e-02
0.000000000000000000e+00 9.588402509689331055e-02
0.000000000000000000e+00 9.263022989034652710e-02
0.000000000000000000e+00 7.620207965373992920e-02
0.000000000000000000e+00 8.459008485078811646e-02
0.000000000000000000e+00 1.041255146265029907e-01
1.000000000000000000e+00 1.235411167144775391e-01
0.000000000000000000e+00 1.290225386619567871e-01
0.000000000000000000e+00 1.831903755664825439e-01
0.000000000000000000e+00 1.964398920536041260e-01
0.000000000000000000e+00 2.738085687160491943e-01
1.000000000000000000e+00 3.552902638912200928e-01
1.000000000000000000e+00 4.027080237865447998e-01
1.000000000000000000e+00 4.691064655780792236e-01
1.000000000000000000e+00 4.408989548683166504e-01
1.000000000000000000e+00 4.868273735046386719e-01
0.000000000000000000e+00 4.535063207149505615e-01
0.000000000000000000e+00 4.211463630199432373e-01
0.000000000000000000e+00 4.371674656867980957e-01
0.000000000000000000e+00 3.858531415462493896e-01
0.000000000000000000e+00 3.400802910327911377e-01
1.000000000000000000e+00 2.455761432647705078e-01
1.000000000000000000e+00 2.178730368614196777e-01
1.000000000000000000e+00 1.736007928848266602e-01
0.000000000000000000e+00 1.847056597471237183e-01
0.000000000000000000e+00 1.925860494375228882e-01
0.000000000000000000e+00 1.738395094871520996e-01
0.000000000000000000e+00 1.468241214752197266e-01
1.000000000000000000e+00 1.373104751110076904e-01
0.000000000000000000e+00 1.172163039445877075e-01
0.000000000000000000e+00 1.505325883626937866e-01
0.000000000000000000e+00 1.768583208322525024e-01
0.000000000000000000e+00 1.657358258962631226e-01
0.000000000000000000e+00 1.638179421424865723e-01
0.000000000000000000e+00 1.847686171531677246e-01
0.000000000000000000e+00 1.991882622241973877e-01
0.000000000000000000e+00 2.110613137483596802e-01
0.000000000000000000e+00 1.986247301101684570e-01
0.000000000000000000e+00 2.087014317512512207e-01
0.000000000000000000e+00 2.020234018564224243e-01
0.000000000000000000e+00 2.098329216241836548e-01
0.000000000000000000e+00 2.054548859596252441e-01
0.000000000000000000e+00 1.933956146240234375e-01
0.000000000000000000e+00 2.550079524517059326e-01
0.000000000000000000e+00 2.513501048088073730e-01
0.000000000000000000e+00 2.759914398193359375e-01
0.000000000000000000e+00 2.825754880905151367e-01
0.000000000000000000e+00 3.144340813159942627e-01
0.000000000000000000e+00 3.096907436847686768e-01
0.000000000000000000e+00 2.618770599365234375e-01
0.000000000000000000e+00 2.295576632022857666e-01
0.000000000000000000e+00 1.801324188709259033e-01
0.000000000000000000e+00 2.188393622636795044e-01
0.000000000000000000e+00 2.204763591289520264e-01
1.000000000000000000e+00 2.177968621253967285e-01
0.000000000000000000e+00 3.111260533332824707e-01
0.000000000000000000e+00 3.483389019966125488e-01
0.000000000000000000e+00 3.430303931236267090e-01
0.000000000000000000e+00 4.221330583095550537e-01
0.000000000000000000e+00 5.441351532936096191e-01
0.000000000000000000e+00 5.284385681152343750e-01
0.000000000000000000e+00 5.328508615493774414e-01
0.000000000000000000e+00 5.702596306800842285e-01
1.000000000000000000e+00 5.418946743011474609e-01
0.000000000000000000e+00 5.673022866249084473e-01
0.000000000000000000e+00 7.525289654731750488e-01
0.000000000000000000e+00 6.553569436073303223e-01
0.000000000000000000e+00 6.634771227836608887e-01
0.000000000000000000e+00 6.116308569908142090e-01
0.000000000000000000e+00 5.484166145324707031e-01
0.000000000000000000e+00 4.927200376987457275e-01
0.000000000000000000e+00 3.993906676769256592e-01
0.000000000000000000e+00 4.131596386432647705e-01
0.000000000000000000e+00 3.114639818668365479e-01
0.000000000000000000e+00 3.153500258922576904e-01
0.000000000000000000e+00 2.101936489343643188e-01
0.000000000000000000e+00 1.300123184919357300e-01
0.000000000000000000e+00 9.780947118997573853e-02
0.000000000000000000e+00 1.125275790691375732e-01
0.000000000000000000e+00 7.714838534593582153e-02
0.000000000000000000e+00 7.784407585859298706e-02
1.000000000000000000e+00 9.391298145055770874e-02
1.000000000000000000e+00 1.317280232906341553e-01
0.000000000000000000e+00 1.471488326787948608e-01
0.000000000000000000e+00 2.337026298046112061e-01
0.000000000000000000e+00 3.314951360225677490e-01
1.000000000000000000e+00 4.581507742404937744e-01
1.000000000000000000e+00 5.815901160240173340e-01
1.000000000000000000e+00 6.296542882919311523e-01
0.000000000000000000e+00 6.362864971160888672e-01
0.000000000000000000e+00 7.088038325309753418e-01
0.000000000000000000e+00 6.064400076866149902e-01
0.000000000000000000e+00 6.802588701248168945e-01
0.000000000000000000e+00 5.780185461044311523e-01
0.000000000000000000e+00 5.598031878471374512e-01
0.000000000000000000e+00 4.398852288722991943e-01
0.000000000000000000e+00 4.605701863765716553e-01
0.000000000000000000e+00 4.408877491950988770e-01
0.000000000000000000e+00 4.011739492416381836e-01
0.000000000000000000e+00 4.022738635540008545e-01
0.000000000000000000e+00 3.620615303516387939e-01
0.000000000000000000e+00 3.751805424690246582e-01
0.000000000000000000e+00 3.279228210449218750e-01
0.000000000000000000e+00 3.530986905097961426e-01
0.000000000000000000e+00 3.996299207210540771e-01
0.000000000000000000e+00 3.835090994834899902e-01
0.000000000000000000e+00 3.562006056308746338e-01
0.000000000000000000e+00 3.715138137340545654e-01
0.000000000000000000e+00 3.779233098030090332e-01
0.000000000000000000e+00 3.835589587688446045e-01
0.000000000000000000e+00 3.950712084770202637e-01
0.000000000000000000e+00 4.203759133815765381e-01
0.000000000000000000e+00 5.045790672302246094e-01
0.000000000000000000e+00 4.966740310192108154e-01
0.000000000000000000e+00 4.684825837612152100e-01
0.000000000000000000e+00 3.587332367897033691e-01
0.000000000000000000e+00 4.136520624160766602e-01
0.000000000000000000e+00 4.963258802890777588e-01
0.000000000000000000e+00 5.722444057464599609e-01
1.000000000000000000e+00 5.379595160484313965e-01
1.000000000000000000e+00 5.180625915527343750e-01
1.000000000000000000e+00 5.700582265853881836e-01
1.000000000000000000e+00 4.358212053775787354e-01
1.000000000000000000e+00 4.340492784976959229e-01
1.000000000000000000e+00 3.855496048927307129e-01
0.000000000000000000e+00 3.143217265605926514e-01
0.000000000000000000e+00 3.532299995422363281e-01
0.000000000000000000e+00 3.952912986278533936e-01
0.000000000000000000e+00 2.516944408416748047e-01
0.000000000000000000e+00 2.559913694858551025e-01
0.000000000000000000e+00 2.076622992753982544e-01
0.000000000000000000e+00 1.898612976074218750e-01
0.000000000000000000e+00 2.854103744029998779e-01
0.000000000000000000e+00 2.765581905841827393e-01
0.000000000000000000e+00 3.331209123134613037e-01
0.000000000000000000e+00 3.485404253005981445e-01
1.000000000000000000e+00 2.771569490432739258e-01
1.000000000000000000e+00 2.379985898733139038e-01
0.000000000000000000e+00 4.370690584182739258e-01
0.000000000000000000e+00 4.679232537746429443e-01
0.000000000000000000e+00 5.845657587051391602e-01
0.000000000000000000e+00 5.572149753570556641e-01
0.000000000000000000e+00 4.747786223888397217e-01
0.000000000000000000e+00 4.133200943470001221e-01
0.000000000000000000e+00 3.530442416667938232e-01
0.000000000000000000e+00 3.097826838493347168e-01
0.000000000000000000e+00 2.630901932716369629e-01
0.000000000000000000e+00 2.405912876129150391e-01
0.000000000000000000e+00 2.643343210220336914e-01
0.000000000000000000e+00 2.976514697074890137e-01
0.000000000000000000e+00 3.235892057418823242e-01
0.000000000000000000e+00 3.273888826370239258e-01
0.000000000000000000e+00 3.478797972202301025e-01
0.000000000000000000e+00 3.937689363956451416e-01
0.000000000000000000e+00 4.438441395759582520e-01
0.000000000000000000e+00 4.305781126022338867e-01
0.000000000000000000e+00 4.875232577323913574e-01
0.000000000000000000e+00 4.550143480300903320e-01
0.000000000000000000e+00 5.054517388343811035e-01
0.000000000000000000e+00 4.807689189910888672e-01
0.000000000000000000e+00 5.458506941795349121e-01
0.000000000000000000e+00 5.448198318481445312e-01
0.000000000000000000e+00 5.374522805213928223e-01
0.000000000000000000e+00 5.341336131095886230e-01
0.000000000000000000e+00 6.398255228996276855e-01
0.000000000000000000e+00 6.547948122024536133e-01
0.000000000000000000e+00 6.977432370185852051e-01
0.000000000000000000e+00 6.794767975807189941e-01
0.000000000000000000e+00 6.834436058998107910e-01
0.000000000000000000e+00 6.343543529510498047e-01
0.000000000000000000e+00 7.195349931716918945e-01
0.000000000000000000e+00 7.114434242248535156e-01
1.000000000000000000e+00 6.139799356460571289e-01
1.000000000000000000e+00 6.767593622207641602e-01
0.000000000000000000e+00 6.200442910194396973e-01
0.000000000000000000e+00 6.263232827186584473e-01
0.000000000000000000e+00 7.305886149406433105e-01
0.000000000000000000e+00 7.108497619628906250e-01
0.000000000000000000e+00 7.192307710647583008e-01
0.000000000000000000e+00 6.896162033081054688e-01
0.000000000000000000e+00 6.689158678054809570e-01
0.000000000000000000e+00 7.049200534820556641e-01
0.000000000000000000e+00 6.899341940879821777e-01
0.000000000000000000e+00 6.621761918067932129e-01
0.000000000000000000e+00 7.159225344657897949e-01
0.000000000000000000e+00 7.094438076019287109e-01
0.000000000000000000e+00 7.180998921394348145e-01
0.000000000000000000e+00 6.802431344985961914e-01
0.000000000000000000e+00 6.713123917579650879e-01
0.000000000000000000e+00 6.576911807060241699e-01
0.000000000000000000e+00 7.029041051864624023e-01
0.000000000000000000e+00 6.956344246864318848e-01
1.000000000000000000e+00 5.932492017745971680e-01
1.000000000000000000e+00 6.603235602378845215e-01
1.000000000000000000e+00 6.189503669738769531e-01
1.000000000000000000e+00 6.392260193824768066e-01
1.000000000000000000e+00 6.921660304069519043e-01
0.000000000000000000e+00 6.811196208000183105e-01
0.000000000000000000e+00 6.977796554565429688e-01
0.000000000000000000e+00 6.771578192710876465e-01
0.000000000000000000e+00 6.429511308670043945e-01
0.000000000000000000e+00 7.025555968284606934e-01
0.000000000000000000e+00 6.623730063438415527e-01
0.000000000000000000e+00 7.039348483085632324e-01
0.000000000000000000e+00 6.890513300895690918e-01
0.000000000000000000e+00 6.604168415069580078e-01
0.000000000000000000e+00 6.936780810356140137e-01
0.000000000000000000e+00 7.050936222076416016e-01
0.000000000000000000e+00 6.959131360054016113e-01
0.000000000000000000e+00 7.121862769126892090e-01
0.000000000000000000e+00 6.902192234992980957e-01
0.000000000000000000e+00 6.486595273017883301e-01
0.000000000000000000e+00 6.382421255111694336e-01
0.000000000000000000e+00 6.532834172248840332e-01
0.000000000000000000e+00 7.079252600669860840e-01
1.000000000000000000e+00 8.535322546958923340e-01
1.000000000000000000e+00 8.788023591041564941e-01
1.000000000000000000e+00 9.122493267059326172e-01
1.000000000000000000e+00 8.677813410758972168e-01
0.000000000000000000e+00 8.822410106658935547e-01
0.000000000000000000e+00 7.865612506866455078e-01
0.000000000000000000e+00 6.426335573196411133e-01
1.000000000000000000e+00 4.720678627490997314e-01
0.000000000000000000e+00 4.473639726638793945e-01
0.000000000000000000e+00 1.902597695589065552e-01
0.000000000000000000e+00 1.573373973369598389e-01
0.000000000000000000e+00 1.176474019885063171e-01
0.000000000000000000e+00 8.147096633911132812e-02
0.000000000000000000e+00 6.398670375347137451e-02
0.000000000000000000e+00 5.496278032660484314e-02
0.000000000000000000e+00 6.646116077899932861e-02
0.000000000000000000e+00 6.768432259559631348e-02
0.000000000000000000e+00 6.658802181482315063e-02
0.000000000000000000e+00 6.498872488737106323e-02
0.000000000000000000e+00 7.021798938512802124e-02
0.000000000000000000e+00 6.897476315498352051e-02
0.000000000000000000e+00 9.926608204841613770e-02
0.000000000000000000e+00 1.094320341944694519e-01
0.000000000000000000e+00 1.123742684721946716e-01
0.000000000000000000e+00 1.671495735645294189e-01
0.000000000000000000e+00 1.315256953239440918e-01
1.000000000000000000e+00 1.068509668111801147e-01
0.000000000000000000e+00 1.724669635295867920e-01
0.000000000000000000e+00 2.068911343812942505e-01
0.000000000000000000e+00 1.853493452072143555e-01
0.000000000000000000e+00 2.216844707727432251e-01
0.000000000000000000e+00 2.008123397827148438e-01
0.000000000000000000e+00 1.508250385522842407e-01
0.000000000000000000e+00 2.380207479000091553e-01
0.000000000000000000e+00 2.010091096162796021e-01
0.000000000000000000e+00 2.321641743183135986e-01
0.000000000000000000e+00 2.997584939002990723e-01
0.000000000000000000e+00 1.820195466279983521e-01
0.000000000000000000e+00 1.859715431928634644e-01
0.000000000000000000e+00 2.859647572040557861e-01
0.000000000000000000e+00 2.632879912853240967e-01
0.000000000000000000e+00 2.752092778682708740e-01
0.000000000000000000e+00 3.240874707698822021e-01
0.000000000000000000e+00 3.151178658008575439e-01
0.000000000000000000e+00 4.136751890182495117e-01
0.000000000000000000e+00 6.764211058616638184e-01
0.000000000000000000e+00 6.629043817520141602e-01
0.000000000000000000e+00 7.212511897087097168e-01
0.000000000000000000e+00 7.706308960914611816e-01
0.000000000000000000e+00 7.767357826232910156e-01
0.000000000000000000e+00 7.254151701927185059e-01
0.000000000000000000e+00 6.762535572052001953e-01
0.000000000000000000e+00 6.661489009857177734e-01
1.000000000000000000e+00 6.766896843910217285e-01
1.000000000000000000e+00 7.366669774055480957e-01
1.000000000000000000e+00 7.569409608840942383e-01
1.000000000000000000e+00 6.246423721313476562e-01
1.000000000000000000e+00 6.526198387145996094e-01
1.000000000000000000e+00 5.898513793945312500e-01
0.000000000000000000e+00 5.016076564788818359e-01
0.000000000000000000e+00 4.740414023399353027e-01
0.000000000000000000e+00 4.864886701107025146e-01
0.000000000000000000e+00 4.877513945102691650e-01
0.000000000000000000e+00 4.438541531562805176e-01
0.000000000000000000e+00 4.920326173305511475e-01
0.000000000000000000e+00 4.746176004409790039e-01
0.000000000000000000e+00 5.241739153861999512e-01
0.000000000000000000e+00 5.132622718811035156e-01
0.000000000000000000e+00 4.694507420063018799e-01
0.000000000000000000e+00 4.868552684783935547e-01
0.000000000000000000e+00 4.798102974891662598e-01
0.000000000000000000e+00 4.538628756999969482e-01
0.000000000000000000e+00 5.021548867225646973e-01
0.000000000000000000e+00 4.898172318935394287e-01
0.000000000000000000e+00 4.684824943542480469e-01
1.000000000000000000e+00 8.327977061271667480e-01
1.000000000000000000e+00 8.003488779067993164e-01
1.000000000000000000e+00 8.728694319725036621e-01
1.000000000000000000e+00 8.364865183830261230e-01
1.000000000000000000e+00 7.567804455757141113e-01
1.000000000000000000e+00 7.546638846397399902e-01
1.000000000000000000e+00 7.555801272392272949e-01
1.000000000000000000e+00 3.826815187931060791e-01
1.000000000000000000e+00 3.334698081016540527e-01
1.000000000000000000e+00 2.683254480361938477e-01
0.000000000000000000e+00 1.889061033725738525e-01
0.000000000000000000e+00 1.695783436298370361e-01
0.000000000000000000e+00 1.353983879089355469e-01
0.000000000000000000e+00 1.458813697099685669e-01
0.000000000000000000e+00 1.256217062473297119e-01
0.000000000000000000e+00 1.158971413969993591e-01
0.000000000000000000e+00 1.054079905152320862e-01
0.000000000000000000e+00 9.749941527843475342e-02
0.000000000000000000e+00 9.147669374942779541e-02
0.000000000000000000e+00 8.818086236715316772e-02
0.000000000000000000e+00 8.246976137161254883e-02
0.000000000000000000e+00 8.248636126518249512e-02
0.000000000000000000e+00 8.866193145513534546e-02
0.000000000000000000e+00 8.615630865097045898e-02
0.000000000000000000e+00 1.012868359684944153e-01
0.000000000000000000e+00 1.120355650782585144e-01
0.000000000000000000e+00 1.236416324973106384e-01
1.000000000000000000e+00 1.362100243568420410e-01
0.000000000000000000e+00 1.740082055330276489e-01
0.000000000000000000e+00 1.727611124515533447e-01
0.000000000000000000e+00 1.812733113765716553e-01
0.000000000000000000e+00 2.335384041070938110e-01
0.000000000000000000e+00 2.758249044418334961e-01
0.000000000000000000e+00 3.055355548858642578e-01
0.000000000000000000e+00 3.217053413391113281e-01
0.000000000000000000e+00 3.942877352237701416e-01
0.000000000000000000e+00 3.348131775856018066e-01
0.000000000000000000e+00 5.297872424125671387e-01
0.000000000000000000e+00 4.726773202419281006e-01
0.000000000000000000e+00 5.196266174316406250e-01
0.000000000000000000e+00 5.386831164360046387e-01
0.000000000000000000e+00 5.514152050018310547e-01
0.000000000000000000e+00 5.599923133850097656e-01
0.000000000000000000e+00 5.494537949562072754e-01
0.000000000000000000e+00 5.726069211959838867e-01
0.000000000000000000e+00 6.914928555488586426e-01
0.000000000000000000e+00 6.999464631080627441e-01
0.000000000000000000e+00 6.829990148544311523e-01
0.000000000000000000e+00 6.994342207908630371e-01
0.000000000000000000e+00 7.432385087013244629e-01
0.000000000000000000e+00 7.326086759567260742e-01
0.000000000000000000e+00 7.856368422508239746e-01
0.000000000000000000e+00 6.963300704956054688e-01
1.000000000000000000e+00 6.759447455406188965e-01
1.000000000000000000e+00 8.018614649772644043e-01
1.000000000000000000e+00 7.728589773178100586e-01
1.000000000000000000e+00 7.191051840782165527e-01
0.000000000000000000e+00 6.574521064758300781e-01
0.000000000000000000e+00 6.156254410743713379e-01
0.000000000000000000e+00 7.003296613693237305e-01
0.000000000000000000e+00 5.725588798522949219e-01
0.000000000000000000e+00 5.017674565315246582e-01
0.000000000000000000e+00 5.400492548942565918e-01
0.000000000000000000e+00 5.271530747413635254e-01
0.000000000000000000e+00 4.156700968742370605e-01
0.000000000000000000e+00 4.428666234016418457e-01
0.000000000000000000e+00 5.234969854354858398e-01
0.000000000000000000e+00 5.067588090896606445e-01
0.000000000000000000e+00 4.875725209712982178e-01
0.000000000000000000e+00 5.645866990089416504e-01
0.000000000000000000e+00 4.988178610801696777e-01
1.000000000000000000e+00 5.828541517257690430e-01
1.000000000000000000e+00 5.250802636146545410e-01
0.000000000000000000e+00 5.072279572486877441e-01
0.000000000000000000e+00 5.731382369995117188e-01
1.000000000000000000e+00 9.363065361976623535e-01
1.000000000000000000e+00 9.427938461303710938e-01
1.000000000000000000e+00 9.455939531326293945e-01
1.000000000000000000e+00 9.593160748481750488e-01
1.000000000000000000e+00 9.660248160362243652e-01
1.000000000000000000e+00 9.705144762992858887e-01
1.000000000000000000e+00 9.588410854339599609e-01
1.000000000000000000e+00 9.686476588249206543e-01
0.000000000000000000e+00 8.956715464591979980e-01
0.000000000000000000e+00 9.543179273605346680e-01
0.000000000000000000e+00 7.589956521987915039e-01
0.000000000000000000e+00 8.122507929801940918e-01
0.000000000000000000e+00 7.413367629051208496e-01
0.000000000000000000e+00 6.317416429519653320e-01
0.000000000000000000e+00 4.161721467971801758e-01
0.000000000000000000e+00 3.310848176479339600e-01
0.000000000000000000e+00 2.874170541763305664e-01
0.000000000000000000e+00 1.531043201684951782e-01
0.000000000000000000e+00 1.516762375831604004e-01
0.000000000000000000e+00 1.451960206031799316e-01
0.000000000000000000e+00 1.333690583705902100e-01
0.000000000000000000e+00 1.663991212844848633e-01
0.000000000000000000e+00 1.995825022459030151e-01
1.000000000000000000e+00 2.294050306081771851e-01
0.000000000000000000e+00 2.307511717081069946e-01
0.000000000000000000e+00 2.593881487846374512e-01
0.000000000000000000e+00 2.399509996175765991e-01
0.000000000000000000e+00 2.442702054977416992e-01
0.000000000000000000e+00 2.878660857677459717e-01
0.000000000000000000e+00 3.336901664733886719e-01
0.000000000000000000e+00 3.667453229427337646e-01
0.000000000000000000e+00 3.867856264114379883e-01
0.000000000000000000e+00 3.558614552021026611e-01
0.000000000000000000e+00 3.246438205242156982e-01
0.000000000000000000e+00 3.603220880031585693e-01
0.000000000000000000e+00 3.235192894935607910e-01
0.000000000000000000e+00 3.147544562816619873e-01
0.000000000000000000e+00 3.000826537609100342e-01
0.000000000000000000e+00 2.979152500629425049e-01
0.000000000000000000e+00 2.862258255481719971e-01
0.000000000000000000e+00 3.356873989105224609e-01
0.000000000000000000e+00 3.009829223155975342e-01
0.000000000000000000e+00 2.661283314228057861e-01
0.000000000000000000e+00 2.592687904834747314e-01
0.000000000000000000e+00 2.198587507009506226e-01
0.000000000000000000e+00 2.315701693296432495e-01
0.000000000000000000e+00 2.814372777938842773e-01
0.000000000000000000e+00 2.931572198867797852e-01
0.000000000000000000e+00 3.224704861640930176e-01
0.000000000000000000e+00 3.825603127479553223e-01
0.000000000000000000e+00 3.214304745197296143e-01
1.000000000000000000e+00 4.678955376148223877e-01
1.000000000000000000e+00 4.815371334552764893e-01
1.000000000000000000e+00 6.358937025070190430e-01
1.000000000000000000e+00 6.398501396179199219e-01
1.000000000000000000e+00 7.215241193771362305e-01
1.000000000000000000e+00 6.141436696052551270e-01
1.000000000000000000e+00 5.756217837333679199e-01
1.000000000000000000e+00 5.616295337677001953e-01
1.000000000000000000e+00 4.663365781307220459e-01
1.000000000000000000e+00 4.337653815746307373e-01
0.000000000000000000e+00 3.880486786365509033e-01
0.000000000000000000e+00 3.310551941394805908e-01
0.000000000000000000e+00 3.429665565490722656e-01
0.000000000000000000e+00 3.056742548942565918e-01
0.000000000000000000e+00 2.318989336490631104e-01
0.000000000000000000e+00 2.555815875530242920e-01
0.000000000000000000e+00 3.228219449520111084e-01
0.000000000000000000e+00 3.214485645294189453e-01
1.000000000000000000e+00 3.121743500232696533e-01
1.000000000000000000e+00 2.858296632766723633e-01
1.000000000000000000e+00 2.314545661211013794e-01
1.000000000000000000e+00 2.483322024345397949e-01
1.000000000000000000e+00 2.260702550411224365e-01
0.000000000000000000e+00 2.390896379947662354e-01
1.000000000000000000e+00 7.076522707939147949e-01
1.000000000000000000e+00 6.238272786140441895e-01
1.000000000000000000e+00 6.291846632957458496e-01
0.000000000000000000e+00 5.341064333915710449e-01
0.000000000000000000e+00 4.615392982959747314e-01
0.000000000000000000e+00 4.206278026103973389e-01
0.000000000000000000e+00 4.330437481403350830e-01
0.000000000000000000e+00 5.303964614868164062e-01
0.000000000000000000e+00 5.220420360565185547e-01
0.000000000000000000e+00 4.072953462600708008e-01
0.000000000000000000e+00 5.833810567855834961e-01
0.000000000000000000e+00 5.137640833854675293e-01
0.000000000000000000e+00 5.439553260803222656e-01
0.000000000000000000e+00 5.301947593688964844e-01
0.000000000000000000e+00 5.989024639129638672e-01
0.000000000000000000e+00 7.112079858779907227e-01
0.000000000000000000e+00 6.433235406875610352e-01
0.000000000000000000e+00 8.336521983146667480e-01
0.000000000000000000e+00 8.469269275665283203e-01
0.000000000000000000e+00 8.206430077552795410e-01
0.000000000000000000e+00 8.795765638351440430e-01
1.000000000000000000e+00 8.814039826393127441e-01
1.000000000000000000e+00 9.359369277954101562e-01
1.000000000000000000e+00 9.618234038352966309e-01
0.000000000000000000e+00 9.732816815376281738e-01
0.000000000000000000e+00 9.743530750274658203e-01
0.000000000000000000e+00 9.835276007652282715e-01
0.000000000000000000e+00 9.840652346611022949e-01
0.000000000000000000e+00 9.858449697494506836e-01
0.000000000000000000e+00 9.858389496803283691e-01
0.000000000000000000e+00 9.881011247634887695e-01
1.000000000000000000e+00 9.842516183853149414e-01
0.000000000000000000e+00 9.873036742210388184e-01
0.000000000000000000e+00 9.848737716674804688e-01
0.000000000000000000e+00 9.838904738426208496e-01
0.000000000000000000e+00 9.860660433769226074e-01
0.000000000000000000e+00 9.845789670944213867e-01
0.000000000000000000e+00 9.894381761550903320e-01
0.000000000000000000e+00 9.895349144935607910e-01
0.000000000000000000e+00 9.896957874298095703e-01
0.000000000000000000e+00 9.886962175369262695e-01
0.000000000000000000e+00 9.912337660789489746e-01
0.000000000000000000e+00 9.893137812614440918e-01
0.000000000000000000e+00 9.930700659751892090e-01
1.000000000000000000e+00 9.940119385719299316e-01
1.000000000000000000e+00 9.962487816810607910e-01
0.000000000000000000e+00 9.970731735229492188e-01
0.000000000000000000e+00 9.944222569465637207e-01
0.000000000000000000e+00 9.943065047264099121e-01
0.000000000000000000e+00 9.945335388183593750e-01
0.000000000000000000e+00 9.933124184608459473e-01
0.000000000000000000e+00 9.927954077720642090e-01
0.000000000000000000e+00 9.916828870773315430e-01
0.000000000000000000e+00 9.895025491714477539e-01
0.000000000000000000e+00 9.914169907569885254e-01
0.000000000000000000e+00 9.906517267227172852e-01
0.000000000000000000e+00 9.902715086936950684e-01
0.000000000000000000e+00 9.862517714500427246e-01
0.000000000000000000e+00 9.830307364463806152e-01
1.000000000000000000e+00 9.551054239273071289e-01
1.000000000000000000e+00 9.698092937469482422e-01
0.000000000000000000e+00 9.648311734199523926e-01
0.000000000000000000e+00 9.644155502319335938e-01
0.000000000000000000e+00 9.687610864639282227e-01
0.000000000000000000e+00 9.388487339019775391e-01
0.000000000000000000e+00 9.258840680122375488e-01
0.000000000000000000e+00 9.335990548133850098e-01
0.000000000000000000e+00 9.435713887214660645e-01
1.000000000000000000e+00 9.503697752952575684e-01
1.000000000000000000e+00 9.410587549209594727e-01
1.000000000000000000e+00 9.470462203025817871e-01
1.000000000000000000e+00 9.308933019638061523e-01
0.000000000000000000e+00 9.190922975540161133e-01
0.000000000000000000e+00 8.992428183555603027e-01
0.000000000000000000e+00 9.433282613754272461e-01
0.000000000000000000e+00 9.504079222679138184e-01
0.000000000000000000e+00 9.360799193382263184e-01
0.000000000000000000e+00 9.706548452377319336e-01
0.000000000000000000e+00 9.647623896598815918e-01
0.000000000000000000e+00 9.802660346031188965e-01
0.000000000000000000e+00 9.798032641410827637e-01
0.000000000000000000e+00 9.877648949623107910e-01
0.000000000000000000e+00 9.868111014366149902e-01
0.000000000000000000e+00 9.879355430603027344e-01
0.000000000000000000e+00 9.857214689254760742e-01
0.000000000000000000e+00 9.838185906410217285e-01
0.000000000000000000e+00 9.873328804969787598e-01
0.000000000000000000e+00 9.884468317031860352e-01
0.000000000000000000e+00 9.867027997970581055e-01
1.000000000000000000e+00 9.836945533752441406e-01
1.000000000000000000e+00 9.823935031890869141e-01
1.000000000000000000e+00 9.815541505813598633e-01
1.000000000000000000e+00 9.708606600761413574e-01
1.000000000000000000e+00 9.814854860305786133e-01
1.000000000000000000e+00 9.748938679695129395e-01
1.000000000000000000e+00 9.529806375503540039e-01
1.000000000000000000e+00 9.330205917358398438e-01
1.000000000000000000e+00 8.683211803436279297e-01
1.000000000000000000e+00 8.159867525100708008e-01
1.000000000000000000e+00 8.535594344139099121e-01
0.000000000000000000e+00 8.016811013221740723e-01
0.000000000000000000e+00 7.673928141593933105e-01
0.000000000000000000e+00 7.737352252006530762e-01
0.000000000000000000e+00 7.337440252304077148e-01
0.000000000000000000e+00 7.058123350143432617e-01
0.000000000000000000e+00 7.317086458206176758e-01
0.000000000000000000e+00 6.722484827041625977e-01
1.000000000000000000e+00 6.314387917518615723e-01
0.000000000000000000e+00 5.695322751998901367e-01
0.000000000000000000e+00 5.486850738525390625e-01
0.000000000000000000e+00 4.550189673900604248e-01
0.000000000000000000e+00 5.127582550048828125e-01
0.000000000000000000e+00 4.072470366954803467e-01
0.000000000000000000e+00 3.627508580684661865e-01
0.000000000000000000e+00 2.563078999519348145e-01
0.000000000000000000e+00 1.762150228023529053e-01
0.000000000000000000e+00 2.547374665737152100e-01
0.000000000000000000e+00 2.995447516441345215e-01
0.000000000000000000e+00 2.793691158294677734e-01
0.000000000000000000e+00 3.865632712841033936e-01
0.000000000000000000e+00 4.675858616828918457e-01
0.000000000000000000e+00 6.195066571235656738e-01
0.000000000000000000e+00 8.362438678741455078e-01
0.000000000000000000e+00 7.995919585227966309e-01
0.000000000000000000e+00 8.730307221412658691e-01
0.000000000000000000e+00 9.152162075042724609e-01
0.000000000000000000e+00 8.793634772300720215e-01
0.000000000000000000e+00 8.958418965339660645e-01
0.000000000000000000e+00 9.358547329902648926e-01
0.000000000000000000e+00 9.416182637214660645e-01
0.000000000000000000e+00 9.119575023651123047e-01
0.000000000000000000e+00 9.432737231254577637e-01
0.000000000000000000e+00 8.642740845680236816e-01
0.000000000000000000e+00 8.855461478233337402e-01
0.000000000000000000e+00 9.122567772865295410e-01
0.000000000000000000e+00 8.924824595451354980e-01
0.000000000000000000e+00 9.181524515151977539e-01
0.000000000000000000e+00 9.184505343437194824e-01
0.000000000000000000e+00 9.455449581146240234e-01
0.000000000000000000e+00 9.277000427246093750e-01
0.000000000000000000e+00 9.685927629470825195e-01
0.000000000000000000e+00 9.353399872779846191e-01
0.000000000000000000e+00 9.460893273353576660e-01
0.000000000000000000e+00 9.592325091361999512e-01
0.000000000000000000e+00 9.590516686439514160e-01
0.000000000000000000e+00 9.756676554679870605e-01
0.000000000000000000e+00 9.696198701858520508e-01
1.000000000000000000e+00 9.742069840431213379e-01
1.000000000000000000e+00 9.837513566017150879e-01
0.000000000000000000e+00 9.765262007713317871e-01
