0.000000000000000000e+00 1.703126430511474609e-01
0.000000000000000000e+00 1.644107997417449951e-01
0.000000000000000000e+00 2.795731723308563232e-01
0.000000000000000000e+00 3.467016220092773438e-01
0.000000000000000000e+00 4.031196534633636475e-01
0.000000000000000000e+00 3.842727541923522949e-01
0.000000000000000000e+00 6.285774707794189453e-01
0.000000000000000000e+00 3.940825760364532471e-01
0.000000000000000000e+00 6.287833452224731445e-01
0.000000000000000000e+00 5.313259959220886230e-01
0.000000000000000000e+00 5.192080140113830566e-01
0.000000000000000000e+00 6.932015419006347656e-01
0.000000000000000000e+00 4.662578403949737549e-01
0.000000000000000000e+00 7.014561891555786133e-01
0.000000000000000000e+00 6.687315106391906738e-01
1.000000000000000000e+00 7.449189424514770508e-01
1.000000000000000000e+00 6.993732452392578125e-01
1.000000000000000000e+00 7.530479431152343750e-01
1.000000000000000000e+00 6.941578388214111328e-01
1.000000000000000000e+00 8.016353249549865723e-01
1.000000000000000000e+00 6.208472251892089844e-01
1.000000000000000000e+00 6.610326170921325684e-01
1.000000000000000000e+00 4.702139794826507568e-01
1.000000000000000000e+00 4.317230582237243652e-01
0.000000000000000000e+00 3.707221746444702148e-01
0.000000000000000000e+00 1.842261254787445068e-01
0.000000000000000000e+00 5.008534714579582214e-02
0.000000000000000000e+00 1.925511658191680908e-02
0.000000000000000000e+00 5.616259295493364334e-03
0.000000000000000000e+00 1.923199277371168137e-03
0.000000000000000000e+00 5.602348246611654758e-04
0.000000000000000000e+00 3.699223743751645088e-04
0.000000000000000000e+00 6.650480645475909114e-05
0.000000000000000000e+00 2.591281190689187497e-05
0.000000000000000000e+00 1.013516066450392827e-05
0.000000000000000000e+00 5.237588538875570521e-06
0.000000000000000000e+00 3.716722630997537635e-06
0.000000000000000000e+00 1.239723133039660752e-06
0.000000000000000000e+00 6.832896701780555304e-07
0.000000000000000000e+00 3.199050695457117399e-07
0.000000000000000000e+00 1.865303289605435566e-07
0.000000000000000000e+00 1.946048939771571895e-07
0.000000000000000000e+00 1.534630342803211533e-07
0.000000000000000000e+00 1.665850817289538099e-07
0.000000000000000000e+00 1.963419151707057608e-07
0.000000000000000000e+00 1.375369494780898094e-03
0.000000000000000000e+00 3.950822574552148581e-04
0.000000000000000000e+00 3.214693279005587101e-04
0.000000000000000000e+00 1.162884582299739122e-04
0.000000000000000000e+00 4.129776789341121912e-05
0.000000000000000000e+00 1.339817208645399660e-05
0.000000000000000000e+00 4.399723820824874565e-06
0.000000000000000000e+00 3.767357611650368199e-06
0.000000000000000000e+00 9.947294756784685887e-07
0.000000000000000000e+00 6.698270453853183426e-07
0.000000000000000000e+00 1.786186629715302843e-07
0.000000000000000000e+00 8.830645015223126393e-08
0.000000000000000000e+00 5.359582999631129496e-08
0.000000000000000000e+00 3.784151303420912882e-08
0.000000000000000000e+00 1.939813110141130892e-08
0.000000000000000000e+00 1.680078476340440830e-08
0.000000000000000000e+00 1.585571496320881124e-08
0.000000000000000000e+00 1.123956749893295637e-08
0.000000000000000000e+00 8.485462998919501842e-09
0.000000000000000000e+00 6.535632035564731268e-09
0.000000000000000000e+00 4.871109737791812222e-09
0.000000000000000000e+00 4.304925749210042341e-09
0.000000000000000000e+00 2.988038261264591711e-09
0.000000000000000000e+00 3.786553737228359751e-09
0.000000000000000000e+00 3.459553754581179419e-09
0.000000000000000000e+00 3.562570238813123069e-09
0.000000000000000000e+00 3.885972876815912969e-09
0.000000000000000000e+00 2.124878717424394381e-09
0.000000000000000000e+00 3.634083034498303277e-09
0.000000000000000000e+00 2.654480413255555504e-09
0.000000000000000000e+00 1.959143736129931312e-09
0.000000000000000000e+00 1.900994472947559188e-09
0.000000000000000000e+00 3.416523730592757602e-09
0.000000000000000000e+00 2.146144595371879404e-09
0.000000000000000000e+00 3.337481846443779432e-09
0.000000000000000000e+00 2.600076598469058808e-09
0.000000000000000000e+00 3.537604653658377174e-09
0.000000000000000000e+00 1.341412647626327725e-09
0.000000000000000000e+00 1.511078928650988473e-09
0.000000000000000000e+00 1.878019517675966199e-09
0.000000000000000000e+00 2.945272470356030681e-09
0.000000000000000000e+00 2.938006504749068881e-09
0.000000000000000000e+00 3.293456618536083624e-09
0.000000000000000000e+00 3.237569989877897569e-09
0.000000000000000000e+00 2.488797390398644893e-09
0.000000000000000000e+00 2.613773976918309927e-04
0.000000000000000000e+00 6.560118345078080893e-05
0.000000000000000000e+00 1.024954599415650591e-05
0.000000000000000000e+00 1.171305848401971161e-05
0.000000000000000000e+00 1.550065917399479076e-06
0.000000000000000000e+00 8.400117508244875353e-07
0.000000000000000000e+00 2.476159295383695280e-07
0.000000000000000000e+00 9.407975198882922996e-08
0.000000000000000000e+00 1.976658126068286947e-08
0.000000000000000000e+00 3.103711421204025100e-08
0.000000000000000000e+00 8.004905183156552084e-09
0.000000000000000000e+00 7.982674965489877650e-09
0.000000000000000000e+00 3.283671556886247345e-09
0.000000000000000000e+00 3.104195345215998714e-09
0.000000000000000000e+00 1.471060606661467318e-09
0.000000000000000000e+00 6.063150537194417211e-10
0.000000000000000000e+00 3.076766064147307134e-10
0.000000000000000000e+00 4.219477545142069630e-10
0.000000000000000000e+00 2.479291771884106765e-10
0.000000000000000000e+00 1.275096278563481178e-10
0.000000000000000000e+00 2.002983612303665950e-10
0.000000000000000000e+00 1.691927015157190795e-10
0.000000000000000000e+00 8.734796913545395114e-11
0.000000000000000000e+00 7.892630993211469104e-11
0.000000000000000000e+00 1.259109205786757002e-10
0.000000000000000000e+00 8.962323938543903523e-11
0.000000000000000000e+00 1.045647596287224701e-10
0.000000000000000000e+00 9.910024190151744961e-11
0.000000000000000000e+00 9.157480329591294321e-11
0.000000000000000000e+00 5.138811598470738318e-11
0.000000000000000000e+00 8.313367355627931943e-11
0.000000000000000000e+00 4.787132149020045802e-11
0.000000000000000000e+00 6.339863356519259696e-11
0.000000000000000000e+00 9.802343658993351028e-11
0.000000000000000000e+00 5.948892767282387695e-11
0.000000000000000000e+00 5.215287576798566249e-11
0.000000000000000000e+00 6.468038604712234019e-11
0.000000000000000000e+00 4.863742741889609533e-11
0.000000000000000000e+00 5.807209227381981975e-11
0.000000000000000000e+00 4.723055974098500087e-11
0.000000000000000000e+00 1.164272567244495349e-10
0.000000000000000000e+00 1.004140520732832442e-10
0.000000000000000000e+00 8.444155097375727337e-11
0.000000000000000000e+00 1.357653850453388600e-10
0.000000000000000000e+00 1.066500984747698055e-10
0.000000000000000000e+00 7.853733375668525696e-03
0.000000000000000000e+00 2.587712183594703674e-02
0.000000000000000000e+00 3.329733852297067642e-03
0.000000000000000000e+00 9.630934800952672958e-04
0.000000000000000000e+00 1.751286326907575130e-04
0.000000000000000000e+00 1.050598439178429544e-04
0.000000000000000000e+00 1.131736280512996018e-05
0.000000000000000000e+00 2.100782330671790987e-05
0.000000000000000000e+00 4.851312041864730418e-06
0.000000000000000000e+00 7.076997121657768730e-07
0.000000000000000000e+00 1.412507913300942164e-06
0.000000000000000000e+00 6.787531106056121644e-07
0.000000000000000000e+00 2.755601258286333177e-07
0.000000000000000000e+00 2.333680129140702775e-07
0.000000000000000000e+00 1.546917332007069490e-07
0.000000000000000000e+00 1.901826323091881932e-07
0.000000000000000000e+00 1.474546564850243158e-07
0.000000000000000000e+00 7.591003736706625205e-08
0.000000000000000000e+00 1.340283546369391843e-07
0.000000000000000000e+00 2.526071511965710670e-07
0.000000000000000000e+00 4.083165379142883467e-07
0.000000000000000000e+00 3.486370587779674679e-07
0.000000000000000000e+00 2.434842656384716975e-07
0.000000000000000000e+00 3.093455234193243086e-07
0.000000000000000000e+00 6.160846055536239874e-07
0.000000000000000000e+00 2.434306338727765251e-07
0.000000000000000000e+00 8.652462497593660373e-07
0.000000000000000000e+00 1.288594262405240443e-06
0.000000000000000000e+00 1.014362283058289904e-06
0.000000000000000000e+00 1.047764840222953353e-06
0.000000000000000000e+00 7.520430358454177622e-07
0.000000000000000000e+00 1.186686517939961050e-06
0.000000000000000000e+00 1.439178049622569233e-06
0.000000000000000000e+00 5.461206455947831273e-07
0.000000000000000000e+00 5.424187179414730053e-07
0.000000000000000000e+00 1.330754457740113139e-06
0.000000000000000000e+00 1.247572299689636566e-06
0.000000000000000000e+00 1.311219193667056970e-06
0.000000000000000000e+00 2.069604306598193944e-06
0.000000000000000000e+00 2.588381221357849427e-06
0.000000000000000000e+00 1.323026481259148568e-06
0.000000000000000000e+00 1.156182975137198810e-06
0.000000000000000000e+00 2.064046157101984136e-06
0.000000000000000000e+00 1.795824800865375437e-06
0.000000000000000000e+00 1.010508754006878007e-06
0.000000000000000000e+00 6.530850805575028062e-05
0.000000000000000000e+00 1.475744829804170877e-05
0.000000000000000000e+00 7.334736437769606709e-06
0.000000000000000000e+00 1.561716658216028009e-06
0.000000000000000000e+00 1.457483023159511504e-07
0.000000000000000000e+00 4.698507183320543845e-08
0.000000000000000000e+00 1.153361672834307683e-08
0.000000000000000000e+00 3.484101451789456405e-09
0.000000000000000000e+00 1.039648256373482127e-09
0.000000000000000000e+00 5.379856560239204555e-10
0.000000000000000000e+00 2.042329222406991107e-10
0.000000000000000000e+00 1.481271910686032811e-10
0.000000000000000000e+00 8.910949061968764795e-11
0.000000000000000000e+00 6.893022957976668863e-11
0.000000000000000000e+00 7.621647757360960895e-11
0.000000000000000000e+00 5.181605491899610172e-11
0.000000000000000000e+00 6.444235423064270663e-11
0.000000000000000000e+00 8.939514406502979682e-11
0.000000000000000000e+00 3.339632459464780823e-10
0.000000000000000000e+00 4.964084143743718869e-10
0.000000000000000000e+00 1.534748994558299273e-09
0.000000000000000000e+00 2.140396970773394969e-09
0.000000000000000000e+00 4.729406644088385292e-09
0.000000000000000000e+00 9.012026680466078687e-09
0.000000000000000000e+00 5.920058221420276823e-09
0.000000000000000000e+00 1.134077987074988414e-08
0.000000000000000000e+00 1.186066711511557514e-08
0.000000000000000000e+00 9.511537335527009418e-09
0.000000000000000000e+00 1.643421043695525441e-08
0.000000000000000000e+00 1.838460228498206561e-08
0.000000000000000000e+00 1.139455108045694942e-08
0.000000000000000000e+00 7.873258489610179822e-09
0.000000000000000000e+00 7.875961216541327303e-09
0.000000000000000000e+00 1.073422328801143522e-08
0.000000000000000000e+00 7.092764597871337173e-09
0.000000000000000000e+00 5.654219314976671740e-09
0.000000000000000000e+00 4.441688794543097174e-09
0.000000000000000000e+00 5.269387148842952229e-09
0.000000000000000000e+00 4.938399467135923260e-09
0.000000000000000000e+00 7.041327521051243821e-09
0.000000000000000000e+00 6.318092715673628845e-09
0.000000000000000000e+00 1.182299325108715493e-08
0.000000000000000000e+00 7.071637053712720444e-09
0.000000000000000000e+00 5.154297433307419851e-09
0.000000000000000000e+00 3.308674889623830495e-09
0.000000000000000000e+00 2.080993168056011200e-02
0.000000000000000000e+00 1.975887268781661987e-02
0.000000000000000000e+00 3.145721182227134705e-02
0.000000000000000000e+00 4.972768574953079224e-02
0.000000000000000000e+00 7.585493475198745728e-02
0.000000000000000000e+00 1.240246295928955078e-01
0.000000000000000000e+00 1.264422982931137085e-01
0.000000000000000000e+00 2.221414893865585327e-01
0.000000000000000000e+00 1.202902346849441528e-01
0.000000000000000000e+00 7.355533540248870850e-02
0.000000000000000000e+00 1.031466871500015259e-01
0.000000000000000000e+00 4.821373522281646729e-02
0.000000000000000000e+00 2.210181020200252533e-02
0.000000000000000000e+00 2.312272042036056519e-02
0.000000000000000000e+00 4.163933172821998596e-02
0.000000000000000000e+00 3.981851041316986084e-02
1.000000000000000000e+00 4.245503246784210205e-02
1.000000000000000000e+00 3.662444278597831726e-02
1.000000000000000000e+00 3.472722321748733521e-02
1.000000000000000000e+00 3.131598979234695435e-02
1.000000000000000000e+00 3.270188346505165100e-02
1.000000000000000000e+00 1.460268255323171616e-02
1.000000000000000000e+00 7.143268827348947525e-03
1.000000000000000000e+00 4.458504263311624527e-03
0.000000000000000000e+00 3.391294507309794426e-03
0.000000000000000000e+00 9.251892333850264549e-04
0.000000000000000000e+00 4.084492393303662539e-04
0.000000000000000000e+00 1.705317699816077948e-04
0.000000000000000000e+00 8.596399857196956873e-05
0.000000000000000000e+00 3.806373933912254870e-05
0.000000000000000000e+00 1.243471797351958230e-05
0.000000000000000000e+00 7.677109351789113134e-06
0.000000000000000000e+00 5.849254193890374154e-06
0.000000000000000000e+00 3.909657152689760551e-06
0.000000000000000000e+00 1.641236735849815886e-06
0.000000000000000000e+00 1.298538563787587918e-06
0.000000000000000000e+00 1.077812726180127356e-06
0.000000000000000000e+00 7.253229341586120427e-07
0.000000000000000000e+00 5.211189204601396341e-07
0.000000000000000000e+00 3.534319148457143456e-07
0.000000000000000000e+00 2.572005541878752410e-07
0.000000000000000000e+00 2.401493759407458128e-07
0.000000000000000000e+00 1.733572645434833248e-07
0.000000000000000000e+00 2.394856721821270185e-07
0.000000000000000000e+00 3.544614628481213003e-07
0.000000000000000000e+00 2.448470890522003174e-01
0.000000000000000000e+00 1.456450372934341431e-01
0.000000000000000000e+00 1.059898659586906433e-01
0.000000000000000000e+00 1.676362901926040649e-01
0.000000000000000000e+00 1.195671036839485168e-01
0.000000000000000000e+00 1.075579077005386353e-01
0.000000000000000000e+00 2.445658892393112183e-01
0.000000000000000000e+00 1.889138072729110718e-01
0.000000000000000000e+00 8.988689631223678589e-02
0.000000000000000000e+00 1.498225182294845581e-01
0.000000000000000000e+00 2.159559428691864014e-01
0.000000000000000000e+00 2.025942504405975342e-01
0.000000000000000000e+00 1.913273185491561890e-01
0.000000000000000000e+00 1.842742562294006348e-01
0.000000000000000000e+00 1.134027317166328430e-01
0.000000000000000000e+00 1.135747581720352173e-01
1.000000000000000000e+00 1.177622601389884949e-01
1.000000000000000000e+00 1.049453988671302795e-01
1.000000000000000000e+00 6.143701449036598206e-02
1.000000000000000000e+00 8.057323098182678223e-02
1.000000000000000000e+00 3.388056531548500061e-02
1.000000000000000000e+00 1.695941388607025146e-02
1.000000000000000000e+00 7.842777296900749207e-03
1.000000000000000000e+00 3.319110255688428879e-03
0.000000000000000000e+00 4.315817204769700766e-04
0.000000000000000000e+00 1.899181224871426821e-04
0.000000000000000000e+00 5.725896699004806578e-05
0.000000000000000000e+00 1.586015969223808497e-05
0.000000000000000000e+00 2.363791736570419744e-06
0.000000000000000000e+00 1.331523776570975315e-06
0.000000000000000000e+00 2.884885930143354926e-07
0.000000000000000000e+00 1.231438915283433744e-07
0.000000000000000000e+00 1.894346191022577841e-08
0.000000000000000000e+00 7.750426078700911603e-09
0.000000000000000000e+00 4.335802383792497494e-09
0.000000000000000000e+00 1.449395270469722163e-09
0.000000000000000000e+00 7.786961631062183642e-10
0.000000000000000000e+00 3.876280962877842740e-10
0.000000000000000000e+00 1.243543323869999995e-10
0.000000000000000000e+00 1.044836162034101790e-10
0.000000000000000000e+00 1.869251455011156082e-11
0.000000000000000000e+00 4.768341277383569832e-11
0.000000000000000000e+00 6.895547327578910313e-11
0.000000000000000000e+00 1.928264145578673094e-11
0.000000000000000000e+00 1.043397833411230380e-11
0.000000000000000000e+00 1.155552193522453308e-01
0.000000000000000000e+00 2.333945930004119873e-01
0.000000000000000000e+00 2.391073852777481079e-01
0.000000000000000000e+00 2.217032909393310547e-01
0.000000000000000000e+00 3.608840405941009521e-01
0.000000000000000000e+00 6.661298871040344238e-01
0.000000000000000000e+00 2.126804590225219727e-01
0.000000000000000000e+00 5.063818693161010742e-01
0.000000000000000000e+00 3.598307073116302490e-01
0.000000000000000000e+00 4.773841798305511475e-01
0.000000000000000000e+00 6.133660078048706055e-01
0.000000000000000000e+00 7.506124377250671387e-01
0.000000000000000000e+00 9.096903800964355469e-01
0.000000000000000000e+00 8.168289661407470703e-01
0.000000000000000000e+00 9.234873056411743164e-01
1.000000000000000000e+00 9.503861665725708008e-01
1.000000000000000000e+00 9.439580440521240234e-01
1.000000000000000000e+00 9.724650382995605469e-01
1.000000000000000000e+00 9.580367207527160645e-01
1.000000000000000000e+00 9.249151945114135742e-01
1.000000000000000000e+00 8.761755228042602539e-01
1.000000000000000000e+00 7.990946769714355469e-01
1.000000000000000000e+00 8.879314661026000977e-01
1.000000000000000000e+00 5.336214303970336914e-01
0.000000000000000000e+00 1.674063056707382202e-01
0.000000000000000000e+00 8.909206837415695190e-03
0.000000000000000000e+00 8.556983433663845062e-03
0.000000000000000000e+00 6.767509621568024158e-04
0.000000000000000000e+00 2.269061806146055460e-04
0.000000000000000000e+00 2.833312100847251713e-05
0.000000000000000000e+00 1.558572512294631451e-05
0.000000000000000000e+00 1.033726675814250484e-06
0.000000000000000000e+00 1.010183041216805577e-06
0.000000000000000000e+00 3.161599693157768343e-07
0.000000000000000000e+00 7.656146294721111190e-08
0.000000000000000000e+00 2.575979074492806831e-08
0.000000000000000000e+00 1.800481896907513146e-08
0.000000000000000000e+00 8.990274302789202920e-09
0.000000000000000000e+00 7.975597959841707052e-09
0.000000000000000000e+00 1.776781388684867125e-09
0.000000000000000000e+00 1.695807938517646107e-09
0.000000000000000000e+00 4.507074713444580993e-10
0.000000000000000000e+00 1.028893081844728385e-09
0.000000000000000000e+00 1.902365376338366332e-09
0.000000000000000000e+00 1.862221377102457609e-09
