0.000000000000000000e+00 8.670476675033569336e-01
0.000000000000000000e+00 8.784574270248413086e-01
0.000000000000000000e+00 8.329631090164184570e-01
0.000000000000000000e+00 8.364779949188232422e-01
0.000000000000000000e+00 8.378608822822570801e-01
0.000000000000000000e+00 8.543539047241210938e-01
0.000000000000000000e+00 8.559426665306091309e-01
0.000000000000000000e+00 8.450848460197448730e-01
0.000000000000000000e+00 8.224022388458251953e-01
0.000000000000000000e+00 8.350014090538024902e-01
0.000000000000000000e+00 8.481249809265136719e-01
0.000000000000000000e+00 8.449077010154724121e-01
0.000000000000000000e+00 8.571985960006713867e-01
0.000000000000000000e+00 8.471522331237792969e-01
0.000000000000000000e+00 8.595777153968811035e-01
1.000000000000000000e+00 8.770685195922851562e-01
1.000000000000000000e+00 8.894714713096618652e-01
1.000000000000000000e+00 8.723762631416320801e-01
1.000000000000000000e+00 8.825134634971618652e-01
1.000000000000000000e+00 9.085244536399841309e-01
1.000000000000000000e+00 9.178730845451354980e-01
1.000000000000000000e+00 9.415025711059570312e-01
1.000000000000000000e+00 9.464171528816223145e-01
1.000000000000000000e+00 9.348599910736083984e-01
0.000000000000000000e+00 9.122530221939086914e-01
0.000000000000000000e+00 7.996196150779724121e-01
0.000000000000000000e+00 5.463398694992065430e-01
0.000000000000000000e+00 3.322470188140869141e-01
0.000000000000000000e+00 9.470707923173904419e-02
0.000000000000000000e+00 3.191087394952774048e-02
0.000000000000000000e+00 7.293094880878925323e-03
0.000000000000000000e+00 9.106306824833154678e-04
0.000000000000000000e+00 2.280798362335190177e-04
0.000000000000000000e+00 9.965406934497877955e-05
0.000000000000000000e+00 1.892103318823501468e-05
0.000000000000000000e+00 5.551442882278934121e-06
0.000000000000000000e+00 2.628858965181279927e-06
0.000000000000000000e+00 9.036149890562228393e-07
0.000000000000000000e+00 7.093517524481285363e-07
0.000000000000000000e+00 5.348594527276873123e-07
0.000000000000000000e+00 3.909561030468466925e-07
0.000000000000000000e+00 2.310478919298475375e-07
0.000000000000000000e+00 3.198599358711362584e-07
0.000000000000000000e+00 5.964904516986280214e-07
0.000000000000000000e+00 8.149705763571546413e-07
0.000000000000000000e+00 4.545276518911123276e-03
0.000000000000000000e+00 6.688042776659131050e-04
0.000000000000000000e+00 3.799488185904920101e-04
0.000000000000000000e+00 1.181685292976908386e-04
0.000000000000000000e+00 1.834346949181053787e-05
0.000000000000000000e+00 7.999663466762285680e-06
0.000000000000000000e+00 1.583359789947280660e-06
0.000000000000000000e+00 4.711802716883539688e-07
0.000000000000000000e+00 2.313495315320324153e-07
0.000000000000000000e+00 8.275710428051752388e-08
0.000000000000000000e+00 4.758808458404928388e-08
0.000000000000000000e+00 1.809757499415809434e-08
0.000000000000000000e+00 8.374871462990540749e-09
0.000000000000000000e+00 5.268221414667095814e-09
0.000000000000000000e+00 3.427626182883614092e-09
0.000000000000000000e+00 1.274000571704902995e-09
0.000000000000000000e+00 1.153836359790716415e-09
0.000000000000000000e+00 6.880284675325754051e-10
0.000000000000000000e+00 6.599689683639553550e-10
0.000000000000000000e+00 5.926313884074829730e-10
0.000000000000000000e+00 3.519512181693329467e-10
0.000000000000000000e+00 5.129198177300509087e-10
0.000000000000000000e+00 4.575431977738020350e-10
0.000000000000000000e+00 6.122055640211954142e-10
0.000000000000000000e+00 3.482757415795845191e-10
0.000000000000000000e+00 6.239623817627659719e-10
0.000000000000000000e+00 5.297580707441795766e-10
0.000000000000000000e+00 5.969480465495280441e-10
0.000000000000000000e+00 8.710211996110217569e-10
0.000000000000000000e+00 7.811060687146209602e-10
0.000000000000000000e+00 6.598909196853242065e-10
0.000000000000000000e+00 8.880853274995104130e-10
0.000000000000000000e+00 6.562972942880662686e-10
0.000000000000000000e+00 6.356406512253442997e-10
0.000000000000000000e+00 7.144873026554421358e-10
0.000000000000000000e+00 6.734800495067361226e-10
0.000000000000000000e+00 7.617001474002904615e-10
0.000000000000000000e+00 8.298780551641016245e-10
0.000000000000000000e+00 9.668083000846650066e-10
0.000000000000000000e+00 9.045896254278318338e-10
0.000000000000000000e+00 1.187512643774368826e-09
0.000000000000000000e+00 1.153581119517355091e-09
0.000000000000000000e+00 1.118586223647355382e-09
0.000000000000000000e+00 1.227296930750298998e-09
0.000000000000000000e+00 1.103988567230373974e-09
0.000000000000000000e+00 4.427339415997266769e-03
0.000000000000000000e+00 2.078723860904574394e-03
0.000000000000000000e+00 1.881125615909695625e-03
0.000000000000000000e+00 7.152368780225515366e-04
0.000000000000000000e+00 2.143372839782387018e-04
0.000000000000000000e+00 1.391214755130931735e-04
0.000000000000000000e+00 4.591629112837836146e-05
0.000000000000000000e+00 3.202685911674052477e-05
0.000000000000000000e+00 1.972543395822867751e-05
0.000000000000000000e+00 1.446233272872632369e-05
0.000000000000000000e+00 9.790874173631891608e-06
0.000000000000000000e+00 6.389124337147222832e-06
0.000000000000000000e+00 3.745644562513916753e-06
0.000000000000000000e+00 2.149959755115560256e-06
0.000000000000000000e+00 9.164463108390918933e-07
0.000000000000000000e+00 1.135695811171899550e-06
0.000000000000000000e+00 8.926448344936943613e-07
0.000000000000000000e+00 7.510832915613718797e-07
0.000000000000000000e+00 6.581299203389789909e-07
0.000000000000000000e+00 8.956147325989149977e-07
0.000000000000000000e+00 6.647526333836140111e-07
0.000000000000000000e+00 6.856330401205923408e-07
0.000000000000000000e+00 5.758207635153667070e-07
0.000000000000000000e+00 5.459425551634922158e-07
0.000000000000000000e+00 4.608891117641178425e-07
0.000000000000000000e+00 4.989581725567404646e-07
0.000000000000000000e+00 5.058396936874487437e-07
0.000000000000000000e+00 4.461291780444298638e-07
0.000000000000000000e+00 4.168613827459921595e-07
0.000000000000000000e+00 4.396719077703892253e-07
0.000000000000000000e+00 3.784151942909375066e-07
0.000000000000000000e+00 3.627554860941017978e-07
0.000000000000000000e+00 2.853269904790067812e-07
0.000000000000000000e+00 3.957668468501651660e-07
0.000000000000000000e+00 2.521154556234250776e-07
0.000000000000000000e+00 3.495092641969677061e-07
0.000000000000000000e+00 4.916804527965723537e-07
0.000000000000000000e+00 3.395594205812813016e-07
0.000000000000000000e+00 4.937771223012532573e-07
0.000000000000000000e+00 4.133310369525133865e-07
0.000000000000000000e+00 4.537601512311084662e-07
0.000000000000000000e+00 5.530615680982009508e-07
0.000000000000000000e+00 5.396716460381867364e-07
0.000000000000000000e+00 5.569083327827684116e-07
0.000000000000000000e+00 5.930061774961359333e-07
0.000000000000000000e+00 1.856714370660483837e-03
0.000000000000000000e+00 4.882002249360084534e-04
0.000000000000000000e+00 1.787945948308333755e-04
0.000000000000000000e+00 6.751964247087016702e-05
0.000000000000000000e+00 3.261167148593813181e-05
0.000000000000000000e+00 9.808257345866877586e-06
0.000000000000000000e+00 2.268857087983633392e-06
0.000000000000000000e+00 1.323267497355118394e-06
0.000000000000000000e+00 7.433765176756423898e-07
0.000000000000000000e+00 4.078973745436087484e-07
0.000000000000000000e+00 1.369183877386603854e-07
0.000000000000000000e+00 6.869263557973681600e-08
0.000000000000000000e+00 3.082919519670213049e-08
0.000000000000000000e+00 2.379838903721065435e-08
0.000000000000000000e+00 2.131252330173083465e-08
0.000000000000000000e+00 1.913100611261597805e-08
0.000000000000000000e+00 2.465561976805474842e-08
0.000000000000000000e+00 2.950503130705328658e-08
0.000000000000000000e+00 2.878957161556172650e-08
0.000000000000000000e+00 3.120087299635088129e-08
0.000000000000000000e+00 5.523726542833173880e-08
0.000000000000000000e+00 4.508927275992391515e-08
0.000000000000000000e+00 5.348543297145624820e-08
0.000000000000000000e+00 4.466890146659352467e-08
0.000000000000000000e+00 7.157209580554990680e-08
0.000000000000000000e+00 1.097355664114729734e-07
0.000000000000000000e+00 1.154593647356705333e-07
0.000000000000000000e+00 1.023868705374297861e-07
0.000000000000000000e+00 1.747307578625623137e-07
0.000000000000000000e+00 2.238820542288522120e-07
0.000000000000000000e+00 1.748060753925528843e-07
0.000000000000000000e+00 2.062081421172479168e-07
0.000000000000000000e+00 2.422365810161863919e-07
0.000000000000000000e+00 2.439746822346933186e-07
0.000000000000000000e+00 2.721075134104466997e-07
0.000000000000000000e+00 3.048613734790706076e-07
0.000000000000000000e+00 3.080997998949897010e-07
0.000000000000000000e+00 6.950454576326592360e-07
0.000000000000000000e+00 6.124578249000478536e-07
0.000000000000000000e+00 5.187240503801149316e-07
0.000000000000000000e+00 4.252884195921069477e-07
0.000000000000000000e+00 5.380564402912568767e-07
0.000000000000000000e+00 4.223205678499653004e-07
0.000000000000000000e+00 4.975421461494988762e-07
0.000000000000000000e+00 7.717024459452659357e-07
0.000000000000000000e+00 4.229247570037841797e-03
0.000000000000000000e+00 8.709788089618086815e-04
0.000000000000000000e+00 1.796283031580969691e-04
0.000000000000000000e+00 9.780024265637621284e-05
0.000000000000000000e+00 3.648027632152661681e-05
0.000000000000000000e+00 9.169199984171427786e-06
0.000000000000000000e+00 3.953906343667767942e-06
0.000000000000000000e+00 1.299768996432248969e-06
0.000000000000000000e+00 8.577304697610088624e-07
0.000000000000000000e+00 3.986491492469212972e-07
0.000000000000000000e+00 2.049359864031430334e-07
0.000000000000000000e+00 1.269046947527385782e-07
0.000000000000000000e+00 8.663975137324086973e-08
0.000000000000000000e+00 8.022716002642482636e-08
0.000000000000000000e+00 6.583063338894135086e-08
0.000000000000000000e+00 6.060867008272907697e-08
0.000000000000000000e+00 8.027383557873690734e-08
0.000000000000000000e+00 7.994380268883105600e-08
0.000000000000000000e+00 1.239818487874799757e-07
0.000000000000000000e+00 2.401567371634882875e-07
0.000000000000000000e+00 3.952184215449960902e-07
0.000000000000000000e+00 4.363090226888743928e-07
0.000000000000000000e+00 6.451857643696712330e-07
0.000000000000000000e+00 7.686660410399781540e-07
0.000000000000000000e+00 9.315451734437374398e-07
0.000000000000000000e+00 1.181993638965650462e-06
0.000000000000000000e+00 1.130473265220643952e-06
0.000000000000000000e+00 1.762920305736770388e-06
0.000000000000000000e+00 1.697710672488028649e-06
0.000000000000000000e+00 1.548982709209667519e-06
0.000000000000000000e+00 1.329175347564159892e-06
0.000000000000000000e+00 1.448158855055226013e-06
0.000000000000000000e+00 1.151198944171483163e-06
0.000000000000000000e+00 1.075756813406769652e-06
0.000000000000000000e+00 8.305286769427766558e-07
0.000000000000000000e+00 9.335986987935029902e-07
0.000000000000000000e+00 8.104171911327284761e-07
0.000000000000000000e+00 1.075890168067417108e-06
0.000000000000000000e+00 1.186826921184547246e-06
0.000000000000000000e+00 1.118238856179232243e-06
0.000000000000000000e+00 1.360161263619374949e-06
0.000000000000000000e+00 1.439971470063028391e-06
0.000000000000000000e+00 1.141839334195537958e-06
0.000000000000000000e+00 1.035103878166410141e-06
0.000000000000000000e+00 8.574965022489777766e-07
0.000000000000000000e+00 1.720227859914302826e-02
0.000000000000000000e+00 3.546866774559020996e-02
0.000000000000000000e+00 9.879980236291885376e-02
0.000000000000000000e+00 2.706607580184936523e-01
0.000000000000000000e+00 6.288194656372070312e-01
0.000000000000000000e+00 6.320106387138366699e-01
0.000000000000000000e+00 8.651396036148071289e-01
0.000000000000000000e+00 7.664368152618408203e-01
0.000000000000000000e+00 6.224412322044372559e-01
0.000000000000000000e+00 5.208336114883422852e-01
0.000000000000000000e+00 4.855828583240509033e-01
0.000000000000000000e+00 3.290067017078399658e-01
0.000000000000000000e+00 9.762831777334213257e-02
0.000000000000000000e+00 1.840424239635467529e-01
0.000000000000000000e+00 3.131936788558959961e-01
0.000000000000000000e+00 8.020903170108795166e-02
1.000000000000000000e+00 1.796251237392425537e-01
1.000000000000000000e+00 1.810953766107559204e-01
1.000000000000000000e+00 9.749364852905273438e-02
1.000000000000000000e+00 3.033887147903442383e-01
1.000000000000000000e+00 2.166364043951034546e-01
1.000000000000000000e+00 5.946850404143333435e-02
1.000000000000000000e+00 3.169119358062744141e-02
1.000000000000000000e+00 3.081229701638221741e-02
0.000000000000000000e+00 5.668884143233299255e-03
0.000000000000000000e+00 7.050820160657167435e-03
0.000000000000000000e+00 2.070363610982894897e-03
0.000000000000000000e+00 1.078552100807428360e-03
0.000000000000000000e+00 3.033829852938652039e-04
0.000000000000000000e+00 5.727175084757618606e-05
0.000000000000000000e+00 4.744696343550458550e-05
0.000000000000000000e+00 9.360492185805924237e-06
0.000000000000000000e+00 1.147744387708371505e-05
0.000000000000000000e+00 1.880694640021829400e-06
0.000000000000000000e+00 1.168702169707103167e-06
0.000000000000000000e+00 1.554366122036299203e-06
0.000000000000000000e+00 6.333164606076024938e-07
0.000000000000000000e+00 3.301266815469716676e-07
0.000000000000000000e+00 1.647808147708929027e-07
0.000000000000000000e+00 1.611645927823701641e-07
0.000000000000000000e+00 8.117919492178771179e-08
0.000000000000000000e+00 6.951363218377082376e-08
0.000000000000000000e+00 3.338043441658555821e-08
0.000000000000000000e+00 3.606381682175197056e-08
0.000000000000000000e+00 3.441036966478350223e-08
0.000000000000000000e+00 1.304761916399002075e-01
0.000000000000000000e+00 9.011326730251312256e-02
0.000000000000000000e+00 1.172863692045211792e-01
0.000000000000000000e+00 1.080986037850379944e-01
0.000000000000000000e+00 1.033709570765495300e-01
0.000000000000000000e+00 9.436298906803131104e-02
0.000000000000000000e+00 1.363169103860855103e-01
0.000000000000000000e+00 1.220714151859283447e-01
0.000000000000000000e+00 1.889613270759582520e-01
0.000000000000000000e+00 8.942784368991851807e-02
0.000000000000000000e+00 1.193714216351509094e-01
0.000000000000000000e+00 1.162566095590591431e-01
0.000000000000000000e+00 1.709898263216018677e-01
0.000000000000000000e+00 8.185812830924987793e-02
0.000000000000000000e+00 9.745544940233230591e-02
0.000000000000000000e+00 1.209581717848777771e-01
1.000000000000000000e+00 9.809689223766326904e-02
1.000000000000000000e+00 1.366771608591079712e-01
1.000000000000000000e+00 1.339193284511566162e-01
1.000000000000000000e+00 1.113101243972778320e-01
1.000000000000000000e+00 1.601347029209136963e-01
1.000000000000000000e+00 1.816837191581726074e-01
1.000000000000000000e+00 6.765408068895339966e-02
1.000000000000000000e+00 4.101056978106498718e-02
0.000000000000000000e+00 3.267534077167510986e-02
0.000000000000000000e+00 7.439061067998409271e-03
0.000000000000000000e+00 3.013717010617256165e-03
0.000000000000000000e+00 9.360575932078063488e-04
0.000000000000000000e+00 3.967673110309988260e-04
0.000000000000000000e+00 2.024824498221278191e-04
0.000000000000000000e+00 2.367160232097376138e-05
0.000000000000000000e+00 1.843024983827490360e-05
0.000000000000000000e+00 4.463859568204497918e-06
0.000000000000000000e+00 1.722586716823570896e-06
0.000000000000000000e+00 7.925617069304280449e-07
0.000000000000000000e+00 3.226888338758726604e-07
0.000000000000000000e+00 1.476798416888414067e-07
0.000000000000000000e+00 8.238982474040312809e-08
0.000000000000000000e+00 5.205595954294039984e-08
0.000000000000000000e+00 2.201213611385810509e-08
0.000000000000000000e+00 9.296538650005459203e-09
0.000000000000000000e+00 6.678188668729490018e-09
0.000000000000000000e+00 3.444889706827325426e-09
0.000000000000000000e+00 2.917356578535645895e-09
0.000000000000000000e+00 3.083753252752785556e-09
0.000000000000000000e+00 8.689457774162292480e-01
0.000000000000000000e+00 8.628320097923278809e-01
0.000000000000000000e+00 8.330184817314147949e-01
0.000000000000000000e+00 8.326897621154785156e-01
0.000000000000000000e+00 8.497760295867919922e-01
0.000000000000000000e+00 8.394553661346435547e-01
0.000000000000000000e+00 8.486022353172302246e-01
0.000000000000000000e+00 8.786382675170898438e-01
0.000000000000000000e+00 8.966456651687622070e-01
0.000000000000000000e+00 8.756122589111328125e-01
0.000000000000000000e+00 8.849360346794128418e-01
0.000000000000000000e+00 8.994936943054199219e-01
0.000000000000000000e+00 8.968268632888793945e-01
0.000000000000000000e+00 9.103097319602966309e-01
0.000000000000000000e+00 9.263799190521240234e-01
1.000000000000000000e+00 9.083987474441528320e-01
1.000000000000000000e+00 9.214487671852111816e-01
1.000000000000000000e+00 9.274277091026306152e-01
1.000000000000000000e+00 9.390471577644348145e-01
1.000000000000000000e+00 9.520207643508911133e-01
1.000000000000000000e+00 9.574141502380371094e-01
1.000000000000000000e+00 9.662292599678039551e-01
1.000000000000000000e+00 9.543564319610595703e-01
1.000000000000000000e+00 9.327844381332397461e-01
0.000000000000000000e+00 8.241514563560485840e-01
0.000000000000000000e+00 4.662888944149017334e-01
0.000000000000000000e+00 1.890421360731124878e-01
0.000000000000000000e+00 1.049014478921890259e-01
0.000000000000000000e+00 1.287262048572301865e-02
0.000000000000000000e+00 4.192095715552568436e-03
0.000000000000000000e+00 6.425458705052733421e-04
0.000000000000000000e+00 1.479346392443403602e-04
0.000000000000000000e+00 5.516050077858380973e-05
0.000000000000000000e+00 1.832201996876392514e-05
0.000000000000000000e+00 7.086801815603394061e-06
0.000000000000000000e+00 3.927782927348744124e-06
0.000000000000000000e+00 1.271333076147129759e-06
0.000000000000000000e+00 8.342651653947541490e-07
0.000000000000000000e+00 2.476841984844213584e-07
0.000000000000000000e+00 1.987343978271383094e-07
0.000000000000000000e+00 1.442562194142738008e-07
0.000000000000000000e+00 1.072542801239251276e-07
0.000000000000000000e+00 9.495227004663320258e-08
0.000000000000000000e+00 1.337627537623120588e-07
0.000000000000000000e+00 1.688858333181997295e-07
