0.000000000000000000e+00 8.459986448287963867e-01
1.000000000000000000e+00 8.958403468132019043e-01
1.000000000000000000e+00 7.998583316802978516e-01
1.000000000000000000e+00 8.581202626228332520e-01
0.000000000000000000e+00 8.463585972785949707e-01
0.000000000000000000e+00 8.919546008110046387e-01
0.000000000000000000e+00 8.650566935539245605e-01
0.000000000000000000e+00 8.696181774139404297e-01
0.000000000000000000e+00 8.470544219017028809e-01
0.000000000000000000e+00 8.563466072082519531e-01
0.000000000000000000e+00 8.294924497604370117e-01
0.000000000000000000e+00 8.436889648437500000e-01
0.000000000000000000e+00 8.666148185729980469e-01
1.000000000000000000e+00 8.730019927024841309e-01
1.000000000000000000e+00 8.897484540939331055e-01
1.000000000000000000e+00 8.707065582275390625e-01
1.000000000000000000e+00 9.017233848571777344e-01
1.000000000000000000e+00 9.047349095344543457e-01
1.000000000000000000e+00 9.034948348999023438e-01
1.000000000000000000e+00 9.073475003242492676e-01
1.000000000000000000e+00 8.940963745117187500e-01
1.000000000000000000e+00 9.193382859230041504e-01
1.000000000000000000e+00 9.110412597656250000e-01
1.000000000000000000e+00 9.295558929443359375e-01
1.000000000000000000e+00 9.137225747108459473e-01
1.000000000000000000e+00 8.560938835144042969e-01
1.000000000000000000e+00 8.536666035652160645e-01
1.000000000000000000e+00 6.305568218231201172e-01
0.000000000000000000e+00 5.475624203681945801e-01
0.000000000000000000e+00 3.429264128208160400e-01
0.000000000000000000e+00 1.452015042304992676e-01
0.000000000000000000e+00 6.659554690122604370e-02
0.000000000000000000e+00 3.635973110795021057e-02
0.000000000000000000e+00 1.497874781489372253e-02
0.000000000000000000e+00 1.032284181565046310e-02
0.000000000000000000e+00 5.145046394318342209e-03
0.000000000000000000e+00 2.683092840015888214e-03
0.000000000000000000e+00 2.510164165869355202e-03
1.000000000000000000e+00 1.612783409655094147e-03
1.000000000000000000e+00 1.369849895127117634e-03
1.000000000000000000e+00 8.490793406963348389e-04
1.000000000000000000e+00 9.267578716389834881e-04
1.000000000000000000e+00 6.339203100651502609e-04
1.000000000000000000e+00 8.970675407908856869e-04
1.000000000000000000e+00 9.721442474983632565e-04
1.000000000000000000e+00 1.644404679536819458e-01
0.000000000000000000e+00 1.109517961740493774e-01
0.000000000000000000e+00 9.076897799968719482e-02
0.000000000000000000e+00 9.143383800983428955e-02
0.000000000000000000e+00 8.559681475162506104e-02
0.000000000000000000e+00 7.139737904071807861e-02
0.000000000000000000e+00 6.680019944906234741e-02
0.000000000000000000e+00 5.948835611343383789e-02
0.000000000000000000e+00 5.584124103188514709e-02
0.000000000000000000e+00 6.077851727604866028e-02
0.000000000000000000e+00 4.374349862337112427e-02
0.000000000000000000e+00 4.094124585390090942e-02
0.000000000000000000e+00 3.697874024510383606e-02
0.000000000000000000e+00 3.022829070687294006e-02
0.000000000000000000e+00 3.375435620546340942e-02
0.000000000000000000e+00 2.345405146479606628e-02
0.000000000000000000e+00 1.723046787083148956e-02
0.000000000000000000e+00 1.369683258235454559e-02
0.000000000000000000e+00 7.339275442063808441e-03
0.000000000000000000e+00 4.659026861190795898e-03
0.000000000000000000e+00 3.616114379838109016e-03
0.000000000000000000e+00 3.384255804121494293e-03
0.000000000000000000e+00 3.446503309532999992e-03
0.000000000000000000e+00 1.940932590514421463e-03
0.000000000000000000e+00 1.880327239632606506e-03
0.000000000000000000e+00 2.722007455304265022e-03
0.000000000000000000e+00 2.405028091743588448e-03
0.000000000000000000e+00 3.287431318312883377e-03
0.000000000000000000e+00 3.895768197253346443e-03
0.000000000000000000e+00 3.568795975297689438e-03
0.000000000000000000e+00 3.483849810436367989e-03
0.000000000000000000e+00 2.252214821055531502e-03
0.000000000000000000e+00 4.908951930701732635e-03
0.000000000000000000e+00 4.111895337700843811e-03
0.000000000000000000e+00 4.859702195972204208e-03
0.000000000000000000e+00 4.267804790288209915e-03
0.000000000000000000e+00 5.562347359955310822e-03
0.000000000000000000e+00 4.886806011199951172e-03
0.000000000000000000e+00 4.950465634465217590e-03
0.000000000000000000e+00 5.022369790822267532e-03
0.000000000000000000e+00 6.129679270088672638e-03
0.000000000000000000e+00 5.753622855991125107e-03
0.000000000000000000e+00 5.798409692943096161e-03
0.000000000000000000e+00 7.671854924410581589e-03
0.000000000000000000e+00 5.407505203038454056e-03
0.000000000000000000e+00 4.413746595382690430e-01
0.000000000000000000e+00 4.157979786396026611e-01
0.000000000000000000e+00 2.529255151748657227e-01
0.000000000000000000e+00 2.501507997512817383e-01
0.000000000000000000e+00 2.239599525928497314e-01
0.000000000000000000e+00 2.166360318660736084e-01
0.000000000000000000e+00 2.077090591192245483e-01
0.000000000000000000e+00 2.362103015184402466e-01
0.000000000000000000e+00 2.120422124862670898e-01
0.000000000000000000e+00 2.315445691347122192e-01
0.000000000000000000e+00 2.023370414972305298e-01
0.000000000000000000e+00 2.387474626302719116e-01
0.000000000000000000e+00 2.202094793319702148e-01
0.000000000000000000e+00 2.129412144422531128e-01
0.000000000000000000e+00 2.066352218389511108e-01
0.000000000000000000e+00 2.043363302946090698e-01
0.000000000000000000e+00 2.065176814794540405e-01
0.000000000000000000e+00 1.853046417236328125e-01
0.000000000000000000e+00 1.389783173799514771e-01
0.000000000000000000e+00 8.312038332223892212e-02
0.000000000000000000e+00 6.204637140035629272e-02
0.000000000000000000e+00 3.570786491036415100e-02
0.000000000000000000e+00 2.770604006946086884e-02
0.000000000000000000e+00 2.182946354150772095e-02
0.000000000000000000e+00 2.122670598328113556e-02
0.000000000000000000e+00 1.888349838554859161e-02
0.000000000000000000e+00 2.131025493144989014e-02
0.000000000000000000e+00 1.498675625771284103e-02
0.000000000000000000e+00 1.336295343935489655e-02
0.000000000000000000e+00 1.796453632414340973e-02
0.000000000000000000e+00 1.905125193297863007e-02
0.000000000000000000e+00 1.793263107538223267e-02
0.000000000000000000e+00 1.076292898505926132e-02
0.000000000000000000e+00 1.085490733385086060e-02
0.000000000000000000e+00 1.303432788699865341e-02
0.000000000000000000e+00 1.191842928528785706e-02
0.000000000000000000e+00 1.235638745129108429e-02
0.000000000000000000e+00 1.305122114717960358e-02
0.000000000000000000e+00 1.381495129317045212e-02
0.000000000000000000e+00 1.515322644263505936e-02
0.000000000000000000e+00 1.197716407477855682e-02
0.000000000000000000e+00 9.603341110050678253e-03
0.000000000000000000e+00 1.539442688226699829e-02
0.000000000000000000e+00 1.242576818913221359e-02
0.000000000000000000e+00 1.344866864383220673e-02
0.000000000000000000e+00 3.337426781654357910e-01
0.000000000000000000e+00 2.888874113559722900e-01
0.000000000000000000e+00 2.416803538799285889e-01
0.000000000000000000e+00 1.914345026016235352e-01
0.000000000000000000e+00 1.951042711734771729e-01
0.000000000000000000e+00 1.517243534326553345e-01
0.000000000000000000e+00 1.284245252609252930e-01
0.000000000000000000e+00 1.204794198274612427e-01
0.000000000000000000e+00 9.052268415689468384e-02
0.000000000000000000e+00 7.477530092000961304e-02
0.000000000000000000e+00 5.717128515243530273e-02
0.000000000000000000e+00 6.116159260272979736e-02
0.000000000000000000e+00 5.062223970890045166e-02
0.000000000000000000e+00 4.182238131761550903e-02
0.000000000000000000e+00 4.348806664347648621e-02
0.000000000000000000e+00 3.835186734795570374e-02
0.000000000000000000e+00 4.464812949299812317e-02
0.000000000000000000e+00 3.805536031723022461e-02
0.000000000000000000e+00 3.840940073132514954e-02
0.000000000000000000e+00 4.138015210628509521e-02
0.000000000000000000e+00 4.133168235421180725e-02
0.000000000000000000e+00 4.315914586186408997e-02
0.000000000000000000e+00 4.482851177453994751e-02
0.000000000000000000e+00 3.860580921173095703e-02
0.000000000000000000e+00 2.781691029667854309e-02
0.000000000000000000e+00 3.099658340215682983e-02
0.000000000000000000e+00 3.559476882219314575e-02
0.000000000000000000e+00 4.359766468405723572e-02
0.000000000000000000e+00 3.664418309926986694e-02
0.000000000000000000e+00 5.699419602751731873e-02
0.000000000000000000e+00 5.500069260597229004e-02
0.000000000000000000e+00 3.512535989284515381e-02
0.000000000000000000e+00 4.754782840609550476e-02
0.000000000000000000e+00 4.706872999668121338e-02
0.000000000000000000e+00 5.346629023551940918e-02
0.000000000000000000e+00 5.205215141177177429e-02
0.000000000000000000e+00 3.906896337866783142e-02
0.000000000000000000e+00 5.441723763942718506e-02
0.000000000000000000e+00 5.822812393307685852e-02
0.000000000000000000e+00 6.394750624895095825e-02
0.000000000000000000e+00 4.763431474566459656e-02
0.000000000000000000e+00 6.611215323209762573e-02
0.000000000000000000e+00 5.876915901899337769e-02
0.000000000000000000e+00 7.089705020189285278e-02
0.000000000000000000e+00 5.873627215623855591e-02
0.000000000000000000e+00 5.295718908309936523e-01
0.000000000000000000e+00 4.531754851341247559e-01
0.000000000000000000e+00 4.247950911521911621e-01
0.000000000000000000e+00 2.806703746318817139e-01
0.000000000000000000e+00 2.773710191249847412e-01
0.000000000000000000e+00 1.895833462476730347e-01
0.000000000000000000e+00 1.985887140035629272e-01
0.000000000000000000e+00 2.592493891716003418e-01
0.000000000000000000e+00 1.892663389444351196e-01
0.000000000000000000e+00 1.698005497455596924e-01
0.000000000000000000e+00 2.065228521823883057e-01
0.000000000000000000e+00 1.653204113245010376e-01
0.000000000000000000e+00 1.743660271167755127e-01
0.000000000000000000e+00 2.195553630590438843e-01
0.000000000000000000e+00 2.527526319026947021e-01
0.000000000000000000e+00 2.699958086013793945e-01
0.000000000000000000e+00 2.225901186466217041e-01
0.000000000000000000e+00 2.389249652624130249e-01
0.000000000000000000e+00 1.601823121309280396e-01
0.000000000000000000e+00 9.165261685848236084e-02
0.000000000000000000e+00 4.242632165551185608e-02
0.000000000000000000e+00 2.632466331124305725e-02
0.000000000000000000e+00 2.442467398941516876e-02
0.000000000000000000e+00 1.284215599298477173e-02
0.000000000000000000e+00 1.321892067790031433e-02
0.000000000000000000e+00 9.221843443810939789e-03
0.000000000000000000e+00 1.091912295669317245e-02
0.000000000000000000e+00 7.254356518387794495e-03
0.000000000000000000e+00 1.012116298079490662e-02
0.000000000000000000e+00 1.349088083952665329e-02
0.000000000000000000e+00 1.144289318472146988e-02
0.000000000000000000e+00 9.213186800479888916e-03
0.000000000000000000e+00 8.394440636038780212e-03
0.000000000000000000e+00 7.067702710628509521e-03
0.000000000000000000e+00 8.673743344843387604e-03
0.000000000000000000e+00 6.068493239581584930e-03
0.000000000000000000e+00 7.254922296851873398e-03
0.000000000000000000e+00 5.484133027493953705e-03
0.000000000000000000e+00 5.167870782315731049e-03
0.000000000000000000e+00 5.333576351404190063e-03
0.000000000000000000e+00 5.152757279574871063e-03
0.000000000000000000e+00 4.775621462613344193e-03
0.000000000000000000e+00 9.401209652423858643e-03
0.000000000000000000e+00 5.356488749384880066e-03
0.000000000000000000e+00 6.633293814957141876e-03
0.000000000000000000e+00 7.375168204307556152e-01
1.000000000000000000e+00 8.254120945930480957e-01
0.000000000000000000e+00 8.097338080406188965e-01
0.000000000000000000e+00 8.237538337707519531e-01
0.000000000000000000e+00 8.887159824371337891e-01
0.000000000000000000e+00 8.909408450126647949e-01
0.000000000000000000e+00 9.223102331161499023e-01
0.000000000000000000e+00 8.822246193885803223e-01
0.000000000000000000e+00 9.120533466339111328e-01
0.000000000000000000e+00 8.270509839057922363e-01
0.000000000000000000e+00 8.285483717918395996e-01
0.000000000000000000e+00 8.332228064537048340e-01
0.000000000000000000e+00 7.804586887359619141e-01
1.000000000000000000e+00 8.419279456138610840e-01
1.000000000000000000e+00 7.627648115158081055e-01
1.000000000000000000e+00 7.941397428512573242e-01
1.000000000000000000e+00 7.806678414344787598e-01
1.000000000000000000e+00 8.345694541931152344e-01
1.000000000000000000e+00 8.170148134231567383e-01
1.000000000000000000e+00 8.511515855789184570e-01
1.000000000000000000e+00 8.423588871955871582e-01
1.000000000000000000e+00 8.671059012413024902e-01
1.000000000000000000e+00 8.474242091178894043e-01
1.000000000000000000e+00 9.016907215118408203e-01
1.000000000000000000e+00 8.934332132339477539e-01
1.000000000000000000e+00 9.192467331886291504e-01
0.000000000000000000e+00 9.172470569610595703e-01
0.000000000000000000e+00 9.112244248390197754e-01
0.000000000000000000e+00 8.991420865058898926e-01
0.000000000000000000e+00 9.020322561264038086e-01
0.000000000000000000e+00 9.151960015296936035e-01
0.000000000000000000e+00 9.072227478027343750e-01
0.000000000000000000e+00 9.328324794769287109e-01
0.000000000000000000e+00 9.133279919624328613e-01
0.000000000000000000e+00 9.210975170135498047e-01
0.000000000000000000e+00 9.138377904891967773e-01
0.000000000000000000e+00 9.243748188018798828e-01
0.000000000000000000e+00 9.193821549415588379e-01
0.000000000000000000e+00 9.004378914833068848e-01
0.000000000000000000e+00 9.171294569969177246e-01
0.000000000000000000e+00 9.048250913619995117e-01
0.000000000000000000e+00 8.851686716079711914e-01
0.000000000000000000e+00 8.672261238098144531e-01
0.000000000000000000e+00 8.481314778327941895e-01
0.000000000000000000e+00 8.047002553939819336e-01
0.000000000000000000e+00 4.945317804813385010e-01
0.000000000000000000e+00 3.797691464424133301e-01
0.000000000000000000e+00 4.642014801502227783e-01
0.000000000000000000e+00 5.279186367988586426e-01
0.000000000000000000e+00 5.075021386146545410e-01
0.000000000000000000e+00 4.986260831356048584e-01
0.000000000000000000e+00 4.820575416088104248e-01
0.000000000000000000e+00 4.844455122947692871e-01
0.000000000000000000e+00 4.761933684349060059e-01
0.000000000000000000e+00 6.370738148689270020e-01
0.000000000000000000e+00 5.759008526802062988e-01
1.000000000000000000e+00 5.702232718467712402e-01
0.000000000000000000e+00 5.091874599456787109e-01
1.000000000000000000e+00 4.877887070178985596e-01
1.000000000000000000e+00 5.107074975967407227e-01
1.000000000000000000e+00 5.457341670989990234e-01
1.000000000000000000e+00 5.276018977165222168e-01
1.000000000000000000e+00 5.247565507888793945e-01
1.000000000000000000e+00 4.747842550277709961e-01
1.000000000000000000e+00 5.493648052215576172e-01
1.000000000000000000e+00 5.713669061660766602e-01
1.000000000000000000e+00 3.730047345161437988e-01
1.000000000000000000e+00 3.135242760181427002e-01
1.000000000000000000e+00 3.833021819591522217e-01
1.000000000000000000e+00 2.328265607357025146e-01
0.000000000000000000e+00 1.076564118266105652e-01
0.000000000000000000e+00 7.715185731649398804e-02
0.000000000000000000e+00 4.731481894850730896e-02
0.000000000000000000e+00 2.315185777842998505e-02
0.000000000000000000e+00 1.970409229397773743e-02
0.000000000000000000e+00 1.224298682063817978e-02
0.000000000000000000e+00 5.739306099712848663e-03
0.000000000000000000e+00 3.906585741788148880e-03
1.000000000000000000e+00 2.809435827657580376e-03
0.000000000000000000e+00 1.912826090119779110e-03
0.000000000000000000e+00 1.412626123055815697e-03
0.000000000000000000e+00 1.001722412183880806e-03
0.000000000000000000e+00 1.039605238474905491e-03
0.000000000000000000e+00 2.058371435850858688e-03
0.000000000000000000e+00 1.006409176625311375e-03
0.000000000000000000e+00 1.566050457768142223e-03
0.000000000000000000e+00 7.775560370646417141e-04
0.000000000000000000e+00 9.537853184156119823e-04
0.000000000000000000e+00 1.315989182330667973e-03
0.000000000000000000e+00 1.428942312486469746e-03
0.000000000000000000e+00 8.352012634277343750e-01
0.000000000000000000e+00 8.482382297515869141e-01
1.000000000000000000e+00 8.325737118721008301e-01
0.000000000000000000e+00 8.196447491645812988e-01
0.000000000000000000e+00 8.071447014808654785e-01
0.000000000000000000e+00 8.532670140266418457e-01
0.000000000000000000e+00 8.503473997116088867e-01
0.000000000000000000e+00 8.524767160415649414e-01
0.000000000000000000e+00 8.680885434150695801e-01
0.000000000000000000e+00 8.612623810768127441e-01
0.000000000000000000e+00 8.838161230087280273e-01
1.000000000000000000e+00 8.869420886039733887e-01
1.000000000000000000e+00 8.813227415084838867e-01
1.000000000000000000e+00 8.961668014526367188e-01
1.000000000000000000e+00 8.953973650932312012e-01
1.000000000000000000e+00 9.016357660293579102e-01
1.000000000000000000e+00 9.093033671379089355e-01
1.000000000000000000e+00 9.007372260093688965e-01
1.000000000000000000e+00 9.157339334487915039e-01
1.000000000000000000e+00 9.260011911392211914e-01
1.000000000000000000e+00 9.182918667793273926e-01
1.000000000000000000e+00 9.275809526443481445e-01
1.000000000000000000e+00 9.066058397293090820e-01
1.000000000000000000e+00 8.905323147773742676e-01
1.000000000000000000e+00 8.188332319259643555e-01
1.000000000000000000e+00 7.803018093109130859e-01
0.000000000000000000e+00 6.558436155319213867e-01
0.000000000000000000e+00 5.407500863075256348e-01
0.000000000000000000e+00 3.832797110080718994e-01
0.000000000000000000e+00 3.297505974769592285e-01
0.000000000000000000e+00 2.489309906959533691e-01
0.000000000000000000e+00 2.054960578680038452e-01
0.000000000000000000e+00 2.052028328180313110e-01
0.000000000000000000e+00 2.130322009325027466e-01
0.000000000000000000e+00 2.221752852201461792e-01
0.000000000000000000e+00 2.628702819347381592e-01
0.000000000000000000e+00 2.902110219001770020e-01
0.000000000000000000e+00 3.070516884326934814e-01
0.000000000000000000e+00 2.977886199951171875e-01
0.000000000000000000e+00 3.014752864837646484e-01
0.000000000000000000e+00 2.870578765869140625e-01
0.000000000000000000e+00 2.288429141044616699e-01
0.000000000000000000e+00 1.986840218305587769e-01
0.000000000000000000e+00 1.417445838451385498e-01
0.000000000000000000e+00 1.333654373884201050e-01
