0.000000000000000000e+00 5.354281663894653320e-01
0.000000000000000000e+00 4.544320702552795410e-01
0.000000000000000000e+00 4.136995077133178711e-01
0.000000000000000000e+00 3.307602703571319580e-01
0.000000000000000000e+00 2.982562780380249023e-01
0.000000000000000000e+00 2.753352224826812744e-01
0.000000000000000000e+00 2.449254095554351807e-01
0.000000000000000000e+00 1.993206292390823364e-01
0.000000000000000000e+00 2.032641023397445679e-01
0.000000000000000000e+00 1.942974776029586792e-01
0.000000000000000000e+00 1.887724250555038452e-01
0.000000000000000000e+00 1.854037940502166748e-01
0.000000000000000000e+00 1.805144697427749634e-01
0.000000000000000000e+00 1.760299503803253174e-01
0.000000000000000000e+00 1.695952415466308594e-01
0.000000000000000000e+00 1.621724814176559448e-01
1.000000000000000000e+00 1.897082924842834473e-01
0.000000000000000000e+00 1.982944756746292114e-01
0.000000000000000000e+00 2.222060263156890869e-01
0.000000000000000000e+00 2.519233524799346924e-01
0.000000000000000000e+00 3.618560135364532471e-01
1.000000000000000000e+00 4.142215549945831299e-01
1.000000000000000000e+00 4.767095148563385010e-01
1.000000000000000000e+00 5.345471501350402832e-01
1.000000000000000000e+00 5.849414467811584473e-01
1.000000000000000000e+00 5.474069714546203613e-01
0.000000000000000000e+00 4.883052706718444824e-01
0.000000000000000000e+00 4.119768738746643066e-01
0.000000000000000000e+00 4.272133409976959229e-01
0.000000000000000000e+00 3.478100001811981201e-01
0.000000000000000000e+00 3.478106856346130371e-01
1.000000000000000000e+00 3.618576228618621826e-01
1.000000000000000000e+00 3.930877745151519775e-01
1.000000000000000000e+00 3.149886727333068848e-01
0.000000000000000000e+00 3.731680214405059814e-01
0.000000000000000000e+00 2.188249230384826660e-01
0.000000000000000000e+00 1.731435507535934448e-01
0.000000000000000000e+00 1.675253808498382568e-01
1.000000000000000000e+00 1.397587507963180542e-01
0.000000000000000000e+00 1.732686907052993774e-01
0.000000000000000000e+00 1.997912675142288208e-01
0.000000000000000000e+00 2.641436755657196045e-01
0.000000000000000000e+00 2.142152190208435059e-01
0.000000000000000000e+00 2.396061718463897705e-01
0.000000000000000000e+00 2.973903417587280273e-01
0.000000000000000000e+00 2.833868861198425293e-01
0.000000000000000000e+00 2.688940167427062988e-01
0.000000000000000000e+00 2.878156304359436035e-01
0.000000000000000000e+00 2.662189900875091553e-01
0.000000000000000000e+00 2.176733314990997314e-01
0.000000000000000000e+00 2.288279086351394653e-01
0.000000000000000000e+00 1.845027357339859009e-01
0.000000000000000000e+00 1.965265572071075439e-01
0.000000000000000000e+00 1.723517775535583496e-01
0.000000000000000000e+00 1.961146295070648193e-01
0.000000000000000000e+00 1.912966221570968628e-01
0.000000000000000000e+00 2.255443483591079712e-01
0.000000000000000000e+00 2.467104494571685791e-01
0.000000000000000000e+00 2.611419260501861572e-01
0.000000000000000000e+00 2.347217202186584473e-01
0.000000000000000000e+00 1.423048526048660278e-01
0.000000000000000000e+00 1.169987246394157410e-01
0.000000000000000000e+00 1.244701370596885681e-01
0.000000000000000000e+00 1.295368224382400513e-01
1.000000000000000000e+00 1.467052251100540161e-01
0.000000000000000000e+00 1.747660338878631592e-01
0.000000000000000000e+00 2.858528196811676025e-01
0.000000000000000000e+00 3.863505125045776367e-01
0.000000000000000000e+00 4.208033978939056396e-01
0.000000000000000000e+00 3.956808447837829590e-01
0.000000000000000000e+00 4.048859179019927979e-01
0.000000000000000000e+00 4.020978510379791260e-01
0.000000000000000000e+00 3.584946990013122559e-01
1.000000000000000000e+00 3.275157809257507324e-01
0.000000000000000000e+00 3.351294696331024170e-01
0.000000000000000000e+00 6.402571201324462891e-01
0.000000000000000000e+00 6.014987826347351074e-01
0.000000000000000000e+00 5.206155776977539062e-01
0.000000000000000000e+00 3.907840549945831299e-01
0.000000000000000000e+00 3.407444059848785400e-01
0.000000000000000000e+00 3.171134889125823975e-01
0.000000000000000000e+00 3.004240393638610840e-01
0.000000000000000000e+00 2.739583551883697510e-01
0.000000000000000000e+00 2.236924916505813599e-01
0.000000000000000000e+00 1.957905739545822144e-01
0.000000000000000000e+00 1.911890953779220581e-01
0.000000000000000000e+00 1.869509816169738770e-01
0.000000000000000000e+00 1.709036678075790405e-01
0.000000000000000000e+00 1.475863605737686157e-01
0.000000000000000000e+00 1.485322266817092896e-01
0.000000000000000000e+00 1.500486135482788086e-01
1.000000000000000000e+00 1.444294899702072144e-01
1.000000000000000000e+00 1.388905793428421021e-01
0.000000000000000000e+00 1.530877202749252319e-01
0.000000000000000000e+00 1.839160919189453125e-01
0.000000000000000000e+00 2.569262087345123291e-01
1.000000000000000000e+00 3.280274569988250732e-01
1.000000000000000000e+00 4.553510546684265137e-01
1.000000000000000000e+00 5.231676101684570312e-01
0.000000000000000000e+00 4.810616075992584229e-01
0.000000000000000000e+00 5.483196973800659180e-01
0.000000000000000000e+00 5.531591176986694336e-01
0.000000000000000000e+00 5.887916684150695801e-01
0.000000000000000000e+00 5.454316139221191406e-01
0.000000000000000000e+00 5.459470748901367188e-01
0.000000000000000000e+00 4.807399213314056396e-01
0.000000000000000000e+00 4.519450366497039795e-01
0.000000000000000000e+00 4.813943803310394287e-01
0.000000000000000000e+00 4.774790704250335693e-01
0.000000000000000000e+00 4.856579303741455078e-01
0.000000000000000000e+00 4.022609293460845947e-01
0.000000000000000000e+00 4.010657668113708496e-01
0.000000000000000000e+00 3.964575231075286865e-01
0.000000000000000000e+00 4.692632853984832764e-01
0.000000000000000000e+00 4.889881312847137451e-01
0.000000000000000000e+00 4.993808269500732422e-01
0.000000000000000000e+00 4.623678028583526611e-01
0.000000000000000000e+00 4.560636281967163086e-01
0.000000000000000000e+00 4.668848514556884766e-01
0.000000000000000000e+00 5.123689174652099609e-01
0.000000000000000000e+00 5.907942056655883789e-01
0.000000000000000000e+00 4.956407248973846436e-01
0.000000000000000000e+00 5.084073543548583984e-01
0.000000000000000000e+00 5.842707157135009766e-01
0.000000000000000000e+00 5.240337252616882324e-01
0.000000000000000000e+00 5.808277130126953125e-01
0.000000000000000000e+00 5.844244956970214844e-01
0.000000000000000000e+00 5.063747167587280273e-01
0.000000000000000000e+00 5.620179772377014160e-01
1.000000000000000000e+00 6.071475744247436523e-01
1.000000000000000000e+00 6.658055782318115234e-01
1.000000000000000000e+00 6.869791746139526367e-01
1.000000000000000000e+00 5.974538922309875488e-01
1.000000000000000000e+00 4.655439853668212891e-01
1.000000000000000000e+00 4.996064305305480957e-01
0.000000000000000000e+00 4.409305155277252197e-01
0.000000000000000000e+00 3.971798419952392578e-01
0.000000000000000000e+00 4.477204084396362305e-01
0.000000000000000000e+00 3.678928613662719727e-01
0.000000000000000000e+00 3.521898984909057617e-01
0.000000000000000000e+00 3.699125349521636963e-01
0.000000000000000000e+00 3.239707648754119873e-01
0.000000000000000000e+00 3.725791573524475098e-01
0.000000000000000000e+00 4.550407528877258301e-01
0.000000000000000000e+00 3.992008566856384277e-01
0.000000000000000000e+00 3.892774581909179688e-01
1.000000000000000000e+00 4.253705739974975586e-01
1.000000000000000000e+00 4.301578402519226074e-01
0.000000000000000000e+00 3.731829524040222168e-01
0.000000000000000000e+00 4.130759835243225098e-01
0.000000000000000000e+00 2.232823073863983154e-01
0.000000000000000000e+00 2.142522931098937988e-01
0.000000000000000000e+00 2.355778813362121582e-01
0.000000000000000000e+00 1.849161982536315918e-01
0.000000000000000000e+00 1.610108166933059692e-01
0.000000000000000000e+00 1.304399818181991577e-01
0.000000000000000000e+00 1.348220556974411011e-01
0.000000000000000000e+00 1.327705979347229004e-01
0.000000000000000000e+00 1.437123715877532959e-01
0.000000000000000000e+00 1.523521840572357178e-01
0.000000000000000000e+00 1.488467007875442505e-01
0.000000000000000000e+00 1.486220508813858032e-01
0.000000000000000000e+00 1.775916218757629395e-01
0.000000000000000000e+00 1.708377599716186523e-01
0.000000000000000000e+00 1.622078716754913330e-01
0.000000000000000000e+00 1.740577220916748047e-01
0.000000000000000000e+00 1.965900063514709473e-01
0.000000000000000000e+00 1.834288984537124634e-01
0.000000000000000000e+00 1.534452140331268311e-01
0.000000000000000000e+00 1.664214879274368286e-01
0.000000000000000000e+00 1.806415915489196777e-01
0.000000000000000000e+00 2.282566428184509277e-01
0.000000000000000000e+00 2.349388152360916138e-01
0.000000000000000000e+00 2.536743581295013428e-01
0.000000000000000000e+00 3.442158102989196777e-01
0.000000000000000000e+00 3.907331526279449463e-01
0.000000000000000000e+00 4.463391005992889404e-01
0.000000000000000000e+00 4.557189345359802246e-01
0.000000000000000000e+00 5.156578421592712402e-01
0.000000000000000000e+00 3.391947746276855469e-01
0.000000000000000000e+00 3.038631677627563477e-01
0.000000000000000000e+00 2.460762709379196167e-01
1.000000000000000000e+00 1.881565153598785400e-01
1.000000000000000000e+00 2.535448670387268066e-01
0.000000000000000000e+00 2.390071302652359009e-01
0.000000000000000000e+00 3.228217363357543945e-01
0.000000000000000000e+00 4.160770177841186523e-01
0.000000000000000000e+00 4.427551031112670898e-01
0.000000000000000000e+00 5.737159252166748047e-01
0.000000000000000000e+00 5.248405337333679199e-01
0.000000000000000000e+00 4.920904040336608887e-01
0.000000000000000000e+00 3.926505446434020996e-01
0.000000000000000000e+00 4.147306680679321289e-01
0.000000000000000000e+00 3.492540717124938965e-01
0.000000000000000000e+00 3.969045877456665039e-01
0.000000000000000000e+00 3.101096153259277344e-01
0.000000000000000000e+00 2.712339162826538086e-01
0.000000000000000000e+00 2.855115532875061035e-01
0.000000000000000000e+00 2.819610834121704102e-01
0.000000000000000000e+00 3.393937051296234131e-01
0.000000000000000000e+00 3.106067478656768799e-01
0.000000000000000000e+00 3.115465939044952393e-01
1.000000000000000000e+00 2.634505033493041992e-01
1.000000000000000000e+00 2.956943809986114502e-01
1.000000000000000000e+00 2.430250048637390137e-01
1.000000000000000000e+00 2.619188725948333740e-01
1.000000000000000000e+00 3.442765176296234131e-01
0.000000000000000000e+00 4.036282002925872803e-01
0.000000000000000000e+00 4.185979068279266357e-01
0.000000000000000000e+00 5.152184367179870605e-01
0.000000000000000000e+00 5.078970789909362793e-01
0.000000000000000000e+00 5.500370264053344727e-01
0.000000000000000000e+00 6.302865147590637207e-01
0.000000000000000000e+00 6.237094998359680176e-01
0.000000000000000000e+00 6.544940471649169922e-01
0.000000000000000000e+00 5.489847064018249512e-01
0.000000000000000000e+00 5.708755850791931152e-01
0.000000000000000000e+00 5.112913250923156738e-01
0.000000000000000000e+00 5.636790990829467773e-01
0.000000000000000000e+00 5.624961256980895996e-01
0.000000000000000000e+00 5.450153350830078125e-01
0.000000000000000000e+00 5.105903744697570801e-01
0.000000000000000000e+00 4.626396894454956055e-01
0.000000000000000000e+00 4.445487260818481445e-01
0.000000000000000000e+00 4.380808174610137939e-01
1.000000000000000000e+00 8.413603901863098145e-01
1.000000000000000000e+00 8.161299228668212891e-01
1.000000000000000000e+00 6.468445658683776855e-01
1.000000000000000000e+00 6.519222259521484375e-01
0.000000000000000000e+00 5.335288047790527344e-01
0.000000000000000000e+00 5.151877403259277344e-01
0.000000000000000000e+00 4.203842580318450928e-01
1.000000000000000000e+00 2.927717268466949463e-01
0.000000000000000000e+00 2.120101004838943481e-01
0.000000000000000000e+00 1.897211521863937378e-01
0.000000000000000000e+00 1.834247410297393799e-01
0.000000000000000000e+00 1.128111928701400757e-01
0.000000000000000000e+00 9.614944458007812500e-02
0.000000000000000000e+00 9.528805315494537354e-02
0.000000000000000000e+00 6.735585629940032959e-02
0.000000000000000000e+00 7.002635300159454346e-02
0.000000000000000000e+00 7.997050881385803223e-02
0.000000000000000000e+00 6.912383437156677246e-02
0.000000000000000000e+00 8.564136922359466553e-02
0.000000000000000000e+00 7.630432397127151489e-02
0.000000000000000000e+00 9.216236323118209839e-02
0.000000000000000000e+00 1.308032125234603882e-01
0.000000000000000000e+00 1.146728396415710449e-01
0.000000000000000000e+00 1.274254024028778076e-01
0.000000000000000000e+00 9.638609737157821655e-02
0.000000000000000000e+00 1.134920790791511536e-01
1.000000000000000000e+00 7.971062511205673218e-02
0.000000000000000000e+00 1.186619326472282410e-01
0.000000000000000000e+00 1.456310898065567017e-01
0.000000000000000000e+00 1.854828298091888428e-01
0.000000000000000000e+00 2.166935950517654419e-01
0.000000000000000000e+00 2.603577375411987305e-01
0.000000000000000000e+00 2.539439797401428223e-01
0.000000000000000000e+00 2.987645268440246582e-01
0.000000000000000000e+00 2.733457982540130615e-01
0.000000000000000000e+00 2.271398752927780151e-01
0.000000000000000000e+00 2.257849425077438354e-01
0.000000000000000000e+00 2.123748958110809326e-01
0.000000000000000000e+00 2.578964829444885254e-01
0.000000000000000000e+00 2.898964881896972656e-01
0.000000000000000000e+00 2.870575487613677979e-01
0.000000000000000000e+00 3.885222375392913818e-01
0.000000000000000000e+00 4.368589222431182861e-01
0.000000000000000000e+00 4.576207697391510010e-01
0.000000000000000000e+00 5.349529385566711426e-01
0.000000000000000000e+00 7.125513553619384766e-01
0.000000000000000000e+00 7.240568995475769043e-01
0.000000000000000000e+00 7.164555788040161133e-01
0.000000000000000000e+00 7.328419685363769531e-01
0.000000000000000000e+00 7.249879837036132812e-01
0.000000000000000000e+00 7.514086365699768066e-01
0.000000000000000000e+00 7.164650559425354004e-01
0.000000000000000000e+00 7.173679471015930176e-01
1.000000000000000000e+00 7.007416486740112305e-01
1.000000000000000000e+00 7.838320732116699219e-01
1.000000000000000000e+00 7.835372090339660645e-01
1.000000000000000000e+00 7.411625385284423828e-01
1.000000000000000000e+00 6.825814843177795410e-01
1.000000000000000000e+00 6.217251420021057129e-01
0.000000000000000000e+00 5.238826870918273926e-01
0.000000000000000000e+00 5.311818718910217285e-01
0.000000000000000000e+00 4.313182234764099121e-01
0.000000000000000000e+00 4.391941428184509277e-01
0.000000000000000000e+00 4.253406822681427002e-01
0.000000000000000000e+00 4.531959593296051025e-01
0.000000000000000000e+00 4.594455361366271973e-01
0.000000000000000000e+00 4.744337797164916992e-01
0.000000000000000000e+00 4.728657305240631104e-01
0.000000000000000000e+00 4.923110008239746094e-01
0.000000000000000000e+00 5.016319155693054199e-01
0.000000000000000000e+00 4.606579542160034180e-01
0.000000000000000000e+00 4.240529239177703857e-01
0.000000000000000000e+00 4.359640777111053467e-01
0.000000000000000000e+00 3.512659668922424316e-01
0.000000000000000000e+00 3.524242341518402100e-01
1.000000000000000000e+00 8.169358968734741211e-01
1.000000000000000000e+00 8.294448852539062500e-01
1.000000000000000000e+00 7.977824807167053223e-01
1.000000000000000000e+00 8.177517056465148926e-01
1.000000000000000000e+00 8.280407786369323730e-01
1.000000000000000000e+00 8.183661103248596191e-01
1.000000000000000000e+00 8.024834990501403809e-01
1.000000000000000000e+00 7.817069292068481445e-01
1.000000000000000000e+00 6.482434272766113281e-01
1.000000000000000000e+00 6.291438937187194824e-01
0.000000000000000000e+00 6.145789027214050293e-01
0.000000000000000000e+00 5.658494830131530762e-01
0.000000000000000000e+00 4.778499007225036621e-01
0.000000000000000000e+00 3.904764950275421143e-01
0.000000000000000000e+00 3.762006461620330811e-01
0.000000000000000000e+00 3.135215640068054199e-01
0.000000000000000000e+00 2.871361076831817627e-01
0.000000000000000000e+00 2.382137924432754517e-01
0.000000000000000000e+00 1.790705174207687378e-01
0.000000000000000000e+00 1.941682845354080200e-01
0.000000000000000000e+00 1.900587826967239380e-01
0.000000000000000000e+00 2.078991234302520752e-01
0.000000000000000000e+00 1.437039822340011597e-01
0.000000000000000000e+00 1.805227100849151611e-01
0.000000000000000000e+00 1.818988323211669922e-01
0.000000000000000000e+00 1.827229559421539307e-01
0.000000000000000000e+00 2.060082107782363892e-01
1.000000000000000000e+00 2.436848729848861694e-01
0.000000000000000000e+00 2.557848393917083740e-01
0.000000000000000000e+00 2.106433808803558350e-01
0.000000000000000000e+00 2.763979136943817139e-01
0.000000000000000000e+00 2.276144325733184814e-01
0.000000000000000000e+00 2.546936273574829102e-01
0.000000000000000000e+00 2.920259237289428711e-01
0.000000000000000000e+00 2.350594550371170044e-01
0.000000000000000000e+00 2.935673892498016357e-01
0.000000000000000000e+00 2.997585833072662354e-01
0.000000000000000000e+00 3.517560660839080811e-01
0.000000000000000000e+00 3.991499245166778564e-01
0.000000000000000000e+00 3.798896968364715576e-01
0.000000000000000000e+00 3.493173122406005859e-01
0.000000000000000000e+00 3.954297006130218506e-01
0.000000000000000000e+00 3.439489901065826416e-01
0.000000000000000000e+00 4.459294080734252930e-01
0.000000000000000000e+00 4.828732907772064209e-01
0.000000000000000000e+00 4.918938279151916504e-01
0.000000000000000000e+00 5.624411106109619141e-01
0.000000000000000000e+00 5.205930471420288086e-01
0.000000000000000000e+00 5.708737373352050781e-01
0.000000000000000000e+00 5.507341027259826660e-01
0.000000000000000000e+00 6.304114460945129395e-01
0.000000000000000000e+00 6.606940627098083496e-01
0.000000000000000000e+00 6.355187296867370605e-01
1.000000000000000000e+00 6.828320622444152832e-01
1.000000000000000000e+00 6.930531859397888184e-01
1.000000000000000000e+00 6.606818437576293945e-01
1.000000000000000000e+00 7.144512534141540527e-01
0.000000000000000000e+00 6.939430832862854004e-01
0.000000000000000000e+00 6.276039481163024902e-01
0.000000000000000000e+00 5.999968051910400391e-01
0.000000000000000000e+00 5.952870845794677734e-01
0.000000000000000000e+00 5.882937312126159668e-01
0.000000000000000000e+00 5.634858608245849609e-01
0.000000000000000000e+00 6.202446818351745605e-01
0.000000000000000000e+00 5.708650350570678711e-01
0.000000000000000000e+00 6.040475964546203613e-01
0.000000000000000000e+00 6.175064444541931152e-01
0.000000000000000000e+00 5.634576678276062012e-01
0.000000000000000000e+00 5.830259919166564941e-01
0.000000000000000000e+00 5.734006166458129883e-01
0.000000000000000000e+00 6.073049902915954590e-01
1.000000000000000000e+00 5.976328849792480469e-01
1.000000000000000000e+00 6.198228597640991211e-01
0.000000000000000000e+00 6.460374593734741211e-01
0.000000000000000000e+00 5.469204783439636230e-01
1.000000000000000000e+00 8.636003732681274414e-01
1.000000000000000000e+00 8.690066337585449219e-01
1.000000000000000000e+00 8.838317394256591797e-01
1.000000000000000000e+00 8.769427537918090820e-01
1.000000000000000000e+00 8.841248154640197754e-01
1.000000000000000000e+00 8.894242048263549805e-01
1.000000000000000000e+00 8.597798347473144531e-01
1.000000000000000000e+00 8.581560254096984863e-01
0.000000000000000000e+00 8.190314173698425293e-01
0.000000000000000000e+00 7.509207129478454590e-01
0.000000000000000000e+00 6.305704116821289062e-01
0.000000000000000000e+00 5.792753100395202637e-01
0.000000000000000000e+00 5.909626483917236328e-01
0.000000000000000000e+00 3.899408876895904541e-01
0.000000000000000000e+00 3.147723078727722168e-01
0.000000000000000000e+00 2.213243544101715088e-01
0.000000000000000000e+00 2.165289372205734253e-01
0.000000000000000000e+00 1.746586114168167114e-01
0.000000000000000000e+00 1.746647953987121582e-01
0.000000000000000000e+00 1.754157692193984985e-01
0.000000000000000000e+00 1.698976308107376099e-01
0.000000000000000000e+00 1.650239974260330200e-01
0.000000000000000000e+00 1.723100095987319946e-01
1.000000000000000000e+00 1.914469003677368164e-01
0.000000000000000000e+00 2.065148204565048218e-01
0.000000000000000000e+00 2.109939008951187134e-01
0.000000000000000000e+00 2.225541323423385620e-01
0.000000000000000000e+00 2.373331040143966675e-01
0.000000000000000000e+00 2.583725750446319580e-01
0.000000000000000000e+00 2.716665267944335938e-01
0.000000000000000000e+00 2.621366381645202637e-01
0.000000000000000000e+00 2.847791016101837158e-01
0.000000000000000000e+00 2.861897647380828857e-01
0.000000000000000000e+00 2.984111905097961426e-01
0.000000000000000000e+00 3.221719861030578613e-01
0.000000000000000000e+00 3.452847301959991455e-01
0.000000000000000000e+00 3.330673277378082275e-01
0.000000000000000000e+00 3.331773579120635986e-01
0.000000000000000000e+00 3.716726899147033691e-01
0.000000000000000000e+00 3.780867159366607666e-01
0.000000000000000000e+00 3.670934140682220459e-01
0.000000000000000000e+00 4.518063962459564209e-01
0.000000000000000000e+00 4.089042246341705322e-01
0.000000000000000000e+00 4.798268675804138184e-01
0.000000000000000000e+00 4.413575828075408936e-01
0.000000000000000000e+00 4.611842632293701172e-01
0.000000000000000000e+00 4.805830121040344238e-01
0.000000000000000000e+00 5.167078375816345215e-01
0.000000000000000000e+00 5.418884754180908203e-01
0.000000000000000000e+00 5.587125420570373535e-01
0.000000000000000000e+00 5.403686165809631348e-01
1.000000000000000000e+00 5.925965309143066406e-01
1.000000000000000000e+00 5.824249386787414551e-01
1.000000000000000000e+00 6.109483242034912109e-01
1.000000000000000000e+00 6.475210189819335938e-01
1.000000000000000000e+00 6.484553813934326172e-01
1.000000000000000000e+00 6.058605909347534180e-01
1.000000000000000000e+00 6.275816559791564941e-01
1.000000000000000000e+00 5.763431787490844727e-01
1.000000000000000000e+00 6.116467118263244629e-01
1.000000000000000000e+00 5.717990994453430176e-01
0.000000000000000000e+00 5.669462680816650391e-01
0.000000000000000000e+00 5.575749278068542480e-01
0.000000000000000000e+00 5.439459681510925293e-01
0.000000000000000000e+00 4.993526935577392578e-01
0.000000000000000000e+00 5.164996981620788574e-01
0.000000000000000000e+00 4.348715543746948242e-01
0.000000000000000000e+00 4.547923207283020020e-01
0.000000000000000000e+00 4.251576066017150879e-01
1.000000000000000000e+00 3.710660934448242188e-01
1.000000000000000000e+00 3.471743464469909668e-01
1.000000000000000000e+00 2.865870594978332520e-01
1.000000000000000000e+00 2.455871254205703735e-01
1.000000000000000000e+00 2.226499617099761963e-01
0.000000000000000000e+00 1.820390075445175171e-01
1.000000000000000000e+00 9.997233748435974121e-01
1.000000000000000000e+00 9.996284246444702148e-01
1.000000000000000000e+00 9.995108842849731445e-01
0.000000000000000000e+00 9.991463422775268555e-01
0.000000000000000000e+00 9.982383251190185547e-01
0.000000000000000000e+00 9.978219270706176758e-01
0.000000000000000000e+00 9.977113008499145508e-01
0.000000000000000000e+00 9.964469075202941895e-01
0.000000000000000000e+00 9.951798915863037109e-01
0.000000000000000000e+00 9.936553239822387695e-01
0.000000000000000000e+00 9.915695786476135254e-01
0.000000000000000000e+00 9.907934069633483887e-01
0.000000000000000000e+00 9.876119494438171387e-01
0.000000000000000000e+00 9.883940219879150391e-01
0.000000000000000000e+00 9.881848096847534180e-01
0.000000000000000000e+00 9.895356297492980957e-01
0.000000000000000000e+00 9.926445484161376953e-01
0.000000000000000000e+00 9.910833835601806641e-01
0.000000000000000000e+00 9.938955903053283691e-01
0.000000000000000000e+00 9.912146329879760742e-01
0.000000000000000000e+00 9.943394064903259277e-01
1.000000000000000000e+00 9.930824041366577148e-01
1.000000000000000000e+00 9.950933456420898438e-01
1.000000000000000000e+00 9.940717816352844238e-01
0.000000000000000000e+00 9.955611228942871094e-01
0.000000000000000000e+00 9.964410662651062012e-01
0.000000000000000000e+00 9.960209727287292480e-01
0.000000000000000000e+00 9.963679313659667969e-01
0.000000000000000000e+00 9.968181848526000977e-01
0.000000000000000000e+00 9.976759552955627441e-01
0.000000000000000000e+00 9.975559711456298828e-01
1.000000000000000000e+00 9.984960556030273438e-01
0.000000000000000000e+00 9.984698891639709473e-01
0.000000000000000000e+00 9.984825253486633301e-01
0.000000000000000000e+00 9.985628724098205566e-01
0.000000000000000000e+00 9.986214637756347656e-01
0.000000000000000000e+00 9.984354376792907715e-01
0.000000000000000000e+00 9.979094862937927246e-01
0.000000000000000000e+00 9.984074234962463379e-01
0.000000000000000000e+00 9.986987113952636719e-01
0.000000000000000000e+00 9.985264539718627930e-01
0.000000000000000000e+00 9.987119436264038086e-01
0.000000000000000000e+00 9.990535378456115723e-01
0.000000000000000000e+00 9.991107583045959473e-01
1.000000000000000000e+00 9.993734955787658691e-01
1.000000000000000000e+00 9.994592070579528809e-01
0.000000000000000000e+00 9.996414184570312500e-01
0.000000000000000000e+00 9.996619224548339844e-01
0.000000000000000000e+00 9.997503161430358887e-01
0.000000000000000000e+00 9.997528195381164551e-01
0.000000000000000000e+00 9.996938705444335938e-01
0.000000000000000000e+00 9.996755123138427734e-01
0.000000000000000000e+00 9.997040629386901855e-01
0.000000000000000000e+00 9.997246861457824707e-01
0.000000000000000000e+00 9.996893405914306641e-01
0.000000000000000000e+00 9.997414946556091309e-01
0.000000000000000000e+00 9.996989965438842773e-01
0.000000000000000000e+00 9.996803998947143555e-01
0.000000000000000000e+00 9.995402097702026367e-01
1.000000000000000000e+00 9.995390176773071289e-01
1.000000000000000000e+00 9.992018342018127441e-01
0.000000000000000000e+00 9.992759823799133301e-01
0.000000000000000000e+00 9.992176294326782227e-01
0.000000000000000000e+00 9.988705515861511230e-01
0.000000000000000000e+00 9.981729984283447266e-01
0.000000000000000000e+00 9.971802234649658203e-01
0.000000000000000000e+00 9.973219037055969238e-01
0.000000000000000000e+00 9.978851675987243652e-01
1.000000000000000000e+00 9.971737861633300781e-01
1.000000000000000000e+00 9.969696402549743652e-01
1.000000000000000000e+00 9.950032830238342285e-01
1.000000000000000000e+00 9.945963025093078613e-01
0.000000000000000000e+00 9.922926425933837891e-01
0.000000000000000000e+00 9.921632409095764160e-01
0.000000000000000000e+00 9.921976923942565918e-01
0.000000000000000000e+00 9.903851747512817383e-01
0.000000000000000000e+00 9.876010417938232422e-01
0.000000000000000000e+00 9.909001588821411133e-01
0.000000000000000000e+00 9.877168536186218262e-01
0.000000000000000000e+00 9.829792380332946777e-01
0.000000000000000000e+00 9.795539379119873047e-01
0.000000000000000000e+00 9.791311025619506836e-01
0.000000000000000000e+00 9.496285319328308105e-01
0.000000000000000000e+00 9.805375933647155762e-01
0.000000000000000000e+00 9.446376562118530273e-01
0.000000000000000000e+00 9.606470465660095215e-01
0.000000000000000000e+00 9.066734313964843750e-01
0.000000000000000000e+00 9.025877118110656738e-01
0.000000000000000000e+00 9.224781990051269531e-01
1.000000000000000000e+00 9.102802872657775879e-01
1.000000000000000000e+00 8.888984918594360352e-01
1.000000000000000000e+00 8.567238450050354004e-01
1.000000000000000000e+00 8.606759309768676758e-01
1.000000000000000000e+00 8.299513459205627441e-01
1.000000000000000000e+00 8.369759917259216309e-01
1.000000000000000000e+00 8.162087202072143555e-01
1.000000000000000000e+00 8.204463124275207520e-01
1.000000000000000000e+00 8.251025676727294922e-01
1.000000000000000000e+00 7.915415167808532715e-01
1.000000000000000000e+00 6.886994242668151855e-01
0.000000000000000000e+00 6.821306943893432617e-01
0.000000000000000000e+00 6.582065820693969727e-01
0.000000000000000000e+00 5.739619135856628418e-01
0.000000000000000000e+00 6.275168061256408691e-01
0.000000000000000000e+00 6.301832199096679688e-01
0.000000000000000000e+00 6.597740054130554199e-01
0.000000000000000000e+00 7.007201313972473145e-01
1.000000000000000000e+00 7.574961185455322266e-01
0.000000000000000000e+00 7.215150594711303711e-01
0.000000000000000000e+00 5.864863991737365723e-01
0.000000000000000000e+00 6.408531069755554199e-01
0.000000000000000000e+00 5.570025444030761719e-01
0.000000000000000000e+00 6.608045101165771484e-01
0.000000000000000000e+00 6.631183028221130371e-01
0.000000000000000000e+00 6.096969246864318848e-01
0.000000000000000000e+00 6.655014157295227051e-01
0.000000000000000000e+00 6.967111825942993164e-01
0.000000000000000000e+00 8.096948862075805664e-01
0.000000000000000000e+00 6.678840517997741699e-01
0.000000000000000000e+00 7.202402353286743164e-01
0.000000000000000000e+00 7.199904918670654297e-01
0.000000000000000000e+00 6.757247447967529297e-01
0.000000000000000000e+00 5.218062400817871094e-01
0.000000000000000000e+00 5.891507267951965332e-01
0.000000000000000000e+00 4.996969103813171387e-01
0.000000000000000000e+00 4.966785013675689697e-01
0.000000000000000000e+00 5.515979528427124023e-01
0.000000000000000000e+00 5.174205303192138672e-01
0.000000000000000000e+00 5.002770423889160156e-01
0.000000000000000000e+00 5.075013637542724609e-01
0.000000000000000000e+00 5.274301767349243164e-01
0.000000000000000000e+00 5.334747433662414551e-01
0.000000000000000000e+00 5.338837504386901855e-01
0.000000000000000000e+00 4.941471219062805176e-01
0.000000000000000000e+00 6.094881296157836914e-01
0.000000000000000000e+00 5.180091857910156250e-01
0.000000000000000000e+00 4.522167444229125977e-01
0.000000000000000000e+00 4.758427441120147705e-01
0.000000000000000000e+00 4.815541505813598633e-01
0.000000000000000000e+00 6.132185459136962891e-01
0.000000000000000000e+00 6.033270359039306641e-01
0.000000000000000000e+00 7.022353410720825195e-01
0.000000000000000000e+00 6.348801255226135254e-01
0.000000000000000000e+00 6.285518407821655273e-01
0.000000000000000000e+00 7.280457615852355957e-01
0.000000000000000000e+00 6.423370242118835449e-01
0.000000000000000000e+00 7.616752386093139648e-01
1.000000000000000000e+00 7.036831378936767578e-01
1.000000000000000000e+00 6.963875889778137207e-01
0.000000000000000000e+00 8.466193079948425293e-01
