0.000000000000000000e+00 8.835145086050033569e-02
0.000000000000000000e+00 7.928443700075149536e-02
0.000000000000000000e+00 5.653254315257072449e-02
0.000000000000000000e+00 4.969717562198638916e-02
0.000000000000000000e+00 5.734302848577499390e-02
0.000000000000000000e+00 5.138908699154853821e-02
0.000000000000000000e+00 4.497326165437698364e-02
0.000000000000000000e+00 7.205619663000106812e-02
0.000000000000000000e+00 6.795562058687210083e-02
0.000000000000000000e+00 7.894757390022277832e-02
0.000000000000000000e+00 1.140455678105354309e-01
0.000000000000000000e+00 1.403090506792068481e-01
0.000000000000000000e+00 2.313812822103500366e-01
0.000000000000000000e+00 2.973557710647583008e-01
0.000000000000000000e+00 3.495760262012481689e-01
0.000000000000000000e+00 3.178143501281738281e-01
0.000000000000000000e+00 3.679095804691314697e-01
0.000000000000000000e+00 2.954085171222686768e-01
0.000000000000000000e+00 2.638289630413055420e-01
0.000000000000000000e+00 2.733770906925201416e-01
0.000000000000000000e+00 3.477034270763397217e-01
0.000000000000000000e+00 2.857361733913421631e-01
0.000000000000000000e+00 2.161853015422821045e-01
0.000000000000000000e+00 2.115462571382522583e-01
0.000000000000000000e+00 1.957740336656570435e-01
0.000000000000000000e+00 1.283067911863327026e-01
0.000000000000000000e+00 8.613276481628417969e-02
0.000000000000000000e+00 4.202853515744209290e-02
0.000000000000000000e+00 3.236959129571914673e-02
0.000000000000000000e+00 3.076406009495258331e-02
0.000000000000000000e+00 1.456278190016746521e-02
0.000000000000000000e+00 8.524508215487003326e-03
0.000000000000000000e+00 4.857362248003482819e-03
0.000000000000000000e+00 4.426999483257532120e-03
0.000000000000000000e+00 3.378776134923100471e-03
0.000000000000000000e+00 2.832877216860651970e-03
0.000000000000000000e+00 3.538639051839709282e-03
0.000000000000000000e+00 4.562987480312585831e-03
0.000000000000000000e+00 4.755209200084209442e-03
0.000000000000000000e+00 5.457460414618253708e-03
0.000000000000000000e+00 2.224449068307876587e-03
0.000000000000000000e+00 2.884539077058434486e-03
0.000000000000000000e+00 2.760277828201651573e-03
0.000000000000000000e+00 2.741493284702301025e-03
0.000000000000000000e+00 3.572299145162105560e-03
0.000000000000000000e+00 3.888005856424570084e-03
0.000000000000000000e+00 5.381383933126926422e-03
0.000000000000000000e+00 5.686101038008928299e-03
0.000000000000000000e+00 4.018462728708982468e-03
0.000000000000000000e+00 4.268052056431770325e-03
0.000000000000000000e+00 4.820517264306545258e-03
0.000000000000000000e+00 4.591949284076690674e-03
0.000000000000000000e+00 3.672683611512184143e-03
0.000000000000000000e+00 3.827802138403058052e-03
0.000000000000000000e+00 3.821280552074313164e-03
0.000000000000000000e+00 3.743935376405715942e-03
0.000000000000000000e+00 5.186109803617000580e-03
0.000000000000000000e+00 4.334357567131519318e-03
0.000000000000000000e+00 3.032012376934289932e-03
0.000000000000000000e+00 2.685702173039317131e-03
0.000000000000000000e+00 2.145397011190652847e-03
0.000000000000000000e+00 3.184913890436291695e-03
0.000000000000000000e+00 3.199800848960876465e-03
0.000000000000000000e+00 3.529510926455259323e-03
0.000000000000000000e+00 4.861208144575357437e-03
0.000000000000000000e+00 7.059933617711067200e-03
0.000000000000000000e+00 9.041932411491870880e-03
0.000000000000000000e+00 1.083391066640615463e-02
0.000000000000000000e+00 1.100702397525310516e-02
0.000000000000000000e+00 6.765581201761960983e-03
0.000000000000000000e+00 7.647686637938022614e-03
0.000000000000000000e+00 5.717904306948184967e-03
0.000000000000000000e+00 5.612042266875505447e-03
0.000000000000000000e+00 4.870619624853134155e-03
0.000000000000000000e+00 6.861363071948289871e-03
0.000000000000000000e+00 1.016818359494209290e-02
0.000000000000000000e+00 2.733462117612361908e-02
0.000000000000000000e+00 2.724126540124416351e-02
0.000000000000000000e+00 4.774327576160430908e-02
0.000000000000000000e+00 1.462764739990234375e-01
0.000000000000000000e+00 2.032243758440017700e-01
0.000000000000000000e+00 2.416984885931015015e-01
0.000000000000000000e+00 2.042568624019622803e-01
0.000000000000000000e+00 1.624052375555038452e-01
0.000000000000000000e+00 1.587602496147155762e-01
0.000000000000000000e+00 1.077270805835723877e-01
0.000000000000000000e+00 1.142524182796478271e-01
0.000000000000000000e+00 9.847263991832733154e-02
0.000000000000000000e+00 1.312281787395477295e-01
0.000000000000000000e+00 1.314057260751724243e-01
0.000000000000000000e+00 1.138954311609268188e-01
0.000000000000000000e+00 1.067208796739578247e-01
0.000000000000000000e+00 1.918796896934509277e-01
0.000000000000000000e+00 1.223165541887283325e-01
0.000000000000000000e+00 1.311506778001785278e-01
0.000000000000000000e+00 9.670016914606094360e-02
1.000000000000000000e+00 1.026537939906120300e-01
1.000000000000000000e+00 7.534345984458923340e-02
0.000000000000000000e+00 1.106533259153366089e-01
0.000000000000000000e+00 8.239867538213729858e-02
0.000000000000000000e+00 3.542532771825790405e-02
0.000000000000000000e+00 5.613357201218605042e-02
0.000000000000000000e+00 5.276715755462646484e-02
0.000000000000000000e+00 1.966355927288532257e-02
0.000000000000000000e+00 1.097665727138519287e-02
0.000000000000000000e+00 8.472102694213390350e-03
0.000000000000000000e+00 2.936008153483271599e-03
1.000000000000000000e+00 1.046314486302435398e-03
1.000000000000000000e+00 8.762012585066258907e-04
1.000000000000000000e+00 6.179061019793152809e-04
1.000000000000000000e+00 3.906249185092747211e-04
0.000000000000000000e+00 4.864071961492300034e-04
0.000000000000000000e+00 6.354591459967195988e-04
0.000000000000000000e+00 3.173901641275733709e-04
0.000000000000000000e+00 5.388367571868002415e-04
0.000000000000000000e+00 7.612928748130798340e-04
0.000000000000000000e+00 1.416122075170278549e-03
0.000000000000000000e+00 1.691903104074299335e-03
0.000000000000000000e+00 1.839694799855351448e-03
0.000000000000000000e+00 4.208142403513193130e-03
0.000000000000000000e+00 7.041729055345058441e-03
0.000000000000000000e+00 3.681271104142069817e-03
0.000000000000000000e+00 9.415951557457447052e-03
0.000000000000000000e+00 7.759585510939359665e-03
0.000000000000000000e+00 1.206808071583509445e-02
0.000000000000000000e+00 1.932130381464958191e-02
0.000000000000000000e+00 2.781524136662483215e-02
0.000000000000000000e+00 4.890555143356323242e-02
0.000000000000000000e+00 5.323876440525054932e-02
0.000000000000000000e+00 5.499153211712837219e-02
0.000000000000000000e+00 3.568024188280105591e-02
0.000000000000000000e+00 3.376422449946403503e-02
0.000000000000000000e+00 6.584291160106658936e-02
0.000000000000000000e+00 9.954930096864700317e-02
0.000000000000000000e+00 2.359855920076370239e-01
0.000000000000000000e+00 2.857026755809783936e-01
0.000000000000000000e+00 4.445725679397583008e-01
0.000000000000000000e+00 3.815008997917175293e-01
0.000000000000000000e+00 5.116369724273681641e-01
0.000000000000000000e+00 4.588503241539001465e-01
0.000000000000000000e+00 2.468543946743011475e-01
0.000000000000000000e+00 1.019048541784286499e-01
0.000000000000000000e+00 6.998771429061889648e-02
0.000000000000000000e+00 2.404073998332023621e-02
0.000000000000000000e+00 1.186249591410160065e-02
0.000000000000000000e+00 5.679922644048929214e-03
0.000000000000000000e+00 2.818386768922209740e-03
0.000000000000000000e+00 1.045289332978427410e-03
0.000000000000000000e+00 3.208514535799622536e-04
0.000000000000000000e+00 1.244093436980620027e-04
0.000000000000000000e+00 4.625926166772842407e-02
0.000000000000000000e+00 8.223382383584976196e-02
0.000000000000000000e+00 7.224415242671966553e-02
0.000000000000000000e+00 1.354701370000839233e-01
0.000000000000000000e+00 1.985429078340530396e-01
0.000000000000000000e+00 3.635955452919006348e-01
0.000000000000000000e+00 3.890693783760070801e-01
0.000000000000000000e+00 4.149280190467834473e-01
0.000000000000000000e+00 4.588002264499664307e-01
0.000000000000000000e+00 4.839994609355926514e-01
0.000000000000000000e+00 5.585725903511047363e-01
0.000000000000000000e+00 6.176641583442687988e-01
0.000000000000000000e+00 6.487493515014648438e-01
0.000000000000000000e+00 6.982734799385070801e-01
0.000000000000000000e+00 6.944752335548400879e-01
0.000000000000000000e+00 7.338829636573791504e-01
0.000000000000000000e+00 6.656295061111450195e-01
0.000000000000000000e+00 6.660457849502563477e-01
0.000000000000000000e+00 6.683149933815002441e-01
0.000000000000000000e+00 7.521257996559143066e-01
0.000000000000000000e+00 7.691823840141296387e-01
0.000000000000000000e+00 8.312659263610839844e-01
0.000000000000000000e+00 8.294581174850463867e-01
0.000000000000000000e+00 8.562783002853393555e-01
0.000000000000000000e+00 8.935175538063049316e-01
0.000000000000000000e+00 8.943965435028076172e-01
0.000000000000000000e+00 9.140672087669372559e-01
0.000000000000000000e+00 9.274514317512512207e-01
0.000000000000000000e+00 9.297465085983276367e-01
0.000000000000000000e+00 9.158619046211242676e-01
0.000000000000000000e+00 9.182167649269104004e-01
0.000000000000000000e+00 9.096860289573669434e-01
0.000000000000000000e+00 8.872665166854858398e-01
0.000000000000000000e+00 8.729262351989746094e-01
0.000000000000000000e+00 8.644378781318664551e-01
0.000000000000000000e+00 8.777430653572082520e-01
0.000000000000000000e+00 8.120520114898681641e-01
0.000000000000000000e+00 7.465319633483886719e-01
0.000000000000000000e+00 5.409784913063049316e-01
0.000000000000000000e+00 5.552981495857238770e-01
0.000000000000000000e+00 3.599460721015930176e-01
0.000000000000000000e+00 4.535004496574401855e-01
0.000000000000000000e+00 2.254443913698196411e-01
0.000000000000000000e+00 2.495181262493133545e-01
0.000000000000000000e+00 3.197654485702514648e-01
0.000000000000000000e+00 2.369256317615509033e-01
0.000000000000000000e+00 2.545559406280517578e-01
0.000000000000000000e+00 2.860904932022094727e-01
0.000000000000000000e+00 3.530205786228179932e-01
0.000000000000000000e+00 4.286769628524780273e-01
0.000000000000000000e+00 4.001515507698059082e-01
0.000000000000000000e+00 4.897685050964355469e-01
0.000000000000000000e+00 5.091333389282226562e-01
0.000000000000000000e+00 5.743871331214904785e-01
0.000000000000000000e+00 5.694198608398437500e-01
0.000000000000000000e+00 5.845814943313598633e-01
0.000000000000000000e+00 6.433545351028442383e-01
0.000000000000000000e+00 6.995788216590881348e-01
0.000000000000000000e+00 7.021713852882385254e-01
0.000000000000000000e+00 5.316339135169982910e-01
0.000000000000000000e+00 8.043658733367919922e-01
0.000000000000000000e+00 6.706988811492919922e-01
0.000000000000000000e+00 6.985309123992919922e-01
0.000000000000000000e+00 6.407852172851562500e-01
0.000000000000000000e+00 4.956431090831756592e-01
0.000000000000000000e+00 1.563830077648162842e-01
0.000000000000000000e+00 1.168267354369163513e-01
0.000000000000000000e+00 5.643368884921073914e-02
0.000000000000000000e+00 4.331951215863227844e-02
0.000000000000000000e+00 3.185227513313293457e-02
0.000000000000000000e+00 1.870439015328884125e-02
0.000000000000000000e+00 1.659985445439815521e-02
0.000000000000000000e+00 9.761325083673000336e-03
0.000000000000000000e+00 8.773940615355968475e-03
0.000000000000000000e+00 9.483912028372287750e-03
0.000000000000000000e+00 2.188294976949691772e-01
0.000000000000000000e+00 2.583027482032775879e-01
0.000000000000000000e+00 1.996089816093444824e-01
0.000000000000000000e+00 1.740760803222656250e-01
0.000000000000000000e+00 1.631682813167572021e-01
0.000000000000000000e+00 1.758891642093658447e-01
0.000000000000000000e+00 1.623633503913879395e-01
0.000000000000000000e+00 1.826897710561752319e-01
0.000000000000000000e+00 2.078642994165420532e-01
0.000000000000000000e+00 2.107590883970260620e-01
0.000000000000000000e+00 2.267266064882278442e-01
0.000000000000000000e+00 2.408384084701538086e-01
0.000000000000000000e+00 2.317240983247756958e-01
0.000000000000000000e+00 2.874166667461395264e-01
0.000000000000000000e+00 2.626275420188903809e-01
0.000000000000000000e+00 2.526576519012451172e-01
0.000000000000000000e+00 2.873833775520324707e-01
0.000000000000000000e+00 3.424606621265411377e-01
0.000000000000000000e+00 3.219188153743743896e-01
0.000000000000000000e+00 3.572986125946044922e-01
0.000000000000000000e+00 3.617939949035644531e-01
0.000000000000000000e+00 3.775329887866973877e-01
0.000000000000000000e+00 3.489822149276733398e-01
0.000000000000000000e+00 3.645206093788146973e-01
0.000000000000000000e+00 3.784487843513488770e-01
0.000000000000000000e+00 3.469405770301818848e-01
0.000000000000000000e+00 3.697611987590789795e-01
0.000000000000000000e+00 3.822951018810272217e-01
0.000000000000000000e+00 3.547446131706237793e-01
0.000000000000000000e+00 3.979723751544952393e-01
0.000000000000000000e+00 3.729634582996368408e-01
0.000000000000000000e+00 4.101534783840179443e-01
0.000000000000000000e+00 3.760280311107635498e-01
0.000000000000000000e+00 3.811280131340026855e-01
0.000000000000000000e+00 4.146610200405120850e-01
0.000000000000000000e+00 3.778549432754516602e-01
0.000000000000000000e+00 3.783834278583526611e-01
0.000000000000000000e+00 3.691593706607818604e-01
0.000000000000000000e+00 3.439697325229644775e-01
0.000000000000000000e+00 3.400621414184570312e-01
0.000000000000000000e+00 3.362484574317932129e-01
0.000000000000000000e+00 3.259469568729400635e-01
0.000000000000000000e+00 3.568259179592132568e-01
0.000000000000000000e+00 3.526732325553894043e-01
0.000000000000000000e+00 3.099759817123413086e-01
0.000000000000000000e+00 3.354457914829254150e-01
0.000000000000000000e+00 3.443765640258789062e-01
0.000000000000000000e+00 3.664359152317047119e-01
0.000000000000000000e+00 3.495109677314758301e-01
0.000000000000000000e+00 3.973326683044433594e-01
0.000000000000000000e+00 4.091357588768005371e-01
0.000000000000000000e+00 3.845605850219726562e-01
0.000000000000000000e+00 4.010653793811798096e-01
0.000000000000000000e+00 3.769122064113616943e-01
0.000000000000000000e+00 4.201931357383728027e-01
0.000000000000000000e+00 3.995257914066314697e-01
0.000000000000000000e+00 4.007665812969207764e-01
0.000000000000000000e+00 4.503614902496337891e-01
0.000000000000000000e+00 4.185343682765960693e-01
0.000000000000000000e+00 3.989982604980468750e-01
0.000000000000000000e+00 4.036712646484375000e-01
0.000000000000000000e+00 4.475752711296081543e-01
0.000000000000000000e+00 3.966299593448638916e-01
0.000000000000000000e+00 3.525934219360351562e-01
0.000000000000000000e+00 3.650037348270416260e-01
0.000000000000000000e+00 4.113295376300811768e-01
0.000000000000000000e+00 3.877325654029846191e-01
0.000000000000000000e+00 3.865076005458831787e-01
0.000000000000000000e+00 4.064149558544158936e-01
0.000000000000000000e+00 3.682585656642913818e-01
0.000000000000000000e+00 3.870547115802764893e-01
0.000000000000000000e+00 3.413850665092468262e-01
0.000000000000000000e+00 3.617527484893798828e-01
0.000000000000000000e+00 3.796058595180511475e-01
0.000000000000000000e+00 4.096480906009674072e-01
0.000000000000000000e+00 8.863908052444458008e-02
0.000000000000000000e+00 1.191984638571739197e-01
0.000000000000000000e+00 1.151801645755767822e-01
0.000000000000000000e+00 1.223412081599235535e-01
0.000000000000000000e+00 1.446769684553146362e-01
0.000000000000000000e+00 1.536580324172973633e-01
0.000000000000000000e+00 1.373642086982727051e-01
0.000000000000000000e+00 1.767036020755767822e-01
0.000000000000000000e+00 1.450024992227554321e-01
0.000000000000000000e+00 1.466438174247741699e-01
0.000000000000000000e+00 1.382215023040771484e-01
0.000000000000000000e+00 1.314007192850112915e-01
0.000000000000000000e+00 1.486514061689376831e-01
0.000000000000000000e+00 1.983898729085922241e-01
0.000000000000000000e+00 1.609531641006469727e-01
0.000000000000000000e+00 1.850306540727615356e-01
0.000000000000000000e+00 2.036594897508621216e-01
0.000000000000000000e+00 1.775217056274414062e-01
0.000000000000000000e+00 2.065398991107940674e-01
0.000000000000000000e+00 1.918458491563796997e-01
0.000000000000000000e+00 2.723908424377441406e-01
0.000000000000000000e+00 2.721460163593292236e-01
0.000000000000000000e+00 2.278192192316055298e-01
0.000000000000000000e+00 2.187549918889999390e-01
0.000000000000000000e+00 2.615358829498291016e-01
0.000000000000000000e+00 2.000131756067276001e-01
1.000000000000000000e+00 1.777508109807968140e-01
1.000000000000000000e+00 1.154250130057334900e-01
1.000000000000000000e+00 1.044544801115989685e-01
0.000000000000000000e+00 9.543402493000030518e-02
0.000000000000000000e+00 1.024824157357215881e-01
0.000000000000000000e+00 1.204233542084693909e-01
0.000000000000000000e+00 1.485293656587600708e-01
0.000000000000000000e+00 1.317290365695953369e-01
0.000000000000000000e+00 1.167273372411727905e-01
0.000000000000000000e+00 4.514733701944351196e-02
0.000000000000000000e+00 2.596778981387615204e-02
0.000000000000000000e+00 1.294594816863536835e-02
0.000000000000000000e+00 8.449381217360496521e-03
0.000000000000000000e+00 6.397570949047803879e-03
0.000000000000000000e+00 8.945747278630733490e-03
0.000000000000000000e+00 1.231452357023954391e-02
0.000000000000000000e+00 2.134774997830390930e-02
0.000000000000000000e+00 2.165342308580875397e-02
0.000000000000000000e+00 2.866731025278568268e-02
0.000000000000000000e+00 2.713443152606487274e-02
0.000000000000000000e+00 3.696439787745475769e-02
0.000000000000000000e+00 3.604390844702720642e-02
0.000000000000000000e+00 3.403618559241294861e-02
0.000000000000000000e+00 5.701712146401405334e-02
0.000000000000000000e+00 7.197914272546768188e-02
0.000000000000000000e+00 8.391182869672775269e-02
0.000000000000000000e+00 8.574796468019485474e-02
0.000000000000000000e+00 1.200209110975265503e-01
0.000000000000000000e+00 1.478067934513092041e-01
0.000000000000000000e+00 1.393830031156539917e-01
0.000000000000000000e+00 1.338938772678375244e-01
0.000000000000000000e+00 1.472856253385543823e-01
0.000000000000000000e+00 1.383215337991714478e-01
0.000000000000000000e+00 1.254622489213943481e-01
0.000000000000000000e+00 1.305628418922424316e-01
0.000000000000000000e+00 1.439471095800399780e-01
0.000000000000000000e+00 1.217625066637992859e-01
0.000000000000000000e+00 1.193173900246620178e-01
0.000000000000000000e+00 1.072484999895095825e-01
0.000000000000000000e+00 9.849927574396133423e-02
0.000000000000000000e+00 8.546697348356246948e-02
0.000000000000000000e+00 8.327047526836395264e-02
0.000000000000000000e+00 8.853697776794433594e-02
0.000000000000000000e+00 8.702042698860168457e-02
0.000000000000000000e+00 8.061049133539199829e-02
0.000000000000000000e+00 9.018943458795547485e-02
0.000000000000000000e+00 1.123916283249855042e-01
0.000000000000000000e+00 8.673274517059326172e-02
0.000000000000000000e+00 1.171768456697463989e-01
0.000000000000000000e+00 3.105674870312213898e-03
0.000000000000000000e+00 3.030986059457063675e-03
0.000000000000000000e+00 6.814337801188230515e-03
0.000000000000000000e+00 6.872497498989105225e-03
0.000000000000000000e+00 8.118961937725543976e-03
0.000000000000000000e+00 1.015247963368892670e-02
0.000000000000000000e+00 1.924463361501693726e-02
0.000000000000000000e+00 2.091031894087791443e-02
0.000000000000000000e+00 1.859328337013721466e-02
0.000000000000000000e+00 3.108551166951656342e-02
0.000000000000000000e+00 3.134669736027717590e-02
0.000000000000000000e+00 4.017148166894912720e-02
0.000000000000000000e+00 5.554243549704551697e-02
0.000000000000000000e+00 7.903205603361129761e-02
0.000000000000000000e+00 8.281458169221878052e-02
0.000000000000000000e+00 1.061865985393524170e-01
0.000000000000000000e+00 1.073397994041442871e-01
0.000000000000000000e+00 1.380688399076461792e-01
0.000000000000000000e+00 7.067751884460449219e-02
0.000000000000000000e+00 7.923767715692520142e-02
0.000000000000000000e+00 7.102767378091812134e-02
0.000000000000000000e+00 4.787893965840339661e-02
0.000000000000000000e+00 3.836254402995109558e-02
0.000000000000000000e+00 3.370879590511322021e-02
0.000000000000000000e+00 3.768657520413398743e-02
0.000000000000000000e+00 3.596496582031250000e-02
0.000000000000000000e+00 2.584626153111457825e-02
0.000000000000000000e+00 1.816477440297603607e-02
0.000000000000000000e+00 1.577946543693542480e-02
0.000000000000000000e+00 1.183624938130378723e-02
0.000000000000000000e+00 9.646959602832794189e-03
0.000000000000000000e+00 4.450419917702674866e-03
0.000000000000000000e+00 4.308859817683696747e-03
0.000000000000000000e+00 3.135023638606071472e-03
0.000000000000000000e+00 3.087607212364673615e-03
0.000000000000000000e+00 3.763119690120220184e-03
0.000000000000000000e+00 4.501280840486288071e-03
0.000000000000000000e+00 6.992691196501255035e-03
0.000000000000000000e+00 5.458573345094919205e-03
0.000000000000000000e+00 7.787061855196952820e-03
0.000000000000000000e+00 6.162981502711772919e-03
0.000000000000000000e+00 8.182513527572154999e-03
0.000000000000000000e+00 1.340298540890216827e-02
0.000000000000000000e+00 2.253154851496219635e-02
0.000000000000000000e+00 4.589182138442993164e-02
0.000000000000000000e+00 5.059457570314407349e-02
0.000000000000000000e+00 4.426813125610351562e-02
0.000000000000000000e+00 3.310035914182662964e-02
0.000000000000000000e+00 1.783575303852558136e-02
0.000000000000000000e+00 7.797521539032459259e-03
0.000000000000000000e+00 5.751056130975484848e-03
0.000000000000000000e+00 3.906928934156894684e-03
0.000000000000000000e+00 5.065267905592918396e-03
0.000000000000000000e+00 7.411343511193990707e-03
0.000000000000000000e+00 1.021752879023551941e-02
0.000000000000000000e+00 1.329213101416826248e-02
0.000000000000000000e+00 1.235419884324073792e-02
0.000000000000000000e+00 1.037176325917243958e-02
0.000000000000000000e+00 8.996288292109966278e-03
0.000000000000000000e+00 4.224759526550769806e-03
0.000000000000000000e+00 5.879128817468881607e-03
0.000000000000000000e+00 5.737308878451585770e-03
0.000000000000000000e+00 4.604708869010210037e-03
0.000000000000000000e+00 3.992293495684862137e-03
0.000000000000000000e+00 6.281720008701086044e-03
0.000000000000000000e+00 5.489261355251073837e-03
0.000000000000000000e+00 4.599149804562330246e-03
0.000000000000000000e+00 4.225118551403284073e-03
0.000000000000000000e+00 4.191685933619737625e-03
0.000000000000000000e+00 2.233671490103006363e-03
0.000000000000000000e+00 2.551370998844504356e-03
0.000000000000000000e+00 2.077501732856035233e-03
0.000000000000000000e+00 3.338436130434274673e-03
0.000000000000000000e+00 5.100394133478403091e-03
0.000000000000000000e+00 5.556984804570674896e-03
0.000000000000000000e+00 3.189186006784439087e-02
0.000000000000000000e+00 4.049878939986228943e-02
0.000000000000000000e+00 3.767225146293640137e-02
0.000000000000000000e+00 5.135571584105491638e-02
0.000000000000000000e+00 4.606708139181137085e-02
0.000000000000000000e+00 6.085192412137985229e-02
0.000000000000000000e+00 6.673165410757064819e-02
0.000000000000000000e+00 9.691743552684783936e-02
0.000000000000000000e+00 7.102780044078826904e-02
0.000000000000000000e+00 1.023196801543235779e-01
0.000000000000000000e+00 1.560371369123458862e-01
0.000000000000000000e+00 2.294199466705322266e-01
0.000000000000000000e+00 2.388452440500259399e-01
0.000000000000000000e+00 2.750965654850006104e-01
0.000000000000000000e+00 2.210867106914520264e-01
0.000000000000000000e+00 1.627188026905059814e-01
1.000000000000000000e+00 2.073652148246765137e-01
0.000000000000000000e+00 1.823178380727767944e-01
0.000000000000000000e+00 1.510963886976242065e-01
0.000000000000000000e+00 1.541223526000976562e-01
0.000000000000000000e+00 1.858489215373992920e-01
0.000000000000000000e+00 2.812002599239349365e-01
0.000000000000000000e+00 3.504377007484436035e-01
0.000000000000000000e+00 6.655488610267639160e-01
0.000000000000000000e+00 6.677504777908325195e-01
0.000000000000000000e+00 8.072587251663208008e-01
0.000000000000000000e+00 6.632870435714721680e-01
0.000000000000000000e+00 6.325293183326721191e-01
0.000000000000000000e+00 5.159112811088562012e-01
0.000000000000000000e+00 2.414640039205551147e-01
0.000000000000000000e+00 1.147356480360031128e-01
0.000000000000000000e+00 4.433910548686981201e-02
0.000000000000000000e+00 3.088445030152797699e-02
0.000000000000000000e+00 2.257549203932285309e-02
0.000000000000000000e+00 2.483777143061161041e-02
0.000000000000000000e+00 2.444341219961643219e-02
0.000000000000000000e+00 3.210746496915817261e-02
0.000000000000000000e+00 4.490431398153305054e-02
0.000000000000000000e+00 7.076300680637359619e-02
0.000000000000000000e+00 5.799543485045433044e-02
0.000000000000000000e+00 5.800373107194900513e-02
0.000000000000000000e+00 7.707652449607849121e-02
0.000000000000000000e+00 9.444525837898254395e-02
0.000000000000000000e+00 6.781197339296340942e-02
0.000000000000000000e+00 9.919863194227218628e-02
0.000000000000000000e+00 1.340163946151733398e-01
0.000000000000000000e+00 1.794939041137695312e-01
0.000000000000000000e+00 3.221649527549743652e-01
0.000000000000000000e+00 5.731942653656005859e-01
0.000000000000000000e+00 6.374006271362304688e-01
0.000000000000000000e+00 7.387683391571044922e-01
0.000000000000000000e+00 4.746272861957550049e-01
0.000000000000000000e+00 2.549450695514678955e-01
0.000000000000000000e+00 1.004089713096618652e-01
0.000000000000000000e+00 5.793734267354011536e-02
0.000000000000000000e+00 4.731440916657447815e-02
0.000000000000000000e+00 2.714787051081657410e-02
0.000000000000000000e+00 3.065682947635650635e-02
0.000000000000000000e+00 4.425647854804992676e-02
0.000000000000000000e+00 4.947975650429725647e-02
0.000000000000000000e+00 6.268179416656494141e-02
0.000000000000000000e+00 8.944614976644515991e-02
0.000000000000000000e+00 1.056971922516822815e-01
0.000000000000000000e+00 1.541498005390167236e-01
0.000000000000000000e+00 1.494459062814712524e-01
0.000000000000000000e+00 2.339253276586532593e-01
0.000000000000000000e+00 4.910691380500793457e-01
0.000000000000000000e+00 7.880548238754272461e-01
0.000000000000000000e+00 7.777597308158874512e-01
0.000000000000000000e+00 8.256866335868835449e-01
0.000000000000000000e+00 7.927934527397155762e-01
0.000000000000000000e+00 7.109656929969787598e-01
0.000000000000000000e+00 6.370903253555297852e-01
0.000000000000000000e+00 3.557329177856445312e-01
0.000000000000000000e+00 4.820979237556457520e-01
0.000000000000000000e+00 2.243201161036267877e-04
0.000000000000000000e+00 3.409662167541682720e-04
0.000000000000000000e+00 3.851172514259815216e-04
0.000000000000000000e+00 5.702227936126291752e-04
0.000000000000000000e+00 6.756274378858506680e-04
0.000000000000000000e+00 8.284705691039562225e-04
0.000000000000000000e+00 1.093942555598914623e-03
0.000000000000000000e+00 1.420293468981981277e-03
0.000000000000000000e+00 2.019071485847234726e-03
0.000000000000000000e+00 2.276706509292125702e-03
0.000000000000000000e+00 3.899018745869398117e-03
0.000000000000000000e+00 3.946752753108739853e-03
0.000000000000000000e+00 4.083923064172267914e-03
0.000000000000000000e+00 3.480456070974469185e-03
0.000000000000000000e+00 6.140323821455240250e-03
0.000000000000000000e+00 4.934975411742925644e-03
1.000000000000000000e+00 6.941224448382854462e-03
0.000000000000000000e+00 5.198553204536437988e-03
0.000000000000000000e+00 4.283019341528415680e-03
0.000000000000000000e+00 5.588721949607133865e-03
0.000000000000000000e+00 5.069438833743333817e-03
0.000000000000000000e+00 3.993738442659378052e-03
0.000000000000000000e+00 4.868281539529561996e-03
0.000000000000000000e+00 3.867943072691559792e-03
0.000000000000000000e+00 3.772360272705554962e-03
0.000000000000000000e+00 2.782402327284216881e-03
0.000000000000000000e+00 1.791207585483789444e-03
0.000000000000000000e+00 1.127098803408443928e-03
0.000000000000000000e+00 7.889719563536345959e-04
0.000000000000000000e+00 3.777684469241648912e-04
0.000000000000000000e+00 3.025998594239354134e-04
0.000000000000000000e+00 2.106993488268926740e-04
0.000000000000000000e+00 1.376733998768031597e-04
0.000000000000000000e+00 8.434406481683254242e-05
0.000000000000000000e+00 6.763699639122933149e-05
0.000000000000000000e+00 5.528552355826832354e-05
0.000000000000000000e+00 3.205872781109064817e-05
0.000000000000000000e+00 4.234587686369195580e-05
0.000000000000000000e+00 2.771890467556659132e-05
0.000000000000000000e+00 1.775000600900966674e-05
0.000000000000000000e+00 8.510445695719681680e-06
0.000000000000000000e+00 5.728412361349910498e-06
0.000000000000000000e+00 4.870981683779973537e-06
0.000000000000000000e+00 3.418316282477462664e-06
0.000000000000000000e+00 4.190370873402571306e-06
0.000000000000000000e+00 4.311491920816479251e-06
0.000000000000000000e+00 3.959996774938190356e-06
0.000000000000000000e+00 4.132706180826062337e-06
0.000000000000000000e+00 5.573824182647513226e-06
0.000000000000000000e+00 3.199223328920197673e-06
0.000000000000000000e+00 3.392643066035816446e-06
0.000000000000000000e+00 2.746198333625216037e-06
0.000000000000000000e+00 2.620861096147564240e-06
0.000000000000000000e+00 2.538555008868570440e-06
0.000000000000000000e+00 2.894384806495509110e-06
0.000000000000000000e+00 1.715020289339008741e-06
0.000000000000000000e+00 1.283258484363614116e-06
0.000000000000000000e+00 1.791486852198431734e-06
0.000000000000000000e+00 1.918100906550535001e-06
0.000000000000000000e+00 1.922737965287524275e-06
0.000000000000000000e+00 2.396913941993261687e-06
0.000000000000000000e+00 2.761011728580342606e-06
0.000000000000000000e+00 2.362004579481435940e-06
0.000000000000000000e+00 1.775146643012703862e-06
0.000000000000000000e+00 1.308575861003191676e-06
0.000000000000000000e+00 1.804799012461444363e-06
0.000000000000000000e+00 1.356016696263395716e-06
0.000000000000000000e+00 1.209081347042229027e-06
0.000000000000000000e+00 1.187622842735436279e-06
0.000000000000000000e+00 1.839532046687963884e-06
0.000000000000000000e+00 1.303962903875799384e-06
0.000000000000000000e+00 2.169259687434532680e-06
0.000000000000000000e+00 3.406279120099497959e-06
0.000000000000000000e+00 4.343695309216855094e-06
0.000000000000000000e+00 1.689016016825917177e-06
