0.000000000000000000e+00 1.924548000097274780e-01
0.000000000000000000e+00 2.800843715667724609e-01
0.000000000000000000e+00 2.077512443065643311e-01
0.000000000000000000e+00 2.508883774280548096e-01
0.000000000000000000e+00 5.064142942428588867e-01
0.000000000000000000e+00 5.263658165931701660e-01
0.000000000000000000e+00 6.943930983543395996e-01
0.000000000000000000e+00 6.007480025291442871e-01
0.000000000000000000e+00 8.070731163024902344e-01
0.000000000000000000e+00 8.165432810783386230e-01
0.000000000000000000e+00 7.441477775573730469e-01
0.000000000000000000e+00 8.037775158882141113e-01
0.000000000000000000e+00 8.453717827796936035e-01
0.000000000000000000e+00 8.729746341705322266e-01
0.000000000000000000e+00 9.078800082206726074e-01
1.000000000000000000e+00 8.603593111038208008e-01
1.000000000000000000e+00 9.037434458732604980e-01
1.000000000000000000e+00 8.893086314201354980e-01
1.000000000000000000e+00 8.921222090721130371e-01
1.000000000000000000e+00 8.710698485374450684e-01
1.000000000000000000e+00 8.980126380920410156e-01
1.000000000000000000e+00 9.150093197822570801e-01
1.000000000000000000e+00 8.847503066062927246e-01
1.000000000000000000e+00 8.474041819572448730e-01
0.000000000000000000e+00 6.234427690505981445e-01
0.000000000000000000e+00 4.431101977825164795e-01
0.000000000000000000e+00 1.332765668630599976e-01
0.000000000000000000e+00 6.141905114054679871e-02
0.000000000000000000e+00 3.900704439729452133e-03
0.000000000000000000e+00 1.341333030723035336e-03
0.000000000000000000e+00 8.713197166798636317e-05
0.000000000000000000e+00 3.077395376749336720e-05
0.000000000000000000e+00 7.564476163679501042e-06
0.000000000000000000e+00 2.550581484683789313e-06
0.000000000000000000e+00 6.915551011843490414e-07
0.000000000000000000e+00 1.288566835455640103e-07
0.000000000000000000e+00 2.632136997249290289e-08
0.000000000000000000e+00 1.401812976808969324e-08
0.000000000000000000e+00 4.787638729908394453e-09
0.000000000000000000e+00 2.025096090818578887e-09
0.000000000000000000e+00 1.432145957380726031e-09
0.000000000000000000e+00 6.579102818093929272e-10
0.000000000000000000e+00 5.387044144100627818e-10
0.000000000000000000e+00 6.351195125375852513e-10
0.000000000000000000e+00 5.800447899773075733e-10
0.000000000000000000e+00 4.362221225164830685e-04
0.000000000000000000e+00 2.117984986398369074e-04
0.000000000000000000e+00 5.241961116553284228e-05
0.000000000000000000e+00 2.608425711514428258e-05
0.000000000000000000e+00 1.630587576073594391e-05
0.000000000000000000e+00 4.247037395543884486e-06
0.000000000000000000e+00 2.450630518069374375e-06
0.000000000000000000e+00 1.573842268953740131e-06
0.000000000000000000e+00 7.156247079365130048e-07
0.000000000000000000e+00 3.323860937598510645e-07
0.000000000000000000e+00 1.840213172954463516e-07
0.000000000000000000e+00 1.371126927551813424e-07
0.000000000000000000e+00 7.584592509601861821e-08
0.000000000000000000e+00 2.699288792484821897e-08
0.000000000000000000e+00 3.134288917294725252e-08
0.000000000000000000e+00 1.937247162686617230e-08
0.000000000000000000e+00 2.324093628658374655e-08
0.000000000000000000e+00 1.195670140674565118e-08
0.000000000000000000e+00 1.330215582129312679e-08
0.000000000000000000e+00 1.681967098932091176e-08
0.000000000000000000e+00 1.441777808253164039e-08
0.000000000000000000e+00 1.430538709712436685e-08
0.000000000000000000e+00 2.514766528349809960e-08
0.000000000000000000e+00 2.585938041477220395e-08
0.000000000000000000e+00 3.778482948746386683e-08
0.000000000000000000e+00 3.237287415913669975e-08
0.000000000000000000e+00 4.508987316853563243e-08
0.000000000000000000e+00 6.244665939902915852e-08
0.000000000000000000e+00 4.508411777237597562e-08
0.000000000000000000e+00 7.220764786097788601e-08
0.000000000000000000e+00 4.116850149671336112e-08
0.000000000000000000e+00 3.446994867317698663e-08
0.000000000000000000e+00 5.940964342698862310e-08
0.000000000000000000e+00 3.533924086696060840e-08
0.000000000000000000e+00 3.263660985908245493e-08
0.000000000000000000e+00 5.084194398818908667e-08
0.000000000000000000e+00 3.306569240635326423e-08
0.000000000000000000e+00 6.340380309666215908e-08
0.000000000000000000e+00 6.007315533906876226e-08
0.000000000000000000e+00 9.754499785685766255e-08
0.000000000000000000e+00 6.732046387014634092e-08
0.000000000000000000e+00 5.930819568789047480e-08
0.000000000000000000e+00 7.089399645110461279e-08
0.000000000000000000e+00 4.291327471150907513e-08
0.000000000000000000e+00 7.852101191474503139e-08
0.000000000000000000e+00 1.552496396470814943e-04
0.000000000000000000e+00 7.496194302802905440e-05
0.000000000000000000e+00 3.504991764202713966e-05
0.000000000000000000e+00 1.753804644977208227e-05
0.000000000000000000e+00 4.707715561380609870e-06
0.000000000000000000e+00 2.026901483986875974e-06
0.000000000000000000e+00 1.459218879062973429e-06
0.000000000000000000e+00 9.962323019863106310e-07
0.000000000000000000e+00 5.329495706973830238e-07
0.000000000000000000e+00 3.937170163226255681e-07
0.000000000000000000e+00 1.308540618083497975e-07
0.000000000000000000e+00 2.140137240758122061e-07
0.000000000000000000e+00 9.210500451217740192e-08
0.000000000000000000e+00 6.851076506109166075e-08
0.000000000000000000e+00 7.286522674121442833e-08
0.000000000000000000e+00 5.475808251276248484e-08
0.000000000000000000e+00 4.278651033473579446e-08
0.000000000000000000e+00 8.978265242376437527e-08
0.000000000000000000e+00 1.096897292995890894e-07
0.000000000000000000e+00 7.854826833408878883e-08
0.000000000000000000e+00 9.215508356419377378e-08
0.000000000000000000e+00 7.262767809379511164e-08
0.000000000000000000e+00 1.006826906291280466e-07
0.000000000000000000e+00 6.428494714327825932e-08
0.000000000000000000e+00 7.730734097322056186e-08
0.000000000000000000e+00 9.142048895682819420e-08
0.000000000000000000e+00 6.159001486594206654e-08
0.000000000000000000e+00 6.164431454180885339e-08
0.000000000000000000e+00 6.141569741657804116e-08
0.000000000000000000e+00 3.497826384091240470e-08
0.000000000000000000e+00 4.484150650796436821e-08
0.000000000000000000e+00 3.445903828946939029e-08
0.000000000000000000e+00 3.438176321424180060e-08
0.000000000000000000e+00 3.254901770333162858e-08
0.000000000000000000e+00 3.524701952528630500e-08
0.000000000000000000e+00 2.070915527951910917e-08
0.000000000000000000e+00 2.503242946261252655e-08
0.000000000000000000e+00 2.760161166293073620e-08
0.000000000000000000e+00 3.489462940819976211e-08
0.000000000000000000e+00 2.789837871830513905e-08
0.000000000000000000e+00 3.577149954026026535e-08
0.000000000000000000e+00 3.635200940266258840e-08
0.000000000000000000e+00 5.066874564363388345e-08
0.000000000000000000e+00 4.462078706524152949e-08
0.000000000000000000e+00 6.738507352110900683e-08
0.000000000000000000e+00 7.576409261673688889e-03
0.000000000000000000e+00 6.316785700619220734e-03
0.000000000000000000e+00 1.233645714819431305e-03
0.000000000000000000e+00 2.032174263149499893e-03
0.000000000000000000e+00 4.518633650150150061e-04
0.000000000000000000e+00 9.742827387526631355e-05
0.000000000000000000e+00 9.698556823423132300e-05
0.000000000000000000e+00 2.400562334514688700e-05
0.000000000000000000e+00 2.967837644973769784e-05
0.000000000000000000e+00 1.036907724483171478e-05
0.000000000000000000e+00 4.557630290946690366e-06
0.000000000000000000e+00 3.566631903595407493e-06
0.000000000000000000e+00 2.014537358263623901e-06
0.000000000000000000e+00 2.077985982396057807e-06
0.000000000000000000e+00 1.111840560952259693e-06
0.000000000000000000e+00 1.782527647264942061e-06
0.000000000000000000e+00 7.641745582986914087e-07
0.000000000000000000e+00 8.531302455594413914e-07
0.000000000000000000e+00 1.171525354948244058e-06
0.000000000000000000e+00 9.431049647901090793e-07
0.000000000000000000e+00 1.881222033262019977e-06
0.000000000000000000e+00 6.589576173610112164e-07
0.000000000000000000e+00 8.129484854180191178e-07
0.000000000000000000e+00 1.500020289313397370e-06
0.000000000000000000e+00 1.792295165614632424e-06
0.000000000000000000e+00 1.939391495398012921e-06
0.000000000000000000e+00 1.973030975932488218e-06
0.000000000000000000e+00 2.814458639477379620e-06
0.000000000000000000e+00 5.411829988588578999e-06
0.000000000000000000e+00 2.170064590245601721e-06
0.000000000000000000e+00 1.983896936508244835e-06
0.000000000000000000e+00 4.525117674347711727e-06
0.000000000000000000e+00 3.669227453428902663e-06
0.000000000000000000e+00 3.154969135721330531e-06
0.000000000000000000e+00 2.877746737794950604e-06
0.000000000000000000e+00 3.924480097339255735e-06
0.000000000000000000e+00 6.389117970684310421e-06
0.000000000000000000e+00 6.510386356239905581e-06
0.000000000000000000e+00 5.480439085658872500e-06
0.000000000000000000e+00 7.401821676467079669e-06
0.000000000000000000e+00 7.718123015365563333e-06
0.000000000000000000e+00 4.591229753714287654e-06
0.000000000000000000e+00 6.750079592166002840e-06
0.000000000000000000e+00 5.513055384653853253e-06
0.000000000000000000e+00 3.961280981457093731e-06
0.000000000000000000e+00 4.351495299488306046e-04
0.000000000000000000e+00 8.207273640437051654e-05
0.000000000000000000e+00 1.605621946509927511e-05
0.000000000000000000e+00 3.818934146693209186e-06
0.000000000000000000e+00 2.005057467613369226e-06
0.000000000000000000e+00 6.890600161568727344e-07
0.000000000000000000e+00 2.039099342709960183e-07
0.000000000000000000e+00 7.685115122058050474e-08
0.000000000000000000e+00 3.569373774325867998e-08
0.000000000000000000e+00 8.292455611069726729e-09
0.000000000000000000e+00 7.397694457011994018e-09
0.000000000000000000e+00 3.016670691025069573e-09
0.000000000000000000e+00 7.984513605840959372e-10
0.000000000000000000e+00 5.611927589299625652e-10
0.000000000000000000e+00 4.378032381069374424e-10
0.000000000000000000e+00 4.107912343620512274e-10
0.000000000000000000e+00 2.859869840943218833e-10
0.000000000000000000e+00 2.247903807539586296e-10
0.000000000000000000e+00 4.143219933805397659e-10
0.000000000000000000e+00 1.957491807536015926e-10
0.000000000000000000e+00 2.843590363177384006e-10
0.000000000000000000e+00 5.178130701999350549e-10
0.000000000000000000e+00 3.552810268203643318e-10
0.000000000000000000e+00 3.880704924075217832e-10
0.000000000000000000e+00 5.148379500496957917e-10
0.000000000000000000e+00 6.472867797313597293e-10
0.000000000000000000e+00 1.082208100910975190e-09
0.000000000000000000e+00 1.131025051392953173e-09
0.000000000000000000e+00 9.303806058902353016e-10
0.000000000000000000e+00 2.875147453451631918e-09
0.000000000000000000e+00 1.628191470537387886e-09
0.000000000000000000e+00 1.292151607934499680e-09
0.000000000000000000e+00 1.980023034420241856e-09
0.000000000000000000e+00 1.787202497105511156e-09
0.000000000000000000e+00 1.485363720910015672e-09
0.000000000000000000e+00 1.121840287332531716e-09
0.000000000000000000e+00 2.007107369195182400e-09
0.000000000000000000e+00 1.959169715348707541e-09
0.000000000000000000e+00 2.447185565301879251e-09
0.000000000000000000e+00 4.327392222336357008e-09
0.000000000000000000e+00 3.038939322408396038e-09
0.000000000000000000e+00 3.652539604104276805e-09
0.000000000000000000e+00 1.115386227823478293e-09
0.000000000000000000e+00 1.945756000765186400e-09
0.000000000000000000e+00 1.468411503502409232e-09
0.000000000000000000e+00 5.987201002426445484e-04
0.000000000000000000e+00 7.528153364546597004e-04
0.000000000000000000e+00 4.521557129919528961e-04
0.000000000000000000e+00 8.670436218380928040e-04
0.000000000000000000e+00 1.169457915239036083e-03
0.000000000000000000e+00 3.933446947485208511e-03
0.000000000000000000e+00 5.160832311958074570e-03
0.000000000000000000e+00 5.112206097692251205e-03
0.000000000000000000e+00 2.589040435850620270e-03
0.000000000000000000e+00 1.072286278940737247e-03
0.000000000000000000e+00 1.695414888672530651e-03
0.000000000000000000e+00 4.145371494814753532e-04
0.000000000000000000e+00 2.217711298726499081e-04
0.000000000000000000e+00 2.089811023324728012e-04
0.000000000000000000e+00 5.113875376991927624e-04
0.000000000000000000e+00 5.126354517415165901e-04
1.000000000000000000e+00 3.046188212465494871e-04
1.000000000000000000e+00 8.239343296736478806e-04
1.000000000000000000e+00 3.589413536246865988e-04
1.000000000000000000e+00 4.634675860870629549e-04
1.000000000000000000e+00 3.189578128512948751e-04
1.000000000000000000e+00 1.206160522997379303e-04
1.000000000000000000e+00 9.968638914870098233e-05
1.000000000000000000e+00 5.321373464539647102e-05
0.000000000000000000e+00 2.020631836785469204e-05
0.000000000000000000e+00 5.970008714939467609e-06
0.000000000000000000e+00 6.151069101179018617e-06
0.000000000000000000e+00 1.676092551861074753e-06
0.000000000000000000e+00 6.667468710475077387e-07
0.000000000000000000e+00 1.270111056328460108e-07
0.000000000000000000e+00 6.144393438489714754e-08
0.000000000000000000e+00 4.540280329479173815e-08
0.000000000000000000e+00 2.006518862174289097e-08
0.000000000000000000e+00 1.270669169883831273e-08
0.000000000000000000e+00 1.210461508804883124e-08
0.000000000000000000e+00 1.378522362927014910e-08
0.000000000000000000e+00 5.552921678031452757e-09
0.000000000000000000e+00 8.768189729835285107e-09
0.000000000000000000e+00 5.676544123645044237e-09
0.000000000000000000e+00 7.097270771083685759e-09
0.000000000000000000e+00 3.768577450102839066e-09
0.000000000000000000e+00 5.783846734885855767e-09
0.000000000000000000e+00 3.720354913028245392e-09
0.000000000000000000e+00 6.118171747004907957e-09
0.000000000000000000e+00 3.621125443942219135e-08
0.000000000000000000e+00 2.355716191232204437e-02
0.000000000000000000e+00 1.696620322763919830e-02
0.000000000000000000e+00 1.005605142563581467e-02
0.000000000000000000e+00 2.149959281086921692e-02
0.000000000000000000e+00 2.082647010684013367e-02
0.000000000000000000e+00 9.792300872504711151e-03
0.000000000000000000e+00 1.111360359936952591e-02
0.000000000000000000e+00 1.492519676685333252e-02
0.000000000000000000e+00 1.456160563975572586e-02
0.000000000000000000e+00 1.237284298986196518e-02
0.000000000000000000e+00 1.877370662987232208e-02
0.000000000000000000e+00 1.246921531856060028e-02
0.000000000000000000e+00 8.503191173076629639e-03
0.000000000000000000e+00 1.463130209594964981e-02
0.000000000000000000e+00 1.625979505479335785e-02
0.000000000000000000e+00 6.384862121194601059e-03
1.000000000000000000e+00 6.748859304934740067e-03
1.000000000000000000e+00 7.934577763080596924e-03
1.000000000000000000e+00 1.098839379847049713e-02
1.000000000000000000e+00 5.950598046183586121e-03
1.000000000000000000e+00 4.768431186676025391e-03
1.000000000000000000e+00 4.630331415683031082e-03
1.000000000000000000e+00 5.341272335499525070e-03
1.000000000000000000e+00 2.173483837395906448e-03
0.000000000000000000e+00 3.903596661984920502e-04
0.000000000000000000e+00 1.058475172612816095e-04
0.000000000000000000e+00 9.073228284250944853e-05
0.000000000000000000e+00 2.459254028508439660e-05
0.000000000000000000e+00 7.078332146193133667e-06
0.000000000000000000e+00 2.580253067208104767e-06
0.000000000000000000e+00 4.186729256616672501e-07
0.000000000000000000e+00 1.222051650984212756e-07
0.000000000000000000e+00 5.940772496160207083e-08
0.000000000000000000e+00 3.081091293211102311e-08
0.000000000000000000e+00 8.253386418743957620e-09
0.000000000000000000e+00 6.229305515859095976e-09
0.000000000000000000e+00 4.219487426126988794e-09
0.000000000000000000e+00 2.519469965989173943e-09
0.000000000000000000e+00 2.025343226463860447e-09
0.000000000000000000e+00 8.651697136485836381e-10
0.000000000000000000e+00 8.299033127379118469e-10
0.000000000000000000e+00 2.755135286580667753e-10
0.000000000000000000e+00 6.438538036057650515e-10
0.000000000000000000e+00 2.332355419909504235e-10
0.000000000000000000e+00 3.295057005026080788e-10
0.000000000000000000e+00 9.386379122734069824e-01
0.000000000000000000e+00 8.364503383636474609e-01
0.000000000000000000e+00 9.148930907249450684e-01
0.000000000000000000e+00 9.177505373954772949e-01
0.000000000000000000e+00 9.807322621345520020e-01
0.000000000000000000e+00 9.797658324241638184e-01
0.000000000000000000e+00 9.847376942634582520e-01
0.000000000000000000e+00 9.928851723670959473e-01
0.000000000000000000e+00 9.937984347343444824e-01
0.000000000000000000e+00 9.934955835342407227e-01
0.000000000000000000e+00 9.953472018241882324e-01
0.000000000000000000e+00 9.958347082138061523e-01
0.000000000000000000e+00 9.962608218193054199e-01
0.000000000000000000e+00 9.977566599845886230e-01
0.000000000000000000e+00 9.976245760917663574e-01
1.000000000000000000e+00 9.966514706611633301e-01
1.000000000000000000e+00 9.986345171928405762e-01
1.000000000000000000e+00 9.986611604690551758e-01
1.000000000000000000e+00 9.990942478179931641e-01
1.000000000000000000e+00 9.993073940277099609e-01
1.000000000000000000e+00 9.989361166954040527e-01
1.000000000000000000e+00 9.991490840911865234e-01
1.000000000000000000e+00 9.988436698913574219e-01
1.000000000000000000e+00 9.984480142593383789e-01
0.000000000000000000e+00 9.890339374542236328e-01
0.000000000000000000e+00 9.674984216690063477e-01
0.000000000000000000e+00 6.805294752120971680e-01
0.000000000000000000e+00 5.234749317169189453e-01
0.000000000000000000e+00 1.907544583082199097e-01
0.000000000000000000e+00 1.827454566955566406e-02
0.000000000000000000e+00 1.207311055622994900e-03
0.000000000000000000e+00 8.873111801221966743e-05
0.000000000000000000e+00 2.813522041833493859e-05
0.000000000000000000e+00 4.464498033485142514e-06
0.000000000000000000e+00 1.337768139819672797e-06
0.000000000000000000e+00 3.120742633200279670e-07
0.000000000000000000e+00 8.327503309146777610e-08
0.000000000000000000e+00 6.902978810785498354e-08
0.000000000000000000e+00 3.757969935236360470e-08
0.000000000000000000e+00 7.294807424784721661e-09
0.000000000000000000e+00 7.915418542836505367e-09
0.000000000000000000e+00 3.220067323894681977e-09
0.000000000000000000e+00 7.785777356161815987e-09
0.000000000000000000e+00 6.222655279941591289e-09
0.000000000000000000e+00 1.579281416752564837e-08
