0.000000000000000000e+00 1.722289435565471649e-02
0.000000000000000000e+00 7.905405946075916290e-03
0.000000000000000000e+00 4.391254391521215439e-03
0.000000000000000000e+00 4.032792057842016220e-03
0.000000000000000000e+00 1.602487172931432724e-03
0.000000000000000000e+00 1.141402055509388447e-03
0.000000000000000000e+00 8.222871692851185799e-04
0.000000000000000000e+00 8.657305734232068062e-04
0.000000000000000000e+00 6.397619144991040230e-04
0.000000000000000000e+00 4.748083301819860935e-04
0.000000000000000000e+00 3.875461407005786896e-04
0.000000000000000000e+00 5.023805424571037292e-04
0.000000000000000000e+00 5.643008043989539146e-04
0.000000000000000000e+00 5.712163401767611504e-04
0.000000000000000000e+00 1.091800397261977196e-03
0.000000000000000000e+00 1.224775100126862526e-03
0.000000000000000000e+00 2.445685677230358124e-03
0.000000000000000000e+00 3.997683525085449219e-03
0.000000000000000000e+00 9.730745106935501099e-03
0.000000000000000000e+00 3.358602896332740784e-02
0.000000000000000000e+00 5.966552346944808960e-02
0.000000000000000000e+00 1.932857185602188110e-01
0.000000000000000000e+00 3.696426451206207275e-01
0.000000000000000000e+00 5.927297472953796387e-01
0.000000000000000000e+00 3.508488535881042480e-01
0.000000000000000000e+00 2.847924828529357910e-01
0.000000000000000000e+00 1.860762387514114380e-01
0.000000000000000000e+00 2.592876851558685303e-01
0.000000000000000000e+00 2.119337022304534912e-01
0.000000000000000000e+00 1.997648179531097412e-01
0.000000000000000000e+00 9.911793470382690430e-02
0.000000000000000000e+00 5.176014080643653870e-02
1.000000000000000000e+00 5.170914158225059509e-02
1.000000000000000000e+00 4.590500891208648682e-02
0.000000000000000000e+00 9.744718670845031738e-03
0.000000000000000000e+00 1.104196626693010330e-02
0.000000000000000000e+00 7.829681970179080963e-03
0.000000000000000000e+00 6.975260097533464432e-03
0.000000000000000000e+00 4.350068513303995132e-03
0.000000000000000000e+00 3.502065548673272133e-03
0.000000000000000000e+00 5.699140019714832306e-03
0.000000000000000000e+00 6.253446917980909348e-03
0.000000000000000000e+00 5.530198104679584503e-03
0.000000000000000000e+00 4.442093428224325180e-03
0.000000000000000000e+00 3.772593569010496140e-03
0.000000000000000000e+00 3.214066615328192711e-03
0.000000000000000000e+00 2.669604029506444931e-03
0.000000000000000000e+00 1.410459866747260094e-03
0.000000000000000000e+00 1.096974592655897141e-03
0.000000000000000000e+00 7.502535008825361729e-04
0.000000000000000000e+00 5.110579077154397964e-04
0.000000000000000000e+00 3.026991034857928753e-04
0.000000000000000000e+00 1.343332696706056595e-04
0.000000000000000000e+00 6.154334550956264138e-05
0.000000000000000000e+00 4.160860044066794217e-05
0.000000000000000000e+00 4.666358290705829859e-05
0.000000000000000000e+00 3.823571023531258106e-05
0.000000000000000000e+00 3.552801717887632549e-05
0.000000000000000000e+00 2.793462226691190153e-05
0.000000000000000000e+00 1.269773110834648833e-05
0.000000000000000000e+00 6.566950105479918420e-06
0.000000000000000000e+00 1.656079007261723746e-06
0.000000000000000000e+00 9.108384801947977394e-07
0.000000000000000000e+00 9.758831538420054130e-07
0.000000000000000000e+00 1.388200075780332554e-06
0.000000000000000000e+00 2.207018724220688455e-06
0.000000000000000000e+00 4.197558155283331871e-06
0.000000000000000000e+00 5.167222752788802609e-06
0.000000000000000000e+00 3.074709866268676706e-06
0.000000000000000000e+00 2.615268385852687061e-06
0.000000000000000000e+00 1.651319394113670569e-06
0.000000000000000000e+00 1.394658397657622118e-06
0.000000000000000000e+00 1.140638914876035415e-06
0.000000000000000000e+00 7.674405537727579940e-07
0.000000000000000000e+00 7.321265798054810148e-07
0.000000000000000000e+00 1.734384894371032715e-01
0.000000000000000000e+00 1.464741826057434082e-01
0.000000000000000000e+00 8.915323764085769653e-02
0.000000000000000000e+00 7.011234015226364136e-02
0.000000000000000000e+00 5.387922748923301697e-02
0.000000000000000000e+00 3.031677193939685822e-02
0.000000000000000000e+00 2.268151566386222839e-02
0.000000000000000000e+00 2.222223766148090363e-02
0.000000000000000000e+00 1.826960965991020203e-02
0.000000000000000000e+00 1.289879251271486282e-02
0.000000000000000000e+00 9.666409343481063843e-03
0.000000000000000000e+00 1.091673970222473145e-02
0.000000000000000000e+00 7.110493257641792297e-03
0.000000000000000000e+00 4.840202163904905319e-03
0.000000000000000000e+00 3.156059188768267632e-03
0.000000000000000000e+00 2.312592230737209320e-03
0.000000000000000000e+00 3.253532107919454575e-03
0.000000000000000000e+00 3.396213520318269730e-03
0.000000000000000000e+00 4.097478464245796204e-03
0.000000000000000000e+00 1.074453443288803101e-02
0.000000000000000000e+00 5.569200590252876282e-02
0.000000000000000000e+00 9.807394444942474365e-02
0.000000000000000000e+00 2.048604190349578857e-01
0.000000000000000000e+00 3.533779382705688477e-01
0.000000000000000000e+00 3.166692256927490234e-01
0.000000000000000000e+00 4.127193093299865723e-01
0.000000000000000000e+00 3.094962537288665771e-01
0.000000000000000000e+00 3.423799574375152588e-01
0.000000000000000000e+00 2.148322314023971558e-01
0.000000000000000000e+00 1.789157539606094360e-01
0.000000000000000000e+00 2.093115597963333130e-01
0.000000000000000000e+00 1.512326747179031372e-01
0.000000000000000000e+00 2.294025719165802002e-01
0.000000000000000000e+00 3.010584115982055664e-01
0.000000000000000000e+00 3.893723487854003906e-01
0.000000000000000000e+00 1.765827685594558716e-01
0.000000000000000000e+00 2.641231119632720947e-01
0.000000000000000000e+00 1.162530109286308289e-01
0.000000000000000000e+00 2.135220468044281006e-01
0.000000000000000000e+00 2.007241696119308472e-01
0.000000000000000000e+00 1.945236027240753174e-01
0.000000000000000000e+00 1.734969615936279297e-01
0.000000000000000000e+00 2.195018678903579712e-01
0.000000000000000000e+00 2.025633901357650757e-01
0.000000000000000000e+00 1.962114870548248291e-01
0.000000000000000000e+00 3.817886114120483398e-01
0.000000000000000000e+00 1.905389279127120972e-01
0.000000000000000000e+00 3.327905535697937012e-01
0.000000000000000000e+00 2.721326053142547607e-01
0.000000000000000000e+00 5.104588270187377930e-01
0.000000000000000000e+00 4.404742717742919922e-01
0.000000000000000000e+00 5.805832147598266602e-01
0.000000000000000000e+00 4.737568497657775879e-01
0.000000000000000000e+00 4.135789275169372559e-01
0.000000000000000000e+00 5.714373588562011719e-01
1.000000000000000000e+00 6.750607490539550781e-01
1.000000000000000000e+00 7.196883559226989746e-01
0.000000000000000000e+00 7.073917984962463379e-01
0.000000000000000000e+00 6.959273219108581543e-01
0.000000000000000000e+00 7.231169342994689941e-01
0.000000000000000000e+00 5.267831683158874512e-01
0.000000000000000000e+00 4.756622314453125000e-01
0.000000000000000000e+00 4.976923167705535889e-01
0.000000000000000000e+00 3.571996986865997314e-01
0.000000000000000000e+00 2.371048927307128906e-01
0.000000000000000000e+00 2.371694147586822510e-01
0.000000000000000000e+00 2.314908504486083984e-01
0.000000000000000000e+00 2.330031991004943848e-01
0.000000000000000000e+00 2.789766490459442139e-01
0.000000000000000000e+00 2.911097109317779541e-01
0.000000000000000000e+00 2.850795388221740723e-01
0.000000000000000000e+00 2.550641000270843506e-01
0.000000000000000000e+00 1.725757271051406860e-01
0.000000000000000000e+00 1.231982037425041199e-01
0.000000000000000000e+00 7.298504561185836792e-02
0.000000000000000000e+00 4.362713545560836792e-03
0.000000000000000000e+00 3.092632396146655083e-03
0.000000000000000000e+00 1.499513513408601284e-03
0.000000000000000000e+00 8.341088541783392429e-04
0.000000000000000000e+00 5.145760951563715935e-04
0.000000000000000000e+00 2.180191077059134841e-04
0.000000000000000000e+00 1.864073274191468954e-04
0.000000000000000000e+00 1.266984909307211637e-04
0.000000000000000000e+00 3.382714639883488417e-04
0.000000000000000000e+00 4.651126218959689140e-04
0.000000000000000000e+00 8.165299659594893456e-04
0.000000000000000000e+00 9.527062647975981236e-04
0.000000000000000000e+00 7.536515477113425732e-04
0.000000000000000000e+00 2.217743080109357834e-03
0.000000000000000000e+00 2.694349735975265503e-03
0.000000000000000000e+00 5.639565642923116684e-03
0.000000000000000000e+00 6.485073361545801163e-03
0.000000000000000000e+00 6.679891142994165421e-03
0.000000000000000000e+00 8.973683230578899384e-03
0.000000000000000000e+00 6.264334544539451599e-03
0.000000000000000000e+00 1.456456258893013000e-02
0.000000000000000000e+00 9.455027990043163300e-03
0.000000000000000000e+00 2.145170606672763824e-02
0.000000000000000000e+00 1.135159004479646683e-02
0.000000000000000000e+00 2.523358166217803955e-02
0.000000000000000000e+00 3.702651336789131165e-02
0.000000000000000000e+00 8.329022675752639771e-02
0.000000000000000000e+00 4.967481642961502075e-02
0.000000000000000000e+00 4.752704873681068420e-02
0.000000000000000000e+00 5.509006977081298828e-02
0.000000000000000000e+00 4.612091556191444397e-02
0.000000000000000000e+00 4.142286255955696106e-02
0.000000000000000000e+00 1.698426716029644012e-02
0.000000000000000000e+00 2.200916409492492676e-02
0.000000000000000000e+00 2.084993571043014526e-02
0.000000000000000000e+00 5.146590992808341980e-02
0.000000000000000000e+00 7.495066523551940918e-02
0.000000000000000000e+00 7.409642636775970459e-02
0.000000000000000000e+00 1.729861050844192505e-01
0.000000000000000000e+00 1.055468320846557617e-01
0.000000000000000000e+00 1.440808027982711792e-01
0.000000000000000000e+00 6.724318116903305054e-02
0.000000000000000000e+00 1.519002318382263184e-01
0.000000000000000000e+00 9.139625728130340576e-02
0.000000000000000000e+00 1.247687786817550659e-01
0.000000000000000000e+00 2.132834047079086304e-01
0.000000000000000000e+00 1.323365867137908936e-01
0.000000000000000000e+00 7.025925070047378540e-02
0.000000000000000000e+00 3.771601989865303040e-02
0.000000000000000000e+00 7.695631682872772217e-02
0.000000000000000000e+00 3.802876919507980347e-02
0.000000000000000000e+00 8.650133758783340454e-02
0.000000000000000000e+00 2.747497148811817169e-02
0.000000000000000000e+00 2.956471778452396393e-02
0.000000000000000000e+00 2.791513502597808838e-02
0.000000000000000000e+00 7.587639987468719482e-02
0.000000000000000000e+00 8.453361690044403076e-02
0.000000000000000000e+00 2.634102702140808105e-01
0.000000000000000000e+00 2.596610486507415771e-01
0.000000000000000000e+00 4.091307520866394043e-01
0.000000000000000000e+00 5.685140490531921387e-01
0.000000000000000000e+00 4.695486724376678467e-01
0.000000000000000000e+00 7.068613767623901367e-01
0.000000000000000000e+00 7.783284187316894531e-01
0.000000000000000000e+00 7.912012338638305664e-01
0.000000000000000000e+00 7.884647846221923828e-01
0.000000000000000000e+00 8.518952131271362305e-01
0.000000000000000000e+00 8.612863421440124512e-01
0.000000000000000000e+00 8.527977466583251953e-01
0.000000000000000000e+00 8.723340034484863281e-01
0.000000000000000000e+00 8.916986584663391113e-01
0.000000000000000000e+00 8.201954364776611328e-01
0.000000000000000000e+00 7.882738709449768066e-01
0.000000000000000000e+00 7.652218341827392578e-01
0.000000000000000000e+00 7.409489154815673828e-01
0.000000000000000000e+00 7.909993529319763184e-01
0.000000000000000000e+00 5.063732266426086426e-01
0.000000000000000000e+00 4.562310576438903809e-01
0.000000000000000000e+00 2.421507090330123901e-01
0.000000000000000000e+00 8.453606814146041870e-02
0.000000000000000000e+00 3.462354838848114014e-02
0.000000000000000000e+00 1.894413121044635773e-02
0.000000000000000000e+00 1.296189706772565842e-02
0.000000000000000000e+00 5.419132765382528305e-03
0.000000000000000000e+00 1.531857647933065891e-03
0.000000000000000000e+00 1.025594305247068405e-03
0.000000000000000000e+00 1.076237647794187069e-03
0.000000000000000000e+00 3.937951405532658100e-04
0.000000000000000000e+00 2.835484920069575310e-04
0.000000000000000000e+00 1.291766238864511251e-04
0.000000000000000000e+00 1.111515739466995001e-04
0.000000000000000000e+00 1.355635613435879350e-04
0.000000000000000000e+00 2.094624651363119483e-04
0.000000000000000000e+00 1.235901727341115475e-04
0.000000000000000000e+00 2.613808901514858007e-04
0.000000000000000000e+00 3.339479735586792231e-04
0.000000000000000000e+00 5.961565766483545303e-04
0.000000000000000000e+00 1.151157193817198277e-03
0.000000000000000000e+00 1.222623395733535290e-03
0.000000000000000000e+00 1.396390376612544060e-03
0.000000000000000000e+00 1.484792330302298069e-03
0.000000000000000000e+00 1.245188410393893719e-03
0.000000000000000000e+00 2.153418259695172310e-03
0.000000000000000000e+00 4.420417360961437225e-03
0.000000000000000000e+00 6.946047302335500717e-03
0.000000000000000000e+00 7.645338308066129684e-03
0.000000000000000000e+00 1.367737818509340286e-02
0.000000000000000000e+00 1.965866610407829285e-02
0.000000000000000000e+00 2.166777290403842926e-02
0.000000000000000000e+00 3.615329042077064514e-02
0.000000000000000000e+00 2.582203969359397888e-02
0.000000000000000000e+00 2.260286547243595123e-02
0.000000000000000000e+00 1.498178020119667053e-02
0.000000000000000000e+00 4.830882698297500610e-02
0.000000000000000000e+00 4.673363268375396729e-02
0.000000000000000000e+00 7.127963006496429443e-02
0.000000000000000000e+00 1.391517072916030884e-01
0.000000000000000000e+00 1.045934930443763733e-01
0.000000000000000000e+00 2.013789415359497070e-01
0.000000000000000000e+00 5.075985193252563477e-01
0.000000000000000000e+00 6.998516917228698730e-01
0.000000000000000000e+00 6.695522069931030273e-01
0.000000000000000000e+00 7.807911038398742676e-01
0.000000000000000000e+00 7.904355525970458984e-01
0.000000000000000000e+00 8.092696070671081543e-01
0.000000000000000000e+00 8.395060300827026367e-01
0.000000000000000000e+00 8.018724322319030762e-01
0.000000000000000000e+00 8.132006525993347168e-01
0.000000000000000000e+00 8.569046258926391602e-01
1.000000000000000000e+00 8.664008975028991699e-01
1.000000000000000000e+00 8.820778727531433105e-01
1.000000000000000000e+00 8.849216699600219727e-01
0.000000000000000000e+00 8.496761322021484375e-01
0.000000000000000000e+00 8.225350379943847656e-01
0.000000000000000000e+00 7.023353576660156250e-01
0.000000000000000000e+00 6.335912942886352539e-01
0.000000000000000000e+00 5.332561731338500977e-01
0.000000000000000000e+00 4.846634864807128906e-01
0.000000000000000000e+00 4.836685955524444580e-01
0.000000000000000000e+00 4.310479760169982910e-01
0.000000000000000000e+00 4.112332761287689209e-01
0.000000000000000000e+00 4.136848151683807373e-01
0.000000000000000000e+00 4.089579582214355469e-01
0.000000000000000000e+00 4.223744869232177734e-01
0.000000000000000000e+00 3.171621859073638916e-01
0.000000000000000000e+00 2.581301629543304443e-01
0.000000000000000000e+00 2.325867563486099243e-01
0.000000000000000000e+00 1.884239763021469116e-01
0.000000000000000000e+00 1.047034487128257751e-01
0.000000000000000000e+00 7.705324143171310425e-02
1.000000000000000000e+00 4.898234009742736816e-01
1.000000000000000000e+00 4.801678955554962158e-01
1.000000000000000000e+00 2.923975884914398193e-01
1.000000000000000000e+00 1.000332161784172058e-01
1.000000000000000000e+00 1.778476387262344360e-01
1.000000000000000000e+00 1.194917261600494385e-01
0.000000000000000000e+00 8.285494148731231689e-02
0.000000000000000000e+00 3.877932205796241760e-02
0.000000000000000000e+00 1.214770879596471786e-02
0.000000000000000000e+00 1.613458991050720215e-02
0.000000000000000000e+00 3.154328791424632072e-03
0.000000000000000000e+00 1.179044833406805992e-03
0.000000000000000000e+00 7.851016125641763210e-04
0.000000000000000000e+00 3.451347001828253269e-04
0.000000000000000000e+00 1.643403520574793220e-04
0.000000000000000000e+00 6.287576979957520962e-05
0.000000000000000000e+00 7.036650640657171607e-05
0.000000000000000000e+00 4.993566835764795542e-05
0.000000000000000000e+00 1.573856934555806220e-05
0.000000000000000000e+00 7.116099368431605399e-06
0.000000000000000000e+00 1.862536919361446053e-05
0.000000000000000000e+00 2.336900070076808333e-05
0.000000000000000000e+00 2.196326931880321354e-05
0.000000000000000000e+00 1.761056591931264848e-05
0.000000000000000000e+00 2.519226836739107966e-05
0.000000000000000000e+00 3.782874409807845950e-05
0.000000000000000000e+00 6.297664367593824863e-05
0.000000000000000000e+00 1.023920849547721446e-04
0.000000000000000000e+00 1.319759030593559146e-04
0.000000000000000000e+00 2.186863712267950177e-04
0.000000000000000000e+00 5.620602751150727272e-04
0.000000000000000000e+00 4.017204919364303350e-04
0.000000000000000000e+00 1.191509945783764124e-04
0.000000000000000000e+00 3.536807780619710684e-04
0.000000000000000000e+00 7.947099511511623859e-04
0.000000000000000000e+00 6.963291671127080917e-04
0.000000000000000000e+00 1.969143282622098923e-03
0.000000000000000000e+00 3.449698444455862045e-03
0.000000000000000000e+00 5.724118091166019440e-03
0.000000000000000000e+00 3.742850385606288910e-03
0.000000000000000000e+00 2.654370851814746857e-03
0.000000000000000000e+00 3.918019123375415802e-03
0.000000000000000000e+00 3.988393116742372513e-03
0.000000000000000000e+00 7.172045297920703888e-03
0.000000000000000000e+00 5.559942219406366348e-03
0.000000000000000000e+00 1.032515056431293488e-02
0.000000000000000000e+00 1.817851513624191284e-02
0.000000000000000000e+00 3.465099632740020752e-02
0.000000000000000000e+00 3.051301278173923492e-02
0.000000000000000000e+00 6.152759864926338196e-02
0.000000000000000000e+00 1.300543993711471558e-01
0.000000000000000000e+00 2.293674498796463013e-01
0.000000000000000000e+00 2.884680628776550293e-01
0.000000000000000000e+00 6.296219229698181152e-01
0.000000000000000000e+00 6.946224570274353027e-01
0.000000000000000000e+00 7.893928885459899902e-01
0.000000000000000000e+00 8.728111386299133301e-01
0.000000000000000000e+00 8.978598713874816895e-01
0.000000000000000000e+00 8.951659202575683594e-01
0.000000000000000000e+00 9.060673713684082031e-01
0.000000000000000000e+00 8.700115680694580078e-01
0.000000000000000000e+00 8.614723682403564453e-01
0.000000000000000000e+00 8.480096459388732910e-01
0.000000000000000000e+00 8.504838347434997559e-01
0.000000000000000000e+00 8.000540137290954590e-01
0.000000000000000000e+00 7.652043700218200684e-01
0.000000000000000000e+00 7.388353347778320312e-01
0.000000000000000000e+00 7.117035984992980957e-01
0.000000000000000000e+00 6.793137192726135254e-01
0.000000000000000000e+00 6.609989404678344727e-01
0.000000000000000000e+00 5.816679596900939941e-01
0.000000000000000000e+00 5.092756152153015137e-01
0.000000000000000000e+00 3.706526458263397217e-01
0.000000000000000000e+00 2.484939843416213989e-01
0.000000000000000000e+00 1.819560825824737549e-01
0.000000000000000000e+00 8.789161443710327148e-01
0.000000000000000000e+00 9.008473157882690430e-01
1.000000000000000000e+00 8.807868957519531250e-01
0.000000000000000000e+00 8.914824128150939941e-01
0.000000000000000000e+00 8.775539994239807129e-01
0.000000000000000000e+00 8.324157595634460449e-01
0.000000000000000000e+00 7.001168727874755859e-01
0.000000000000000000e+00 5.251361727714538574e-01
0.000000000000000000e+00 2.638765871524810791e-01
0.000000000000000000e+00 2.039802521467208862e-01
0.000000000000000000e+00 7.393147051334381104e-02
0.000000000000000000e+00 6.090589612722396851e-02
0.000000000000000000e+00 3.458818048238754272e-02
0.000000000000000000e+00 1.740900985896587372e-02
0.000000000000000000e+00 4.109445493668317795e-03
0.000000000000000000e+00 4.011337179690599442e-03
0.000000000000000000e+00 3.330189501866698265e-03
0.000000000000000000e+00 2.527469769120216370e-03
0.000000000000000000e+00 2.017010701820254326e-03
0.000000000000000000e+00 1.815555733628571033e-03
0.000000000000000000e+00 1.546314917504787445e-03
0.000000000000000000e+00 1.273434492759406567e-03
0.000000000000000000e+00 2.554766135290265083e-03
0.000000000000000000e+00 2.022856846451759338e-03
0.000000000000000000e+00 1.782199600711464882e-03
0.000000000000000000e+00 2.416878473013639450e-03
0.000000000000000000e+00 1.836676383391022682e-03
0.000000000000000000e+00 2.272216137498617172e-03
0.000000000000000000e+00 2.785355783998966217e-03
0.000000000000000000e+00 4.476473201066255569e-03
0.000000000000000000e+00 4.019277635961771011e-03
0.000000000000000000e+00 6.205743178725242615e-03
0.000000000000000000e+00 5.504406057298183441e-03
0.000000000000000000e+00 5.219184793531894684e-03
0.000000000000000000e+00 8.791424334049224854e-03
0.000000000000000000e+00 1.273074280470609665e-02
0.000000000000000000e+00 8.089470677077770233e-03
0.000000000000000000e+00 1.792583055794239044e-02
0.000000000000000000e+00 1.260295044630765915e-02
0.000000000000000000e+00 2.837393805384635925e-02
0.000000000000000000e+00 2.330845594406127930e-02
0.000000000000000000e+00 2.461344748735427856e-02
0.000000000000000000e+00 3.771766275167465210e-02
0.000000000000000000e+00 5.340883508324623108e-02
0.000000000000000000e+00 5.235519260168075562e-02
0.000000000000000000e+00 7.446898519992828369e-02
0.000000000000000000e+00 6.872181594371795654e-02
0.000000000000000000e+00 9.823286533355712891e-02
0.000000000000000000e+00 1.163581609725952148e-01
0.000000000000000000e+00 1.350676417350769043e-01
0.000000000000000000e+00 1.760333627462387085e-01
0.000000000000000000e+00 2.365481108427047729e-01
1.000000000000000000e+00 3.332156240940093994e-01
1.000000000000000000e+00 4.335016012191772461e-01
1.000000000000000000e+00 5.536030530929565430e-01
1.000000000000000000e+00 7.018685936927795410e-01
1.000000000000000000e+00 7.146756052970886230e-01
1.000000000000000000e+00 6.625032424926757812e-01
1.000000000000000000e+00 6.108244061470031738e-01
0.000000000000000000e+00 5.044561028480529785e-01
0.000000000000000000e+00 3.853324055671691895e-01
0.000000000000000000e+00 2.426306754350662231e-01
0.000000000000000000e+00 6.190562248229980469e-02
0.000000000000000000e+00 3.377772867679595947e-02
0.000000000000000000e+00 1.190721616148948669e-02
0.000000000000000000e+00 3.728920361027121544e-03
0.000000000000000000e+00 2.491769846528768539e-03
0.000000000000000000e+00 1.437645871192216873e-03
0.000000000000000000e+00 5.197902210056781769e-04
0.000000000000000000e+00 2.250345132779330015e-04
0.000000000000000000e+00 1.333771360805258155e-04
1.000000000000000000e+00 3.156283491989597678e-05
0.000000000000000000e+00 2.031362782872747630e-05
0.000000000000000000e+00 9.360242074762936682e-06
0.000000000000000000e+00 1.016426631395006552e-05
0.000000000000000000e+00 9.178972840309143066e-01
0.000000000000000000e+00 9.326851963996887207e-01
0.000000000000000000e+00 8.805962800979614258e-01
0.000000000000000000e+00 9.023118019104003906e-01
0.000000000000000000e+00 9.095641374588012695e-01
0.000000000000000000e+00 9.064994454383850098e-01
0.000000000000000000e+00 9.391138553619384766e-01
0.000000000000000000e+00 9.131259918212890625e-01
0.000000000000000000e+00 9.232807755470275879e-01
0.000000000000000000e+00 9.101637601852416992e-01
0.000000000000000000e+00 9.307877421379089355e-01
0.000000000000000000e+00 9.525783658027648926e-01
0.000000000000000000e+00 9.550605416297912598e-01
0.000000000000000000e+00 9.551548361778259277e-01
0.000000000000000000e+00 9.679514765739440918e-01
0.000000000000000000e+00 9.683880209922790527e-01
0.000000000000000000e+00 9.666092395782470703e-01
0.000000000000000000e+00 9.627129435539245605e-01
0.000000000000000000e+00 9.631289839744567871e-01
0.000000000000000000e+00 9.730219244956970215e-01
0.000000000000000000e+00 9.715890884399414062e-01
0.000000000000000000e+00 9.722541570663452148e-01
0.000000000000000000e+00 9.855720996856689453e-01
0.000000000000000000e+00 9.783179759979248047e-01
0.000000000000000000e+00 9.815905690193176270e-01
0.000000000000000000e+00 9.838507771492004395e-01
0.000000000000000000e+00 9.847817420959472656e-01
0.000000000000000000e+00 9.830616712570190430e-01
0.000000000000000000e+00 9.837487936019897461e-01
0.000000000000000000e+00 9.835619330406188965e-01
0.000000000000000000e+00 9.893469214439392090e-01
0.000000000000000000e+00 9.857944250106811523e-01
0.000000000000000000e+00 9.888632297515869141e-01
0.000000000000000000e+00 9.881356954574584961e-01
0.000000000000000000e+00 9.868662953376770020e-01
0.000000000000000000e+00 9.845533370971679688e-01
0.000000000000000000e+00 9.869092106819152832e-01
0.000000000000000000e+00 9.876078963279724121e-01
0.000000000000000000e+00 9.844882488250732422e-01
0.000000000000000000e+00 9.853654503822326660e-01
0.000000000000000000e+00 9.833410382270812988e-01
0.000000000000000000e+00 9.850312471389770508e-01
0.000000000000000000e+00 9.805225729942321777e-01
0.000000000000000000e+00 9.787458181381225586e-01
0.000000000000000000e+00 9.743242263793945312e-01
0.000000000000000000e+00 9.794026017189025879e-01
0.000000000000000000e+00 9.791162610054016113e-01
0.000000000000000000e+00 9.843393564224243164e-01
0.000000000000000000e+00 9.878221154212951660e-01
0.000000000000000000e+00 9.816531538963317871e-01
0.000000000000000000e+00 9.851605892181396484e-01
0.000000000000000000e+00 9.845390915870666504e-01
0.000000000000000000e+00 9.827092885971069336e-01
0.000000000000000000e+00 9.855195283889770508e-01
0.000000000000000000e+00 9.881892204284667969e-01
0.000000000000000000e+00 9.822679758071899414e-01
0.000000000000000000e+00 9.815890789031982422e-01
0.000000000000000000e+00 9.766834378242492676e-01
0.000000000000000000e+00 9.701935648918151855e-01
0.000000000000000000e+00 9.683945178985595703e-01
0.000000000000000000e+00 9.582886695861816406e-01
0.000000000000000000e+00 9.577380418777465820e-01
0.000000000000000000e+00 9.461355209350585938e-01
0.000000000000000000e+00 9.275708198547363281e-01
0.000000000000000000e+00 8.441763520240783691e-01
0.000000000000000000e+00 8.558510541915893555e-01
0.000000000000000000e+00 7.510477304458618164e-01
0.000000000000000000e+00 8.315244913101196289e-01
0.000000000000000000e+00 8.588837981224060059e-01
0.000000000000000000e+00 8.289874196052551270e-01
0.000000000000000000e+00 8.095324039459228516e-01
0.000000000000000000e+00 6.616813540458679199e-01
0.000000000000000000e+00 5.560325384140014648e-01
0.000000000000000000e+00 3.966674804687500000e-01
0.000000000000000000e+00 4.041056632995605469e-01
0.000000000000000000e+00 8.188279867172241211e-01
0.000000000000000000e+00 8.942751884460449219e-01
0.000000000000000000e+00 8.718823194503784180e-01
0.000000000000000000e+00 6.544207930564880371e-01
0.000000000000000000e+00 8.235771059989929199e-01
0.000000000000000000e+00 7.360949516296386719e-01
0.000000000000000000e+00 6.030592322349548340e-01
0.000000000000000000e+00 5.429052710533142090e-01
0.000000000000000000e+00 4.580390751361846924e-01
0.000000000000000000e+00 4.596195220947265625e-01
0.000000000000000000e+00 3.515449464321136475e-01
0.000000000000000000e+00 2.929756045341491699e-01
0.000000000000000000e+00 2.187167257070541382e-01
0.000000000000000000e+00 1.334093660116195679e-01
0.000000000000000000e+00 1.212240308523178101e-01
0.000000000000000000e+00 9.514142572879791260e-02
1.000000000000000000e+00 8.258815109729766846e-02
1.000000000000000000e+00 1.238303706049919128e-01
1.000000000000000000e+00 5.613990128040313721e-02
1.000000000000000000e+00 7.546836137771606445e-02
1.000000000000000000e+00 8.792610466480255127e-02
1.000000000000000000e+00 4.776572808623313904e-02
1.000000000000000000e+00 2.091093920171260834e-02
0.000000000000000000e+00 9.744433686137199402e-03
0.000000000000000000e+00 8.626530878245830536e-03
0.000000000000000000e+00 1.869108760729432106e-03
0.000000000000000000e+00 4.518521600402891636e-04
0.000000000000000000e+00 5.880200187675654888e-04
0.000000000000000000e+00 5.292892456054687500e-04
0.000000000000000000e+00 5.480483523570001125e-04
0.000000000000000000e+00 6.223195232450962067e-04
0.000000000000000000e+00 6.084988708607852459e-04
0.000000000000000000e+00 1.184213440865278244e-03
0.000000000000000000e+00 8.773842710070312023e-04
0.000000000000000000e+00 5.083963042125105858e-04
0.000000000000000000e+00 4.115041228942573071e-04
0.000000000000000000e+00 5.042948760092258453e-04
0.000000000000000000e+00 3.999494074378162622e-04
0.000000000000000000e+00 2.254142018500715494e-04
0.000000000000000000e+00 7.234914228320121765e-04
0.000000000000000000e+00 7.326290360651910305e-04
0.000000000000000000e+00 4.630449693650007248e-04
0.000000000000000000e+00 5.225873319432139397e-04
0.000000000000000000e+00 8.413068717345595360e-04
0.000000000000000000e+00 9.775683283805847168e-04
0.000000000000000000e+00 3.813379153143614531e-04
0.000000000000000000e+00 5.501649575307965279e-04
0.000000000000000000e+00 1.201186096295714378e-04
0.000000000000000000e+00 6.076104909880086780e-05
0.000000000000000000e+00 2.433291410852689296e-05
0.000000000000000000e+00 2.194434273405931890e-05
0.000000000000000000e+00 1.661555506871081889e-05
0.000000000000000000e+00 1.020172294374788180e-05
0.000000000000000000e+00 6.940935691090999171e-06
0.000000000000000000e+00 8.862813956511672586e-06
0.000000000000000000e+00 1.176085334009258077e-05
0.000000000000000000e+00 1.059880560205783695e-05
0.000000000000000000e+00 1.233176317327888682e-05
0.000000000000000000e+00 9.532683179713785648e-06
0.000000000000000000e+00 1.476893703511450440e-05
0.000000000000000000e+00 4.722915036836639047e-06
0.000000000000000000e+00 3.768083388422382995e-06
0.000000000000000000e+00 2.878734903788426891e-06
0.000000000000000000e+00 2.138422587449895218e-06
0.000000000000000000e+00 5.905635589442681521e-06
0.000000000000000000e+00 7.726430339971557260e-06
0.000000000000000000e+00 9.136266271525528282e-06
0.000000000000000000e+00 1.760358100000303239e-05
0.000000000000000000e+00 1.261398119822843000e-05
0.000000000000000000e+00 5.167059953237185255e-06
0.000000000000000000e+00 8.874197192199062556e-06
0.000000000000000000e+00 1.611978404980618507e-05
0.000000000000000000e+00 1.935460204549599439e-05
0.000000000000000000e+00 3.152502176817506552e-05
0.000000000000000000e+00 3.669401849037967622e-05
