0.000000000000000000e+00 1.886167377233505249e-02
0.000000000000000000e+00 1.400633994489908218e-02
0.000000000000000000e+00 1.511380542069673538e-02
0.000000000000000000e+00 9.347391314804553986e-03
0.000000000000000000e+00 9.059505537152290344e-03
0.000000000000000000e+00 1.558020897209644318e-02
0.000000000000000000e+00 3.025237470865249634e-02
0.000000000000000000e+00 3.044427931308746338e-02
0.000000000000000000e+00 3.767639026045799255e-02
0.000000000000000000e+00 4.531420022249221802e-02
0.000000000000000000e+00 8.833238482475280762e-02
0.000000000000000000e+00 2.235658466815948486e-01
0.000000000000000000e+00 3.559471070766448975e-01
0.000000000000000000e+00 3.372843861579895020e-01
0.000000000000000000e+00 3.836139440536499023e-01
0.000000000000000000e+00 3.627996146678924561e-01
0.000000000000000000e+00 3.351440727710723877e-01
0.000000000000000000e+00 3.178417682647705078e-01
0.000000000000000000e+00 2.950734198093414307e-01
0.000000000000000000e+00 2.621988356113433838e-01
0.000000000000000000e+00 2.430763542652130127e-01
0.000000000000000000e+00 1.472740024328231812e-01
0.000000000000000000e+00 1.800436228513717651e-01
0.000000000000000000e+00 1.684277951717376709e-01
0.000000000000000000e+00 1.657295674085617065e-01
0.000000000000000000e+00 1.259413808584213257e-01
0.000000000000000000e+00 5.225381627678871155e-02
0.000000000000000000e+00 6.528967618942260742e-02
0.000000000000000000e+00 2.434056065976619720e-02
0.000000000000000000e+00 7.058532908558845520e-03
0.000000000000000000e+00 4.885078873485326767e-03
0.000000000000000000e+00 1.381860696710646152e-03
0.000000000000000000e+00 8.071354823186993599e-04
0.000000000000000000e+00 8.207118371501564980e-04
0.000000000000000000e+00 5.224767955951392651e-04
0.000000000000000000e+00 8.944076835177838802e-04
0.000000000000000000e+00 1.434464124031364918e-03
0.000000000000000000e+00 3.394195111468434334e-03
0.000000000000000000e+00 3.175976686179637909e-03
0.000000000000000000e+00 3.780564293265342712e-03
0.000000000000000000e+00 2.855830593034625053e-03
0.000000000000000000e+00 1.956702210009098053e-03
0.000000000000000000e+00 1.302941469475626945e-03
0.000000000000000000e+00 1.290795975364744663e-03
0.000000000000000000e+00 2.093090210109949112e-03
0.000000000000000000e+00 1.891061780042946339e-03
0.000000000000000000e+00 4.173574503511190414e-03
0.000000000000000000e+00 2.478727838024497032e-03
0.000000000000000000e+00 1.781036262400448322e-03
0.000000000000000000e+00 1.525831525214016438e-03
0.000000000000000000e+00 1.029883860610425472e-03
0.000000000000000000e+00 1.728053321130573750e-03
0.000000000000000000e+00 1.534230541437864304e-03
0.000000000000000000e+00 3.204956417903304100e-03
0.000000000000000000e+00 4.826654214411973953e-03
0.000000000000000000e+00 6.142043974250555038e-03
0.000000000000000000e+00 2.690561115741729736e-03
0.000000000000000000e+00 2.284407848492264748e-03
0.000000000000000000e+00 1.104590715840458870e-03
0.000000000000000000e+00 9.462715825065970421e-04
0.000000000000000000e+00 9.217967162840068340e-04
0.000000000000000000e+00 9.856208926066756248e-04
0.000000000000000000e+00 2.939868951216340065e-03
0.000000000000000000e+00 3.839836455881595612e-03
0.000000000000000000e+00 7.311210501939058304e-03
0.000000000000000000e+00 8.395965211093425751e-03
0.000000000000000000e+00 1.198889501392841339e-02
0.000000000000000000e+00 1.029783673584461212e-02
0.000000000000000000e+00 8.336535654962062836e-03
0.000000000000000000e+00 6.549696903675794601e-03
0.000000000000000000e+00 6.912526674568653107e-03
0.000000000000000000e+00 5.480548366904258728e-03
0.000000000000000000e+00 4.401036538183689117e-03
0.000000000000000000e+00 3.388066543266177177e-03
0.000000000000000000e+00 6.222055759280920029e-03
0.000000000000000000e+00 7.837019860744476318e-03
0.000000000000000000e+00 9.720927104353904724e-03
0.000000000000000000e+00 1.220157369971275330e-02
0.000000000000000000e+00 1.308821048587560654e-02
0.000000000000000000e+00 3.100610151886940002e-02
0.000000000000000000e+00 4.672015830874443054e-02
0.000000000000000000e+00 8.642815798521041870e-02
0.000000000000000000e+00 6.613431125879287720e-02
0.000000000000000000e+00 7.007645815610885620e-02
0.000000000000000000e+00 5.288285762071609497e-02
0.000000000000000000e+00 4.360213130712509155e-02
0.000000000000000000e+00 3.268466517329216003e-02
0.000000000000000000e+00 7.288638502359390259e-02
0.000000000000000000e+00 8.595475554466247559e-02
0.000000000000000000e+00 5.602983757853507996e-02
0.000000000000000000e+00 8.928955346345901489e-02
0.000000000000000000e+00 4.437110200524330139e-02
0.000000000000000000e+00 5.825968086719512939e-02
0.000000000000000000e+00 7.373680174350738525e-02
0.000000000000000000e+00 3.448476269841194153e-02
0.000000000000000000e+00 3.466863930225372314e-02
1.000000000000000000e+00 3.064588643610477448e-02
1.000000000000000000e+00 1.790569350123405457e-02
0.000000000000000000e+00 3.629963845014572144e-02
0.000000000000000000e+00 3.763862699270248413e-02
0.000000000000000000e+00 3.795902803540229797e-02
0.000000000000000000e+00 3.681598603725433350e-02
0.000000000000000000e+00 2.900582738220691681e-02
0.000000000000000000e+00 2.238379046320915222e-02
0.000000000000000000e+00 7.445239461958408356e-03
0.000000000000000000e+00 5.343010183423757553e-03
0.000000000000000000e+00 2.393585164099931717e-03
1.000000000000000000e+00 1.447893911972641945e-03
1.000000000000000000e+00 7.696379907429218292e-04
1.000000000000000000e+00 6.970147369429469109e-04
1.000000000000000000e+00 6.803620490245521069e-04
0.000000000000000000e+00 8.542755385860800743e-04
0.000000000000000000e+00 8.830370497889816761e-04
0.000000000000000000e+00 4.776680143550038338e-04
0.000000000000000000e+00 4.791679384652525187e-04
0.000000000000000000e+00 7.473567384295165539e-04
0.000000000000000000e+00 1.069874735549092293e-03
0.000000000000000000e+00 1.413425547070801258e-03
0.000000000000000000e+00 1.825098413974046707e-03
0.000000000000000000e+00 1.993102254346013069e-03
0.000000000000000000e+00 4.636149853467941284e-03
0.000000000000000000e+00 3.455755999311804771e-03
0.000000000000000000e+00 4.861203487962484360e-03
0.000000000000000000e+00 4.916180390864610672e-03
0.000000000000000000e+00 4.391930066049098969e-03
0.000000000000000000e+00 8.100999519228935242e-03
0.000000000000000000e+00 1.030547916889190674e-02
0.000000000000000000e+00 1.286655198782682419e-02
0.000000000000000000e+00 1.081516314297914505e-02
0.000000000000000000e+00 2.339650876820087433e-02
0.000000000000000000e+00 3.370687738060951233e-02
0.000000000000000000e+00 2.256451547145843506e-02
0.000000000000000000e+00 4.202243313193321228e-02
0.000000000000000000e+00 6.829681992530822754e-02
0.000000000000000000e+00 1.797794252634048462e-01
0.000000000000000000e+00 2.994571328163146973e-01
0.000000000000000000e+00 3.576762080192565918e-01
0.000000000000000000e+00 4.506252110004425049e-01
0.000000000000000000e+00 4.424468278884887695e-01
0.000000000000000000e+00 4.124790430068969727e-01
0.000000000000000000e+00 1.715755611658096313e-01
0.000000000000000000e+00 8.220972120761871338e-02
0.000000000000000000e+00 5.838444456458091736e-02
0.000000000000000000e+00 2.186503633856773376e-02
0.000000000000000000e+00 1.041653379797935486e-02
0.000000000000000000e+00 3.605860285460948944e-03
0.000000000000000000e+00 2.055888762697577477e-03
0.000000000000000000e+00 8.548264158889651299e-04
0.000000000000000000e+00 3.358237736392766237e-04
0.000000000000000000e+00 3.461362503003329039e-04
0.000000000000000000e+00 2.770580910146236420e-02
0.000000000000000000e+00 4.680719971656799316e-02
0.000000000000000000e+00 3.130150586366653442e-02
0.000000000000000000e+00 4.761826992034912109e-02
0.000000000000000000e+00 8.629666268825531006e-02
0.000000000000000000e+00 1.185757443308830261e-01
0.000000000000000000e+00 2.459834367036819458e-01
0.000000000000000000e+00 2.724605202674865723e-01
0.000000000000000000e+00 3.273182511329650879e-01
0.000000000000000000e+00 4.778479933738708496e-01
0.000000000000000000e+00 5.490586161613464355e-01
0.000000000000000000e+00 6.369926929473876953e-01
0.000000000000000000e+00 6.567287445068359375e-01
0.000000000000000000e+00 7.367666363716125488e-01
0.000000000000000000e+00 7.856100797653198242e-01
0.000000000000000000e+00 8.077405691146850586e-01
0.000000000000000000e+00 7.164622545242309570e-01
0.000000000000000000e+00 7.741471529006958008e-01
0.000000000000000000e+00 8.448700308799743652e-01
0.000000000000000000e+00 8.108628392219543457e-01
0.000000000000000000e+00 7.955910563468933105e-01
0.000000000000000000e+00 8.143982291221618652e-01
0.000000000000000000e+00 8.061565756797790527e-01
0.000000000000000000e+00 8.862280845642089844e-01
0.000000000000000000e+00 8.957245349884033203e-01
0.000000000000000000e+00 9.212226271629333496e-01
0.000000000000000000e+00 9.345962405204772949e-01
0.000000000000000000e+00 9.385910630226135254e-01
0.000000000000000000e+00 9.420171380043029785e-01
0.000000000000000000e+00 9.268438816070556641e-01
0.000000000000000000e+00 9.095376729965209961e-01
0.000000000000000000e+00 9.129517674446105957e-01
0.000000000000000000e+00 8.589524626731872559e-01
0.000000000000000000e+00 7.944881319999694824e-01
0.000000000000000000e+00 7.839119434356689453e-01
0.000000000000000000e+00 5.711357593536376953e-01
0.000000000000000000e+00 5.937002301216125488e-01
0.000000000000000000e+00 5.015807747840881348e-01
0.000000000000000000e+00 3.052684366703033447e-01
0.000000000000000000e+00 1.423291862010955811e-01
0.000000000000000000e+00 8.970388025045394897e-02
0.000000000000000000e+00 1.185940802097320557e-01
0.000000000000000000e+00 1.069061160087585449e-01
0.000000000000000000e+00 8.735779672861099243e-02
0.000000000000000000e+00 1.563378721475601196e-01
0.000000000000000000e+00 1.451590061187744141e-01
0.000000000000000000e+00 1.606168597936630249e-01
0.000000000000000000e+00 1.860711425542831421e-01
0.000000000000000000e+00 2.544905245304107666e-01
0.000000000000000000e+00 2.081552892923355103e-01
0.000000000000000000e+00 2.919866442680358887e-01
0.000000000000000000e+00 3.308778703212738037e-01
0.000000000000000000e+00 4.074489176273345947e-01
0.000000000000000000e+00 5.274836421012878418e-01
0.000000000000000000e+00 4.686264395713806152e-01
0.000000000000000000e+00 5.707970857620239258e-01
0.000000000000000000e+00 4.433391392230987549e-01
0.000000000000000000e+00 5.340178012847900391e-01
0.000000000000000000e+00 6.617266535758972168e-01
0.000000000000000000e+00 7.102370262145996094e-01
0.000000000000000000e+00 6.767381429672241211e-01
0.000000000000000000e+00 5.977079868316650391e-01
0.000000000000000000e+00 4.348530173301696777e-01
0.000000000000000000e+00 3.461317420005798340e-01
0.000000000000000000e+00 2.894834876060485840e-01
0.000000000000000000e+00 2.249845415353775024e-01
0.000000000000000000e+00 2.280941158533096313e-01
0.000000000000000000e+00 1.428437232971191406e-01
0.000000000000000000e+00 7.451554387807846069e-02
0.000000000000000000e+00 4.998455569148063660e-02
0.000000000000000000e+00 3.879831731319427490e-02
0.000000000000000000e+00 2.629415504634380341e-02
0.000000000000000000e+00 3.021224029362201691e-02
0.000000000000000000e+00 2.700961381196975708e-02
0.000000000000000000e+00 3.369074314832687378e-02
0.000000000000000000e+00 1.264256387948989868e-01
0.000000000000000000e+00 1.031198427081108093e-01
0.000000000000000000e+00 8.612195402383804321e-02
0.000000000000000000e+00 9.565757215023040771e-02
0.000000000000000000e+00 8.410686999559402466e-02
0.000000000000000000e+00 5.492194369435310364e-02
0.000000000000000000e+00 5.578142404556274414e-02
0.000000000000000000e+00 6.222041323781013489e-02
0.000000000000000000e+00 7.381406426429748535e-02
0.000000000000000000e+00 7.343526184558868408e-02
0.000000000000000000e+00 6.727327406406402588e-02
0.000000000000000000e+00 9.413570910692214966e-02
0.000000000000000000e+00 1.145008876919746399e-01
0.000000000000000000e+00 1.608948409557342529e-01
0.000000000000000000e+00 1.447266042232513428e-01
0.000000000000000000e+00 1.911570280790328979e-01
0.000000000000000000e+00 1.500876992940902710e-01
0.000000000000000000e+00 1.813526600599288940e-01
0.000000000000000000e+00 2.279420197010040283e-01
0.000000000000000000e+00 2.083996981382369995e-01
0.000000000000000000e+00 2.279116660356521606e-01
0.000000000000000000e+00 2.127521038055419922e-01
0.000000000000000000e+00 1.678747236728668213e-01
0.000000000000000000e+00 1.698703318834304810e-01
0.000000000000000000e+00 2.058826982975006104e-01
0.000000000000000000e+00 1.941367685794830322e-01
0.000000000000000000e+00 2.468175590038299561e-01
0.000000000000000000e+00 2.529437541961669922e-01
0.000000000000000000e+00 2.049245685338973999e-01
0.000000000000000000e+00 2.039979547262191772e-01
0.000000000000000000e+00 1.709543168544769287e-01
0.000000000000000000e+00 1.405087411403656006e-01
0.000000000000000000e+00 1.569920927286148071e-01
0.000000000000000000e+00 1.766493767499923706e-01
0.000000000000000000e+00 1.860493272542953491e-01
0.000000000000000000e+00 9.382411092519760132e-02
0.000000000000000000e+00 1.372508257627487183e-01
0.000000000000000000e+00 1.168842241168022156e-01
0.000000000000000000e+00 7.020498812198638916e-02
0.000000000000000000e+00 1.061686575412750244e-01
0.000000000000000000e+00 1.258416771888732910e-01
0.000000000000000000e+00 9.051234275102615356e-02
0.000000000000000000e+00 9.635831415653228760e-02
0.000000000000000000e+00 8.536557108163833618e-02
0.000000000000000000e+00 8.837848156690597534e-02
0.000000000000000000e+00 1.586323678493499756e-01
0.000000000000000000e+00 1.102209314703941345e-01
0.000000000000000000e+00 1.191561445593833923e-01
0.000000000000000000e+00 1.503085494041442871e-01
0.000000000000000000e+00 1.078717336058616638e-01
0.000000000000000000e+00 1.241708025336265564e-01
0.000000000000000000e+00 1.126247942447662354e-01
0.000000000000000000e+00 1.355902254581451416e-01
0.000000000000000000e+00 1.316364556550979614e-01
0.000000000000000000e+00 1.612502783536911011e-01
0.000000000000000000e+00 1.738837957382202148e-01
0.000000000000000000e+00 1.079919487237930298e-01
0.000000000000000000e+00 1.257274001836776733e-01
0.000000000000000000e+00 1.330086886882781982e-01
0.000000000000000000e+00 1.195170879364013672e-01
0.000000000000000000e+00 1.079457029700279236e-01
0.000000000000000000e+00 1.339699476957321167e-01
0.000000000000000000e+00 8.509368449449539185e-02
0.000000000000000000e+00 9.883717447519302368e-02
0.000000000000000000e+00 1.082142069935798645e-01
0.000000000000000000e+00 1.196346580982208252e-01
0.000000000000000000e+00 1.190472319722175598e-01
0.000000000000000000e+00 1.373233944177627563e-01
0.000000000000000000e+00 1.058388724923133850e-01
0.000000000000000000e+00 1.452389508485794067e-01
0.000000000000000000e+00 1.034330278635025024e-01
0.000000000000000000e+00 1.057403609156608582e-01
0.000000000000000000e+00 1.547533124685287476e-01
0.000000000000000000e+00 1.556350886821746826e-01
0.000000000000000000e+00 1.929412782192230225e-01
0.000000000000000000e+00 1.031394898891448975e-01
0.000000000000000000e+00 1.135503798723220825e-01
0.000000000000000000e+00 1.206876710057258606e-01
0.000000000000000000e+00 1.259799748659133911e-01
0.000000000000000000e+00 1.190591678023338318e-01
0.000000000000000000e+00 1.345476359128952026e-01
0.000000000000000000e+00 1.376859843730926514e-01
0.000000000000000000e+00 1.383570134639739990e-01
0.000000000000000000e+00 1.422320157289505005e-01
0.000000000000000000e+00 1.696140021085739136e-01
0.000000000000000000e+00 1.692420840263366699e-01
0.000000000000000000e+00 1.691974699497222900e-01
0.000000000000000000e+00 1.895452886819839478e-01
0.000000000000000000e+00 2.138406634330749512e-01
0.000000000000000000e+00 2.184081077575683594e-01
0.000000000000000000e+00 2.160540074110031128e-01
0.000000000000000000e+00 1.903356909751892090e-01
0.000000000000000000e+00 2.197002172470092773e-01
0.000000000000000000e+00 1.990963220596313477e-01
0.000000000000000000e+00 2.133592218160629272e-01
0.000000000000000000e+00 2.528962492942810059e-01
0.000000000000000000e+00 2.274966537952423096e-01
0.000000000000000000e+00 2.351551502943038940e-01
0.000000000000000000e+00 2.961320877075195312e-01
0.000000000000000000e+00 2.972746491432189941e-01
0.000000000000000000e+00 2.811715602874755859e-01
1.000000000000000000e+00 1.997155249118804932e-01
1.000000000000000000e+00 1.626206189393997192e-01
1.000000000000000000e+00 1.571584045886993408e-01
0.000000000000000000e+00 1.928087174892425537e-01
0.000000000000000000e+00 2.618550956249237061e-01
0.000000000000000000e+00 4.482856988906860352e-01
0.000000000000000000e+00 5.176992416381835938e-01
0.000000000000000000e+00 5.727363824844360352e-01
0.000000000000000000e+00 5.520719289779663086e-01
0.000000000000000000e+00 4.376839101314544678e-01
0.000000000000000000e+00 2.017059922218322754e-01
0.000000000000000000e+00 6.916537880897521973e-02
0.000000000000000000e+00 3.895676881074905396e-02
0.000000000000000000e+00 2.802880480885505676e-02
0.000000000000000000e+00 2.976900339126586914e-02
0.000000000000000000e+00 3.296874091029167175e-02
0.000000000000000000e+00 6.839738041162490845e-02
0.000000000000000000e+00 6.573273241519927979e-02
0.000000000000000000e+00 5.131272226572036743e-02
0.000000000000000000e+00 5.099229514598846436e-02
0.000000000000000000e+00 5.180160328745841980e-02
0.000000000000000000e+00 5.572668462991714478e-02
0.000000000000000000e+00 6.007970497012138367e-02
0.000000000000000000e+00 6.846161186695098877e-02
0.000000000000000000e+00 1.038036793470382690e-01
0.000000000000000000e+00 8.728491514921188354e-02
0.000000000000000000e+00 1.007944419980049133e-01
0.000000000000000000e+00 1.024970337748527527e-01
0.000000000000000000e+00 1.324823796749114990e-01
0.000000000000000000e+00 8.951109647750854492e-02
0.000000000000000000e+00 1.004095077514648438e-01
0.000000000000000000e+00 1.015574857592582703e-01
0.000000000000000000e+00 1.057141572237014771e-01
0.000000000000000000e+00 1.067283004522323608e-01
0.000000000000000000e+00 1.106043234467506409e-01
0.000000000000000000e+00 1.044000983238220215e-01
0.000000000000000000e+00 1.001725569367408752e-01
0.000000000000000000e+00 9.478586167097091675e-02
0.000000000000000000e+00 9.412322193384170532e-02
0.000000000000000000e+00 9.466604888439178467e-02
0.000000000000000000e+00 1.153919622302055359e-01
0.000000000000000000e+00 1.357526183128356934e-01
0.000000000000000000e+00 1.273993551731109619e-01
0.000000000000000000e+00 1.493960171937942505e-01
0.000000000000000000e+00 1.527865082025527954e-01
0.000000000000000000e+00 1.645925343036651611e-01
0.000000000000000000e+00 1.843782663345336914e-01
0.000000000000000000e+00 1.899321377277374268e-01
0.000000000000000000e+00 1.993039846420288086e-01
0.000000000000000000e+00 1.467644033255055547e-04
0.000000000000000000e+00 1.111845485866069794e-04
0.000000000000000000e+00 1.714890968287363648e-04
0.000000000000000000e+00 4.030936688650399446e-04
0.000000000000000000e+00 3.077377914451062679e-04
0.000000000000000000e+00 5.233647534623742104e-04
0.000000000000000000e+00 1.098271110095083714e-03
0.000000000000000000e+00 1.632130821235477924e-03
0.000000000000000000e+00 2.325080800801515579e-03
0.000000000000000000e+00 2.469892613589763641e-03
0.000000000000000000e+00 4.845903720706701279e-03
0.000000000000000000e+00 1.110098138451576233e-02
0.000000000000000000e+00 1.680761016905307770e-02
0.000000000000000000e+00 1.832104288041591644e-02
0.000000000000000000e+00 3.036294318735599518e-02
0.000000000000000000e+00 4.655387625098228455e-02
0.000000000000000000e+00 7.138843834400177002e-02
0.000000000000000000e+00 8.166790008544921875e-02
0.000000000000000000e+00 5.067028105258941650e-02
0.000000000000000000e+00 5.567631125450134277e-02
0.000000000000000000e+00 2.150718867778778076e-02
0.000000000000000000e+00 3.053465671837329865e-02
0.000000000000000000e+00 1.184790022671222687e-02
0.000000000000000000e+00 6.901912391185760498e-03
0.000000000000000000e+00 1.045042555779218674e-02
0.000000000000000000e+00 7.215206976979970932e-03
0.000000000000000000e+00 5.245336331427097321e-03
0.000000000000000000e+00 3.151879645884037018e-03
0.000000000000000000e+00 2.728618448600172997e-03
0.000000000000000000e+00 2.872182521969079971e-03
0.000000000000000000e+00 2.526678843423724174e-03
0.000000000000000000e+00 1.721945707686245441e-03
0.000000000000000000e+00 1.123547321185469627e-03
0.000000000000000000e+00 8.746514213271439075e-04
0.000000000000000000e+00 8.568933699280023575e-04
0.000000000000000000e+00 7.280642748810350895e-04
0.000000000000000000e+00 5.873808986507356167e-04
0.000000000000000000e+00 7.830678368918597698e-04
0.000000000000000000e+00 1.074779196642339230e-03
0.000000000000000000e+00 1.329199061729013920e-03
0.000000000000000000e+00 1.795390970073640347e-03
0.000000000000000000e+00 1.593550317920744419e-03
0.000000000000000000e+00 3.141342429444193840e-03
0.000000000000000000e+00 5.612098611891269684e-03
0.000000000000000000e+00 1.407485175877809525e-02
0.000000000000000000e+00 1.398241519927978516e-02
0.000000000000000000e+00 1.966648735105991364e-02
0.000000000000000000e+00 6.318964995443820953e-03
0.000000000000000000e+00 2.897829050198197365e-03
0.000000000000000000e+00 1.598153496161103249e-03
0.000000000000000000e+00 6.448458298109471798e-04
0.000000000000000000e+00 7.405228679999709129e-04
0.000000000000000000e+00 7.715711253695189953e-04
0.000000000000000000e+00 1.581777120009064674e-03
0.000000000000000000e+00 1.679574721492826939e-03
0.000000000000000000e+00 1.558556105010211468e-03
0.000000000000000000e+00 1.893320470117032528e-03
0.000000000000000000e+00 1.954287057742476463e-03
0.000000000000000000e+00 1.154481898993253708e-03
0.000000000000000000e+00 7.098627975210547447e-04
0.000000000000000000e+00 8.586436742916703224e-04
0.000000000000000000e+00 8.423593244515359402e-04
0.000000000000000000e+00 6.951823597773909569e-04
0.000000000000000000e+00 1.276992028579115868e-03
0.000000000000000000e+00 1.548005500808358192e-03
0.000000000000000000e+00 1.639040419831871986e-03
0.000000000000000000e+00 1.681628404185175896e-03
0.000000000000000000e+00 9.337879018858075142e-04
0.000000000000000000e+00 6.647797999903559685e-04
0.000000000000000000e+00 2.999416028615087271e-04
0.000000000000000000e+00 3.087348886765539646e-04
0.000000000000000000e+00 3.640380164142698050e-04
0.000000000000000000e+00 3.186195390298962593e-04
0.000000000000000000e+00 6.151138222776353359e-04
0.000000000000000000e+00 1.226072432473301888e-03
0.000000000000000000e+00 3.640323504805564880e-02
0.000000000000000000e+00 5.345081165432929993e-02
0.000000000000000000e+00 4.946330189704895020e-02
0.000000000000000000e+00 6.664531677961349487e-02
0.000000000000000000e+00 4.568369314074516296e-02
0.000000000000000000e+00 7.144051045179367065e-02
0.000000000000000000e+00 7.584539055824279785e-02
0.000000000000000000e+00 9.623257815837860107e-02
0.000000000000000000e+00 1.794757544994354248e-01
0.000000000000000000e+00 1.421298980712890625e-01
0.000000000000000000e+00 1.393943428993225098e-01
0.000000000000000000e+00 1.692339032888412476e-01
0.000000000000000000e+00 1.738947480916976929e-01
0.000000000000000000e+00 2.027276307344436646e-01
0.000000000000000000e+00 1.405051797628402710e-01
0.000000000000000000e+00 1.345805823802947998e-01
1.000000000000000000e+00 9.045611321926116943e-02
0.000000000000000000e+00 1.359933912754058838e-01
0.000000000000000000e+00 1.636611223220825195e-01
0.000000000000000000e+00 1.924940794706344604e-01
0.000000000000000000e+00 2.412155866622924805e-01
0.000000000000000000e+00 4.179894328117370605e-01
0.000000000000000000e+00 3.765830695629119873e-01
0.000000000000000000e+00 6.824076175689697266e-01
0.000000000000000000e+00 7.225057482719421387e-01
0.000000000000000000e+00 6.321167945861816406e-01
0.000000000000000000e+00 5.623995661735534668e-01
0.000000000000000000e+00 2.997691631317138672e-01
0.000000000000000000e+00 4.890311658382415771e-01
0.000000000000000000e+00 2.370505481958389282e-01
0.000000000000000000e+00 1.633800864219665527e-01
0.000000000000000000e+00 1.159174963831901550e-01
0.000000000000000000e+00 8.622983843088150024e-02
0.000000000000000000e+00 5.962334573268890381e-02
0.000000000000000000e+00 5.988936871290206909e-02
0.000000000000000000e+00 5.013607814908027649e-02
0.000000000000000000e+00 6.779607385396957397e-02
0.000000000000000000e+00 7.412597537040710449e-02
0.000000000000000000e+00 8.352828770875930786e-02
0.000000000000000000e+00 8.600403368473052979e-02
0.000000000000000000e+00 1.402144879102706909e-01
0.000000000000000000e+00 1.359878182411193848e-01
0.000000000000000000e+00 1.106278523802757263e-01
0.000000000000000000e+00 1.134750545024871826e-01
0.000000000000000000e+00 1.112496927380561829e-01
0.000000000000000000e+00 1.012954711914062500e-01
0.000000000000000000e+00 1.563545912504196167e-01
0.000000000000000000e+00 2.677468359470367432e-01
0.000000000000000000e+00 3.518458008766174316e-01
0.000000000000000000e+00 3.263780772686004639e-01
0.000000000000000000e+00 3.473505675792694092e-01
0.000000000000000000e+00 4.139231443405151367e-01
0.000000000000000000e+00 1.871872544288635254e-01
0.000000000000000000e+00 1.125454902648925781e-01
0.000000000000000000e+00 7.924114167690277100e-02
0.000000000000000000e+00 5.236180871725082397e-02
0.000000000000000000e+00 4.979974031448364258e-02
0.000000000000000000e+00 5.313167348504066467e-02
0.000000000000000000e+00 5.821561068296432495e-02
0.000000000000000000e+00 8.164146542549133301e-02
0.000000000000000000e+00 1.484044492244720459e-01
0.000000000000000000e+00 1.065299361944198608e-01
0.000000000000000000e+00 1.063913777470588684e-01
0.000000000000000000e+00 1.539653837680816650e-01
0.000000000000000000e+00 1.760396659374237061e-01
0.000000000000000000e+00 2.340774983167648315e-01
0.000000000000000000e+00 3.874451816082000732e-01
0.000000000000000000e+00 5.476920604705810547e-01
0.000000000000000000e+00 6.269929409027099609e-01
0.000000000000000000e+00 6.390722393989562988e-01
0.000000000000000000e+00 6.713460683822631836e-01
0.000000000000000000e+00 5.914485454559326172e-01
0.000000000000000000e+00 4.595324099063873291e-01
0.000000000000000000e+00 4.212422370910644531e-01
0.000000000000000000e+00 2.510351538658142090e-01
0.000000000000000000e+00 4.187535669188946486e-04
0.000000000000000000e+00 5.735053564421832561e-04
0.000000000000000000e+00 7.881839992478489876e-04
0.000000000000000000e+00 6.058606086298823357e-04
0.000000000000000000e+00 1.204198109917342663e-03
0.000000000000000000e+00 2.401716075837612152e-03
0.000000000000000000e+00 4.224624950438737869e-03
0.000000000000000000e+00 4.355708137154579163e-03
0.000000000000000000e+00 3.915245644748210907e-03
0.000000000000000000e+00 4.673180170357227325e-03
0.000000000000000000e+00 6.935136392712593079e-03
0.000000000000000000e+00 9.235547855496406555e-03
0.000000000000000000e+00 7.012061309069395065e-03
0.000000000000000000e+00 7.325111422687768936e-03
0.000000000000000000e+00 7.688716985285282135e-03
0.000000000000000000e+00 7.205751724541187286e-03
1.000000000000000000e+00 1.074444875121116638e-02
0.000000000000000000e+00 9.038886986672878265e-03
0.000000000000000000e+00 1.214517932385206223e-02
0.000000000000000000e+00 2.741988189518451691e-02
0.000000000000000000e+00 3.832702711224555969e-02
0.000000000000000000e+00 3.479253128170967102e-02
0.000000000000000000e+00 4.760066792368888855e-02
0.000000000000000000e+00 5.604521185159683228e-02
0.000000000000000000e+00 5.121816694736480713e-02
0.000000000000000000e+00 3.587390854954719543e-02
0.000000000000000000e+00 1.859617233276367188e-02
0.000000000000000000e+00 1.135439518839120865e-02
0.000000000000000000e+00 6.269085686653852463e-03
0.000000000000000000e+00 3.492689458653330803e-03
0.000000000000000000e+00 2.449732739478349686e-03
0.000000000000000000e+00 1.177450641989707947e-03
0.000000000000000000e+00 6.015879334881901741e-04
0.000000000000000000e+00 4.447134269867092371e-04
0.000000000000000000e+00 3.494630800560116768e-04
0.000000000000000000e+00 1.774283155100420117e-04
0.000000000000000000e+00 1.219920595758594573e-04
0.000000000000000000e+00 1.041723880916833878e-04
0.000000000000000000e+00 7.134753832360729575e-05
0.000000000000000000e+00 5.656494249706156552e-05
0.000000000000000000e+00 4.066439578309655190e-05
0.000000000000000000e+00 4.032599099446088076e-05
0.000000000000000000e+00 3.012796878465451300e-05
0.000000000000000000e+00 3.143966750940307975e-05
0.000000000000000000e+00 3.351221675984561443e-05
0.000000000000000000e+00 4.131048990529961884e-05
0.000000000000000000e+00 5.178438732400536537e-05
0.000000000000000000e+00 6.661486986558884382e-05
0.000000000000000000e+00 1.611205952940508723e-04
0.000000000000000000e+00 1.557181385578587651e-04
0.000000000000000000e+00 1.368179073324427009e-04
0.000000000000000000e+00 6.057418067939579487e-05
0.000000000000000000e+00 5.273528950056061149e-05
0.000000000000000000e+00 4.908830305794253945e-05
0.000000000000000000e+00 3.185433524777181447e-05
0.000000000000000000e+00 2.972683978441637009e-05
0.000000000000000000e+00 3.278420263086445630e-05
0.000000000000000000e+00 1.965340561582706869e-05
0.000000000000000000e+00 1.306690592173254117e-05
0.000000000000000000e+00 1.102524583984632045e-05
0.000000000000000000e+00 1.696428080322220922e-05
0.000000000000000000e+00 1.792379953258205205e-05
0.000000000000000000e+00 1.173061991721624509e-05
0.000000000000000000e+00 1.281141067011049017e-05
0.000000000000000000e+00 1.578355477249715477e-05
0.000000000000000000e+00 2.311964635737240314e-05
0.000000000000000000e+00 2.591330485302023590e-05
0.000000000000000000e+00 3.645711331046186388e-05
0.000000000000000000e+00 5.736877210438251495e-05
0.000000000000000000e+00 5.439518281491473317e-05
0.000000000000000000e+00 5.717745079891756177e-05
0.000000000000000000e+00 6.746287544956430793e-05
0.000000000000000000e+00 9.951950778486207128e-05
0.000000000000000000e+00 8.759925549384206533e-05
0.000000000000000000e+00 9.539062739349901676e-05
