0.000000000000000000e+00 6.032188236713409424e-02
0.000000000000000000e+00 1.064395625144243240e-02
0.000000000000000000e+00 5.567244719713926315e-03
0.000000000000000000e+00 1.227276516146957874e-03
0.000000000000000000e+00 5.642910837195813656e-04
0.000000000000000000e+00 1.607619633432477713e-04
0.000000000000000000e+00 1.282423909287899733e-04
0.000000000000000000e+00 8.223553595598787069e-05
0.000000000000000000e+00 6.443281017709523439e-05
0.000000000000000000e+00 9.401141869602724910e-05
0.000000000000000000e+00 5.536524258786812425e-05
0.000000000000000000e+00 6.314658821793273091e-05
0.000000000000000000e+00 3.517884033499285579e-05
0.000000000000000000e+00 4.099668876733630896e-05
0.000000000000000000e+00 9.248133574146777391e-05
0.000000000000000000e+00 1.790190872270613909e-04
0.000000000000000000e+00 3.778235695790499449e-04
0.000000000000000000e+00 4.459472838789224625e-04
0.000000000000000000e+00 7.875278242863714695e-04
0.000000000000000000e+00 2.102638594806194305e-03
0.000000000000000000e+00 3.040485084056854248e-03
0.000000000000000000e+00 5.772874224931001663e-03
0.000000000000000000e+00 4.806712269783020020e-02
0.000000000000000000e+00 3.479379415512084961e-02
0.000000000000000000e+00 4.651133343577384949e-02
0.000000000000000000e+00 3.818760812282562256e-02
0.000000000000000000e+00 8.255999535322189331e-02
0.000000000000000000e+00 1.319904439151287079e-02
0.000000000000000000e+00 3.601834177970886230e-02
0.000000000000000000e+00 3.280084207653999329e-02
0.000000000000000000e+00 2.850603125989437103e-02
0.000000000000000000e+00 1.338281668722629547e-02
1.000000000000000000e+00 1.613084413111209869e-02
1.000000000000000000e+00 8.264829404652118683e-03
0.000000000000000000e+00 5.518336780369281769e-03
0.000000000000000000e+00 2.768589416518807411e-03
0.000000000000000000e+00 6.947333924472332001e-03
0.000000000000000000e+00 2.523124217987060547e-03
0.000000000000000000e+00 2.209034049883484840e-03
0.000000000000000000e+00 1.984689151868224144e-03
0.000000000000000000e+00 4.010500852018594742e-03
0.000000000000000000e+00 1.606901921331882477e-02
0.000000000000000000e+00 9.241421706974506378e-03
0.000000000000000000e+00 7.161533925682306290e-03
0.000000000000000000e+00 1.578482054173946381e-02
0.000000000000000000e+00 1.385027077049016953e-02
0.000000000000000000e+00 3.706736490130424500e-02
0.000000000000000000e+00 5.459467321634292603e-02
0.000000000000000000e+00 4.303489252924919128e-02
0.000000000000000000e+00 1.630371622741222382e-02
0.000000000000000000e+00 2.531471662223339081e-02
0.000000000000000000e+00 2.550177276134490967e-02
0.000000000000000000e+00 2.029891498386859894e-02
0.000000000000000000e+00 1.333320047706365585e-02
0.000000000000000000e+00 2.215606532990932465e-02
0.000000000000000000e+00 3.344022482633590698e-02
0.000000000000000000e+00 3.738762438297271729e-02
0.000000000000000000e+00 6.085805594921112061e-02
0.000000000000000000e+00 4.585540294647216797e-02
0.000000000000000000e+00 2.362928725779056549e-02
0.000000000000000000e+00 1.016909629106521606e-02
0.000000000000000000e+00 4.469084087759256363e-03
0.000000000000000000e+00 2.017594408243894577e-03
0.000000000000000000e+00 3.358943387866020203e-03
0.000000000000000000e+00 5.179305095225572586e-03
0.000000000000000000e+00 7.595025468617677689e-03
0.000000000000000000e+00 1.671430096030235291e-02
0.000000000000000000e+00 1.891622319817543030e-02
0.000000000000000000e+00 2.601403184235095978e-02
0.000000000000000000e+00 1.765415258705615997e-02
0.000000000000000000e+00 1.941558904945850372e-02
0.000000000000000000e+00 1.174075994640588760e-02
0.000000000000000000e+00 8.653454482555389404e-03
0.000000000000000000e+00 6.510022096335887909e-03
0.000000000000000000e+00 5.552651826292276382e-03
0.000000000000000000e+00 2.979441705974750221e-05
0.000000000000000000e+00 1.333160162175772712e-05
0.000000000000000000e+00 7.377164365607313812e-06
0.000000000000000000e+00 4.225306838634423912e-06
0.000000000000000000e+00 2.791784027067478746e-06
0.000000000000000000e+00 1.400527025907649659e-06
0.000000000000000000e+00 1.343622784588660579e-06
0.000000000000000000e+00 7.724240163042850327e-07
0.000000000000000000e+00 5.503225111169740558e-07
0.000000000000000000e+00 4.973566660737560596e-07
0.000000000000000000e+00 3.057604658351920079e-07
0.000000000000000000e+00 2.155351666033311631e-07
0.000000000000000000e+00 4.479965980408451287e-07
0.000000000000000000e+00 1.397159650196044822e-07
0.000000000000000000e+00 6.698986254605188151e-08
0.000000000000000000e+00 1.191138707667960261e-07
0.000000000000000000e+00 3.212273043118329952e-07
0.000000000000000000e+00 4.828744977203314193e-07
0.000000000000000000e+00 6.518590112136735115e-07
0.000000000000000000e+00 3.958637535106390715e-06
0.000000000000000000e+00 3.125325383734889328e-05
0.000000000000000000e+00 9.458601562073454261e-05
0.000000000000000000e+00 2.055296645266935229e-04
0.000000000000000000e+00 4.453896835912019014e-04
0.000000000000000000e+00 9.824894368648529053e-04
0.000000000000000000e+00 4.458850016817450523e-04
0.000000000000000000e+00 2.450574189424514771e-03
0.000000000000000000e+00 1.713943085633218288e-03
0.000000000000000000e+00 1.466043060645461082e-03
0.000000000000000000e+00 1.010040054097771645e-03
0.000000000000000000e+00 9.564410429447889328e-04
0.000000000000000000e+00 1.408536452800035477e-03
0.000000000000000000e+00 1.145004993304610252e-03
0.000000000000000000e+00 2.475505229085683823e-03
0.000000000000000000e+00 1.809626119211316109e-03
0.000000000000000000e+00 1.742429449222981930e-03
0.000000000000000000e+00 3.425790695473551750e-03
0.000000000000000000e+00 2.498988760635256767e-03
0.000000000000000000e+00 3.821986494585871696e-03
0.000000000000000000e+00 2.163242734968662262e-02
0.000000000000000000e+00 2.815183997154235840e-02
0.000000000000000000e+00 1.134874857962131500e-02
0.000000000000000000e+00 1.140190660953521729e-02
0.000000000000000000e+00 5.052176304161548615e-03
0.000000000000000000e+00 6.401206366717815399e-03
0.000000000000000000e+00 2.061732262372970581e-01
0.000000000000000000e+00 5.150229111313819885e-02
0.000000000000000000e+00 1.800379008054733276e-01
0.000000000000000000e+00 2.619164884090423584e-01
0.000000000000000000e+00 1.032899394631385803e-01
0.000000000000000000e+00 4.461577832698822021e-01
0.000000000000000000e+00 4.277612268924713135e-01
0.000000000000000000e+00 2.563126683235168457e-01
0.000000000000000000e+00 4.255981743335723877e-01
0.000000000000000000e+00 3.327329158782958984e-01
1.000000000000000000e+00 6.820884943008422852e-01
1.000000000000000000e+00 4.606038331985473633e-01
0.000000000000000000e+00 3.754117488861083984e-01
0.000000000000000000e+00 2.726514637470245361e-01
0.000000000000000000e+00 5.278036594390869141e-01
0.000000000000000000e+00 2.421271353960037231e-01
0.000000000000000000e+00 1.430875957012176514e-01
0.000000000000000000e+00 2.286514937877655029e-01
0.000000000000000000e+00 2.522087097167968750e-01
0.000000000000000000e+00 1.104428023099899292e-01
0.000000000000000000e+00 7.697848975658416748e-02
0.000000000000000000e+00 1.207885444164276123e-01
0.000000000000000000e+00 1.208701953291893005e-01
0.000000000000000000e+00 1.225488781929016113e-01
0.000000000000000000e+00 1.900368332862854004e-01
0.000000000000000000e+00 1.208249032497406006e-01
0.000000000000000000e+00 1.353521794080734253e-01
0.000000000000000000e+00 1.322585791349411011e-01
0.000000000000000000e+00 7.286869734525680542e-02
0.000000000000000000e+00 1.216167509555816650e-01
0.000000000000000000e+00 2.340876311063766479e-02
0.000000000000000000e+00 2.257650345563888550e-02
0.000000000000000000e+00 4.908497910946607590e-03
0.000000000000000000e+00 2.534549450501799583e-03
0.000000000000000000e+00 1.606961712241172791e-03
0.000000000000000000e+00 7.289265049621462822e-04
0.000000000000000000e+00 7.564133848063647747e-04
0.000000000000000000e+00 4.000668996013700962e-04
0.000000000000000000e+00 8.823645766824483871e-04
0.000000000000000000e+00 1.049240701831877232e-03
0.000000000000000000e+00 7.901388453319668770e-04
0.000000000000000000e+00 1.289442414417862892e-03
0.000000000000000000e+00 2.216901164501905441e-03
0.000000000000000000e+00 6.554281804710626602e-03
0.000000000000000000e+00 2.103613317012786865e-02
0.000000000000000000e+00 8.048930205404758453e-03
0.000000000000000000e+00 1.499364804476499557e-02
0.000000000000000000e+00 3.100124001502990723e-02
0.000000000000000000e+00 6.064914911985397339e-02
0.000000000000000000e+00 1.815257966518402100e-02
0.000000000000000000e+00 8.355620317161083221e-03
0.000000000000000000e+00 1.435407530516386032e-02
0.000000000000000000e+00 1.074440311640501022e-02
0.000000000000000000e+00 8.143713697791099548e-03
0.000000000000000000e+00 6.695159245282411575e-03
0.000000000000000000e+00 5.676852539181709290e-02
0.000000000000000000e+00 4.827988147735595703e-02
0.000000000000000000e+00 9.553635120391845703e-02
0.000000000000000000e+00 7.029813528060913086e-02
0.000000000000000000e+00 8.116038143634796143e-02
0.000000000000000000e+00 6.531395018100738525e-02
0.000000000000000000e+00 4.675671085715293884e-02
0.000000000000000000e+00 5.888740718364715576e-02
0.000000000000000000e+00 3.067908436059951782e-02
0.000000000000000000e+00 2.751815319061279297e-02
0.000000000000000000e+00 1.111890152096748352e-01
0.000000000000000000e+00 2.422620914876461029e-02
0.000000000000000000e+00 8.010626584291458130e-02
0.000000000000000000e+00 1.102744340896606445e-01
0.000000000000000000e+00 1.354941874742507935e-01
0.000000000000000000e+00 1.318775862455368042e-01
0.000000000000000000e+00 1.812188774347305298e-01
0.000000000000000000e+00 1.186119467020034790e-01
0.000000000000000000e+00 6.700420379638671875e-02
0.000000000000000000e+00 2.628195285797119141e-01
0.000000000000000000e+00 8.205314725637435913e-02
0.000000000000000000e+00 1.346386671066284180e-01
0.000000000000000000e+00 6.721042096614837646e-02
0.000000000000000000e+00 8.935287594795227051e-02
0.000000000000000000e+00 2.255380712449550629e-02
0.000000000000000000e+00 1.547246333211660385e-02
0.000000000000000000e+00 1.004677079617977142e-02
0.000000000000000000e+00 9.351413697004318237e-03
0.000000000000000000e+00 7.039905525743961334e-03
0.000000000000000000e+00 3.709692507982254028e-02
0.000000000000000000e+00 2.950557321310043335e-02
0.000000000000000000e+00 3.158568590879440308e-02
0.000000000000000000e+00 1.320520341396331787e-01
0.000000000000000000e+00 1.324450373649597168e-01
0.000000000000000000e+00 1.247946396470069885e-01
0.000000000000000000e+00 7.796031236648559570e-02
0.000000000000000000e+00 7.010863721370697021e-02
0.000000000000000000e+00 2.015588730573654175e-01
0.000000000000000000e+00 1.211191862821578979e-01
0.000000000000000000e+00 1.978807747364044189e-01
0.000000000000000000e+00 3.010520339012145996e-01
0.000000000000000000e+00 3.019850254058837891e-01
0.000000000000000000e+00 2.535501122474670410e-01
0.000000000000000000e+00 3.418104350566864014e-01
0.000000000000000000e+00 4.316927194595336914e-01
0.000000000000000000e+00 3.844463229179382324e-01
0.000000000000000000e+00 2.585179209709167480e-01
0.000000000000000000e+00 3.787868618965148926e-01
0.000000000000000000e+00 4.196628034114837646e-01
0.000000000000000000e+00 3.700468242168426514e-01
0.000000000000000000e+00 2.293400615453720093e-01
0.000000000000000000e+00 1.747001260519027710e-01
0.000000000000000000e+00 6.310794502496719360e-02
0.000000000000000000e+00 4.282343387603759766e-02
0.000000000000000000e+00 1.166997570544481277e-02
0.000000000000000000e+00 6.739510223269462585e-03
0.000000000000000000e+00 1.641531242057681084e-03
0.000000000000000000e+00 1.738467020913958549e-03
0.000000000000000000e+00 6.606259266845881939e-04
0.000000000000000000e+00 3.277848300058394670e-04
0.000000000000000000e+00 2.713819558266550303e-04
0.000000000000000000e+00 2.107988257193937898e-04
0.000000000000000000e+00 1.728027418721467257e-04
0.000000000000000000e+00 1.154474302893504500e-04
0.000000000000000000e+00 1.436772581655532122e-04
0.000000000000000000e+00 1.322734751738607883e-04
0.000000000000000000e+00 1.200369733851402998e-04
0.000000000000000000e+00 1.321114978054538369e-04
0.000000000000000000e+00 1.260023418581113219e-04
0.000000000000000000e+00 1.491881557740271091e-04
0.000000000000000000e+00 2.787855919450521469e-04
0.000000000000000000e+00 3.227754496037960052e-04
0.000000000000000000e+00 5.986063042655587196e-04
0.000000000000000000e+00 5.569896311499178410e-04
0.000000000000000000e+00 7.024083170108497143e-04
0.000000000000000000e+00 1.228595850989222527e-03
0.000000000000000000e+00 1.345855183899402618e-03
0.000000000000000000e+00 2.231487771496176720e-03
0.000000000000000000e+00 4.375663585960865021e-03
0.000000000000000000e+00 5.336564499884843826e-03
0.000000000000000000e+00 6.361975800246000290e-03
0.000000000000000000e+00 1.390029396861791611e-02
0.000000000000000000e+00 1.410352531820535660e-02
0.000000000000000000e+00 2.007636241614818573e-02
0.000000000000000000e+00 1.602958329021930695e-02
0.000000000000000000e+00 9.211621433496475220e-02
0.000000000000000000e+00 1.021513864398002625e-01
0.000000000000000000e+00 3.196293488144874573e-02
0.000000000000000000e+00 4.176634177565574646e-02
0.000000000000000000e+00 1.638706326484680176e-01
0.000000000000000000e+00 1.625645607709884644e-01
0.000000000000000000e+00 1.581267565488815308e-01
0.000000000000000000e+00 2.720719873905181885e-01
0.000000000000000000e+00 3.254969045519828796e-02
0.000000000000000000e+00 4.024551510810852051e-01
0.000000000000000000e+00 7.764768004417419434e-01
0.000000000000000000e+00 9.329834580421447754e-01
0.000000000000000000e+00 8.695120811462402344e-01
0.000000000000000000e+00 8.772522807121276855e-01
0.000000000000000000e+00 9.535223245620727539e-01
0.000000000000000000e+00 9.160986542701721191e-01
0.000000000000000000e+00 8.950312733650207520e-01
0.000000000000000000e+00 9.282554388046264648e-01
0.000000000000000000e+00 9.011797308921813965e-01
1.000000000000000000e+00 9.412996172904968262e-01
1.000000000000000000e+00 8.986822962760925293e-01
1.000000000000000000e+00 9.078429937362670898e-01
0.000000000000000000e+00 8.209176659584045410e-01
0.000000000000000000e+00 7.134568691253662109e-01
0.000000000000000000e+00 5.548614263534545898e-01
0.000000000000000000e+00 4.085483849048614502e-01
0.000000000000000000e+00 3.069365024566650391e-01
0.000000000000000000e+00 2.750039696693420410e-01
0.000000000000000000e+00 2.937378287315368652e-01
0.000000000000000000e+00 1.635462194681167603e-01
0.000000000000000000e+00 2.169480323791503906e-01
0.000000000000000000e+00 1.686006039381027222e-01
0.000000000000000000e+00 1.621445417404174805e-01
0.000000000000000000e+00 1.316614151000976562e-01
0.000000000000000000e+00 2.218381613492965698e-01
0.000000000000000000e+00 2.107185125350952148e-01
0.000000000000000000e+00 2.183060199022293091e-01
0.000000000000000000e+00 1.685519218444824219e-01
0.000000000000000000e+00 1.469757854938507080e-01
0.000000000000000000e+00 1.188694685697555542e-01
1.000000000000000000e+00 8.325605392456054688e-01
1.000000000000000000e+00 8.794394731521606445e-01
1.000000000000000000e+00 6.514663696289062500e-01
1.000000000000000000e+00 8.103677630424499512e-01
1.000000000000000000e+00 5.767025351524353027e-01
1.000000000000000000e+00 8.220288753509521484e-01
0.000000000000000000e+00 4.291105270385742188e-01
0.000000000000000000e+00 2.179936915636062622e-01
0.000000000000000000e+00 1.500101685523986816e-01
0.000000000000000000e+00 8.907778561115264893e-02
0.000000000000000000e+00 2.955618128180503845e-02
0.000000000000000000e+00 3.636572137475013733e-02
0.000000000000000000e+00 2.097146958112716675e-02
0.000000000000000000e+00 7.067608647048473358e-03
0.000000000000000000e+00 2.890505827963352203e-03
0.000000000000000000e+00 2.999393967911601067e-03
0.000000000000000000e+00 2.389815868809819221e-03
0.000000000000000000e+00 7.579683442600071430e-04
0.000000000000000000e+00 6.317303632386028767e-04
0.000000000000000000e+00 1.488487934693694115e-03
0.000000000000000000e+00 4.575799684971570969e-04
0.000000000000000000e+00 1.352969906292855740e-03
0.000000000000000000e+00 1.361117232590913773e-03
0.000000000000000000e+00 2.144089899957180023e-03
0.000000000000000000e+00 3.294554306194186211e-03
0.000000000000000000e+00 2.905705478042364120e-03
0.000000000000000000e+00 9.719109162688255310e-03
0.000000000000000000e+00 7.779961451888084412e-03
0.000000000000000000e+00 1.393167488276958466e-02
0.000000000000000000e+00 1.476053334772586823e-02
0.000000000000000000e+00 5.064933374524116516e-02
0.000000000000000000e+00 3.040762618184089661e-02
0.000000000000000000e+00 3.114048577845096588e-02
0.000000000000000000e+00 3.865075856447219849e-02
0.000000000000000000e+00 5.597746744751930237e-02
0.000000000000000000e+00 3.798968717455863953e-02
0.000000000000000000e+00 4.549051448702812195e-02
0.000000000000000000e+00 1.525421291589736938e-01
0.000000000000000000e+00 1.272832453250885010e-01
0.000000000000000000e+00 7.413759082555770874e-02
0.000000000000000000e+00 7.310781627893447876e-02
0.000000000000000000e+00 3.331237658858299255e-02
0.000000000000000000e+00 2.024385333061218262e-02
0.000000000000000000e+00 4.127161949872970581e-02
0.000000000000000000e+00 3.037921339273452759e-02
0.000000000000000000e+00 2.786209248006343842e-02
0.000000000000000000e+00 2.850600890815258026e-02
0.000000000000000000e+00 1.138036847114562988e-01
0.000000000000000000e+00 6.015944480895996094e-02
0.000000000000000000e+00 1.144539192318916321e-01
0.000000000000000000e+00 3.014430701732635498e-01
0.000000000000000000e+00 2.705499529838562012e-01
0.000000000000000000e+00 4.797581732273101807e-01
0.000000000000000000e+00 4.857717752456665039e-01
0.000000000000000000e+00 5.735569596290588379e-01
0.000000000000000000e+00 6.015250086784362793e-01
0.000000000000000000e+00 7.021027803421020508e-01
0.000000000000000000e+00 5.796782374382019043e-01
0.000000000000000000e+00 6.888954043388366699e-01
0.000000000000000000e+00 8.455985188484191895e-01
0.000000000000000000e+00 7.566009759902954102e-01
0.000000000000000000e+00 5.652735233306884766e-01
0.000000000000000000e+00 6.424987316131591797e-01
0.000000000000000000e+00 5.375729203224182129e-01
0.000000000000000000e+00 4.233886599540710449e-01
0.000000000000000000e+00 4.052648544311523438e-01
0.000000000000000000e+00 5.769112110137939453e-01
0.000000000000000000e+00 6.946720480918884277e-01
0.000000000000000000e+00 4.806386828422546387e-01
0.000000000000000000e+00 5.125620961189270020e-01
0.000000000000000000e+00 4.544668793678283691e-01
0.000000000000000000e+00 2.886810302734375000e-01
0.000000000000000000e+00 2.060302048921585083e-01
0.000000000000000000e+00 2.342147678136825562e-01
0.000000000000000000e+00 5.730555579066276550e-02
0.000000000000000000e+00 1.008820845527225174e-06
0.000000000000000000e+00 1.721663807074946817e-06
1.000000000000000000e+00 1.559377096782554872e-06
0.000000000000000000e+00 1.352053686787257902e-06
0.000000000000000000e+00 1.358990402877680026e-06
0.000000000000000000e+00 5.318812554833129980e-07
0.000000000000000000e+00 9.036202186507580336e-07
0.000000000000000000e+00 9.419956654710404109e-07
0.000000000000000000e+00 4.308896279781038174e-07
0.000000000000000000e+00 1.744708015394280665e-06
0.000000000000000000e+00 2.482141553628025576e-06
0.000000000000000000e+00 1.101718225982040167e-06
0.000000000000000000e+00 1.421670617673953529e-06
0.000000000000000000e+00 3.628565536928363144e-06
0.000000000000000000e+00 1.336262357654049993e-06
0.000000000000000000e+00 2.447993438181583770e-06
0.000000000000000000e+00 2.186709252782748081e-06
0.000000000000000000e+00 6.543610879816696979e-07
0.000000000000000000e+00 8.676441325405903626e-07
0.000000000000000000e+00 7.148982490434718784e-07
0.000000000000000000e+00 7.862410029702004977e-07
0.000000000000000000e+00 1.076037960956455208e-06
0.000000000000000000e+00 6.909031071700155735e-07
0.000000000000000000e+00 1.667713831920991652e-06
0.000000000000000000e+00 7.605349878758715931e-07
0.000000000000000000e+00 5.682982646249001846e-06
0.000000000000000000e+00 5.903090823267120868e-06
0.000000000000000000e+00 3.812735303654335439e-05
0.000000000000000000e+00 2.630127164593432099e-05
0.000000000000000000e+00 1.186703448183834553e-04
0.000000000000000000e+00 9.792294586077332497e-04
0.000000000000000000e+00 3.451526630669832230e-03
0.000000000000000000e+00 1.699419575743377209e-03
0.000000000000000000e+00 2.776976441964507103e-03
0.000000000000000000e+00 1.122936606407165527e-02
0.000000000000000000e+00 3.403211012482643127e-03
0.000000000000000000e+00 1.070902869105339050e-02
0.000000000000000000e+00 5.361888557672500610e-02
0.000000000000000000e+00 7.508238777518272400e-03
0.000000000000000000e+00 1.450687274336814880e-02
0.000000000000000000e+00 1.410605106502771378e-02
0.000000000000000000e+00 8.049809373915195465e-03
0.000000000000000000e+00 4.395913332700729370e-02
0.000000000000000000e+00 1.044052839279174805e-02
0.000000000000000000e+00 4.526866227388381958e-02
0.000000000000000000e+00 3.207724541425704956e-02
0.000000000000000000e+00 1.735962778329849243e-01
0.000000000000000000e+00 1.838750392198562622e-02
0.000000000000000000e+00 9.974616020917892456e-02
0.000000000000000000e+00 2.005397826433181763e-01
0.000000000000000000e+00 3.789101541042327881e-01
0.000000000000000000e+00 7.038456201553344727e-01
1.000000000000000000e+00 3.420456349849700928e-01
1.000000000000000000e+00 7.546238899230957031e-01
1.000000000000000000e+00 7.342017889022827148e-01
1.000000000000000000e+00 9.656850695610046387e-01
1.000000000000000000e+00 8.917812108993530273e-01
1.000000000000000000e+00 9.078065156936645508e-01
1.000000000000000000e+00 7.750180959701538086e-01
0.000000000000000000e+00 1.974633485078811646e-01
0.000000000000000000e+00 1.010750606656074524e-01
0.000000000000000000e+00 1.964542269706726074e-02
0.000000000000000000e+00 1.431064680218696594e-02
0.000000000000000000e+00 4.063092637807130814e-03
0.000000000000000000e+00 1.100991619750857353e-03
0.000000000000000000e+00 6.358756800182163715e-04
0.000000000000000000e+00 2.778626803774386644e-04
0.000000000000000000e+00 1.557928335387259722e-04
0.000000000000000000e+00 2.911074443545658141e-05
0.000000000000000000e+00 1.672537837293930352e-05
0.000000000000000000e+00 1.338351194135611877e-05
1.000000000000000000e+00 9.425148164154961705e-06
0.000000000000000000e+00 3.851893325190758333e-06
0.000000000000000000e+00 2.189027327403891832e-06
0.000000000000000000e+00 1.844850203269743361e-06
0.000000000000000000e+00 9.698959589004516602e-01
0.000000000000000000e+00 9.668157696723937988e-01
0.000000000000000000e+00 9.619510769844055176e-01
0.000000000000000000e+00 9.721224308013916016e-01
0.000000000000000000e+00 9.561560750007629395e-01
0.000000000000000000e+00 9.506924748420715332e-01
0.000000000000000000e+00 9.544629454612731934e-01
0.000000000000000000e+00 9.615046381950378418e-01
0.000000000000000000e+00 9.566867351531982422e-01
0.000000000000000000e+00 9.574673771858215332e-01
0.000000000000000000e+00 9.715515375137329102e-01
0.000000000000000000e+00 9.724794626235961914e-01
0.000000000000000000e+00 9.757547974586486816e-01
0.000000000000000000e+00 9.838905930519104004e-01
0.000000000000000000e+00 9.850440025329589844e-01
0.000000000000000000e+00 9.858511090278625488e-01
0.000000000000000000e+00 9.862431883811950684e-01
0.000000000000000000e+00 9.906026124954223633e-01
0.000000000000000000e+00 9.912699460983276367e-01
0.000000000000000000e+00 9.898548126220703125e-01
0.000000000000000000e+00 9.929071664810180664e-01
0.000000000000000000e+00 9.952483773231506348e-01
0.000000000000000000e+00 9.956827163696289062e-01
0.000000000000000000e+00 9.964599013328552246e-01
0.000000000000000000e+00 9.963309168815612793e-01
0.000000000000000000e+00 9.974192380905151367e-01
0.000000000000000000e+00 9.978565573692321777e-01
0.000000000000000000e+00 9.977873563766479492e-01
0.000000000000000000e+00 9.976865053176879883e-01
0.000000000000000000e+00 9.979417920112609863e-01
0.000000000000000000e+00 9.979063272476196289e-01
0.000000000000000000e+00 9.983317255973815918e-01
0.000000000000000000e+00 9.978548884391784668e-01
0.000000000000000000e+00 9.981501102447509766e-01
0.000000000000000000e+00 9.986414313316345215e-01
0.000000000000000000e+00 9.985238909721374512e-01
0.000000000000000000e+00 9.984571933746337891e-01
0.000000000000000000e+00 9.989622831344604492e-01
0.000000000000000000e+00 9.987574815750122070e-01
0.000000000000000000e+00 9.989119768142700195e-01
0.000000000000000000e+00 9.989953637123107910e-01
0.000000000000000000e+00 9.988986253738403320e-01
0.000000000000000000e+00 9.989016056060791016e-01
0.000000000000000000e+00 9.987032413482666016e-01
0.000000000000000000e+00 9.990712404251098633e-01
0.000000000000000000e+00 9.989573955535888672e-01
0.000000000000000000e+00 9.990812540054321289e-01
0.000000000000000000e+00 9.986451268196105957e-01
0.000000000000000000e+00 9.989297986030578613e-01
0.000000000000000000e+00 9.990687966346740723e-01
0.000000000000000000e+00 9.988217949867248535e-01
0.000000000000000000e+00 9.988082647323608398e-01
0.000000000000000000e+00 9.987435936927795410e-01
0.000000000000000000e+00 9.990881681442260742e-01
0.000000000000000000e+00 9.988471269607543945e-01
0.000000000000000000e+00 9.986596107482910156e-01
0.000000000000000000e+00 9.987652301788330078e-01
0.000000000000000000e+00 9.984067082405090332e-01
0.000000000000000000e+00 9.985387325286865234e-01
0.000000000000000000e+00 9.981822967529296875e-01
0.000000000000000000e+00 9.977591037750244141e-01
0.000000000000000000e+00 9.973401427268981934e-01
0.000000000000000000e+00 9.976956248283386230e-01
0.000000000000000000e+00 9.975409507751464844e-01
0.000000000000000000e+00 9.947057366371154785e-01
0.000000000000000000e+00 9.949707388877868652e-01
0.000000000000000000e+00 9.955352544784545898e-01
0.000000000000000000e+00 9.949526786804199219e-01
0.000000000000000000e+00 9.961926937103271484e-01
0.000000000000000000e+00 9.941338896751403809e-01
0.000000000000000000e+00 9.933114051818847656e-01
0.000000000000000000e+00 9.918411970138549805e-01
0.000000000000000000e+00 9.930904507637023926e-01
0.000000000000000000e+00 9.904878735542297363e-01
0.000000000000000000e+00 9.796339869499206543e-01
0.000000000000000000e+00 9.557568430900573730e-01
0.000000000000000000e+00 9.735645651817321777e-01
0.000000000000000000e+00 9.697089791297912598e-01
0.000000000000000000e+00 9.871971607208251953e-01
0.000000000000000000e+00 9.898222684860229492e-01
0.000000000000000000e+00 9.905239939689636230e-01
0.000000000000000000e+00 9.911248087882995605e-01
0.000000000000000000e+00 9.860650300979614258e-01
0.000000000000000000e+00 9.890957474708557129e-01
0.000000000000000000e+00 9.934114813804626465e-01
0.000000000000000000e+00 9.938131570816040039e-01
0.000000000000000000e+00 9.949390888214111328e-01
0.000000000000000000e+00 9.919400811195373535e-01
0.000000000000000000e+00 9.931575655937194824e-01
0.000000000000000000e+00 9.956690073013305664e-01
0.000000000000000000e+00 9.957467913627624512e-01
1.000000000000000000e+00 9.974068999290466309e-01
1.000000000000000000e+00 9.961051940917968750e-01
1.000000000000000000e+00 9.936808347702026367e-01
1.000000000000000000e+00 9.909926652908325195e-01
1.000000000000000000e+00 9.959772229194641113e-01
1.000000000000000000e+00 9.856532812118530273e-01
1.000000000000000000e+00 9.729077219963073730e-01
0.000000000000000000e+00 9.261656403541564941e-01
0.000000000000000000e+00 8.890797495841979980e-01
0.000000000000000000e+00 7.730122208595275879e-01
0.000000000000000000e+00 7.764399647712707520e-01
0.000000000000000000e+00 4.643910825252532959e-01
0.000000000000000000e+00 3.241577446460723877e-01
0.000000000000000000e+00 3.722559511661529541e-01
0.000000000000000000e+00 1.919248551130294800e-01
0.000000000000000000e+00 2.126566618680953979e-01
0.000000000000000000e+00 2.408428937196731567e-01
0.000000000000000000e+00 1.956298649311065674e-01
0.000000000000000000e+00 1.492156982421875000e-01
0.000000000000000000e+00 1.104908287525177002e-01
0.000000000000000000e+00 6.619855016469955444e-02
0.000000000000000000e+00 5.123793706297874451e-02
0.000000000000000000e+00 6.011781468987464905e-02
0.000000000000000000e+00 5.959564074873924255e-02
0.000000000000000000e+00 5.328397080302238464e-02
0.000000000000000000e+00 2.716878429055213928e-02
0.000000000000000000e+00 3.386378288269042969e-02
0.000000000000000000e+00 2.360507659614086151e-02
0.000000000000000000e+00 2.195788174867630005e-02
0.000000000000000000e+00 1.619751378893852234e-02
0.000000000000000000e+00 1.400511432439088821e-02
0.000000000000000000e+00 1.098322775214910507e-02
0.000000000000000000e+00 1.612568274140357971e-02
0.000000000000000000e+00 9.286740794777870178e-03
0.000000000000000000e+00 7.476273924112319946e-03
0.000000000000000000e+00 5.050383508205413818e-03
0.000000000000000000e+00 4.376864060759544373e-03
0.000000000000000000e+00 4.589770454913377762e-03
0.000000000000000000e+00 4.643533844500780106e-03
0.000000000000000000e+00 7.702714763581752777e-03
0.000000000000000000e+00 3.248394466936588287e-03
0.000000000000000000e+00 2.627352252602577209e-03
0.000000000000000000e+00 3.741199150681495667e-03
0.000000000000000000e+00 2.831842750310897827e-03
0.000000000000000000e+00 2.748414175584912300e-03
0.000000000000000000e+00 2.420028438791632652e-03
0.000000000000000000e+00 1.935616601258516312e-03
0.000000000000000000e+00 1.941494410857558250e-03
0.000000000000000000e+00 1.572750392369925976e-03
0.000000000000000000e+00 1.742661930620670319e-03
0.000000000000000000e+00 1.990125514566898346e-03
0.000000000000000000e+00 1.718910643830895424e-03
0.000000000000000000e+00 1.414358615875244141e-03
0.000000000000000000e+00 1.183592015877366066e-03
0.000000000000000000e+00 2.019579056650400162e-03
0.000000000000000000e+00 1.540416036732494831e-03
0.000000000000000000e+00 1.051450031809508801e-03
0.000000000000000000e+00 1.955071464180946350e-03
0.000000000000000000e+00 1.033498905599117279e-03
