0.000000000000000000e+00 5.692866444587707520e-02
0.000000000000000000e+00 4.690698534250259399e-02
0.000000000000000000e+00 3.004559874534606934e-02
0.000000000000000000e+00 1.900078542530536652e-02
0.000000000000000000e+00 1.756147667765617371e-02
0.000000000000000000e+00 1.789012923836708069e-02
0.000000000000000000e+00 2.452628687024116516e-02
0.000000000000000000e+00 2.359726652503013611e-02
0.000000000000000000e+00 2.157226018607616425e-02
0.000000000000000000e+00 2.318874187767505646e-02
0.000000000000000000e+00 4.042593389749526978e-02
0.000000000000000000e+00 1.381007432937622070e-01
0.000000000000000000e+00 1.843224465847015381e-01
0.000000000000000000e+00 2.495117783546447754e-01
0.000000000000000000e+00 4.043869376182556152e-01
0.000000000000000000e+00 4.938889443874359131e-01
0.000000000000000000e+00 2.783208787441253662e-01
0.000000000000000000e+00 3.577719032764434814e-01
0.000000000000000000e+00 3.552669882774353027e-01
0.000000000000000000e+00 2.974276244640350342e-01
0.000000000000000000e+00 2.097828388214111328e-01
0.000000000000000000e+00 2.153746038675308228e-01
0.000000000000000000e+00 1.982908695936203003e-01
0.000000000000000000e+00 8.966467529535293579e-02
0.000000000000000000e+00 1.401989012956619263e-01
0.000000000000000000e+00 1.545839905738830566e-01
0.000000000000000000e+00 8.296207338571548462e-02
0.000000000000000000e+00 4.267387837171554565e-02
0.000000000000000000e+00 1.464566215872764587e-02
0.000000000000000000e+00 1.380080822855234146e-02
0.000000000000000000e+00 4.961885046213865280e-03
0.000000000000000000e+00 1.509650610387325287e-03
0.000000000000000000e+00 1.313045853748917580e-03
0.000000000000000000e+00 1.082456903532147408e-03
0.000000000000000000e+00 8.810401195660233498e-04
0.000000000000000000e+00 2.059687161818146706e-03
0.000000000000000000e+00 3.247888060286641121e-03
0.000000000000000000e+00 5.028079729527235031e-03
0.000000000000000000e+00 5.869724787771701813e-03
0.000000000000000000e+00 4.549809731543064117e-03
0.000000000000000000e+00 4.309858195483684540e-03
0.000000000000000000e+00 2.465109806507825851e-03
0.000000000000000000e+00 2.420363482087850571e-03
0.000000000000000000e+00 2.079263096675276756e-03
0.000000000000000000e+00 3.675188170745968819e-03
0.000000000000000000e+00 5.742904264479875565e-03
0.000000000000000000e+00 8.733029477298259735e-03
0.000000000000000000e+00 1.056183502078056335e-02
0.000000000000000000e+00 6.074161734431982040e-03
0.000000000000000000e+00 5.298684351146221161e-03
0.000000000000000000e+00 4.136082716286182404e-03
0.000000000000000000e+00 3.570926608517765999e-03
0.000000000000000000e+00 3.665454685688018799e-03
0.000000000000000000e+00 4.820048343390226364e-03
0.000000000000000000e+00 7.646047510206699371e-03
0.000000000000000000e+00 5.320771131664514542e-03
0.000000000000000000e+00 6.431993097066879272e-03
0.000000000000000000e+00 4.566180985420942307e-03
0.000000000000000000e+00 3.437994513660669327e-03
0.000000000000000000e+00 3.824812592938542366e-03
0.000000000000000000e+00 3.708181204274296761e-03
0.000000000000000000e+00 4.947732202708721161e-03
0.000000000000000000e+00 7.175526581704616547e-03
0.000000000000000000e+00 8.021431975066661835e-03
0.000000000000000000e+00 1.070778537541627884e-02
0.000000000000000000e+00 1.222689915448427200e-02
0.000000000000000000e+00 1.453585177659988403e-02
0.000000000000000000e+00 8.902914822101593018e-03
0.000000000000000000e+00 7.639671675860881805e-03
0.000000000000000000e+00 1.042456831783056259e-02
0.000000000000000000e+00 9.563684463500976562e-03
0.000000000000000000e+00 1.310992054641246796e-02
0.000000000000000000e+00 1.365337986499071121e-02
0.000000000000000000e+00 1.065405365079641342e-02
0.000000000000000000e+00 1.008882466703653336e-02
0.000000000000000000e+00 2.171823522076010704e-03
0.000000000000000000e+00 6.304642185568809509e-03
0.000000000000000000e+00 1.354158576577901840e-02
0.000000000000000000e+00 1.512945629656314850e-02
0.000000000000000000e+00 1.660689339041709900e-02
0.000000000000000000e+00 3.248156979680061340e-02
0.000000000000000000e+00 7.118692994117736816e-02
0.000000000000000000e+00 7.557993382215499878e-02
0.000000000000000000e+00 4.100524261593818665e-02
0.000000000000000000e+00 3.295186161994934082e-02
0.000000000000000000e+00 2.532994747161865234e-02
0.000000000000000000e+00 3.609023615717887878e-02
0.000000000000000000e+00 2.811228483915328979e-02
0.000000000000000000e+00 2.347329072654247284e-02
0.000000000000000000e+00 3.892690315842628479e-02
0.000000000000000000e+00 2.363224700093269348e-02
0.000000000000000000e+00 1.420665718615055084e-02
0.000000000000000000e+00 2.429043501615524292e-02
0.000000000000000000e+00 2.957910671830177307e-02
0.000000000000000000e+00 1.417232677340507507e-02
0.000000000000000000e+00 1.887957751750946045e-02
1.000000000000000000e+00 1.223669294267892838e-02
1.000000000000000000e+00 1.365211419761180878e-02
0.000000000000000000e+00 1.302147656679153442e-02
0.000000000000000000e+00 2.243046462535858154e-02
0.000000000000000000e+00 1.229948922991752625e-02
0.000000000000000000e+00 1.406902354210615158e-02
0.000000000000000000e+00 1.017356570810079575e-02
0.000000000000000000e+00 4.782023373991250992e-03
0.000000000000000000e+00 1.672270824201405048e-03
0.000000000000000000e+00 1.253169029951095581e-03
0.000000000000000000e+00 3.945380449295043945e-04
1.000000000000000000e+00 4.141159297432750463e-04
1.000000000000000000e+00 1.557912037242203951e-04
1.000000000000000000e+00 9.635448805056512356e-05
1.000000000000000000e+00 1.113465623348020017e-04
0.000000000000000000e+00 1.230717753060162067e-04
0.000000000000000000e+00 1.226336462423205376e-04
0.000000000000000000e+00 9.565040818415582180e-05
0.000000000000000000e+00 6.053393371985293925e-05
0.000000000000000000e+00 1.132293109549209476e-04
0.000000000000000000e+00 1.620763941900804639e-04
0.000000000000000000e+00 3.231704758945852518e-04
0.000000000000000000e+00 5.405133706517517567e-04
0.000000000000000000e+00 9.824093431234359741e-04
0.000000000000000000e+00 2.641782164573669434e-03
0.000000000000000000e+00 1.313006505370140076e-03
0.000000000000000000e+00 1.954882405698299408e-03
0.000000000000000000e+00 2.633163705468177795e-03
0.000000000000000000e+00 4.358057864010334015e-03
0.000000000000000000e+00 3.816322656348347664e-03
0.000000000000000000e+00 9.586915373802185059e-03
0.000000000000000000e+00 1.078892778605222702e-02
0.000000000000000000e+00 1.131158322095870972e-02
0.000000000000000000e+00 2.674378827214241028e-02
0.000000000000000000e+00 1.594609767198562622e-02
0.000000000000000000e+00 1.445201504975557327e-02
0.000000000000000000e+00 2.477748133242130280e-02
0.000000000000000000e+00 6.260668486356735229e-02
0.000000000000000000e+00 9.706518799066543579e-02
0.000000000000000000e+00 2.859653532505035400e-01
0.000000000000000000e+00 3.898374438285827637e-01
0.000000000000000000e+00 4.276857972145080566e-01
0.000000000000000000e+00 3.605760037899017334e-01
0.000000000000000000e+00 2.761136591434478760e-01
0.000000000000000000e+00 1.346147507429122925e-01
0.000000000000000000e+00 6.336963921785354614e-02
0.000000000000000000e+00 1.802231743931770325e-02
0.000000000000000000e+00 9.351087734103202820e-03
0.000000000000000000e+00 2.650233451277017593e-03
0.000000000000000000e+00 1.251772162504494190e-03
0.000000000000000000e+00 8.284011273644864559e-04
0.000000000000000000e+00 3.538751916494220495e-04
0.000000000000000000e+00 1.750760420691221952e-04
0.000000000000000000e+00 7.620167161803692579e-05
0.000000000000000000e+00 3.693956136703491211e-02
0.000000000000000000e+00 4.050936922430992126e-02
0.000000000000000000e+00 6.979025155305862427e-02
0.000000000000000000e+00 1.289395540952682495e-01
0.000000000000000000e+00 1.834122836589813232e-01
0.000000000000000000e+00 2.566640079021453857e-01
0.000000000000000000e+00 3.081502616405487061e-01
0.000000000000000000e+00 3.456752598285675049e-01
0.000000000000000000e+00 3.160235285758972168e-01
0.000000000000000000e+00 4.605155587196350098e-01
0.000000000000000000e+00 5.925632715225219727e-01
0.000000000000000000e+00 6.243070363998413086e-01
0.000000000000000000e+00 7.579853534698486328e-01
0.000000000000000000e+00 7.969905734062194824e-01
0.000000000000000000e+00 7.963979840278625488e-01
0.000000000000000000e+00 7.170295715332031250e-01
0.000000000000000000e+00 6.853658556938171387e-01
0.000000000000000000e+00 7.301428914070129395e-01
0.000000000000000000e+00 7.672581076622009277e-01
0.000000000000000000e+00 7.768197655677795410e-01
0.000000000000000000e+00 7.852286696434020996e-01
0.000000000000000000e+00 8.200957179069519043e-01
0.000000000000000000e+00 8.391681313514709473e-01
0.000000000000000000e+00 8.174723982810974121e-01
0.000000000000000000e+00 9.026910662651062012e-01
0.000000000000000000e+00 9.068418145179748535e-01
0.000000000000000000e+00 9.121432900428771973e-01
0.000000000000000000e+00 9.216764569282531738e-01
0.000000000000000000e+00 9.170398116111755371e-01
0.000000000000000000e+00 9.196813702583312988e-01
0.000000000000000000e+00 9.043390154838562012e-01
0.000000000000000000e+00 8.916918635368347168e-01
0.000000000000000000e+00 8.279634714126586914e-01
0.000000000000000000e+00 7.738803029060363770e-01
0.000000000000000000e+00 8.540829420089721680e-01
0.000000000000000000e+00 7.246596813201904297e-01
0.000000000000000000e+00 4.432736933231353760e-01
0.000000000000000000e+00 2.606475651264190674e-01
0.000000000000000000e+00 2.331860512495040894e-01
0.000000000000000000e+00 1.721274107694625854e-01
0.000000000000000000e+00 1.948341727256774902e-01
0.000000000000000000e+00 1.240090653300285339e-01
0.000000000000000000e+00 1.089014932513237000e-01
0.000000000000000000e+00 1.216560900211334229e-01
0.000000000000000000e+00 1.884522438049316406e-01
0.000000000000000000e+00 1.489138007164001465e-01
0.000000000000000000e+00 1.500727981328964233e-01
0.000000000000000000e+00 1.606247872114181519e-01
0.000000000000000000e+00 3.960677385330200195e-01
0.000000000000000000e+00 3.162281811237335205e-01
0.000000000000000000e+00 2.474558800458908081e-01
0.000000000000000000e+00 4.681513309478759766e-01
0.000000000000000000e+00 5.277551412582397461e-01
0.000000000000000000e+00 6.552401185035705566e-01
0.000000000000000000e+00 6.292280554771423340e-01
0.000000000000000000e+00 4.600984156131744385e-01
0.000000000000000000e+00 6.199309229850769043e-01
0.000000000000000000e+00 6.239594221115112305e-01
0.000000000000000000e+00 5.735918879508972168e-01
0.000000000000000000e+00 6.335220336914062500e-01
0.000000000000000000e+00 7.558634281158447266e-01
0.000000000000000000e+00 5.886982679367065430e-01
0.000000000000000000e+00 5.636454820632934570e-01
0.000000000000000000e+00 4.522235691547393799e-01
0.000000000000000000e+00 3.483687043190002441e-01
0.000000000000000000e+00 1.910713315010070801e-01
0.000000000000000000e+00 1.037503555417060852e-01
0.000000000000000000e+00 6.679050624370574951e-02
0.000000000000000000e+00 4.512190818786621094e-02
0.000000000000000000e+00 3.716560080647468567e-02
0.000000000000000000e+00 2.636379003524780273e-02
0.000000000000000000e+00 1.634993404150009155e-02
0.000000000000000000e+00 1.733672618865966797e-02
0.000000000000000000e+00 1.167613733559846878e-02
0.000000000000000000e+00 1.644024066627025604e-02
0.000000000000000000e+00 1.293212324380874634e-01
0.000000000000000000e+00 7.876399904489517212e-02
0.000000000000000000e+00 1.203897818922996521e-01
0.000000000000000000e+00 9.932335466146469116e-02
0.000000000000000000e+00 7.111370563507080078e-02
0.000000000000000000e+00 7.509146630764007568e-02
0.000000000000000000e+00 6.786181777715682983e-02
0.000000000000000000e+00 7.225915789604187012e-02
0.000000000000000000e+00 6.334642320871353149e-02
0.000000000000000000e+00 7.804729044437408447e-02
0.000000000000000000e+00 1.522631049156188965e-01
0.000000000000000000e+00 1.238425374031066895e-01
0.000000000000000000e+00 1.474990993738174438e-01
0.000000000000000000e+00 1.659800112247467041e-01
0.000000000000000000e+00 1.737112402915954590e-01
0.000000000000000000e+00 2.243143469095230103e-01
0.000000000000000000e+00 2.199837267398834229e-01
0.000000000000000000e+00 2.239507138729095459e-01
0.000000000000000000e+00 1.796995997428894043e-01
0.000000000000000000e+00 1.598459482192993164e-01
0.000000000000000000e+00 2.119394689798355103e-01
0.000000000000000000e+00 1.785548180341720581e-01
0.000000000000000000e+00 1.733088642358779907e-01
0.000000000000000000e+00 1.433523446321487427e-01
0.000000000000000000e+00 2.036602199077606201e-01
0.000000000000000000e+00 1.912578642368316650e-01
0.000000000000000000e+00 2.115232646465301514e-01
0.000000000000000000e+00 2.177202552556991577e-01
0.000000000000000000e+00 1.576817184686660767e-01
0.000000000000000000e+00 1.436302959918975830e-01
0.000000000000000000e+00 9.287314862012863159e-02
0.000000000000000000e+00 1.091418638825416565e-01
0.000000000000000000e+00 8.229198306798934937e-02
0.000000000000000000e+00 9.248312562704086304e-02
0.000000000000000000e+00 1.624942421913146973e-01
0.000000000000000000e+00 1.383474916219711304e-01
0.000000000000000000e+00 1.307955235242843628e-01
0.000000000000000000e+00 1.514673680067062378e-01
0.000000000000000000e+00 7.983735948801040649e-02
0.000000000000000000e+00 1.023154184222221375e-01
0.000000000000000000e+00 8.694841712713241577e-02
0.000000000000000000e+00 8.055345714092254639e-02
0.000000000000000000e+00 4.540949314832687378e-02
0.000000000000000000e+00 6.599344313144683838e-02
0.000000000000000000e+00 7.254319638013839722e-02
0.000000000000000000e+00 7.585178315639495850e-02
0.000000000000000000e+00 7.059019804000854492e-02
0.000000000000000000e+00 5.049377307295799255e-02
0.000000000000000000e+00 5.736675858497619629e-02
0.000000000000000000e+00 6.775838881731033325e-02
0.000000000000000000e+00 4.201678931713104248e-02
0.000000000000000000e+00 6.153089925646781921e-02
0.000000000000000000e+00 6.117850169539451599e-02
0.000000000000000000e+00 4.947530850768089294e-02
0.000000000000000000e+00 4.313721507787704468e-02
0.000000000000000000e+00 4.729868844151496887e-02
0.000000000000000000e+00 4.998986423015594482e-02
0.000000000000000000e+00 1.084747761487960815e-01
0.000000000000000000e+00 2.894419990479946136e-02
0.000000000000000000e+00 4.267599433660507202e-02
0.000000000000000000e+00 4.156640172004699707e-02
0.000000000000000000e+00 4.159134253859519958e-02
0.000000000000000000e+00 3.588259220123291016e-02
0.000000000000000000e+00 3.481544554233551025e-02
0.000000000000000000e+00 2.807292342185974121e-02
0.000000000000000000e+00 3.349653258919715881e-02
0.000000000000000000e+00 3.107157722115516663e-02
0.000000000000000000e+00 2.642464265227317810e-02
0.000000000000000000e+00 5.345813557505607605e-02
0.000000000000000000e+00 3.603122010827064514e-02
0.000000000000000000e+00 7.341801375150680542e-02
0.000000000000000000e+00 7.503193616867065430e-02
0.000000000000000000e+00 6.367480009794235229e-02
0.000000000000000000e+00 4.407607391476631165e-02
0.000000000000000000e+00 4.940971359610557556e-02
0.000000000000000000e+00 8.203559368848800659e-02
0.000000000000000000e+00 1.365436911582946777e-01
0.000000000000000000e+00 1.258736401796340942e-01
0.000000000000000000e+00 1.405952423810958862e-01
0.000000000000000000e+00 1.650369018316268921e-01
0.000000000000000000e+00 1.565228104591369629e-01
0.000000000000000000e+00 1.541055440902709961e-01
0.000000000000000000e+00 1.807089298963546753e-01
0.000000000000000000e+00 1.608774960041046143e-01
0.000000000000000000e+00 1.416531205177307129e-01
0.000000000000000000e+00 1.617746651172637939e-01
0.000000000000000000e+00 1.732582896947860718e-01
0.000000000000000000e+00 2.021464258432388306e-01
0.000000000000000000e+00 2.241587340831756592e-01
0.000000000000000000e+00 2.207050323486328125e-01
0.000000000000000000e+00 2.530175745487213135e-01
0.000000000000000000e+00 2.192818969488143921e-01
0.000000000000000000e+00 1.913609802722930908e-01
0.000000000000000000e+00 1.964376866817474365e-01
0.000000000000000000e+00 2.189324349164962769e-01
0.000000000000000000e+00 2.012093365192413330e-01
0.000000000000000000e+00 2.275516986846923828e-01
0.000000000000000000e+00 2.460557669401168823e-01
0.000000000000000000e+00 2.900071740150451660e-01
0.000000000000000000e+00 2.468077987432479858e-01
0.000000000000000000e+00 2.850029170513153076e-01
1.000000000000000000e+00 1.943666189908981323e-01
1.000000000000000000e+00 1.754943728446960449e-01
1.000000000000000000e+00 1.396638005971908569e-01
0.000000000000000000e+00 1.509288996458053589e-01
0.000000000000000000e+00 1.774683594703674316e-01
0.000000000000000000e+00 3.389571011066436768e-01
0.000000000000000000e+00 3.835885524749755859e-01
0.000000000000000000e+00 4.482432603836059570e-01
0.000000000000000000e+00 3.581744730472564697e-01
0.000000000000000000e+00 2.157565057277679443e-01
0.000000000000000000e+00 1.285046637058258057e-01
0.000000000000000000e+00 4.550279304385185242e-02
0.000000000000000000e+00 1.984782144427299500e-02
0.000000000000000000e+00 1.824847050011157990e-02
0.000000000000000000e+00 1.629768498241901398e-02
0.000000000000000000e+00 1.611781679093837738e-02
0.000000000000000000e+00 3.011722117662429810e-02
0.000000000000000000e+00 4.943390563130378723e-02
0.000000000000000000e+00 4.877960681915283203e-02
0.000000000000000000e+00 4.299443960189819336e-02
0.000000000000000000e+00 6.387879699468612671e-02
0.000000000000000000e+00 5.927242338657379150e-02
0.000000000000000000e+00 5.287147685885429382e-02
0.000000000000000000e+00 2.809856832027435303e-02
0.000000000000000000e+00 2.696943655610084534e-02
0.000000000000000000e+00 2.986850403249263763e-02
0.000000000000000000e+00 3.696397319436073303e-02
0.000000000000000000e+00 5.394148081541061401e-02
0.000000000000000000e+00 6.775380671024322510e-02
0.000000000000000000e+00 5.656300857663154602e-02
0.000000000000000000e+00 3.614589571952819824e-02
0.000000000000000000e+00 4.095415771007537842e-02
0.000000000000000000e+00 4.053661227226257324e-02
0.000000000000000000e+00 2.437007054686546326e-02
0.000000000000000000e+00 3.238477930426597595e-02
0.000000000000000000e+00 3.319296613335609436e-02
0.000000000000000000e+00 2.711305208504199982e-02
0.000000000000000000e+00 4.672121256589889526e-02
0.000000000000000000e+00 3.163857758045196533e-02
0.000000000000000000e+00 3.854250162839889526e-02
0.000000000000000000e+00 4.343135282397270203e-02
0.000000000000000000e+00 2.351575717329978943e-02
0.000000000000000000e+00 3.091050311923027039e-02
0.000000000000000000e+00 3.807720541954040527e-02
0.000000000000000000e+00 4.930757731199264526e-02
0.000000000000000000e+00 5.579300224781036377e-02
0.000000000000000000e+00 6.038690730929374695e-02
0.000000000000000000e+00 5.551383644342422485e-02
0.000000000000000000e+00 7.339348644018173218e-02
0.000000000000000000e+00 4.275944083929061890e-03
0.000000000000000000e+00 6.409867666661739349e-03
0.000000000000000000e+00 6.795159075409173965e-03
0.000000000000000000e+00 7.586300373077392578e-03
0.000000000000000000e+00 1.201561838388442993e-02
0.000000000000000000e+00 1.167994085699319839e-02
0.000000000000000000e+00 1.834009028971195221e-02
0.000000000000000000e+00 1.787444390356540680e-02
0.000000000000000000e+00 2.572360076010227203e-02
0.000000000000000000e+00 3.594765439629554749e-02
0.000000000000000000e+00 3.269924595952033997e-02
0.000000000000000000e+00 4.550666734576225281e-02
0.000000000000000000e+00 7.011491805315017700e-02
0.000000000000000000e+00 8.933700621128082275e-02
0.000000000000000000e+00 9.257230907678604126e-02
0.000000000000000000e+00 1.080786362290382385e-01
0.000000000000000000e+00 1.524451971054077148e-01
0.000000000000000000e+00 1.805396676063537598e-01
0.000000000000000000e+00 1.271989643573760986e-01
0.000000000000000000e+00 8.719478547573089600e-02
0.000000000000000000e+00 1.084585115313529968e-01
0.000000000000000000e+00 9.320556372404098511e-02
0.000000000000000000e+00 7.972364127635955811e-02
0.000000000000000000e+00 8.216812461614608765e-02
0.000000000000000000e+00 8.998581022024154663e-02
0.000000000000000000e+00 5.960815027356147766e-02
0.000000000000000000e+00 6.017140299081802368e-02
0.000000000000000000e+00 5.029125139117240906e-02
0.000000000000000000e+00 3.729475662112236023e-02
0.000000000000000000e+00 2.813015319406986237e-02
0.000000000000000000e+00 2.241040766239166260e-02
0.000000000000000000e+00 1.202526222914457321e-02
0.000000000000000000e+00 7.411014288663864136e-03
0.000000000000000000e+00 8.473717607557773590e-03
0.000000000000000000e+00 7.434911560267210007e-03
0.000000000000000000e+00 9.932503104209899902e-03
0.000000000000000000e+00 1.419947296380996704e-02
0.000000000000000000e+00 1.340569648891687393e-02
0.000000000000000000e+00 1.580376736819744110e-02
0.000000000000000000e+00 1.599987223744392395e-02
0.000000000000000000e+00 2.462355792522430420e-02
0.000000000000000000e+00 2.044520154595375061e-02
0.000000000000000000e+00 2.841276302933692932e-02
0.000000000000000000e+00 2.347171679139137268e-02
0.000000000000000000e+00 4.045299813151359558e-02
0.000000000000000000e+00 4.981157556176185608e-02
0.000000000000000000e+00 5.468161776661872864e-02
0.000000000000000000e+00 4.200602322816848755e-02
0.000000000000000000e+00 2.873349376022815704e-02
0.000000000000000000e+00 1.547714043408632278e-02
0.000000000000000000e+00 1.060251891613006592e-02
0.000000000000000000e+00 1.241688895970582962e-02
0.000000000000000000e+00 9.897628799080848694e-03
0.000000000000000000e+00 1.223798375576734543e-02
0.000000000000000000e+00 2.443349920213222504e-02
0.000000000000000000e+00 1.812069118022918701e-02
0.000000000000000000e+00 1.639981009066104889e-02
0.000000000000000000e+00 1.957879215478897095e-02
0.000000000000000000e+00 1.890204288065433502e-02
0.000000000000000000e+00 9.883704595267772675e-03
0.000000000000000000e+00 1.225734315812587738e-02
0.000000000000000000e+00 1.170259620994329453e-02
0.000000000000000000e+00 1.302386075258255005e-02
0.000000000000000000e+00 1.696448586881160736e-02
0.000000000000000000e+00 1.400099229067564011e-02
0.000000000000000000e+00 1.981337927281856537e-02
0.000000000000000000e+00 1.235968153923749924e-02
0.000000000000000000e+00 8.571141399443149567e-03
0.000000000000000000e+00 1.025305781513452530e-02
0.000000000000000000e+00 1.041059289127588272e-02
0.000000000000000000e+00 7.437748368829488754e-03
0.000000000000000000e+00 1.092668157070875168e-02
0.000000000000000000e+00 8.900180459022521973e-03
0.000000000000000000e+00 1.473988406360149384e-02
0.000000000000000000e+00 1.612113602459430695e-02
0.000000000000000000e+00 3.089215792715549469e-02
0.000000000000000000e+00 5.111215636134147644e-02
0.000000000000000000e+00 5.405707657337188721e-02
0.000000000000000000e+00 2.834714017808437347e-02
0.000000000000000000e+00 5.950419232249259949e-02
0.000000000000000000e+00 7.236886769533157349e-02
0.000000000000000000e+00 5.275179818272590637e-02
0.000000000000000000e+00 1.540566384792327881e-01
0.000000000000000000e+00 1.512166410684585571e-01
0.000000000000000000e+00 2.764622867107391357e-01
0.000000000000000000e+00 2.633750438690185547e-01
0.000000000000000000e+00 3.483503460884094238e-01
0.000000000000000000e+00 3.379593789577484131e-01
0.000000000000000000e+00 3.187159001827239990e-01
0.000000000000000000e+00 2.591784298419952393e-01
0.000000000000000000e+00 2.361867278814315796e-01
1.000000000000000000e+00 2.354127615690231323e-01
0.000000000000000000e+00 1.285561621189117432e-01
0.000000000000000000e+00 1.400481909513473511e-01
0.000000000000000000e+00 2.432618886232376099e-01
0.000000000000000000e+00 4.095976054668426514e-01
0.000000000000000000e+00 4.805233180522918701e-01
0.000000000000000000e+00 6.051942706108093262e-01
0.000000000000000000e+00 7.031003832817077637e-01
0.000000000000000000e+00 7.765528559684753418e-01
0.000000000000000000e+00 7.307344675064086914e-01
0.000000000000000000e+00 7.631503343582153320e-01
0.000000000000000000e+00 6.693905591964721680e-01
0.000000000000000000e+00 3.506825864315032959e-01
0.000000000000000000e+00 2.066522985696792603e-01
0.000000000000000000e+00 7.086067646741867065e-02
0.000000000000000000e+00 4.894066229462623596e-02
0.000000000000000000e+00 3.703378140926361084e-02
0.000000000000000000e+00 2.947182394564151764e-02
0.000000000000000000e+00 2.751940861344337463e-02
0.000000000000000000e+00 2.696331962943077087e-02
0.000000000000000000e+00 2.722105942666530609e-02
0.000000000000000000e+00 2.918882854282855988e-02
0.000000000000000000e+00 4.262078925967216492e-02
0.000000000000000000e+00 3.815329447388648987e-02
0.000000000000000000e+00 4.844849929213523865e-02
0.000000000000000000e+00 5.240417644381523132e-02
0.000000000000000000e+00 8.323574066162109375e-02
0.000000000000000000e+00 1.262245625257492065e-01
0.000000000000000000e+00 9.766546636819839478e-02
0.000000000000000000e+00 1.767405569553375244e-01
0.000000000000000000e+00 2.411452531814575195e-01
0.000000000000000000e+00 3.580031991004943848e-01
0.000000000000000000e+00 4.008875191211700439e-01
0.000000000000000000e+00 5.533710718154907227e-01
0.000000000000000000e+00 4.724805057048797607e-01
0.000000000000000000e+00 4.253292381763458252e-01
0.000000000000000000e+00 3.201616406440734863e-01
0.000000000000000000e+00 1.935313045978546143e-01
0.000000000000000000e+00 8.567005395889282227e-02
0.000000000000000000e+00 6.884462386369705200e-02
0.000000000000000000e+00 3.833917155861854553e-02
0.000000000000000000e+00 4.280734434723854065e-02
0.000000000000000000e+00 3.214510157704353333e-02
0.000000000000000000e+00 5.749506503343582153e-02
0.000000000000000000e+00 7.805966585874557495e-02
0.000000000000000000e+00 4.762946814298629761e-02
0.000000000000000000e+00 6.821288168430328369e-02
0.000000000000000000e+00 1.134743541479110718e-01
0.000000000000000000e+00 2.371423691511154175e-01
0.000000000000000000e+00 3.754373490810394287e-01
0.000000000000000000e+00 6.018526554107666016e-01
0.000000000000000000e+00 5.988324880599975586e-01
0.000000000000000000e+00 7.389945387840270996e-01
0.000000000000000000e+00 7.371462583541870117e-01
0.000000000000000000e+00 7.694883942604064941e-01
0.000000000000000000e+00 7.292343974113464355e-01
0.000000000000000000e+00 6.688497662544250488e-01
0.000000000000000000e+00 5.671182870864868164e-01
0.000000000000000000e+00 3.789232373237609863e-01
0.000000000000000000e+00 1.167497757705859840e-04
0.000000000000000000e+00 2.078682155115529895e-04
0.000000000000000000e+00 3.200903884135186672e-04
0.000000000000000000e+00 2.852855541277676821e-04
0.000000000000000000e+00 5.893424968235194683e-04
0.000000000000000000e+00 9.792802156880497932e-04
0.000000000000000000e+00 1.493851887062191963e-03
0.000000000000000000e+00 1.554142218083143234e-03
0.000000000000000000e+00 1.902035903185606003e-03
0.000000000000000000e+00 1.441349741071462631e-03
0.000000000000000000e+00 2.642815001308917999e-03
0.000000000000000000e+00 2.534119179472327232e-03
0.000000000000000000e+00 4.144525155425071716e-03
0.000000000000000000e+00 5.198743194341659546e-03
0.000000000000000000e+00 4.361466504633426666e-03
0.000000000000000000e+00 5.017699208110570908e-03
1.000000000000000000e+00 6.960383616387844086e-03
0.000000000000000000e+00 7.019768003374338150e-03
0.000000000000000000e+00 1.323476061224937439e-02
0.000000000000000000e+00 1.144167967140674591e-02
0.000000000000000000e+00 2.488449215888977051e-02
0.000000000000000000e+00 3.891797363758087158e-02
0.000000000000000000e+00 2.190211601555347443e-02
0.000000000000000000e+00 3.180965036153793335e-02
0.000000000000000000e+00 2.104271575808525085e-02
0.000000000000000000e+00 1.532834861427545547e-02
0.000000000000000000e+00 9.033924899995326996e-03
0.000000000000000000e+00 4.909287206828594208e-03
0.000000000000000000e+00 4.011630546301603317e-03
0.000000000000000000e+00 3.199346130713820457e-03
0.000000000000000000e+00 1.482592546381056309e-03
0.000000000000000000e+00 1.328358775936067104e-03
0.000000000000000000e+00 5.735802697017788887e-04
0.000000000000000000e+00 2.813194587361067533e-04
0.000000000000000000e+00 1.990870514418929815e-04
0.000000000000000000e+00 1.501679507782682776e-04
0.000000000000000000e+00 6.442653830163180828e-05
0.000000000000000000e+00 7.957195339258760214e-05
0.000000000000000000e+00 5.107871766085736454e-05
0.000000000000000000e+00 4.366756184026598930e-05
0.000000000000000000e+00 3.807706525549292564e-05
0.000000000000000000e+00 3.161709173582494259e-05
0.000000000000000000e+00 2.386183041380718350e-05
0.000000000000000000e+00 2.144272002624347806e-05
0.000000000000000000e+00 3.639115311671048403e-05
0.000000000000000000e+00 3.140688204439356923e-05
0.000000000000000000e+00 3.592863140511326492e-05
0.000000000000000000e+00 5.887169390916824341e-05
0.000000000000000000e+00 9.147680975729599595e-05
0.000000000000000000e+00 9.078481525648385286e-05
0.000000000000000000e+00 6.646606925642117858e-05
0.000000000000000000e+00 5.878383672097697854e-05
0.000000000000000000e+00 4.884413647232577205e-05
0.000000000000000000e+00 3.088535231654532254e-05
0.000000000000000000e+00 2.151773333025630563e-05
0.000000000000000000e+00 1.326256824540905654e-05
0.000000000000000000e+00 2.025737194344401360e-05
0.000000000000000000e+00 1.632152816455345601e-05
0.000000000000000000e+00 1.133781279349932447e-05
0.000000000000000000e+00 1.292737852054415271e-05
0.000000000000000000e+00 1.453393997508101165e-05
0.000000000000000000e+00 1.667972719587851316e-05
0.000000000000000000e+00 1.501631140854442492e-05
0.000000000000000000e+00 1.357363180432002991e-05
0.000000000000000000e+00 2.309509909537155181e-05
0.000000000000000000e+00 3.096255750278942287e-05
0.000000000000000000e+00 5.494263677974231541e-05
0.000000000000000000e+00 4.919575803796760738e-05
0.000000000000000000e+00 4.642943531507626176e-05
0.000000000000000000e+00 5.360842260415665805e-05
0.000000000000000000e+00 5.098912515677511692e-05
0.000000000000000000e+00 8.387917478103190660e-05
0.000000000000000000e+00 5.426659481599926949e-05
0.000000000000000000e+00 5.557985787163488567e-05
0.000000000000000000e+00 7.655886292923241854e-05
