0.000000000000000000e+00 2.764605581760406494e-01
0.000000000000000000e+00 2.734689116477966309e-01
0.000000000000000000e+00 2.804412543773651123e-01
0.000000000000000000e+00 3.301559984683990479e-01
0.000000000000000000e+00 5.070024728775024414e-01
0.000000000000000000e+00 5.430974364280700684e-01
0.000000000000000000e+00 4.777987897396087646e-01
0.000000000000000000e+00 5.418255329132080078e-01
0.000000000000000000e+00 6.290687322616577148e-01
0.000000000000000000e+00 7.703961730003356934e-01
0.000000000000000000e+00 7.587772607803344727e-01
0.000000000000000000e+00 8.499804139137268066e-01
0.000000000000000000e+00 9.072796702384948730e-01
0.000000000000000000e+00 9.075539112091064453e-01
0.000000000000000000e+00 8.572913408279418945e-01
1.000000000000000000e+00 8.101672530174255371e-01
1.000000000000000000e+00 7.250152826309204102e-01
1.000000000000000000e+00 7.274881601333618164e-01
0.000000000000000000e+00 7.376713156700134277e-01
0.000000000000000000e+00 5.810274481773376465e-01
0.000000000000000000e+00 6.090816259384155273e-01
0.000000000000000000e+00 5.662346482276916504e-01
0.000000000000000000e+00 4.176584780216217041e-01
0.000000000000000000e+00 4.884811043739318848e-01
0.000000000000000000e+00 5.640013813972473145e-01
0.000000000000000000e+00 5.661880970001220703e-01
0.000000000000000000e+00 6.724650263786315918e-01
1.000000000000000000e+00 5.590906739234924316e-01
0.000000000000000000e+00 5.144022107124328613e-01
0.000000000000000000e+00 3.654727637767791748e-01
0.000000000000000000e+00 3.783903419971466064e-01
0.000000000000000000e+00 1.846802383661270142e-01
1.000000000000000000e+00 2.010562717914581299e-01
0.000000000000000000e+00 1.885668337345123291e-01
0.000000000000000000e+00 1.812204569578170776e-01
0.000000000000000000e+00 2.337008267641067505e-01
0.000000000000000000e+00 3.857216238975524902e-01
1.000000000000000000e+00 3.358006477355957031e-01
1.000000000000000000e+00 4.916209578514099121e-01
0.000000000000000000e+00 5.152006745338439941e-01
0.000000000000000000e+00 4.860949218273162842e-01
0.000000000000000000e+00 3.060443997383117676e-01
0.000000000000000000e+00 2.891274690628051758e-01
0.000000000000000000e+00 1.413413137197494507e-01
0.000000000000000000e+00 1.026436313986778259e-01
0.000000000000000000e+00 1.421174854040145874e-01
0.000000000000000000e+00 1.409056782722473145e-01
0.000000000000000000e+00 1.744135022163391113e-01
0.000000000000000000e+00 2.931959331035614014e-01
0.000000000000000000e+00 1.689493060111999512e-01
0.000000000000000000e+00 2.268173694610595703e-01
0.000000000000000000e+00 1.527129113674163818e-01
0.000000000000000000e+00 1.712827980518341064e-01
0.000000000000000000e+00 1.537231504917144775e-01
0.000000000000000000e+00 1.785295009613037109e-01
0.000000000000000000e+00 1.250805705785751343e-01
0.000000000000000000e+00 9.176664054393768311e-02
0.000000000000000000e+00 8.971321582794189453e-02
0.000000000000000000e+00 8.111637085676193237e-02
0.000000000000000000e+00 9.101984649896621704e-02
0.000000000000000000e+00 9.700901806354522705e-02
0.000000000000000000e+00 1.355338543653488159e-01
0.000000000000000000e+00 1.718765944242477417e-01
0.000000000000000000e+00 1.723940819501876831e-01
0.000000000000000000e+00 2.221796065568923950e-01
0.000000000000000000e+00 1.892970651388168335e-01
0.000000000000000000e+00 1.155575588345527649e-01
0.000000000000000000e+00 1.853022873401641846e-01
0.000000000000000000e+00 1.398095339536666870e-01
0.000000000000000000e+00 8.800306916236877441e-02
0.000000000000000000e+00 1.424222886562347412e-01
0.000000000000000000e+00 8.904172480106353760e-02
0.000000000000000000e+00 1.263406127691268921e-01
1.000000000000000000e+00 9.160880744457244873e-02
0.000000000000000000e+00 7.136762142181396484e-02
0.000000000000000000e+00 1.650968566536903381e-02
0.000000000000000000e+00 1.234282925724983215e-02
0.000000000000000000e+00 2.304810658097267151e-02
0.000000000000000000e+00 1.505386643111705780e-02
0.000000000000000000e+00 1.762055978178977966e-02
0.000000000000000000e+00 1.917061395943164825e-02
0.000000000000000000e+00 2.732971496880054474e-02
0.000000000000000000e+00 3.159053996205329895e-02
0.000000000000000000e+00 3.930192068219184875e-02
0.000000000000000000e+00 5.975162982940673828e-02
0.000000000000000000e+00 4.334142431616783142e-02
0.000000000000000000e+00 9.040825814008712769e-02
0.000000000000000000e+00 1.404254585504531860e-01
0.000000000000000000e+00 2.099780738353729248e-01
0.000000000000000000e+00 2.196048796176910400e-01
0.000000000000000000e+00 2.517615854740142822e-01
0.000000000000000000e+00 3.768739700317382812e-01
0.000000000000000000e+00 4.375812709331512451e-01
0.000000000000000000e+00 4.126778841018676758e-01
0.000000000000000000e+00 5.939922332763671875e-01
1.000000000000000000e+00 5.019326210021972656e-01
1.000000000000000000e+00 6.289768218994140625e-01
1.000000000000000000e+00 7.030581831932067871e-01
1.000000000000000000e+00 7.381501793861389160e-01
1.000000000000000000e+00 7.383943200111389160e-01
1.000000000000000000e+00 6.684156060218811035e-01
1.000000000000000000e+00 7.932457327842712402e-01
0.000000000000000000e+00 6.702760457992553711e-01
0.000000000000000000e+00 7.218283414840698242e-01
0.000000000000000000e+00 6.099138259887695312e-01
0.000000000000000000e+00 6.916240453720092773e-01
1.000000000000000000e+00 5.423681735992431641e-01
1.000000000000000000e+00 6.814134120941162109e-01
1.000000000000000000e+00 6.017028689384460449e-01
1.000000000000000000e+00 5.896216630935668945e-01
1.000000000000000000e+00 5.656663775444030762e-01
1.000000000000000000e+00 5.518471002578735352e-01
1.000000000000000000e+00 5.568327307701110840e-01
0.000000000000000000e+00 4.928588867187500000e-01
0.000000000000000000e+00 5.785557031631469727e-01
0.000000000000000000e+00 5.424711704254150391e-01
0.000000000000000000e+00 5.558705329895019531e-01
0.000000000000000000e+00 6.408112049102783203e-01
0.000000000000000000e+00 7.083825469017028809e-01
0.000000000000000000e+00 6.951351165771484375e-01
0.000000000000000000e+00 7.186912894248962402e-01
0.000000000000000000e+00 6.051344871520996094e-01
0.000000000000000000e+00 5.508163571357727051e-01
0.000000000000000000e+00 4.767951369285583496e-01
0.000000000000000000e+00 1.727737933397293091e-01
0.000000000000000000e+00 1.028172448277473450e-01
0.000000000000000000e+00 5.824457481503486633e-02
0.000000000000000000e+00 4.243000224232673645e-02
0.000000000000000000e+00 3.649324551224708557e-02
0.000000000000000000e+00 2.686910144984722137e-02
0.000000000000000000e+00 2.235065959393978119e-02
0.000000000000000000e+00 1.911711879074573517e-02
1.000000000000000000e+00 1.794438250362873077e-02
1.000000000000000000e+00 2.299468591809272766e-02
0.000000000000000000e+00 2.695634402334690094e-02
0.000000000000000000e+00 5.199187994003295898e-02
0.000000000000000000e+00 8.264128863811492920e-02
0.000000000000000000e+00 1.630913466215133667e-01
1.000000000000000000e+00 3.809712827205657959e-01
1.000000000000000000e+00 3.690366148948669434e-01
0.000000000000000000e+00 3.294759690761566162e-01
0.000000000000000000e+00 2.871182262897491455e-01
0.000000000000000000e+00 2.085341066122055054e-01
0.000000000000000000e+00 2.496394366025924683e-01
0.000000000000000000e+00 3.227178454399108887e-01
0.000000000000000000e+00 1.388584524393081665e-01
0.000000000000000000e+00 1.963726729154586792e-01
0.000000000000000000e+00 1.487150639295578003e-01
0.000000000000000000e+00 1.795838922262191772e-01
0.000000000000000000e+00 1.132590770721435547e-01
0.000000000000000000e+00 4.933897778391838074e-02
0.000000000000000000e+00 4.376928880810737610e-02
0.000000000000000000e+00 4.442128911614418030e-02
0.000000000000000000e+00 4.355840384960174561e-02
0.000000000000000000e+00 8.008677512407302856e-02
0.000000000000000000e+00 1.503546833992004395e-01
0.000000000000000000e+00 1.750682294368743896e-01
0.000000000000000000e+00 4.369179904460906982e-01
0.000000000000000000e+00 4.204777181148529053e-01
0.000000000000000000e+00 4.951564669609069824e-01
0.000000000000000000e+00 6.536017060279846191e-01
0.000000000000000000e+00 7.486074566841125488e-01
0.000000000000000000e+00 6.639556884765625000e-01
0.000000000000000000e+00 6.203371882438659668e-01
0.000000000000000000e+00 5.872544646263122559e-01
0.000000000000000000e+00 4.929725229740142822e-01
0.000000000000000000e+00 3.950440287590026855e-01
0.000000000000000000e+00 2.947614490985870361e-01
0.000000000000000000e+00 4.701613187789916992e-01
0.000000000000000000e+00 3.844053745269775391e-01
0.000000000000000000e+00 6.360416412353515625e-01
0.000000000000000000e+00 7.074888944625854492e-01
0.000000000000000000e+00 7.742584347724914551e-01
0.000000000000000000e+00 7.995959520339965820e-01
0.000000000000000000e+00 9.204708337783813477e-01
0.000000000000000000e+00 8.660916090011596680e-01
0.000000000000000000e+00 9.227266907691955566e-01
0.000000000000000000e+00 8.938024640083312988e-01
0.000000000000000000e+00 9.009894132614135742e-01
0.000000000000000000e+00 8.393388986587524414e-01
0.000000000000000000e+00 6.665409207344055176e-01
0.000000000000000000e+00 7.405096292495727539e-01
0.000000000000000000e+00 5.888348817825317383e-01
0.000000000000000000e+00 6.007253527641296387e-01
0.000000000000000000e+00 4.496503174304962158e-01
0.000000000000000000e+00 4.621956050395965576e-01
0.000000000000000000e+00 5.207468271255493164e-01
0.000000000000000000e+00 4.922943413257598877e-01
0.000000000000000000e+00 3.962159454822540283e-01
0.000000000000000000e+00 3.664061725139617920e-01
0.000000000000000000e+00 2.459609061479568481e-01
0.000000000000000000e+00 2.936027944087982178e-01
0.000000000000000000e+00 1.970568746328353882e-01
0.000000000000000000e+00 2.012649625539779663e-01
1.000000000000000000e+00 1.566335558891296387e-01
1.000000000000000000e+00 2.294378131628036499e-01
0.000000000000000000e+00 2.625572085380554199e-01
0.000000000000000000e+00 2.794681489467620850e-01
0.000000000000000000e+00 5.264430642127990723e-01
0.000000000000000000e+00 6.838209629058837891e-01
0.000000000000000000e+00 6.567607522010803223e-01
0.000000000000000000e+00 6.612003445625305176e-01
0.000000000000000000e+00 7.206720709800720215e-01
0.000000000000000000e+00 6.536953449249267578e-01
0.000000000000000000e+00 5.097619295120239258e-01
0.000000000000000000e+00 4.951818287372589111e-01
0.000000000000000000e+00 5.391001105308532715e-01
0.000000000000000000e+00 6.863600015640258789e-01
0.000000000000000000e+00 6.945528984069824219e-01
0.000000000000000000e+00 7.435152530670166016e-01
0.000000000000000000e+00 7.242919802665710449e-01
0.000000000000000000e+00 8.315860033035278320e-01
0.000000000000000000e+00 8.477105498313903809e-01
0.000000000000000000e+00 7.589256167411804199e-01
0.000000000000000000e+00 6.092353463172912598e-01
1.000000000000000000e+00 6.505638957023620605e-01
1.000000000000000000e+00 4.127038121223449707e-01
1.000000000000000000e+00 3.713943958282470703e-01
0.000000000000000000e+00 2.893966734409332275e-01
0.000000000000000000e+00 2.700924575328826904e-01
0.000000000000000000e+00 2.906192839145660400e-01
0.000000000000000000e+00 3.044985830783843994e-01
0.000000000000000000e+00 2.409050315618515015e-01
0.000000000000000000e+00 2.604588270187377930e-01
0.000000000000000000e+00 1.460506469011306763e-01
0.000000000000000000e+00 5.671826004981994629e-01
0.000000000000000000e+00 4.290066063404083252e-01
0.000000000000000000e+00 5.153065919876098633e-01
0.000000000000000000e+00 5.177354812622070312e-01
0.000000000000000000e+00 4.557250142097473145e-01
0.000000000000000000e+00 4.545329213142395020e-01
0.000000000000000000e+00 4.834025800228118896e-01
0.000000000000000000e+00 4.137696921825408936e-01
0.000000000000000000e+00 2.963718473911285400e-01
1.000000000000000000e+00 3.463479280471801758e-01
0.000000000000000000e+00 4.996027052402496338e-01
0.000000000000000000e+00 2.961178123950958252e-01
0.000000000000000000e+00 5.884900689125061035e-01
0.000000000000000000e+00 5.375099182128906250e-01
1.000000000000000000e+00 5.158096551895141602e-01
0.000000000000000000e+00 5.960761904716491699e-01
0.000000000000000000e+00 7.470313310623168945e-01
0.000000000000000000e+00 4.730200767517089844e-01
0.000000000000000000e+00 4.438994228839874268e-01
0.000000000000000000e+00 4.443463087081909180e-01
0.000000000000000000e+00 4.064506292343139648e-01
0.000000000000000000e+00 3.707619607448577881e-01
0.000000000000000000e+00 4.190143942832946777e-01
0.000000000000000000e+00 2.082103788852691650e-01
1.000000000000000000e+00 2.296310365200042725e-01
1.000000000000000000e+00 3.697340786457061768e-01
1.000000000000000000e+00 3.887710273265838623e-01
1.000000000000000000e+00 3.187235295772552490e-01
0.000000000000000000e+00 1.289520710706710815e-01
0.000000000000000000e+00 2.286287844181060791e-01
0.000000000000000000e+00 1.556452065706253052e-01
0.000000000000000000e+00 1.686111539602279663e-01
0.000000000000000000e+00 2.356035858392715454e-01
0.000000000000000000e+00 1.325283050537109375e-01
0.000000000000000000e+00 3.309794366359710693e-01
0.000000000000000000e+00 4.328096210956573486e-01
0.000000000000000000e+00 4.702902138233184814e-01
0.000000000000000000e+00 4.311587810516357422e-01
0.000000000000000000e+00 3.569373786449432373e-01
0.000000000000000000e+00 2.101876139640808105e-01
0.000000000000000000e+00 3.084717392921447754e-01
0.000000000000000000e+00 2.091985493898391724e-01
0.000000000000000000e+00 1.726190149784088135e-01
0.000000000000000000e+00 1.623074114322662354e-01
1.000000000000000000e+00 1.220083087682723999e-01
1.000000000000000000e+00 1.312183886766433716e-01
1.000000000000000000e+00 2.440958917140960693e-01
0.000000000000000000e+00 1.452375650405883789e-01
0.000000000000000000e+00 1.580550074577331543e-01
0.000000000000000000e+00 1.511331498622894287e-01
0.000000000000000000e+00 9.863775968551635742e-02
0.000000000000000000e+00 7.723955065011978149e-02
0.000000000000000000e+00 1.377706676721572876e-01
0.000000000000000000e+00 1.619833856821060181e-01
0.000000000000000000e+00 1.224786266684532166e-01
0.000000000000000000e+00 1.808821856975555420e-01
0.000000000000000000e+00 1.284116655588150024e-01
0.000000000000000000e+00 1.718598604202270508e-01
0.000000000000000000e+00 4.669319391250610352e-01
0.000000000000000000e+00 2.411343902349472046e-01
0.000000000000000000e+00 1.661378890275955200e-01
0.000000000000000000e+00 1.896130293607711792e-01
0.000000000000000000e+00 3.265095055103302002e-01
0.000000000000000000e+00 2.723668515682220459e-01
0.000000000000000000e+00 3.480502665042877197e-01
0.000000000000000000e+00 1.772904843091964722e-01
1.000000000000000000e+00 1.888246983289718628e-01
0.000000000000000000e+00 1.373255252838134766e-01
0.000000000000000000e+00 2.059520483016967773e-01
0.000000000000000000e+00 4.303330183029174805e-01
0.000000000000000000e+00 4.306403100490570068e-01
0.000000000000000000e+00 4.937856197357177734e-01
0.000000000000000000e+00 6.251870393753051758e-01
0.000000000000000000e+00 5.739334821701049805e-01
0.000000000000000000e+00 4.687306582927703857e-01
0.000000000000000000e+00 9.053931385278701782e-02
0.000000000000000000e+00 9.113745391368865967e-02
0.000000000000000000e+00 1.223128661513328552e-01
0.000000000000000000e+00 2.015343904495239258e-01
0.000000000000000000e+00 2.205654382705688477e-01
0.000000000000000000e+00 3.904918730258941650e-01
0.000000000000000000e+00 3.590869903564453125e-01
0.000000000000000000e+00 2.519764900207519531e-01
0.000000000000000000e+00 1.514693945646286011e-01
0.000000000000000000e+00 1.146852821111679077e-01
0.000000000000000000e+00 2.002115249633789062e-01
0.000000000000000000e+00 1.096341162919998169e-01
0.000000000000000000e+00 1.302433311939239502e-01
0.000000000000000000e+00 1.157005205750465393e-01
0.000000000000000000e+00 2.040224224328994751e-01
0.000000000000000000e+00 2.325062006711959839e-01
1.000000000000000000e+00 1.786876320838928223e-01
0.000000000000000000e+00 2.367297857999801636e-01
0.000000000000000000e+00 2.509944438934326172e-01
0.000000000000000000e+00 1.999759376049041748e-01
1.000000000000000000e+00 1.757865846157073975e-01
1.000000000000000000e+00 1.914997100830078125e-01
1.000000000000000000e+00 1.804297715425491333e-01
1.000000000000000000e+00 2.121929824352264404e-01
1.000000000000000000e+00 3.113571405410766602e-01
1.000000000000000000e+00 2.492552548646926880e-01
1.000000000000000000e+00 2.996760606765747070e-01
1.000000000000000000e+00 4.645761549472808838e-01
1.000000000000000000e+00 5.091165900230407715e-01
1.000000000000000000e+00 6.625937223434448242e-01
0.000000000000000000e+00 7.878943085670471191e-01
0.000000000000000000e+00 7.815802097320556641e-01
0.000000000000000000e+00 7.078328728675842285e-01
1.000000000000000000e+00 7.248687744140625000e-01
0.000000000000000000e+00 7.766181230545043945e-01
0.000000000000000000e+00 7.491160631179809570e-01
0.000000000000000000e+00 7.512963414192199707e-01
1.000000000000000000e+00 7.074317336082458496e-01
0.000000000000000000e+00 6.878380775451660156e-01
0.000000000000000000e+00 6.744200587272644043e-01
0.000000000000000000e+00 5.872309207916259766e-01
0.000000000000000000e+00 7.416718006134033203e-01
0.000000000000000000e+00 5.734146237373352051e-01
0.000000000000000000e+00 6.374142765998840332e-01
0.000000000000000000e+00 5.939785242080688477e-01
0.000000000000000000e+00 6.796598434448242188e-01
0.000000000000000000e+00 6.996175646781921387e-01
0.000000000000000000e+00 4.142393469810485840e-01
1.000000000000000000e+00 2.386479228734970093e-01
1.000000000000000000e+00 7.553566247224807739e-02
1.000000000000000000e+00 5.089404061436653137e-02
1.000000000000000000e+00 4.918836057186126709e-02
0.000000000000000000e+00 4.076609760522842407e-02
0.000000000000000000e+00 8.325366675853729248e-02
0.000000000000000000e+00 8.849020302295684814e-02
0.000000000000000000e+00 8.478412032127380371e-02
0.000000000000000000e+00 5.480325967073440552e-02
0.000000000000000000e+00 4.731118679046630859e-02
0.000000000000000000e+00 2.989460155367851257e-02
0.000000000000000000e+00 3.947378695011138916e-02
0.000000000000000000e+00 2.392194792628288269e-02
0.000000000000000000e+00 2.464978024363517761e-02
0.000000000000000000e+00 2.280532941222190857e-02
0.000000000000000000e+00 3.325722739100456238e-02
0.000000000000000000e+00 3.225003927946090698e-02
0.000000000000000000e+00 2.783537656068801880e-02
0.000000000000000000e+00 2.829050086438655853e-02
0.000000000000000000e+00 1.837943494319915771e-02
0.000000000000000000e+00 3.300633281469345093e-02
0.000000000000000000e+00 2.607467956840991974e-02
0.000000000000000000e+00 2.958457358181476593e-02
0.000000000000000000e+00 2.059901319444179535e-02
0.000000000000000000e+00 3.014313243329524994e-02
0.000000000000000000e+00 3.052003867924213409e-02
0.000000000000000000e+00 3.610997274518013000e-02
0.000000000000000000e+00 4.182465374469757080e-02
0.000000000000000000e+00 4.197411611676216125e-02
0.000000000000000000e+00 3.646843135356903076e-02
0.000000000000000000e+00 7.478439807891845703e-02
0.000000000000000000e+00 4.409877210855484009e-02
0.000000000000000000e+00 3.146664500236511230e-01
0.000000000000000000e+00 3.006402552127838135e-01
0.000000000000000000e+00 2.410939931869506836e-01
0.000000000000000000e+00 2.610570192337036133e-01
0.000000000000000000e+00 2.485327273607254028e-01
0.000000000000000000e+00 4.367628097534179688e-01
0.000000000000000000e+00 4.653106927871704102e-01
0.000000000000000000e+00 4.366997480392456055e-01
0.000000000000000000e+00 4.911895096302032471e-01
0.000000000000000000e+00 4.707384407520294189e-01
1.000000000000000000e+00 4.486634135246276855e-01
1.000000000000000000e+00 5.285933017730712891e-01
0.000000000000000000e+00 3.847818970680236816e-01
0.000000000000000000e+00 3.471146821975708008e-01
0.000000000000000000e+00 2.869828045368194580e-01
1.000000000000000000e+00 1.591530442237854004e-01
1.000000000000000000e+00 1.948737651109695435e-01
0.000000000000000000e+00 7.881221175193786621e-02
0.000000000000000000e+00 1.421883851289749146e-01
0.000000000000000000e+00 8.934996277093887329e-02
0.000000000000000000e+00 1.051294654607772827e-01
0.000000000000000000e+00 2.063231617212295532e-01
1.000000000000000000e+00 1.633995175361633301e-01
0.000000000000000000e+00 2.180913537740707397e-01
0.000000000000000000e+00 1.906294673681259155e-01
0.000000000000000000e+00 1.220931336283683777e-01
0.000000000000000000e+00 1.319114118814468384e-01
1.000000000000000000e+00 5.745447054505348206e-02
0.000000000000000000e+00 5.869251117110252380e-02
0.000000000000000000e+00 3.894736990332603455e-02
0.000000000000000000e+00 5.612414702773094177e-02
0.000000000000000000e+00 1.079415678977966309e-01
1.000000000000000000e+00 1.845177710056304932e-01
1.000000000000000000e+00 2.049396932125091553e-01
0.000000000000000000e+00 3.001216053962707520e-01
0.000000000000000000e+00 2.399855852127075195e-01
0.000000000000000000e+00 1.491509824991226196e-01
0.000000000000000000e+00 1.399109810590744019e-01
0.000000000000000000e+00 1.619101613759994507e-01
1.000000000000000000e+00 1.163383349776268005e-01
0.000000000000000000e+00 1.736730635166168213e-01
0.000000000000000000e+00 2.431694269180297852e-01
0.000000000000000000e+00 1.381283998489379883e-01
0.000000000000000000e+00 1.040933951735496521e-01
0.000000000000000000e+00 4.052279517054557800e-02
0.000000000000000000e+00 4.936650767922401428e-02
0.000000000000000000e+00 1.887871697545051575e-02
0.000000000000000000e+00 2.810136415064334869e-02
0.000000000000000000e+00 7.051898539066314697e-02
0.000000000000000000e+00 8.492799848318099976e-02
0.000000000000000000e+00 1.542704403400421143e-01
0.000000000000000000e+00 1.047290116548538208e-01
0.000000000000000000e+00 9.425087273120880127e-02
0.000000000000000000e+00 6.882336735725402832e-02
0.000000000000000000e+00 5.892988666892051697e-02
0.000000000000000000e+00 6.057982891798019409e-02
0.000000000000000000e+00 6.976621598005294800e-02
0.000000000000000000e+00 6.880713254213333130e-02
0.000000000000000000e+00 4.953640326857566833e-02
0.000000000000000000e+00 5.621416494250297546e-02
0.000000000000000000e+00 3.236645087599754333e-02
0.000000000000000000e+00 3.636286780238151550e-02
0.000000000000000000e+00 1.988051459193229675e-02
0.000000000000000000e+00 2.634526044130325317e-02
0.000000000000000000e+00 1.727694086730480194e-02
0.000000000000000000e+00 2.384059503674507141e-02
0.000000000000000000e+00 3.634497150778770447e-02
0.000000000000000000e+00 3.892194479703903198e-02
0.000000000000000000e+00 6.667713820934295654e-02
0.000000000000000000e+00 6.045712530612945557e-02
0.000000000000000000e+00 4.134123027324676514e-02
0.000000000000000000e+00 6.483420729637145996e-02
0.000000000000000000e+00 5.192989483475685120e-02
0.000000000000000000e+00 4.745637252926826477e-02
0.000000000000000000e+00 4.390571638941764832e-02
0.000000000000000000e+00 4.531549662351608276e-02
0.000000000000000000e+00 5.767195299267768860e-02
0.000000000000000000e+00 7.721448689699172974e-02
0.000000000000000000e+00 5.417275056242942810e-02
0.000000000000000000e+00 7.924451678991317749e-02
0.000000000000000000e+00 9.832479059696197510e-02
0.000000000000000000e+00 1.419664621353149414e-01
0.000000000000000000e+00 9.025347232818603516e-02
0.000000000000000000e+00 1.596321761608123779e-01
1.000000000000000000e+00 7.577157765626907349e-02
1.000000000000000000e+00 9.420326352119445801e-02
1.000000000000000000e+00 8.959316462278366089e-02
1.000000000000000000e+00 7.373465597629547119e-02
1.000000000000000000e+00 6.035904213786125183e-02
0.000000000000000000e+00 6.885841488838195801e-02
0.000000000000000000e+00 1.257670968770980835e-01
0.000000000000000000e+00 2.691406011581420898e-01
0.000000000000000000e+00 3.639329969882965088e-01
0.000000000000000000e+00 3.395289182662963867e-01
0.000000000000000000e+00 3.917125165462493896e-01
0.000000000000000000e+00 3.571130335330963135e-01
0.000000000000000000e+00 3.264765143394470215e-01
0.000000000000000000e+00 2.667002379894256592e-01
0.000000000000000000e+00 1.642199307680130005e-01
0.000000000000000000e+00 1.232406124472618103e-01
0.000000000000000000e+00 1.018629744648933411e-01
1.000000000000000000e+00 1.095946282148361206e-01
1.000000000000000000e+00 8.024740219116210938e-02
1.000000000000000000e+00 1.105554774403572083e-01
0.000000000000000000e+00 2.210988700389862061e-01
0.000000000000000000e+00 1.808214932680130005e-01
0.000000000000000000e+00 2.922778129577636719e-01
1.000000000000000000e+00 1.877012252807617188e-01
1.000000000000000000e+00 2.577405571937561035e-01
0.000000000000000000e+00 1.850785166025161743e-01
0.000000000000000000e+00 1.948473006486892700e-01
0.000000000000000000e+00 2.849412858486175537e-01
0.000000000000000000e+00 2.482136934995651245e-01
0.000000000000000000e+00 2.243810147047042847e-01
0.000000000000000000e+00 2.782936394214630127e-01
0.000000000000000000e+00 2.207443565130233765e-01
0.000000000000000000e+00 2.766772806644439697e-01
0.000000000000000000e+00 3.955813646316528320e-01
0.000000000000000000e+00 5.403625965118408203e-01
0.000000000000000000e+00 6.404672861099243164e-01
1.000000000000000000e+00 6.866389513015747070e-01
1.000000000000000000e+00 5.144699215888977051e-01
1.000000000000000000e+00 4.730326235294342041e-01
1.000000000000000000e+00 3.654196560382843018e-01
0.000000000000000000e+00 2.522310912609100342e-01
0.000000000000000000e+00 1.083185300230979919e-01
0.000000000000000000e+00 1.387937963008880615e-01
0.000000000000000000e+00 1.711662113666534424e-01
0.000000000000000000e+00 1.722425222396850586e-01
0.000000000000000000e+00 2.363588660955429077e-01
0.000000000000000000e+00 2.648121714591979980e-01
0.000000000000000000e+00 3.655371367931365967e-01
0.000000000000000000e+00 3.625217676162719727e-01
0.000000000000000000e+00 3.876129686832427979e-01
0.000000000000000000e+00 4.647604227066040039e-01
0.000000000000000000e+00 4.305012524127960205e-01
0.000000000000000000e+00 5.390276908874511719e-01
0.000000000000000000e+00 6.137693524360656738e-01
0.000000000000000000e+00 6.327916979789733887e-01
0.000000000000000000e+00 6.723178625106811523e-01
0.000000000000000000e+00 6.276960372924804688e-01
0.000000000000000000e+00 5.860947966575622559e-01
0.000000000000000000e+00 3.840022087097167969e-01
0.000000000000000000e+00 2.174115031957626343e-01
0.000000000000000000e+00 1.301298737525939941e-01
0.000000000000000000e+00 1.877302825450897217e-01
0.000000000000000000e+00 2.314885705709457397e-01
0.000000000000000000e+00 3.666856586933135986e-01
1.000000000000000000e+00 3.864362835884094238e-01
1.000000000000000000e+00 4.451188445091247559e-01
0.000000000000000000e+00 5.481451153755187988e-01
0.000000000000000000e+00 5.269072055816650391e-01
0.000000000000000000e+00 4.378055930137634277e-01
0.000000000000000000e+00 5.061287283897399902e-01
0.000000000000000000e+00 4.457705318927764893e-01
0.000000000000000000e+00 5.369557738304138184e-01
0.000000000000000000e+00 4.973911941051483154e-01
0.000000000000000000e+00 3.958731889724731445e-01
0.000000000000000000e+00 4.568730294704437256e-01
1.000000000000000000e+00 4.237702190876007080e-01
1.000000000000000000e+00 3.926466405391693115e-01
1.000000000000000000e+00 3.957891166210174561e-01
1.000000000000000000e+00 4.395639300346374512e-01
0.000000000000000000e+00 4.106526970863342285e-01
0.000000000000000000e+00 2.131560891866683960e-01
0.000000000000000000e+00 3.230121433734893799e-01
0.000000000000000000e+00 3.449206352233886719e-01
0.000000000000000000e+00 4.280594289302825928e-01
0.000000000000000000e+00 2.303286939859390259e-01
0.000000000000000000e+00 2.972180545330047607e-01
0.000000000000000000e+00 3.726655244827270508e-01
0.000000000000000000e+00 4.626840353012084961e-01
0.000000000000000000e+00 3.643751740455627441e-01
0.000000000000000000e+00 3.458941876888275146e-01
0.000000000000000000e+00 3.632015883922576904e-01
0.000000000000000000e+00 3.095189630985260010e-01
0.000000000000000000e+00 2.853865921497344971e-01
1.000000000000000000e+00 4.296259284019470215e-01
0.000000000000000000e+00 3.326520621776580811e-01
0.000000000000000000e+00 2.428714781999588013e-01
0.000000000000000000e+00 3.498116135597229004e-01
0.000000000000000000e+00 2.336389720439910889e-01
1.000000000000000000e+00 3.624033927917480469e-01
0.000000000000000000e+00 2.640335261821746826e-01
0.000000000000000000e+00 3.132725656032562256e-01
0.000000000000000000e+00 2.841675877571105957e-01
0.000000000000000000e+00 2.558148801326751709e-01
0.000000000000000000e+00 2.676862776279449463e-01
0.000000000000000000e+00 1.797246485948562622e-01
0.000000000000000000e+00 1.488867253065109253e-01
0.000000000000000000e+00 2.384894788265228271e-01
0.000000000000000000e+00 2.169460952281951904e-01
0.000000000000000000e+00 1.169836595654487610e-01
0.000000000000000000e+00 1.705757528543472290e-01
0.000000000000000000e+00 1.334821432828903198e-01
0.000000000000000000e+00 1.043864116072654724e-01
0.000000000000000000e+00 1.110008433461189270e-01
0.000000000000000000e+00 1.440516114234924316e-01
0.000000000000000000e+00 1.838133633136749268e-01
0.000000000000000000e+00 1.489980667829513550e-01
0.000000000000000000e+00 1.259598582983016968e-01
0.000000000000000000e+00 1.137092262506484985e-01
0.000000000000000000e+00 1.704626828432083130e-01
0.000000000000000000e+00 2.258358597755432129e-01
0.000000000000000000e+00 2.251179963350296021e-01
0.000000000000000000e+00 2.264534085988998413e-01
1.000000000000000000e+00 1.912452727556228638e-01
0.000000000000000000e+00 1.505447030067443848e-01
0.000000000000000000e+00 2.380179911851882935e-01
0.000000000000000000e+00 2.582925856113433838e-01
0.000000000000000000e+00 2.486177682876586914e-01
0.000000000000000000e+00 2.337820380926132202e-01
0.000000000000000000e+00 1.761680692434310913e-01
0.000000000000000000e+00 2.860609889030456543e-01
0.000000000000000000e+00 1.761715561151504517e-01
0.000000000000000000e+00 2.448653578758239746e-01
0.000000000000000000e+00 2.559944391250610352e-01
0.000000000000000000e+00 1.586641818284988403e-01
0.000000000000000000e+00 1.905436515808105469e-01
0.000000000000000000e+00 1.088918447494506836e-01
