0.000000000000000000e+00 1.652453839778900146e-01
0.000000000000000000e+00 1.827376633882522583e-01
0.000000000000000000e+00 1.066237613558769226e-01
0.000000000000000000e+00 7.964421063661575317e-02
0.000000000000000000e+00 6.691228598356246948e-02
0.000000000000000000e+00 3.990865498781204224e-02
0.000000000000000000e+00 3.015180304646492004e-02
0.000000000000000000e+00 3.255496174097061157e-02
0.000000000000000000e+00 1.994994468986988068e-02
0.000000000000000000e+00 2.045302465558052063e-02
0.000000000000000000e+00 1.680717617273330688e-02
0.000000000000000000e+00 4.516040533781051636e-02
0.000000000000000000e+00 4.183378070592880249e-02
0.000000000000000000e+00 9.544460475444793701e-02
0.000000000000000000e+00 1.127496212720870972e-01
0.000000000000000000e+00 1.883168071508407593e-01
0.000000000000000000e+00 2.347245067358016968e-01
0.000000000000000000e+00 2.352831363677978516e-01
0.000000000000000000e+00 2.611322402954101562e-01
0.000000000000000000e+00 2.815550863742828369e-01
0.000000000000000000e+00 2.031759768724441528e-01
0.000000000000000000e+00 1.900343596935272217e-01
0.000000000000000000e+00 1.473633050918579102e-01
0.000000000000000000e+00 1.479260474443435669e-01
0.000000000000000000e+00 1.183563321828842163e-01
0.000000000000000000e+00 1.384903043508529663e-01
0.000000000000000000e+00 1.097122728824615479e-01
0.000000000000000000e+00 1.552915126085281372e-01
0.000000000000000000e+00 1.325994133949279785e-01
0.000000000000000000e+00 1.146052554249763489e-01
0.000000000000000000e+00 5.406320467591285706e-02
0.000000000000000000e+00 5.700653791427612305e-02
0.000000000000000000e+00 2.553377673029899597e-02
0.000000000000000000e+00 1.295869611203670502e-02
0.000000000000000000e+00 1.487506926059722900e-02
0.000000000000000000e+00 1.302381139248609543e-02
0.000000000000000000e+00 2.570969238877296448e-02
0.000000000000000000e+00 4.653345793485641479e-02
0.000000000000000000e+00 5.475824698805809021e-02
0.000000000000000000e+00 3.965584188699722290e-02
0.000000000000000000e+00 3.664094209671020508e-02
0.000000000000000000e+00 1.925666816532611847e-02
0.000000000000000000e+00 1.102632842957973480e-02
0.000000000000000000e+00 7.288980763405561447e-03
0.000000000000000000e+00 6.961049046367406845e-03
0.000000000000000000e+00 8.883900009095668793e-03
0.000000000000000000e+00 8.190411143004894257e-03
0.000000000000000000e+00 7.096965797245502472e-03
0.000000000000000000e+00 9.593450464308261871e-03
0.000000000000000000e+00 7.843960076570510864e-03
0.000000000000000000e+00 5.090253893285989761e-03
0.000000000000000000e+00 4.103858023881912231e-03
0.000000000000000000e+00 4.481314215809106827e-03
0.000000000000000000e+00 7.303922437131404877e-03
0.000000000000000000e+00 1.043251063674688339e-02
0.000000000000000000e+00 1.061896886676549911e-02
0.000000000000000000e+00 1.001063175499439240e-02
0.000000000000000000e+00 7.721704896539449692e-03
0.000000000000000000e+00 4.602449480444192886e-03
0.000000000000000000e+00 2.856960520148277283e-03
0.000000000000000000e+00 3.079694230109453201e-03
0.000000000000000000e+00 3.122670343145728111e-03
0.000000000000000000e+00 3.879728494212031364e-03
0.000000000000000000e+00 5.348057951778173447e-03
0.000000000000000000e+00 8.788458071649074554e-03
0.000000000000000000e+00 8.726979605853557587e-03
0.000000000000000000e+00 9.575855918228626251e-03
0.000000000000000000e+00 1.022274792194366455e-02
0.000000000000000000e+00 8.318492211401462555e-03
0.000000000000000000e+00 8.439503610134124756e-03
0.000000000000000000e+00 8.350845426321029663e-03
0.000000000000000000e+00 6.962249055504798889e-03
0.000000000000000000e+00 9.836141951382160187e-03
0.000000000000000000e+00 9.563052095472812653e-03
0.000000000000000000e+00 1.139304134994745255e-02
0.000000000000000000e+00 5.194035172462463379e-02
0.000000000000000000e+00 1.010424867272377014e-01
0.000000000000000000e+00 1.658341288566589355e-01
0.000000000000000000e+00 2.668380141258239746e-01
0.000000000000000000e+00 3.252081871032714844e-01
0.000000000000000000e+00 3.858740329742431641e-01
0.000000000000000000e+00 4.285766482353210449e-01
0.000000000000000000e+00 4.151128828525543213e-01
0.000000000000000000e+00 4.092391133308410645e-01
0.000000000000000000e+00 3.275622427463531494e-01
0.000000000000000000e+00 2.697229683399200439e-01
0.000000000000000000e+00 3.003928661346435547e-01
0.000000000000000000e+00 2.904912233352661133e-01
0.000000000000000000e+00 3.278008997440338135e-01
0.000000000000000000e+00 2.109896987676620483e-01
0.000000000000000000e+00 1.665012389421463013e-01
0.000000000000000000e+00 2.166521847248077393e-01
0.000000000000000000e+00 2.917143404483795166e-01
0.000000000000000000e+00 2.038515359163284302e-01
0.000000000000000000e+00 2.232403010129928589e-01
0.000000000000000000e+00 1.932603418827056885e-01
1.000000000000000000e+00 1.999083906412124634e-01
1.000000000000000000e+00 1.294669210910797119e-01
0.000000000000000000e+00 1.089515760540962219e-01
0.000000000000000000e+00 1.634136885404586792e-01
0.000000000000000000e+00 1.645659059286117554e-01
0.000000000000000000e+00 1.572438925504684448e-01
0.000000000000000000e+00 1.513646692037582397e-01
0.000000000000000000e+00 1.461832970380783081e-01
0.000000000000000000e+00 1.073794588446617126e-01
0.000000000000000000e+00 8.751051127910614014e-02
0.000000000000000000e+00 3.764455765485763550e-02
1.000000000000000000e+00 2.678422443568706512e-02
1.000000000000000000e+00 1.393732987344264984e-02
1.000000000000000000e+00 1.398585457354784012e-02
1.000000000000000000e+00 1.060760766267776489e-02
0.000000000000000000e+00 1.031960267573595047e-02
0.000000000000000000e+00 6.635670084506273270e-03
0.000000000000000000e+00 5.635061766952276230e-03
0.000000000000000000e+00 6.736225914210081100e-03
0.000000000000000000e+00 6.732490845024585724e-03
0.000000000000000000e+00 1.071072090417146683e-02
0.000000000000000000e+00 1.402349025011062622e-02
0.000000000000000000e+00 2.006201818585395813e-02
0.000000000000000000e+00 3.347097709774971008e-02
0.000000000000000000e+00 3.973274677991867065e-02
0.000000000000000000e+00 4.333430528640747070e-02
0.000000000000000000e+00 2.723067067563533783e-02
0.000000000000000000e+00 2.589187026023864746e-02
0.000000000000000000e+00 2.641602605581283569e-02
0.000000000000000000e+00 3.744331747293472290e-02
0.000000000000000000e+00 4.561125114560127258e-02
0.000000000000000000e+00 6.569086760282516479e-02
0.000000000000000000e+00 1.038560420274734497e-01
0.000000000000000000e+00 1.240612342953681946e-01
0.000000000000000000e+00 1.920772492885589600e-01
0.000000000000000000e+00 1.719282567501068115e-01
0.000000000000000000e+00 2.927121222019195557e-01
0.000000000000000000e+00 3.394530117511749268e-01
0.000000000000000000e+00 3.764292597770690918e-01
0.000000000000000000e+00 4.640058279037475586e-01
0.000000000000000000e+00 5.179531574249267578e-01
0.000000000000000000e+00 5.814573764801025391e-01
0.000000000000000000e+00 5.219280123710632324e-01
0.000000000000000000e+00 4.684576690196990967e-01
0.000000000000000000e+00 3.435117006301879883e-01
0.000000000000000000e+00 1.933367252349853516e-01
0.000000000000000000e+00 1.736789643764495850e-01
0.000000000000000000e+00 7.480995357036590576e-02
0.000000000000000000e+00 4.998373240232467651e-02
0.000000000000000000e+00 2.301319316029548645e-02
0.000000000000000000e+00 1.211784593760967255e-02
0.000000000000000000e+00 5.468665156513452530e-03
0.000000000000000000e+00 3.001380711793899536e-03
0.000000000000000000e+00 1.464519998989999294e-03
0.000000000000000000e+00 6.821720302104949951e-02
0.000000000000000000e+00 6.401859968900680542e-02
0.000000000000000000e+00 6.194593757390975952e-02
0.000000000000000000e+00 6.376012414693832397e-02
0.000000000000000000e+00 7.721659541130065918e-02
0.000000000000000000e+00 1.291963607072830200e-01
0.000000000000000000e+00 1.753522902727127075e-01
0.000000000000000000e+00 2.114664316177368164e-01
0.000000000000000000e+00 2.871804535388946533e-01
0.000000000000000000e+00 3.003178238868713379e-01
0.000000000000000000e+00 3.228325247764587402e-01
0.000000000000000000e+00 3.843533098697662354e-01
0.000000000000000000e+00 4.516846239566802979e-01
0.000000000000000000e+00 4.400430619716644287e-01
0.000000000000000000e+00 4.460287094116210938e-01
0.000000000000000000e+00 4.029810428619384766e-01
0.000000000000000000e+00 3.801307082176208496e-01
0.000000000000000000e+00 3.826476335525512695e-01
0.000000000000000000e+00 4.169423282146453857e-01
0.000000000000000000e+00 3.709029555320739746e-01
0.000000000000000000e+00 4.640006422996520996e-01
0.000000000000000000e+00 5.160136222839355469e-01
0.000000000000000000e+00 6.766984462738037109e-01
0.000000000000000000e+00 7.518624663352966309e-01
0.000000000000000000e+00 8.381036520004272461e-01
0.000000000000000000e+00 8.493989706039428711e-01
0.000000000000000000e+00 8.894395828247070312e-01
0.000000000000000000e+00 8.926444053649902344e-01
0.000000000000000000e+00 8.870440721511840820e-01
0.000000000000000000e+00 8.690699338912963867e-01
0.000000000000000000e+00 8.656035065650939941e-01
0.000000000000000000e+00 8.208395838737487793e-01
0.000000000000000000e+00 7.544277906417846680e-01
0.000000000000000000e+00 7.590380311012268066e-01
0.000000000000000000e+00 7.681082487106323242e-01
0.000000000000000000e+00 7.317524552345275879e-01
0.000000000000000000e+00 6.685419082641601562e-01
0.000000000000000000e+00 6.663325428962707520e-01
0.000000000000000000e+00 5.977889299392700195e-01
0.000000000000000000e+00 5.042671561241149902e-01
0.000000000000000000e+00 5.936300158500671387e-01
0.000000000000000000e+00 4.041046500205993652e-01
0.000000000000000000e+00 3.239709436893463135e-01
0.000000000000000000e+00 3.584138154983520508e-01
0.000000000000000000e+00 2.440723925828933716e-01
0.000000000000000000e+00 2.757019996643066406e-01
0.000000000000000000e+00 3.169153928756713867e-01
0.000000000000000000e+00 4.018417894840240479e-01
0.000000000000000000e+00 4.916752278804779053e-01
0.000000000000000000e+00 5.314626693725585938e-01
0.000000000000000000e+00 4.747112989425659180e-01
0.000000000000000000e+00 4.379355013370513916e-01
0.000000000000000000e+00 4.605564177036285400e-01
0.000000000000000000e+00 5.309917330741882324e-01
0.000000000000000000e+00 4.431451261043548584e-01
0.000000000000000000e+00 4.342537820339202881e-01
0.000000000000000000e+00 5.034582614898681641e-01
0.000000000000000000e+00 5.387312769889831543e-01
0.000000000000000000e+00 5.977012515068054199e-01
0.000000000000000000e+00 6.799604296684265137e-01
0.000000000000000000e+00 7.722979784011840820e-01
0.000000000000000000e+00 7.864262461662292480e-01
0.000000000000000000e+00 7.118040323257446289e-01
0.000000000000000000e+00 6.055079698562622070e-01
0.000000000000000000e+00 4.005469977855682373e-01
0.000000000000000000e+00 3.190017938613891602e-01
0.000000000000000000e+00 3.856523931026458740e-01
0.000000000000000000e+00 2.680788040161132812e-01
0.000000000000000000e+00 1.835374385118484497e-01
0.000000000000000000e+00 1.521533727645874023e-01
0.000000000000000000e+00 9.103623777627944946e-02
0.000000000000000000e+00 7.177033275365829468e-02
0.000000000000000000e+00 2.496790699660778046e-02
0.000000000000000000e+00 1.923718675971031189e-02
0.000000000000000000e+00 1.457072887569665909e-02
0.000000000000000000e+00 2.467336058616638184e-01
0.000000000000000000e+00 3.584381341934204102e-01
0.000000000000000000e+00 3.503038883209228516e-01
0.000000000000000000e+00 2.514955103397369385e-01
0.000000000000000000e+00 2.660597264766693115e-01
0.000000000000000000e+00 2.638688981533050537e-01
0.000000000000000000e+00 1.758045107126235962e-01
0.000000000000000000e+00 2.000459432601928711e-01
0.000000000000000000e+00 2.075365632772445679e-01
0.000000000000000000e+00 1.447110921144485474e-01
0.000000000000000000e+00 1.637685745954513550e-01
0.000000000000000000e+00 1.323609352111816406e-01
0.000000000000000000e+00 2.234472930431365967e-01
0.000000000000000000e+00 1.761328279972076416e-01
0.000000000000000000e+00 2.026409953832626343e-01
0.000000000000000000e+00 1.963971704244613647e-01
0.000000000000000000e+00 2.099257558584213257e-01
0.000000000000000000e+00 2.342599779367446899e-01
0.000000000000000000e+00 2.516720294952392578e-01
0.000000000000000000e+00 1.808759272098541260e-01
0.000000000000000000e+00 1.718152463436126709e-01
0.000000000000000000e+00 2.362820953130722046e-01
0.000000000000000000e+00 1.738119274377822876e-01
0.000000000000000000e+00 2.279774546623229980e-01
0.000000000000000000e+00 2.184552401304244995e-01
0.000000000000000000e+00 2.456333786249160767e-01
0.000000000000000000e+00 3.455800116062164307e-01
0.000000000000000000e+00 4.451881051063537598e-01
0.000000000000000000e+00 4.638714790344238281e-01
0.000000000000000000e+00 4.391409754753112793e-01
0.000000000000000000e+00 5.373009443283081055e-01
0.000000000000000000e+00 4.843131601810455322e-01
0.000000000000000000e+00 4.556903243064880371e-01
0.000000000000000000e+00 5.670493245124816895e-01
0.000000000000000000e+00 5.878964066505432129e-01
0.000000000000000000e+00 6.369594335556030273e-01
0.000000000000000000e+00 7.089552283287048340e-01
0.000000000000000000e+00 6.680045127868652344e-01
0.000000000000000000e+00 6.259790658950805664e-01
0.000000000000000000e+00 5.788695216178894043e-01
0.000000000000000000e+00 4.935142993927001953e-01
0.000000000000000000e+00 5.490126609802246094e-01
0.000000000000000000e+00 4.980360269546508789e-01
0.000000000000000000e+00 4.662347137928009033e-01
0.000000000000000000e+00 4.925329387187957764e-01
0.000000000000000000e+00 4.418563842773437500e-01
0.000000000000000000e+00 4.667266011238098145e-01
0.000000000000000000e+00 4.311513304710388184e-01
0.000000000000000000e+00 5.327333807945251465e-01
0.000000000000000000e+00 4.728050231933593750e-01
0.000000000000000000e+00 3.930173516273498535e-01
0.000000000000000000e+00 4.053824245929718018e-01
0.000000000000000000e+00 3.643704652786254883e-01
0.000000000000000000e+00 4.277631938457489014e-01
0.000000000000000000e+00 3.957551419734954834e-01
0.000000000000000000e+00 4.534755349159240723e-01
0.000000000000000000e+00 5.156077146530151367e-01
0.000000000000000000e+00 5.686795711517333984e-01
0.000000000000000000e+00 5.457028150558471680e-01
0.000000000000000000e+00 4.993254244327545166e-01
0.000000000000000000e+00 5.262881517410278320e-01
0.000000000000000000e+00 3.939779698848724365e-01
0.000000000000000000e+00 4.225956797599792480e-01
0.000000000000000000e+00 3.253425061702728271e-01
0.000000000000000000e+00 3.727710843086242676e-01
0.000000000000000000e+00 3.826810717582702637e-01
0.000000000000000000e+00 4.075074791908264160e-01
0.000000000000000000e+00 3.457872569561004639e-01
0.000000000000000000e+00 3.463758528232574463e-01
0.000000000000000000e+00 3.698610961437225342e-01
0.000000000000000000e+00 4.722685217857360840e-01
0.000000000000000000e+00 3.794671893119812012e-01
0.000000000000000000e+00 3.806942403316497803e-01
0.000000000000000000e+00 3.532102406024932861e-01
0.000000000000000000e+00 2.991600036621093750e-01
0.000000000000000000e+00 2.617284953594207764e-01
0.000000000000000000e+00 2.277086675167083740e-01
0.000000000000000000e+00 2.665620744228363037e-01
0.000000000000000000e+00 2.571499347686767578e-01
0.000000000000000000e+00 2.571239471435546875e-01
0.000000000000000000e+00 2.406334131956100464e-01
0.000000000000000000e+00 2.623952627182006836e-01
0.000000000000000000e+00 2.585048079490661621e-01
0.000000000000000000e+00 2.416484057903289795e-01
0.000000000000000000e+00 2.535059452056884766e-01
0.000000000000000000e+00 2.535530924797058105e-01
0.000000000000000000e+00 2.566243410110473633e-01
0.000000000000000000e+00 2.514308691024780273e-01
0.000000000000000000e+00 2.634660005569458008e-01
0.000000000000000000e+00 2.685605287551879883e-01
0.000000000000000000e+00 2.850583195686340332e-01
0.000000000000000000e+00 2.714616060256958008e-01
0.000000000000000000e+00 2.721121609210968018e-01
0.000000000000000000e+00 2.775473594665527344e-01
0.000000000000000000e+00 2.903195619583129883e-01
0.000000000000000000e+00 3.058577775955200195e-01
0.000000000000000000e+00 3.441559970378875732e-01
0.000000000000000000e+00 4.269275367259979248e-01
0.000000000000000000e+00 3.979500234127044678e-01
0.000000000000000000e+00 4.046839177608489990e-01
0.000000000000000000e+00 4.327141940593719482e-01
1.000000000000000000e+00 4.154033064842224121e-01
1.000000000000000000e+00 4.830565750598907471e-01
1.000000000000000000e+00 4.110120832920074463e-01
0.000000000000000000e+00 5.185115933418273926e-01
0.000000000000000000e+00 6.443490982055664062e-01
0.000000000000000000e+00 7.308456301689147949e-01
0.000000000000000000e+00 7.565757632255554199e-01
0.000000000000000000e+00 8.782075643539428711e-01
0.000000000000000000e+00 9.306376576423645020e-01
0.000000000000000000e+00 9.432429075241088867e-01
0.000000000000000000e+00 8.818308115005493164e-01
0.000000000000000000e+00 7.636639475822448730e-01
0.000000000000000000e+00 6.939295530319213867e-01
0.000000000000000000e+00 5.581694245338439941e-01
0.000000000000000000e+00 5.118846297264099121e-01
0.000000000000000000e+00 4.366045594215393066e-01
0.000000000000000000e+00 2.833375930786132812e-01
0.000000000000000000e+00 1.693790107965469360e-01
0.000000000000000000e+00 1.103658601641654968e-01
0.000000000000000000e+00 9.004699438810348511e-02
0.000000000000000000e+00 1.016499921679496765e-01
0.000000000000000000e+00 1.105254441499710083e-01
0.000000000000000000e+00 8.964172005653381348e-02
0.000000000000000000e+00 9.602367132902145386e-02
0.000000000000000000e+00 7.820865511894226074e-02
0.000000000000000000e+00 1.119281724095344543e-01
0.000000000000000000e+00 1.264559179544448853e-01
0.000000000000000000e+00 1.539930552244186401e-01
0.000000000000000000e+00 1.836540549993515015e-01
0.000000000000000000e+00 2.031292170286178589e-01
0.000000000000000000e+00 2.145557552576065063e-01
0.000000000000000000e+00 2.242783606052398682e-01
0.000000000000000000e+00 2.568055093288421631e-01
0.000000000000000000e+00 2.656924426555633545e-01
0.000000000000000000e+00 2.688814401626586914e-01
0.000000000000000000e+00 2.581215202808380127e-01
0.000000000000000000e+00 2.624756395816802979e-01
0.000000000000000000e+00 2.778661251068115234e-01
0.000000000000000000e+00 2.724063396453857422e-01
0.000000000000000000e+00 2.714413702487945557e-01
0.000000000000000000e+00 2.870391607284545898e-01
0.000000000000000000e+00 3.002428412437438965e-01
0.000000000000000000e+00 2.737854719161987305e-01
0.000000000000000000e+00 2.817437350749969482e-01
0.000000000000000000e+00 2.679123580455780029e-01
0.000000000000000000e+00 2.574516236782073975e-01
0.000000000000000000e+00 2.845038473606109619e-01
0.000000000000000000e+00 2.942476570606231689e-01
0.000000000000000000e+00 2.936471700668334961e-01
0.000000000000000000e+00 1.758899167180061340e-02
0.000000000000000000e+00 1.860581338405609131e-02
0.000000000000000000e+00 2.221674472093582153e-02
0.000000000000000000e+00 2.359922416508197784e-02
0.000000000000000000e+00 3.042817302048206329e-02
0.000000000000000000e+00 4.417743161320686340e-02
0.000000000000000000e+00 4.379648715257644653e-02
0.000000000000000000e+00 5.879324674606323242e-02
0.000000000000000000e+00 5.811787769198417664e-02
0.000000000000000000e+00 6.624671816825866699e-02
0.000000000000000000e+00 5.977061763405799866e-02
0.000000000000000000e+00 7.306171953678131104e-02
0.000000000000000000e+00 6.745064258575439453e-02
0.000000000000000000e+00 8.460844308137893677e-02
0.000000000000000000e+00 9.410349279642105103e-02
0.000000000000000000e+00 7.031393051147460938e-02
0.000000000000000000e+00 9.747181087732315063e-02
0.000000000000000000e+00 8.164639770984649658e-02
0.000000000000000000e+00 7.926771789789199829e-02
0.000000000000000000e+00 6.570192426443099976e-02
0.000000000000000000e+00 6.350372731685638428e-02
0.000000000000000000e+00 5.402211844921112061e-02
0.000000000000000000e+00 5.818447098135948181e-02
0.000000000000000000e+00 4.481213167309761047e-02
0.000000000000000000e+00 4.195510968565940857e-02
0.000000000000000000e+00 3.704277798533439636e-02
0.000000000000000000e+00 3.148087486624717712e-02
0.000000000000000000e+00 2.664423733949661255e-02
0.000000000000000000e+00 2.338513173162937164e-02
0.000000000000000000e+00 2.515980228781700134e-02
0.000000000000000000e+00 1.865239255130290985e-02
0.000000000000000000e+00 1.443540584295988083e-02
0.000000000000000000e+00 1.386135350912809372e-02
0.000000000000000000e+00 1.116812694817781448e-02
0.000000000000000000e+00 1.027530245482921600e-02
0.000000000000000000e+00 1.490780618041753769e-02
0.000000000000000000e+00 1.754092797636985779e-02
0.000000000000000000e+00 1.467132475227117538e-02
0.000000000000000000e+00 1.845879666507244110e-02
0.000000000000000000e+00 1.747922413051128387e-02
0.000000000000000000e+00 1.730598881840705872e-02
0.000000000000000000e+00 1.658869534730911255e-02
0.000000000000000000e+00 1.604707911610603333e-02
0.000000000000000000e+00 1.875117048621177673e-02
0.000000000000000000e+00 2.086752653121948242e-02
0.000000000000000000e+00 1.967009529471397400e-02
0.000000000000000000e+00 1.908992975950241089e-02
0.000000000000000000e+00 1.386353746056556702e-02
0.000000000000000000e+00 1.065310928970575333e-02
0.000000000000000000e+00 9.280456230044364929e-03
0.000000000000000000e+00 6.849416065961122513e-03
0.000000000000000000e+00 6.813010666519403458e-03
0.000000000000000000e+00 6.610653363168239594e-03
0.000000000000000000e+00 6.451292894780635834e-03
0.000000000000000000e+00 5.450921133160591125e-03
0.000000000000000000e+00 4.937221761792898178e-03
0.000000000000000000e+00 5.224631633609533310e-03
0.000000000000000000e+00 3.977824002504348755e-03
0.000000000000000000e+00 4.709619563072919846e-03
0.000000000000000000e+00 3.959548193961381912e-03
0.000000000000000000e+00 3.972884733229875565e-03
0.000000000000000000e+00 3.979504108428955078e-03
0.000000000000000000e+00 3.561859251931309700e-03
0.000000000000000000e+00 4.414013586938381195e-03
0.000000000000000000e+00 4.122390411794185638e-03
0.000000000000000000e+00 4.417918622493743896e-03
0.000000000000000000e+00 3.414461156353354454e-03
0.000000000000000000e+00 3.472782205790281296e-03
0.000000000000000000e+00 3.147736890241503716e-03
0.000000000000000000e+00 2.718198345974087715e-03
0.000000000000000000e+00 3.171859541907906532e-03
0.000000000000000000e+00 2.797938650473952293e-03
0.000000000000000000e+00 3.678070614114403725e-03
0.000000000000000000e+00 3.642058698460459709e-03
0.000000000000000000e+00 3.183023771271109581e-03
0.000000000000000000e+00 4.294779151678085327e-02
0.000000000000000000e+00 4.521037638187408447e-02
0.000000000000000000e+00 4.050146415829658508e-02
0.000000000000000000e+00 4.264947026968002319e-02
0.000000000000000000e+00 4.114489629864692688e-02
0.000000000000000000e+00 4.148339852690696716e-02
0.000000000000000000e+00 3.760105744004249573e-02
0.000000000000000000e+00 3.475639969110488892e-02
0.000000000000000000e+00 4.694518074393272400e-02
0.000000000000000000e+00 4.458124563097953796e-02
0.000000000000000000e+00 3.959409147500991821e-02
0.000000000000000000e+00 4.937571659684181213e-02
0.000000000000000000e+00 5.331282690167427063e-02
0.000000000000000000e+00 3.998377174139022827e-02
0.000000000000000000e+00 5.346742644906044006e-02
0.000000000000000000e+00 4.065312817692756653e-02
1.000000000000000000e+00 5.489087477326393127e-02
0.000000000000000000e+00 4.534691199660301208e-02
0.000000000000000000e+00 7.017461955547332764e-02
0.000000000000000000e+00 8.750493824481964111e-02
0.000000000000000000e+00 1.187454611063003540e-01
0.000000000000000000e+00 1.805109828710556030e-01
0.000000000000000000e+00 2.315572500228881836e-01
0.000000000000000000e+00 3.960208892822265625e-01
0.000000000000000000e+00 4.733659029006958008e-01
0.000000000000000000e+00 5.584997534751892090e-01
0.000000000000000000e+00 5.477861762046813965e-01
0.000000000000000000e+00 4.888682663440704346e-01
0.000000000000000000e+00 4.516087770462036133e-01
0.000000000000000000e+00 5.751547813415527344e-01
0.000000000000000000e+00 3.437209129333496094e-01
0.000000000000000000e+00 2.106154561042785645e-01
0.000000000000000000e+00 1.090420112013816833e-01
0.000000000000000000e+00 8.115275204181671143e-02
0.000000000000000000e+00 5.172915384173393250e-02
0.000000000000000000e+00 4.483457654714584351e-02
0.000000000000000000e+00 6.053745374083518982e-02
0.000000000000000000e+00 6.822517514228820801e-02
0.000000000000000000e+00 7.916846126317977905e-02
0.000000000000000000e+00 8.931729942560195923e-02
0.000000000000000000e+00 1.129083037376403809e-01
0.000000000000000000e+00 1.014109924435615540e-01
0.000000000000000000e+00 9.302287548780441284e-02
0.000000000000000000e+00 8.288626372814178467e-02
0.000000000000000000e+00 8.448399603366851807e-02
0.000000000000000000e+00 7.517293840646743774e-02
0.000000000000000000e+00 8.217113465070724487e-02
0.000000000000000000e+00 9.962898492813110352e-02
0.000000000000000000e+00 1.655985713005065918e-01
0.000000000000000000e+00 3.493128418922424316e-01
0.000000000000000000e+00 3.492116928100585938e-01
0.000000000000000000e+00 3.785892426967620850e-01
0.000000000000000000e+00 3.495391309261322021e-01
0.000000000000000000e+00 1.715209633111953735e-01
0.000000000000000000e+00 9.065345674753189087e-02
0.000000000000000000e+00 6.541342288255691528e-02
0.000000000000000000e+00 5.855265259742736816e-02
0.000000000000000000e+00 6.074873358011245728e-02
0.000000000000000000e+00 6.709222495555877686e-02
0.000000000000000000e+00 9.649153053760528564e-02
0.000000000000000000e+00 1.016127765178680420e-01
0.000000000000000000e+00 8.135612308979034424e-02
0.000000000000000000e+00 9.344640374183654785e-02
0.000000000000000000e+00 8.153548091650009155e-02
0.000000000000000000e+00 8.856247365474700928e-02
0.000000000000000000e+00 1.460810005664825439e-01
0.000000000000000000e+00 2.626818716526031494e-01
0.000000000000000000e+00 3.919879496097564697e-01
0.000000000000000000e+00 3.375020623207092285e-01
0.000000000000000000e+00 5.347495079040527344e-01
0.000000000000000000e+00 4.474816024303436279e-01
0.000000000000000000e+00 4.655405580997467041e-01
0.000000000000000000e+00 3.734071552753448486e-01
0.000000000000000000e+00 2.374965548515319824e-01
0.000000000000000000e+00 2.973453998565673828e-01
0.000000000000000000e+00 1.059479545801877975e-03
0.000000000000000000e+00 1.526892418041825294e-03
0.000000000000000000e+00 1.672602025792002678e-03
0.000000000000000000e+00 2.041317988187074661e-03
0.000000000000000000e+00 2.169528510421514511e-03
0.000000000000000000e+00 2.360631944611668587e-03
0.000000000000000000e+00 2.921851817518472672e-03
0.000000000000000000e+00 3.681220347061753273e-03
0.000000000000000000e+00 3.514763666316866875e-03
0.000000000000000000e+00 4.005587659776210785e-03
0.000000000000000000e+00 4.732097964733839035e-03
0.000000000000000000e+00 5.742639768868684769e-03
0.000000000000000000e+00 5.642408505082130432e-03
0.000000000000000000e+00 6.592328660190105438e-03
0.000000000000000000e+00 6.951374933123588562e-03
0.000000000000000000e+00 6.344351451843976974e-03
1.000000000000000000e+00 6.288638338446617126e-03
0.000000000000000000e+00 6.581850815564393997e-03
0.000000000000000000e+00 6.946860346943140030e-03
0.000000000000000000e+00 7.099335081875324249e-03
0.000000000000000000e+00 7.843852974474430084e-03
0.000000000000000000e+00 8.532329462468624115e-03
0.000000000000000000e+00 9.452317841351032257e-03
0.000000000000000000e+00 1.035218406468629837e-02
0.000000000000000000e+00 1.184596307575702667e-02
0.000000000000000000e+00 7.898719049990177155e-03
0.000000000000000000e+00 6.740518845617771149e-03
0.000000000000000000e+00 6.860872264951467514e-03
0.000000000000000000e+00 4.852708429098129272e-03
0.000000000000000000e+00 4.257921595126390457e-03
0.000000000000000000e+00 2.852658974006772041e-03
0.000000000000000000e+00 1.580942189320921898e-03
0.000000000000000000e+00 1.265140483155846596e-03
0.000000000000000000e+00 1.007376122288405895e-03
0.000000000000000000e+00 5.858551012352108955e-04
0.000000000000000000e+00 5.093902582302689552e-04
0.000000000000000000e+00 4.248817567713558674e-04
0.000000000000000000e+00 3.669043944682925940e-04
0.000000000000000000e+00 2.544340095482766628e-04
0.000000000000000000e+00 1.789212983567267656e-04
0.000000000000000000e+00 1.255288807442411780e-04
0.000000000000000000e+00 9.549219248583540320e-05
0.000000000000000000e+00 7.825216744095087051e-05
0.000000000000000000e+00 5.845598207088187337e-05
0.000000000000000000e+00 4.635935692931525409e-05
0.000000000000000000e+00 4.572459874907508492e-05
0.000000000000000000e+00 5.488890747074037790e-05
0.000000000000000000e+00 5.307927858666516840e-05
0.000000000000000000e+00 5.739854168496094644e-05
0.000000000000000000e+00 5.646561476169154048e-05
0.000000000000000000e+00 4.561032619676552713e-05
0.000000000000000000e+00 2.921932718891184777e-05
0.000000000000000000e+00 3.863335223286412656e-05
0.000000000000000000e+00 3.006339102284982800e-05
0.000000000000000000e+00 2.536789725127164274e-05
0.000000000000000000e+00 2.356169352424331009e-05
0.000000000000000000e+00 2.129377571691293269e-05
0.000000000000000000e+00 1.772008727130014449e-05
0.000000000000000000e+00 1.424568290531169623e-05
0.000000000000000000e+00 1.687271833361592144e-05
0.000000000000000000e+00 1.565194907016120851e-05
0.000000000000000000e+00 2.126727304130326957e-05
0.000000000000000000e+00 1.688817246758844703e-05
0.000000000000000000e+00 1.673587576078716666e-05
0.000000000000000000e+00 1.538742617412935942e-05
0.000000000000000000e+00 1.587806400493718684e-05
0.000000000000000000e+00 1.574062480358406901e-05
0.000000000000000000e+00 2.236176624137442559e-05
0.000000000000000000e+00 2.124023558280896395e-05
0.000000000000000000e+00 2.141523145837709308e-05
0.000000000000000000e+00 2.496785054972860962e-05
0.000000000000000000e+00 3.103196650044992566e-05
0.000000000000000000e+00 3.823075167019851506e-05
0.000000000000000000e+00 4.098308636457659304e-05
0.000000000000000000e+00 4.483203520067036152e-05
