0.000000000000000000e+00 2.699493765830993652e-01
0.000000000000000000e+00 1.932367980480194092e-01
0.000000000000000000e+00 1.774388104677200317e-01
0.000000000000000000e+00 1.308686882257461548e-01
0.000000000000000000e+00 1.343790888786315918e-01
0.000000000000000000e+00 1.080200597643852234e-01
0.000000000000000000e+00 1.028150245547294617e-01
0.000000000000000000e+00 1.060107946395874023e-01
0.000000000000000000e+00 1.007010266184806824e-01
0.000000000000000000e+00 9.249553829431533813e-02
0.000000000000000000e+00 8.552540838718414307e-02
0.000000000000000000e+00 1.016969904303550720e-01
0.000000000000000000e+00 1.036292016506195068e-01
0.000000000000000000e+00 1.141451969742774963e-01
0.000000000000000000e+00 1.032699048519134521e-01
0.000000000000000000e+00 1.348549574613571167e-01
1.000000000000000000e+00 1.630754172801971436e-01
0.000000000000000000e+00 1.730013340711593628e-01
0.000000000000000000e+00 2.085197716951370239e-01
0.000000000000000000e+00 2.500759661197662354e-01
0.000000000000000000e+00 4.094404578208923340e-01
1.000000000000000000e+00 4.927863776683807373e-01
1.000000000000000000e+00 5.284032821655273438e-01
1.000000000000000000e+00 5.030987262725830078e-01
1.000000000000000000e+00 5.093771815299987793e-01
1.000000000000000000e+00 5.200227499008178711e-01
0.000000000000000000e+00 3.815986216068267822e-01
0.000000000000000000e+00 4.122326970100402832e-01
0.000000000000000000e+00 3.128075003623962402e-01
0.000000000000000000e+00 2.576807737350463867e-01
0.000000000000000000e+00 1.922422945499420166e-01
1.000000000000000000e+00 2.223585098981857300e-01
1.000000000000000000e+00 3.405990302562713623e-01
1.000000000000000000e+00 2.471674978733062744e-01
0.000000000000000000e+00 1.681358367204666138e-01
0.000000000000000000e+00 9.018713235855102539e-02
0.000000000000000000e+00 9.598429501056671143e-02
0.000000000000000000e+00 6.858434528112411499e-02
1.000000000000000000e+00 7.380823045969009399e-02
0.000000000000000000e+00 9.049573540687561035e-02
0.000000000000000000e+00 1.403701007366180420e-01
0.000000000000000000e+00 2.283704131841659546e-01
0.000000000000000000e+00 2.806746959686279297e-01
0.000000000000000000e+00 3.628567159175872803e-01
0.000000000000000000e+00 4.758300483226776123e-01
0.000000000000000000e+00 4.683467745780944824e-01
0.000000000000000000e+00 4.976320862770080566e-01
0.000000000000000000e+00 4.871597290039062500e-01
0.000000000000000000e+00 4.613203108310699463e-01
0.000000000000000000e+00 4.283182024955749512e-01
0.000000000000000000e+00 3.481270372867584229e-01
0.000000000000000000e+00 2.769066393375396729e-01
0.000000000000000000e+00 2.551609575748443604e-01
0.000000000000000000e+00 2.917030453681945801e-01
0.000000000000000000e+00 2.501972913742065430e-01
0.000000000000000000e+00 2.168728113174438477e-01
0.000000000000000000e+00 2.375795841217041016e-01
0.000000000000000000e+00 2.668055295944213867e-01
0.000000000000000000e+00 2.393526583909988403e-01
0.000000000000000000e+00 2.402625679969787598e-01
0.000000000000000000e+00 2.292139232158660889e-01
0.000000000000000000e+00 2.225189656019210815e-01
0.000000000000000000e+00 2.658258378505706787e-01
0.000000000000000000e+00 2.479829937219619751e-01
1.000000000000000000e+00 2.635431289672851562e-01
0.000000000000000000e+00 2.963379621505737305e-01
0.000000000000000000e+00 3.696453869342803955e-01
0.000000000000000000e+00 3.834278285503387451e-01
0.000000000000000000e+00 5.000362396240234375e-01
0.000000000000000000e+00 6.571826338768005371e-01
0.000000000000000000e+00 6.449915170669555664e-01
0.000000000000000000e+00 6.732217073440551758e-01
0.000000000000000000e+00 7.272018790245056152e-01
1.000000000000000000e+00 7.237378358840942383e-01
0.000000000000000000e+00 7.777752876281738281e-01
0.000000000000000000e+00 6.493118405342102051e-01
0.000000000000000000e+00 4.983742833137512207e-01
0.000000000000000000e+00 4.105239510536193848e-01
0.000000000000000000e+00 4.216520488262176514e-01
0.000000000000000000e+00 2.720991671085357666e-01
0.000000000000000000e+00 3.044824302196502686e-01
0.000000000000000000e+00 2.105787843465805054e-01
0.000000000000000000e+00 1.756362020969390869e-01
0.000000000000000000e+00 1.738431602716445923e-01
0.000000000000000000e+00 1.639526933431625366e-01
0.000000000000000000e+00 1.646603792905807495e-01
0.000000000000000000e+00 1.448256373405456543e-01
0.000000000000000000e+00 1.445995569229125977e-01
0.000000000000000000e+00 1.436111629009246826e-01
0.000000000000000000e+00 1.313845217227935791e-01
0.000000000000000000e+00 1.310588419437408447e-01
1.000000000000000000e+00 1.519313603639602661e-01
1.000000000000000000e+00 1.572038680315017700e-01
0.000000000000000000e+00 1.720109432935714722e-01
0.000000000000000000e+00 1.878758668899536133e-01
0.000000000000000000e+00 2.988448441028594971e-01
1.000000000000000000e+00 3.976496458053588867e-01
1.000000000000000000e+00 4.921213388442993164e-01
1.000000000000000000e+00 5.796669125556945801e-01
0.000000000000000000e+00 5.476263761520385742e-01
0.000000000000000000e+00 5.147316455841064453e-01
0.000000000000000000e+00 5.653969645500183105e-01
0.000000000000000000e+00 4.869366586208343506e-01
0.000000000000000000e+00 4.694864749908447266e-01
0.000000000000000000e+00 5.047256350517272949e-01
0.000000000000000000e+00 4.868265092372894287e-01
0.000000000000000000e+00 5.174639225006103516e-01
0.000000000000000000e+00 5.324349403381347656e-01
0.000000000000000000e+00 4.913696646690368652e-01
0.000000000000000000e+00 5.104477405548095703e-01
0.000000000000000000e+00 4.297498166561126709e-01
0.000000000000000000e+00 4.540424048900604248e-01
0.000000000000000000e+00 4.600969851016998291e-01
0.000000000000000000e+00 4.573400616645812988e-01
0.000000000000000000e+00 5.378679037094116211e-01
0.000000000000000000e+00 4.801313877105712891e-01
0.000000000000000000e+00 4.600709080696105957e-01
0.000000000000000000e+00 4.459550082683563232e-01
0.000000000000000000e+00 5.266656279563903809e-01
0.000000000000000000e+00 5.143483877182006836e-01
0.000000000000000000e+00 5.649172663688659668e-01
0.000000000000000000e+00 5.383551120758056641e-01
0.000000000000000000e+00 5.911473035812377930e-01
0.000000000000000000e+00 5.714344382286071777e-01
0.000000000000000000e+00 5.998527407646179199e-01
0.000000000000000000e+00 6.220536231994628906e-01
0.000000000000000000e+00 6.455954909324645996e-01
0.000000000000000000e+00 6.088209152221679688e-01
0.000000000000000000e+00 6.035100817680358887e-01
1.000000000000000000e+00 6.032419800758361816e-01
1.000000000000000000e+00 6.137273907661437988e-01
1.000000000000000000e+00 6.643012166023254395e-01
1.000000000000000000e+00 6.318351030349731445e-01
1.000000000000000000e+00 6.549401283264160156e-01
1.000000000000000000e+00 5.927824378013610840e-01
0.000000000000000000e+00 6.041735410690307617e-01
0.000000000000000000e+00 5.534900426864624023e-01
0.000000000000000000e+00 5.600222349166870117e-01
0.000000000000000000e+00 5.377141833305358887e-01
0.000000000000000000e+00 4.578564465045928955e-01
0.000000000000000000e+00 4.796619415283203125e-01
0.000000000000000000e+00 4.220763146877288818e-01
0.000000000000000000e+00 4.307756423950195312e-01
0.000000000000000000e+00 4.273361265659332275e-01
0.000000000000000000e+00 4.425844848155975342e-01
0.000000000000000000e+00 4.503007233142852783e-01
1.000000000000000000e+00 4.660652577877044678e-01
1.000000000000000000e+00 4.093360006809234619e-01
0.000000000000000000e+00 4.081876873970031738e-01
0.000000000000000000e+00 4.039144217967987061e-01
0.000000000000000000e+00 2.796877324581146240e-01
0.000000000000000000e+00 3.036186397075653076e-01
0.000000000000000000e+00 2.701866030693054199e-01
0.000000000000000000e+00 2.289942800998687744e-01
0.000000000000000000e+00 2.346232831478118896e-01
0.000000000000000000e+00 2.185889035463333130e-01
0.000000000000000000e+00 1.774020493030548096e-01
0.000000000000000000e+00 1.953033804893493652e-01
0.000000000000000000e+00 2.271936088800430298e-01
0.000000000000000000e+00 2.254275232553482056e-01
0.000000000000000000e+00 2.461476325988769531e-01
0.000000000000000000e+00 2.616473734378814697e-01
0.000000000000000000e+00 2.557840943336486816e-01
0.000000000000000000e+00 2.877268493175506592e-01
0.000000000000000000e+00 3.340440392494201660e-01
0.000000000000000000e+00 3.633460402488708496e-01
0.000000000000000000e+00 4.036013484001159668e-01
0.000000000000000000e+00 3.592207729816436768e-01
0.000000000000000000e+00 3.313362300395965576e-01
0.000000000000000000e+00 3.231117427349090576e-01
0.000000000000000000e+00 3.404839336872100830e-01
0.000000000000000000e+00 3.653227686882019043e-01
0.000000000000000000e+00 4.463104605674743652e-01
0.000000000000000000e+00 4.109543561935424805e-01
0.000000000000000000e+00 4.301612973213195801e-01
0.000000000000000000e+00 5.345811843872070312e-01
0.000000000000000000e+00 5.262034535408020020e-01
0.000000000000000000e+00 5.888755917549133301e-01
0.000000000000000000e+00 5.899631381034851074e-01
0.000000000000000000e+00 5.057074427604675293e-01
0.000000000000000000e+00 4.982714354991912842e-01
0.000000000000000000e+00 4.356237649917602539e-01
1.000000000000000000e+00 4.804882407188415527e-01
1.000000000000000000e+00 4.632383882999420166e-01
0.000000000000000000e+00 4.634994566440582275e-01
0.000000000000000000e+00 5.202471017837524414e-01
0.000000000000000000e+00 6.212466955184936523e-01
0.000000000000000000e+00 6.007000207901000977e-01
0.000000000000000000e+00 6.318140625953674316e-01
0.000000000000000000e+00 6.109473109245300293e-01
0.000000000000000000e+00 6.133485436439514160e-01
0.000000000000000000e+00 5.895760059356689453e-01
0.000000000000000000e+00 5.932532548904418945e-01
0.000000000000000000e+00 5.659192800521850586e-01
0.000000000000000000e+00 5.098053216934204102e-01
0.000000000000000000e+00 5.298742055892944336e-01
0.000000000000000000e+00 5.214149355888366699e-01
0.000000000000000000e+00 5.310890078544616699e-01
0.000000000000000000e+00 4.935636520385742188e-01
0.000000000000000000e+00 4.999116957187652588e-01
0.000000000000000000e+00 5.133537650108337402e-01
0.000000000000000000e+00 5.046722888946533203e-01
1.000000000000000000e+00 4.546396136283874512e-01
1.000000000000000000e+00 4.644149839878082275e-01
1.000000000000000000e+00 5.277612805366516113e-01
1.000000000000000000e+00 4.708281755447387695e-01
1.000000000000000000e+00 6.069657802581787109e-01
0.000000000000000000e+00 6.645456552505493164e-01
0.000000000000000000e+00 6.768270730972290039e-01
0.000000000000000000e+00 6.683239936828613281e-01
0.000000000000000000e+00 6.735988259315490723e-01
0.000000000000000000e+00 6.691811084747314453e-01
0.000000000000000000e+00 6.927172541618347168e-01
0.000000000000000000e+00 6.886830925941467285e-01
0.000000000000000000e+00 6.743968129158020020e-01
0.000000000000000000e+00 6.773135662078857422e-01
0.000000000000000000e+00 6.679899096488952637e-01
0.000000000000000000e+00 6.741161346435546875e-01
0.000000000000000000e+00 6.699061989784240723e-01
0.000000000000000000e+00 6.738042831420898438e-01
0.000000000000000000e+00 6.778535246849060059e-01
0.000000000000000000e+00 6.566047072410583496e-01
0.000000000000000000e+00 6.458994746208190918e-01
0.000000000000000000e+00 6.421821713447570801e-01
0.000000000000000000e+00 5.946866869926452637e-01
1.000000000000000000e+00 8.131226301193237305e-01
1.000000000000000000e+00 8.357849717140197754e-01
1.000000000000000000e+00 8.445755243301391602e-01
1.000000000000000000e+00 6.659604310989379883e-01
0.000000000000000000e+00 5.939211845397949219e-01
0.000000000000000000e+00 5.605543851852416992e-01
0.000000000000000000e+00 4.268117547035217285e-01
1.000000000000000000e+00 2.876946926116943359e-01
0.000000000000000000e+00 2.313658148050308228e-01
0.000000000000000000e+00 1.457053273916244507e-01
0.000000000000000000e+00 1.217647418379783630e-01
0.000000000000000000e+00 1.265448629856109619e-01
0.000000000000000000e+00 1.072949469089508057e-01
0.000000000000000000e+00 8.994115144014358521e-02
0.000000000000000000e+00 8.519588410854339600e-02
0.000000000000000000e+00 9.799383580684661865e-02
0.000000000000000000e+00 9.123066067695617676e-02
0.000000000000000000e+00 9.996975213289260864e-02
0.000000000000000000e+00 1.029286235570907593e-01
0.000000000000000000e+00 1.055038943886756897e-01
0.000000000000000000e+00 1.197129711508750916e-01
0.000000000000000000e+00 1.353206932544708252e-01
0.000000000000000000e+00 1.554306596517562866e-01
0.000000000000000000e+00 1.599886119365692139e-01
0.000000000000000000e+00 1.734370738267898560e-01
0.000000000000000000e+00 1.563777327537536621e-01
1.000000000000000000e+00 1.568835526704788208e-01
0.000000000000000000e+00 1.886898428201675415e-01
0.000000000000000000e+00 2.337034642696380615e-01
0.000000000000000000e+00 2.579033672809600830e-01
0.000000000000000000e+00 2.615782916545867920e-01
0.000000000000000000e+00 2.499093115329742432e-01
0.000000000000000000e+00 3.100062906742095947e-01
0.000000000000000000e+00 2.647917270660400391e-01
0.000000000000000000e+00 3.239610195159912109e-01
0.000000000000000000e+00 3.149947524070739746e-01
0.000000000000000000e+00 3.348996639251708984e-01
0.000000000000000000e+00 3.179947137832641602e-01
0.000000000000000000e+00 3.513593673706054688e-01
0.000000000000000000e+00 3.278437852859497070e-01
0.000000000000000000e+00 3.425782322883605957e-01
0.000000000000000000e+00 4.234849214553833008e-01
0.000000000000000000e+00 4.482873678207397461e-01
0.000000000000000000e+00 4.948723614215850830e-01
0.000000000000000000e+00 5.530470609664916992e-01
0.000000000000000000e+00 5.929688215255737305e-01
0.000000000000000000e+00 6.270725131034851074e-01
0.000000000000000000e+00 6.559168100357055664e-01
0.000000000000000000e+00 6.544317007064819336e-01
0.000000000000000000e+00 6.581416726112365723e-01
0.000000000000000000e+00 6.619381904602050781e-01
0.000000000000000000e+00 6.636548042297363281e-01
0.000000000000000000e+00 6.512432098388671875e-01
1.000000000000000000e+00 6.611220836639404297e-01
1.000000000000000000e+00 6.622202992439270020e-01
1.000000000000000000e+00 6.625922322273254395e-01
1.000000000000000000e+00 6.481821537017822266e-01
1.000000000000000000e+00 6.280199289321899414e-01
1.000000000000000000e+00 6.216447949409484863e-01
0.000000000000000000e+00 6.078908443450927734e-01
0.000000000000000000e+00 5.891162753105163574e-01
0.000000000000000000e+00 5.745836496353149414e-01
0.000000000000000000e+00 5.600522160530090332e-01
0.000000000000000000e+00 5.670979022979736328e-01
0.000000000000000000e+00 5.719878673553466797e-01
0.000000000000000000e+00 5.835092067718505859e-01
0.000000000000000000e+00 5.996253490447998047e-01
0.000000000000000000e+00 5.974441170692443848e-01
0.000000000000000000e+00 5.777916312217712402e-01
0.000000000000000000e+00 5.564581751823425293e-01
0.000000000000000000e+00 5.459862351417541504e-01
0.000000000000000000e+00 5.544409751892089844e-01
0.000000000000000000e+00 4.741535484790802002e-01
0.000000000000000000e+00 4.135026633739471436e-01
0.000000000000000000e+00 3.925971090793609619e-01
1.000000000000000000e+00 8.884479999542236328e-01
1.000000000000000000e+00 8.642892241477966309e-01
1.000000000000000000e+00 8.916395306587219238e-01
1.000000000000000000e+00 8.827099204063415527e-01
1.000000000000000000e+00 8.511562347412109375e-01
1.000000000000000000e+00 8.413002490997314453e-01
1.000000000000000000e+00 8.341115117073059082e-01
1.000000000000000000e+00 7.151704430580139160e-01
1.000000000000000000e+00 5.892769098281860352e-01
1.000000000000000000e+00 5.015954375267028809e-01
0.000000000000000000e+00 4.241210222244262695e-01
0.000000000000000000e+00 3.308230638504028320e-01
0.000000000000000000e+00 2.510259747505187988e-01
0.000000000000000000e+00 2.412302643060684204e-01
0.000000000000000000e+00 1.345329284667968750e-01
0.000000000000000000e+00 1.129466593265533447e-01
0.000000000000000000e+00 7.385782152414321899e-02
0.000000000000000000e+00 6.801804900169372559e-02
0.000000000000000000e+00 6.374781578779220581e-02
0.000000000000000000e+00 5.522176250815391541e-02
0.000000000000000000e+00 6.364122033119201660e-02
0.000000000000000000e+00 6.470281630754470825e-02
0.000000000000000000e+00 5.487780272960662842e-02
0.000000000000000000e+00 7.757315039634704590e-02
0.000000000000000000e+00 8.591113984584808350e-02
0.000000000000000000e+00 8.902805298566818237e-02
0.000000000000000000e+00 1.188439503312110901e-01
1.000000000000000000e+00 1.261181533336639404e-01
0.000000000000000000e+00 1.484721750020980835e-01
0.000000000000000000e+00 1.766425818204879761e-01
0.000000000000000000e+00 2.081794589757919312e-01
0.000000000000000000e+00 2.219314873218536377e-01
0.000000000000000000e+00 2.652023732662200928e-01
0.000000000000000000e+00 2.957363724708557129e-01
0.000000000000000000e+00 3.690253198146820068e-01
0.000000000000000000e+00 3.611040711402893066e-01
0.000000000000000000e+00 3.846314847469329834e-01
0.000000000000000000e+00 4.232578277587890625e-01
0.000000000000000000e+00 5.510799288749694824e-01
0.000000000000000000e+00 5.130526423454284668e-01
0.000000000000000000e+00 4.479053616523742676e-01
0.000000000000000000e+00 5.200579166412353516e-01
0.000000000000000000e+00 4.869082868099212646e-01
0.000000000000000000e+00 5.780957341194152832e-01
0.000000000000000000e+00 6.152000427246093750e-01
0.000000000000000000e+00 6.018112301826477051e-01
0.000000000000000000e+00 6.117538213729858398e-01
0.000000000000000000e+00 5.784126520156860352e-01
0.000000000000000000e+00 5.922829508781433105e-01
0.000000000000000000e+00 5.691063404083251953e-01
0.000000000000000000e+00 6.073883175849914551e-01
0.000000000000000000e+00 6.073832511901855469e-01
0.000000000000000000e+00 5.621601939201354980e-01
1.000000000000000000e+00 6.026114225387573242e-01
1.000000000000000000e+00 6.100722551345825195e-01
1.000000000000000000e+00 5.733205676078796387e-01
1.000000000000000000e+00 6.745963096618652344e-01
0.000000000000000000e+00 6.611171364784240723e-01
0.000000000000000000e+00 6.770895123481750488e-01
0.000000000000000000e+00 6.604605317115783691e-01
0.000000000000000000e+00 6.470310091972351074e-01
0.000000000000000000e+00 6.825016736984252930e-01
0.000000000000000000e+00 6.479113101959228516e-01
0.000000000000000000e+00 6.228606104850769043e-01
0.000000000000000000e+00 6.271915435791015625e-01
0.000000000000000000e+00 5.675378441810607910e-01
0.000000000000000000e+00 5.485429167747497559e-01
0.000000000000000000e+00 5.085244178771972656e-01
0.000000000000000000e+00 4.950976073741912842e-01
0.000000000000000000e+00 5.068807601928710938e-01
0.000000000000000000e+00 5.047751665115356445e-01
1.000000000000000000e+00 5.056963562965393066e-01
1.000000000000000000e+00 5.173798799514770508e-01
0.000000000000000000e+00 4.820391833782196045e-01
0.000000000000000000e+00 4.372420608997344971e-01
1.000000000000000000e+00 9.167391657829284668e-01
1.000000000000000000e+00 9.123924374580383301e-01
1.000000000000000000e+00 8.975681066513061523e-01
1.000000000000000000e+00 8.888377547264099121e-01
1.000000000000000000e+00 8.574500679969787598e-01
1.000000000000000000e+00 8.184241056442260742e-01
1.000000000000000000e+00 8.725426793098449707e-01
1.000000000000000000e+00 8.607195615768432617e-01
0.000000000000000000e+00 7.992709875106811523e-01
0.000000000000000000e+00 7.992578744888305664e-01
0.000000000000000000e+00 7.202664017677307129e-01
0.000000000000000000e+00 6.854088306427001953e-01
0.000000000000000000e+00 4.867218434810638428e-01
0.000000000000000000e+00 4.373661279678344727e-01
0.000000000000000000e+00 2.598789036273956299e-01
0.000000000000000000e+00 2.351229637861251831e-01
0.000000000000000000e+00 2.279699891805648804e-01
0.000000000000000000e+00 1.933655738830566406e-01
0.000000000000000000e+00 1.962675601243972778e-01
0.000000000000000000e+00 1.830904781818389893e-01
0.000000000000000000e+00 1.863007247447967529e-01
0.000000000000000000e+00 2.061688750982284546e-01
0.000000000000000000e+00 2.223958969116210938e-01
1.000000000000000000e+00 2.196076661348342896e-01
0.000000000000000000e+00 2.132864296436309814e-01
0.000000000000000000e+00 2.346248179674148560e-01
0.000000000000000000e+00 2.216409295797348022e-01
0.000000000000000000e+00 2.458976060152053833e-01
0.000000000000000000e+00 2.622408866882324219e-01
0.000000000000000000e+00 2.813145220279693604e-01
0.000000000000000000e+00 3.009968996047973633e-01
0.000000000000000000e+00 3.346808552742004395e-01
0.000000000000000000e+00 3.374927043914794922e-01
0.000000000000000000e+00 3.545232713222503662e-01
0.000000000000000000e+00 3.615811467170715332e-01
0.000000000000000000e+00 3.549039661884307861e-01
0.000000000000000000e+00 3.580817580223083496e-01
0.000000000000000000e+00 3.672017157077789307e-01
0.000000000000000000e+00 3.894251286983489990e-01
0.000000000000000000e+00 4.230315089225769043e-01
0.000000000000000000e+00 3.922986388206481934e-01
0.000000000000000000e+00 4.415064156055450439e-01
0.000000000000000000e+00 4.277632832527160645e-01
0.000000000000000000e+00 4.353560805320739746e-01
0.000000000000000000e+00 4.345617592334747314e-01
0.000000000000000000e+00 4.577168226242065430e-01
0.000000000000000000e+00 4.694290161132812500e-01
0.000000000000000000e+00 4.756371974945068359e-01
0.000000000000000000e+00 4.882736802101135254e-01
0.000000000000000000e+00 4.974682331085205078e-01
0.000000000000000000e+00 5.139170289039611816e-01
1.000000000000000000e+00 5.403020381927490234e-01
1.000000000000000000e+00 5.542624592781066895e-01
1.000000000000000000e+00 5.954139828681945801e-01
1.000000000000000000e+00 6.020922064781188965e-01
1.000000000000000000e+00 6.078338623046875000e-01
1.000000000000000000e+00 6.025222539901733398e-01
1.000000000000000000e+00 6.174597740173339844e-01
1.000000000000000000e+00 6.030068397521972656e-01
1.000000000000000000e+00 5.688379406929016113e-01
1.000000000000000000e+00 5.571275353431701660e-01
0.000000000000000000e+00 5.337755680084228516e-01
0.000000000000000000e+00 5.175572037696838379e-01
0.000000000000000000e+00 5.066037774085998535e-01
0.000000000000000000e+00 4.836778044700622559e-01
0.000000000000000000e+00 4.529705941677093506e-01
0.000000000000000000e+00 4.372065961360931396e-01
0.000000000000000000e+00 3.834255933761596680e-01
0.000000000000000000e+00 4.076212942600250244e-01
1.000000000000000000e+00 2.925932407379150391e-01
1.000000000000000000e+00 2.553968429565429688e-01
1.000000000000000000e+00 2.161913663148880005e-01
1.000000000000000000e+00 1.802440881729125977e-01
1.000000000000000000e+00 1.533858627080917358e-01
0.000000000000000000e+00 1.513475179672241211e-01
1.000000000000000000e+00 8.893950581550598145e-01
1.000000000000000000e+00 8.822734355926513672e-01
1.000000000000000000e+00 9.207086563110351562e-01
0.000000000000000000e+00 9.100694656372070312e-01
0.000000000000000000e+00 9.091669321060180664e-01
0.000000000000000000e+00 9.117431044578552246e-01
0.000000000000000000e+00 9.081669449806213379e-01
0.000000000000000000e+00 9.263869524002075195e-01
0.000000000000000000e+00 9.218304157257080078e-01
0.000000000000000000e+00 9.114862680435180664e-01
0.000000000000000000e+00 9.155548214912414551e-01
0.000000000000000000e+00 9.153981804847717285e-01
0.000000000000000000e+00 9.054758548736572266e-01
0.000000000000000000e+00 9.066554903984069824e-01
0.000000000000000000e+00 9.133493900299072266e-01
0.000000000000000000e+00 9.078155755996704102e-01
0.000000000000000000e+00 9.186767935752868652e-01
0.000000000000000000e+00 9.061557054519653320e-01
0.000000000000000000e+00 9.122887253761291504e-01
0.000000000000000000e+00 9.019899964332580566e-01
0.000000000000000000e+00 9.318094253540039062e-01
1.000000000000000000e+00 9.402561187744140625e-01
1.000000000000000000e+00 9.472010135650634766e-01
1.000000000000000000e+00 9.525383710861206055e-01
0.000000000000000000e+00 9.638269543647766113e-01
0.000000000000000000e+00 9.605368971824645996e-01
0.000000000000000000e+00 9.549106359481811523e-01
0.000000000000000000e+00 9.662904739379882812e-01
0.000000000000000000e+00 9.701321721076965332e-01
0.000000000000000000e+00 9.703944921493530273e-01
0.000000000000000000e+00 9.740313291549682617e-01
1.000000000000000000e+00 9.780768156051635742e-01
0.000000000000000000e+00 9.756664037704467773e-01
0.000000000000000000e+00 9.772960543632507324e-01
0.000000000000000000e+00 9.715547561645507812e-01
0.000000000000000000e+00 9.771741032600402832e-01
0.000000000000000000e+00 9.733784794807434082e-01
0.000000000000000000e+00 9.728522300720214844e-01
0.000000000000000000e+00 9.697865247726440430e-01
0.000000000000000000e+00 9.766901135444641113e-01
0.000000000000000000e+00 9.726606011390686035e-01
0.000000000000000000e+00 9.736317992210388184e-01
0.000000000000000000e+00 9.749797582626342773e-01
0.000000000000000000e+00 9.750660061836242676e-01
1.000000000000000000e+00 9.764253497123718262e-01
1.000000000000000000e+00 9.767885208129882812e-01
0.000000000000000000e+00 9.758177995681762695e-01
0.000000000000000000e+00 9.755836725234985352e-01
0.000000000000000000e+00 9.779649972915649414e-01
0.000000000000000000e+00 9.744641184806823730e-01
0.000000000000000000e+00 9.749045372009277344e-01
0.000000000000000000e+00 9.762856960296630859e-01
0.000000000000000000e+00 9.756481051445007324e-01
0.000000000000000000e+00 9.715406894683837891e-01
0.000000000000000000e+00 9.793547391891479492e-01
0.000000000000000000e+00 9.784938097000122070e-01
0.000000000000000000e+00 9.760217070579528809e-01
0.000000000000000000e+00 9.708160758018493652e-01
0.000000000000000000e+00 9.648051261901855469e-01
1.000000000000000000e+00 9.521360397338867188e-01
1.000000000000000000e+00 9.448263645172119141e-01
0.000000000000000000e+00 9.421307444572448730e-01
0.000000000000000000e+00 9.498186111450195312e-01
0.000000000000000000e+00 9.419910907745361328e-01
0.000000000000000000e+00 9.204602241516113281e-01
0.000000000000000000e+00 9.079731702804565430e-01
0.000000000000000000e+00 9.189503788948059082e-01
0.000000000000000000e+00 8.931006789207458496e-01
1.000000000000000000e+00 8.968242406845092773e-01
1.000000000000000000e+00 8.935986161231994629e-01
1.000000000000000000e+00 8.875175118446350098e-01
1.000000000000000000e+00 8.355695009231567383e-01
0.000000000000000000e+00 7.929247021675109863e-01
0.000000000000000000e+00 7.192573547363281250e-01
0.000000000000000000e+00 7.821553945541381836e-01
0.000000000000000000e+00 9.096676111221313477e-01
0.000000000000000000e+00 9.441941380500793457e-01
0.000000000000000000e+00 9.093043208122253418e-01
0.000000000000000000e+00 9.033824801445007324e-01
0.000000000000000000e+00 9.065454006195068359e-01
0.000000000000000000e+00 9.240061044692993164e-01
0.000000000000000000e+00 8.982660770416259766e-01
0.000000000000000000e+00 8.705930709838867188e-01
0.000000000000000000e+00 8.399794101715087891e-01
0.000000000000000000e+00 8.106212615966796875e-01
0.000000000000000000e+00 7.272928953170776367e-01
0.000000000000000000e+00 7.323914170265197754e-01
0.000000000000000000e+00 6.772059798240661621e-01
0.000000000000000000e+00 6.949971914291381836e-01
1.000000000000000000e+00 6.301885843276977539e-01
1.000000000000000000e+00 6.868904232978820801e-01
1.000000000000000000e+00 6.384860873222351074e-01
1.000000000000000000e+00 6.590756177902221680e-01
1.000000000000000000e+00 6.834600567817687988e-01
1.000000000000000000e+00 6.235309839248657227e-01
1.000000000000000000e+00 6.647368669509887695e-01
1.000000000000000000e+00 6.062542796134948730e-01
1.000000000000000000e+00 6.335693001747131348e-01
1.000000000000000000e+00 5.413371324539184570e-01
1.000000000000000000e+00 5.642973780632019043e-01
0.000000000000000000e+00 4.804022908210754395e-01
0.000000000000000000e+00 4.231012165546417236e-01
0.000000000000000000e+00 4.088768362998962402e-01
0.000000000000000000e+00 4.799831509590148926e-01
0.000000000000000000e+00 5.812876224517822266e-01
0.000000000000000000e+00 5.547324419021606445e-01
0.000000000000000000e+00 7.467312812805175781e-01
1.000000000000000000e+00 7.934092283248901367e-01
0.000000000000000000e+00 8.329024910926818848e-01
0.000000000000000000e+00 8.439444899559020996e-01
0.000000000000000000e+00 8.738977909088134766e-01
0.000000000000000000e+00 8.513253331184387207e-01
0.000000000000000000e+00 8.648729920387268066e-01
0.000000000000000000e+00 8.898424506187438965e-01
0.000000000000000000e+00 9.154334068298339844e-01
0.000000000000000000e+00 9.228533506393432617e-01
0.000000000000000000e+00 9.416984319686889648e-01
0.000000000000000000e+00 9.380921721458435059e-01
0.000000000000000000e+00 9.403632283210754395e-01
0.000000000000000000e+00 9.403318166732788086e-01
0.000000000000000000e+00 9.386687874794006348e-01
0.000000000000000000e+00 9.137909412384033203e-01
0.000000000000000000e+00 8.911442160606384277e-01
0.000000000000000000e+00 8.939045667648315430e-01
0.000000000000000000e+00 8.914228081703186035e-01
0.000000000000000000e+00 9.009153246879577637e-01
0.000000000000000000e+00 8.869147300720214844e-01
0.000000000000000000e+00 8.776767849922180176e-01
0.000000000000000000e+00 8.989555239677429199e-01
0.000000000000000000e+00 9.020484685897827148e-01
0.000000000000000000e+00 9.007083773612976074e-01
0.000000000000000000e+00 9.001767635345458984e-01
0.000000000000000000e+00 9.022992849349975586e-01
0.000000000000000000e+00 9.050005674362182617e-01
0.000000000000000000e+00 9.110171794891357422e-01
0.000000000000000000e+00 9.100188016891479492e-01
0.000000000000000000e+00 8.960468769073486328e-01
0.000000000000000000e+00 8.992789387702941895e-01
0.000000000000000000e+00 9.039340019226074219e-01
0.000000000000000000e+00 9.172398447990417480e-01
0.000000000000000000e+00 9.255364537239074707e-01
0.000000000000000000e+00 9.157316088676452637e-01
0.000000000000000000e+00 9.210364818572998047e-01
0.000000000000000000e+00 9.156212806701660156e-01
0.000000000000000000e+00 9.057332873344421387e-01
0.000000000000000000e+00 9.139770269393920898e-01
0.000000000000000000e+00 8.971031308174133301e-01
1.000000000000000000e+00 8.970495462417602539e-01
1.000000000000000000e+00 8.985102772712707520e-01
0.000000000000000000e+00 9.004740118980407715e-01
