0.000000000000000000e+00 4.497682154178619385e-01
0.000000000000000000e+00 5.834238529205322266e-01
0.000000000000000000e+00 5.032574534416198730e-01
0.000000000000000000e+00 5.854741334915161133e-01
0.000000000000000000e+00 6.612231731414794922e-01
0.000000000000000000e+00 6.177427768707275391e-01
0.000000000000000000e+00 6.734061837196350098e-01
0.000000000000000000e+00 6.518182158470153809e-01
0.000000000000000000e+00 6.680833101272583008e-01
0.000000000000000000e+00 6.862061023712158203e-01
0.000000000000000000e+00 7.273717522621154785e-01
0.000000000000000000e+00 7.482818961143493652e-01
0.000000000000000000e+00 7.378665208816528320e-01
0.000000000000000000e+00 7.736532688140869141e-01
0.000000000000000000e+00 8.020308017730712891e-01
1.000000000000000000e+00 8.129453063011169434e-01
1.000000000000000000e+00 8.181919455528259277e-01
1.000000000000000000e+00 8.276933431625366211e-01
1.000000000000000000e+00 8.225015997886657715e-01
1.000000000000000000e+00 8.547189235687255859e-01
1.000000000000000000e+00 8.518354296684265137e-01
1.000000000000000000e+00 7.537457346916198730e-01
1.000000000000000000e+00 6.441406011581420898e-01
1.000000000000000000e+00 6.012521982192993164e-01
0.000000000000000000e+00 4.273877739906311035e-01
0.000000000000000000e+00 1.444389224052429199e-01
0.000000000000000000e+00 6.341648101806640625e-02
0.000000000000000000e+00 1.253377366811037064e-02
0.000000000000000000e+00 3.450115211308002472e-03
0.000000000000000000e+00 1.465303241275250912e-03
0.000000000000000000e+00 3.818068071268498898e-04
0.000000000000000000e+00 1.323009782936424017e-04
0.000000000000000000e+00 4.529857687884941697e-05
0.000000000000000000e+00 2.745482561294920743e-05
0.000000000000000000e+00 5.680072717950679362e-06
0.000000000000000000e+00 3.182395630574319512e-06
0.000000000000000000e+00 1.689309215180401225e-06
0.000000000000000000e+00 1.569049686622747686e-06
0.000000000000000000e+00 4.630385888049204368e-07
0.000000000000000000e+00 3.795157113017921802e-07
0.000000000000000000e+00 3.412475280129001476e-07
0.000000000000000000e+00 2.152933689103520010e-07
0.000000000000000000e+00 1.982144510748184985e-07
0.000000000000000000e+00 2.995098498104198370e-07
0.000000000000000000e+00 4.912262738798744977e-07
0.000000000000000000e+00 8.244236596510745585e-06
0.000000000000000000e+00 1.372394876852922607e-06
0.000000000000000000e+00 2.725963383909402182e-07
0.000000000000000000e+00 1.227372905532320146e-07
0.000000000000000000e+00 9.450054072601687949e-09
0.000000000000000000e+00 5.231891808676891742e-09
0.000000000000000000e+00 1.507802549483017174e-09
0.000000000000000000e+00 4.185291835323567966e-10
0.000000000000000000e+00 1.332837729073332866e-10
0.000000000000000000e+00 4.761433955446925381e-11
0.000000000000000000e+00 1.726586928985085478e-11
0.000000000000000000e+00 3.886374728978569948e-12
0.000000000000000000e+00 3.535440820309765364e-12
0.000000000000000000e+00 2.842079870057911961e-12
0.000000000000000000e+00 3.009982020574231143e-12
0.000000000000000000e+00 8.081429622719404904e-12
0.000000000000000000e+00 2.635673580428377072e-12
0.000000000000000000e+00 3.530211713231867776e-12
0.000000000000000000e+00 7.747162286686481991e-12
0.000000000000000000e+00 1.188839391513818455e-11
0.000000000000000000e+00 1.980198643947161941e-11
0.000000000000000000e+00 1.371478711847951004e-11
0.000000000000000000e+00 4.187413610301504718e-11
0.000000000000000000e+00 7.508453581106522279e-11
0.000000000000000000e+00 5.427170171601325421e-11
0.000000000000000000e+00 1.567767027310651429e-10
0.000000000000000000e+00 2.695046963374636562e-10
0.000000000000000000e+00 1.542654615160898857e-10
0.000000000000000000e+00 1.183478176569607854e-10
0.000000000000000000e+00 1.598127463697807116e-10
0.000000000000000000e+00 1.814996208882035944e-10
0.000000000000000000e+00 3.317127406088360431e-10
0.000000000000000000e+00 1.838816043875368678e-10
0.000000000000000000e+00 7.561816450785130428e-11
0.000000000000000000e+00 8.704428150485554738e-11
0.000000000000000000e+00 1.017862252816748025e-10
0.000000000000000000e+00 1.377674641034332126e-10
0.000000000000000000e+00 1.538226906960815654e-10
0.000000000000000000e+00 1.968690904741166037e-10
0.000000000000000000e+00 1.363409662946679646e-10
0.000000000000000000e+00 1.567976443128671349e-10
0.000000000000000000e+00 2.056856213128455124e-10
0.000000000000000000e+00 2.812756694225981846e-10
0.000000000000000000e+00 2.913190244591135070e-10
0.000000000000000000e+00 4.464381087032620599e-10
0.000000000000000000e+00 1.700952561805024743e-04
0.000000000000000000e+00 4.264169183443300426e-05
0.000000000000000000e+00 1.536143099656328559e-05
0.000000000000000000e+00 4.375588559923926368e-06
0.000000000000000000e+00 1.152332401943567675e-06
0.000000000000000000e+00 6.938540195733367000e-07
0.000000000000000000e+00 3.516973094974673586e-07
0.000000000000000000e+00 2.674765937626943924e-07
0.000000000000000000e+00 9.585007632040287717e-08
0.000000000000000000e+00 7.878730201582584414e-08
0.000000000000000000e+00 4.002910358735789487e-08
0.000000000000000000e+00 2.499755069607090263e-08
0.000000000000000000e+00 1.268777793939079857e-08
0.000000000000000000e+00 8.143224761170131387e-09
0.000000000000000000e+00 8.540149032398858253e-09
0.000000000000000000e+00 6.549970343883160240e-09
0.000000000000000000e+00 7.631445697597882827e-09
0.000000000000000000e+00 7.222138886930906665e-09
0.000000000000000000e+00 6.258709550621688322e-09
0.000000000000000000e+00 7.001779600557256344e-09
0.000000000000000000e+00 6.353548798188057845e-09
0.000000000000000000e+00 4.266140329889367422e-09
0.000000000000000000e+00 9.054479832570905273e-09
0.000000000000000000e+00 4.756464999644549607e-09
0.000000000000000000e+00 6.619952586106592207e-09
0.000000000000000000e+00 4.851045787290786393e-09
0.000000000000000000e+00 3.958273708803972113e-09
0.000000000000000000e+00 7.693206960368570435e-09
0.000000000000000000e+00 3.741975618254400615e-09
0.000000000000000000e+00 3.567084849720458806e-09
0.000000000000000000e+00 5.323767648945931796e-09
0.000000000000000000e+00 5.467655217472611184e-09
0.000000000000000000e+00 3.526596570324613822e-09
0.000000000000000000e+00 3.203038501098376400e-09
0.000000000000000000e+00 1.857085374368239172e-09
0.000000000000000000e+00 3.047762708874302007e-09
0.000000000000000000e+00 2.309311852854989411e-09
0.000000000000000000e+00 2.573350643686467265e-09
0.000000000000000000e+00 3.733783948689506360e-09
0.000000000000000000e+00 2.086364858655542776e-09
0.000000000000000000e+00 2.811889165954539749e-09
0.000000000000000000e+00 1.783374892205813467e-09
0.000000000000000000e+00 3.341277921009577767e-09
0.000000000000000000e+00 3.032656792356647202e-09
0.000000000000000000e+00 4.476517379004008035e-09
0.000000000000000000e+00 4.998593940399587154e-04
0.000000000000000000e+00 1.292506640311330557e-04
0.000000000000000000e+00 8.424430416198447347e-05
0.000000000000000000e+00 2.045469773293007165e-05
0.000000000000000000e+00 5.506844445335445926e-06
0.000000000000000000e+00 1.225323217113327701e-06
0.000000000000000000e+00 7.603740925787860760e-08
0.000000000000000000e+00 6.569704424919109442e-08
0.000000000000000000e+00 6.008470165852486389e-09
0.000000000000000000e+00 2.777375884832622432e-09
0.000000000000000000e+00 1.403486993289959628e-09
0.000000000000000000e+00 7.829018544569521509e-10
0.000000000000000000e+00 1.908910668424468327e-10
0.000000000000000000e+00 9.336208195431794366e-11
0.000000000000000000e+00 8.446651711402353158e-11
0.000000000000000000e+00 6.067937124987210495e-11
0.000000000000000000e+00 4.978019038648362482e-11
0.000000000000000000e+00 6.267280444616218915e-11
0.000000000000000000e+00 1.089499948592198564e-10
0.000000000000000000e+00 1.330780069475068217e-10
0.000000000000000000e+00 2.392694098407588399e-10
0.000000000000000000e+00 1.088324361186998601e-10
0.000000000000000000e+00 5.705531186395162990e-11
0.000000000000000000e+00 1.622078027452289462e-10
0.000000000000000000e+00 1.575780478324517730e-10
0.000000000000000000e+00 2.815757349505787488e-10
0.000000000000000000e+00 2.846059221628394198e-10
0.000000000000000000e+00 7.787615552423687859e-10
0.000000000000000000e+00 8.326034861561026901e-10
0.000000000000000000e+00 7.112553324084558426e-10
0.000000000000000000e+00 3.248585012105564829e-10
0.000000000000000000e+00 3.699521244904246942e-10
0.000000000000000000e+00 6.493431348175704443e-10
0.000000000000000000e+00 5.663509661246735050e-10
0.000000000000000000e+00 5.910171796408292266e-10
0.000000000000000000e+00 7.565629234207449372e-10
0.000000000000000000e+00 7.846359117991141829e-10
0.000000000000000000e+00 9.953732282852456592e-10
0.000000000000000000e+00 6.780260242145175198e-10
0.000000000000000000e+00 8.655229311038681317e-10
0.000000000000000000e+00 1.054617393414503113e-09
0.000000000000000000e+00 5.061345231816005708e-10
0.000000000000000000e+00 3.943057547139972030e-10
0.000000000000000000e+00 6.888058456944179397e-10
0.000000000000000000e+00 6.009865383127532823e-10
0.000000000000000000e+00 8.568782359361648560e-04
0.000000000000000000e+00 3.702997346408665180e-04
0.000000000000000000e+00 1.004980513243936002e-04
0.000000000000000000e+00 3.161709173582494259e-05
0.000000000000000000e+00 1.473757583880797029e-05
0.000000000000000000e+00 4.725104645331157371e-06
0.000000000000000000e+00 2.212882009189343080e-06
0.000000000000000000e+00 1.131712792812322732e-06
0.000000000000000000e+00 4.037042629079223843e-07
0.000000000000000000e+00 2.280836213230941212e-07
0.000000000000000000e+00 1.171158459101206972e-07
0.000000000000000000e+00 6.710316569069618708e-08
0.000000000000000000e+00 3.589287800309648446e-08
0.000000000000000000e+00 2.903380647012454574e-08
0.000000000000000000e+00 2.160767920145190146e-08
0.000000000000000000e+00 1.410279537594760768e-08
0.000000000000000000e+00 1.596611909349121561e-08
0.000000000000000000e+00 1.945708660855416383e-08
0.000000000000000000e+00 2.135329424390874919e-08
0.000000000000000000e+00 2.170015278579739970e-08
0.000000000000000000e+00 3.859140917938930215e-08
0.000000000000000000e+00 4.175528545147244586e-08
0.000000000000000000e+00 4.880690696040801413e-08
0.000000000000000000e+00 6.751050563025273732e-08
0.000000000000000000e+00 7.432362281178939156e-08
0.000000000000000000e+00 6.325185353261986165e-08
0.000000000000000000e+00 8.542433249658643035e-08
0.000000000000000000e+00 1.083669474155612988e-07
0.000000000000000000e+00 1.322476208542866516e-07
0.000000000000000000e+00 1.569223115893692011e-07
0.000000000000000000e+00 8.916658345015093801e-08
0.000000000000000000e+00 8.474242463307746220e-08
0.000000000000000000e+00 8.865578848826771718e-08
0.000000000000000000e+00 8.678927088112686761e-08
0.000000000000000000e+00 8.180824551118348609e-08
0.000000000000000000e+00 6.812570774172854726e-08
0.000000000000000000e+00 8.206673385302565293e-08
0.000000000000000000e+00 8.024781550375337247e-08
0.000000000000000000e+00 6.590752121837795130e-08
0.000000000000000000e+00 8.002785989447147585e-08
0.000000000000000000e+00 9.551937552032541134e-08
0.000000000000000000e+00 8.423865693885090877e-08
0.000000000000000000e+00 1.024742104505094176e-07
0.000000000000000000e+00 1.001689540203187789e-07
0.000000000000000000e+00 7.175649585633436800e-08
0.000000000000000000e+00 1.946097798645496368e-02
0.000000000000000000e+00 1.529199443757534027e-02
0.000000000000000000e+00 3.629831969738006592e-02
0.000000000000000000e+00 1.873411983251571655e-02
0.000000000000000000e+00 8.571331948041915894e-02
0.000000000000000000e+00 6.702490895986557007e-02
0.000000000000000000e+00 1.390587091445922852e-01
0.000000000000000000e+00 1.034868955612182617e-01
0.000000000000000000e+00 8.261949568986892700e-02
0.000000000000000000e+00 3.729028254747390747e-02
0.000000000000000000e+00 2.330083213746547699e-02
0.000000000000000000e+00 3.623410686850547791e-02
0.000000000000000000e+00 2.750119753181934357e-02
0.000000000000000000e+00 1.887813769280910492e-02
0.000000000000000000e+00 1.226958818733692169e-02
0.000000000000000000e+00 3.719247132539749146e-02
1.000000000000000000e+00 9.510242380201816559e-03
1.000000000000000000e+00 1.567610725760459900e-02
1.000000000000000000e+00 2.959250845015048981e-02
1.000000000000000000e+00 1.828381605446338654e-02
1.000000000000000000e+00 1.359199825674295425e-02
1.000000000000000000e+00 3.643209580332040787e-03
1.000000000000000000e+00 2.443947130814194679e-03
1.000000000000000000e+00 1.606711419299244881e-03
0.000000000000000000e+00 4.385331412777304649e-04
0.000000000000000000e+00 2.919631951954215765e-04
0.000000000000000000e+00 6.316844519460573792e-05
0.000000000000000000e+00 2.312187461939174682e-05
0.000000000000000000e+00 6.071968073229072616e-06
0.000000000000000000e+00 2.709262389544164762e-06
0.000000000000000000e+00 8.657975740788970143e-07
0.000000000000000000e+00 6.830375127719889861e-07
0.000000000000000000e+00 2.511562513518583728e-07
0.000000000000000000e+00 1.744538451475818874e-07
0.000000000000000000e+00 8.747513646767401951e-08
0.000000000000000000e+00 2.063135724483800004e-07
0.000000000000000000e+00 8.622562575055781053e-08
0.000000000000000000e+00 9.968218250833160710e-08
0.000000000000000000e+00 8.650962968204112258e-08
0.000000000000000000e+00 2.575851354436053953e-08
0.000000000000000000e+00 3.656863256651377014e-08
0.000000000000000000e+00 1.390766080078265077e-08
0.000000000000000000e+00 2.410759059046085895e-08
0.000000000000000000e+00 4.646735618507591425e-08
0.000000000000000000e+00 8.124363404249379528e-08
0.000000000000000000e+00 1.612693257629871368e-02
0.000000000000000000e+00 1.112712174654006958e-02
0.000000000000000000e+00 1.487450394779443741e-02
0.000000000000000000e+00 5.346295423805713654e-03
0.000000000000000000e+00 1.455425191670656204e-02
0.000000000000000000e+00 2.492419816553592682e-02
0.000000000000000000e+00 8.011534810066223145e-03
0.000000000000000000e+00 7.619252428412437439e-03
0.000000000000000000e+00 7.384645286947488785e-03
0.000000000000000000e+00 8.874726481735706329e-03
0.000000000000000000e+00 8.004717528820037842e-03
0.000000000000000000e+00 1.276692096143960953e-02
0.000000000000000000e+00 1.008829101920127869e-02
0.000000000000000000e+00 6.314337719231843948e-03
0.000000000000000000e+00 7.153192069381475449e-03
0.000000000000000000e+00 8.878984488546848297e-03
1.000000000000000000e+00 7.177252322435379028e-03
1.000000000000000000e+00 3.014496527612209320e-03
1.000000000000000000e+00 3.876318922266364098e-03
1.000000000000000000e+00 2.806635806336998940e-03
1.000000000000000000e+00 2.738997805863618851e-03
1.000000000000000000e+00 1.154990051873028278e-03
1.000000000000000000e+00 3.931936516892164946e-04
1.000000000000000000e+00 2.627859648782759905e-04
0.000000000000000000e+00 2.236204272776376456e-05
0.000000000000000000e+00 6.071452389733167365e-06
0.000000000000000000e+00 2.844306891347514465e-06
0.000000000000000000e+00 8.772690875957778189e-07
0.000000000000000000e+00 2.188719463447341695e-07
0.000000000000000000e+00 1.170586827470287972e-07
0.000000000000000000e+00 2.160409273699315236e-08
0.000000000000000000e+00 6.423209075734348517e-09
0.000000000000000000e+00 1.100372681861472302e-09
0.000000000000000000e+00 5.823928006520873168e-10
0.000000000000000000e+00 2.400423748660784895e-10
0.000000000000000000e+00 1.321320830527383805e-10
0.000000000000000000e+00 3.500096393271867612e-11
0.000000000000000000e+00 4.260582164850035269e-11
0.000000000000000000e+00 1.661094872762447494e-11
0.000000000000000000e+00 4.782401905045752244e-12
0.000000000000000000e+00 5.779216948748056026e-12
0.000000000000000000e+00 1.999332773991446821e-12
0.000000000000000000e+00 2.501056653447797373e-12
0.000000000000000000e+00 1.980265560905247746e-12
0.000000000000000000e+00 1.530907887438426318e-12
0.000000000000000000e+00 1.135833188891410828e-01
0.000000000000000000e+00 1.824620664119720459e-01
0.000000000000000000e+00 3.034242689609527588e-01
0.000000000000000000e+00 5.406903028488159180e-01
0.000000000000000000e+00 4.935796856880187988e-01
0.000000000000000000e+00 8.404241800308227539e-01
0.000000000000000000e+00 8.684605360031127930e-01
0.000000000000000000e+00 8.701092004776000977e-01
0.000000000000000000e+00 8.975336551666259766e-01
0.000000000000000000e+00 8.894087672233581543e-01
0.000000000000000000e+00 9.456332921981811523e-01
0.000000000000000000e+00 9.684016704559326172e-01
0.000000000000000000e+00 9.714238047599792480e-01
0.000000000000000000e+00 9.828692078590393066e-01
0.000000000000000000e+00 9.794146418571472168e-01
1.000000000000000000e+00 9.915288686752319336e-01
1.000000000000000000e+00 9.910286068916320801e-01
1.000000000000000000e+00 9.936500191688537598e-01
1.000000000000000000e+00 9.929643869400024414e-01
1.000000000000000000e+00 9.922541379928588867e-01
1.000000000000000000e+00 9.907838106155395508e-01
1.000000000000000000e+00 9.923477172851562500e-01
1.000000000000000000e+00 9.826716780662536621e-01
1.000000000000000000e+00 9.632383584976196289e-01
0.000000000000000000e+00 8.691371083259582520e-01
0.000000000000000000e+00 3.543011844158172607e-01
0.000000000000000000e+00 2.348182052373886108e-01
0.000000000000000000e+00 6.340155750513076782e-02
0.000000000000000000e+00 8.129840716719627380e-03
0.000000000000000000e+00 7.010584813542664051e-04
0.000000000000000000e+00 1.648902107262983918e-04
0.000000000000000000e+00 2.156813206966035068e-05
0.000000000000000000e+00 3.348327936691930518e-06
0.000000000000000000e+00 7.774190748932596762e-07
0.000000000000000000e+00 2.025341103717437363e-07
0.000000000000000000e+00 4.138974318834698352e-08
0.000000000000000000e+00 1.679460126524645602e-08
0.000000000000000000e+00 3.436404494294720280e-09
0.000000000000000000e+00 2.566933554604133860e-09
0.000000000000000000e+00 1.550632289237796613e-09
0.000000000000000000e+00 5.979074457762578731e-10
0.000000000000000000e+00 5.940732350495636638e-10
0.000000000000000000e+00 3.904396250753450204e-10
0.000000000000000000e+00 4.613173731904396391e-10
0.000000000000000000e+00 4.571523715135583643e-10
