0.000000000000000000e+00 9.298448264598846436e-02
1.000000000000000000e+00 1.532673239707946777e-01
1.000000000000000000e+00 2.123693078756332397e-01
1.000000000000000000e+00 3.010247945785522461e-01
0.000000000000000000e+00 3.720017373561859131e-01
0.000000000000000000e+00 5.800212621688842773e-01
0.000000000000000000e+00 5.126019716262817383e-01
0.000000000000000000e+00 6.413325071334838867e-01
0.000000000000000000e+00 6.306481361389160156e-01
0.000000000000000000e+00 6.364299058914184570e-01
0.000000000000000000e+00 7.054730653762817383e-01
0.000000000000000000e+00 6.189053654670715332e-01
0.000000000000000000e+00 7.205225229263305664e-01
1.000000000000000000e+00 7.352107763290405273e-01
1.000000000000000000e+00 7.973188161849975586e-01
1.000000000000000000e+00 7.771106362342834473e-01
1.000000000000000000e+00 7.776193618774414062e-01
1.000000000000000000e+00 7.838892936706542969e-01
1.000000000000000000e+00 8.271539211273193359e-01
1.000000000000000000e+00 7.870889306068420410e-01
1.000000000000000000e+00 7.767813205718994141e-01
1.000000000000000000e+00 7.597200274467468262e-01
1.000000000000000000e+00 7.584906816482543945e-01
1.000000000000000000e+00 7.280634045600891113e-01
1.000000000000000000e+00 6.130796074867248535e-01
1.000000000000000000e+00 4.454936385154724121e-01
1.000000000000000000e+00 2.889836132526397705e-01
1.000000000000000000e+00 2.057359814643859863e-01
0.000000000000000000e+00 7.190483808517456055e-02
0.000000000000000000e+00 5.373125523328781128e-02
0.000000000000000000e+00 2.994313836097717285e-02
0.000000000000000000e+00 9.548200294375419617e-03
0.000000000000000000e+00 7.333299145102500916e-03
0.000000000000000000e+00 3.388358047232031822e-03
0.000000000000000000e+00 1.754061551764607430e-03
0.000000000000000000e+00 1.269022352062165737e-03
0.000000000000000000e+00 6.708675646223127842e-04
0.000000000000000000e+00 5.383867537602782249e-04
1.000000000000000000e+00 3.665261319838464260e-04
1.000000000000000000e+00 2.772905281744897366e-04
1.000000000000000000e+00 2.305067318957298994e-04
1.000000000000000000e+00 2.407314605079591274e-04
1.000000000000000000e+00 1.063488307408988476e-04
1.000000000000000000e+00 7.498417835449799895e-05
1.000000000000000000e+00 5.972025974187999964e-05
1.000000000000000000e+00 2.811205014586448669e-02
0.000000000000000000e+00 2.537385374307632446e-02
0.000000000000000000e+00 1.537987682968378067e-02
0.000000000000000000e+00 1.798508130013942719e-02
0.000000000000000000e+00 1.329233683645725250e-02
0.000000000000000000e+00 1.719536259770393372e-02
0.000000000000000000e+00 1.914560608565807343e-02
0.000000000000000000e+00 2.664706297218799591e-02
0.000000000000000000e+00 2.100446820259094238e-02
0.000000000000000000e+00 1.149989664554595947e-02
0.000000000000000000e+00 2.474752441048622131e-02
0.000000000000000000e+00 2.403588406741619110e-02
0.000000000000000000e+00 3.710434958338737488e-02
0.000000000000000000e+00 3.296245634555816650e-02
0.000000000000000000e+00 2.524615637958049774e-02
0.000000000000000000e+00 2.236769534647464752e-02
0.000000000000000000e+00 1.710760220885276794e-02
0.000000000000000000e+00 9.779704734683036804e-03
0.000000000000000000e+00 4.124219063669443130e-03
0.000000000000000000e+00 8.811592124402523041e-03
0.000000000000000000e+00 2.665740670636296272e-03
0.000000000000000000e+00 3.054784378036856651e-03
0.000000000000000000e+00 4.004705231636762619e-03
0.000000000000000000e+00 2.713343827053904533e-03
0.000000000000000000e+00 1.491562696173787117e-03
0.000000000000000000e+00 2.360291779041290283e-03
0.000000000000000000e+00 2.571611665189266205e-03
0.000000000000000000e+00 3.240362042561173439e-03
0.000000000000000000e+00 2.721940400078892708e-03
0.000000000000000000e+00 2.577317412942647934e-03
0.000000000000000000e+00 2.241424750536680222e-03
0.000000000000000000e+00 2.547505311667919159e-03
0.000000000000000000e+00 1.329162390902638435e-03
0.000000000000000000e+00 4.831156693398952484e-03
0.000000000000000000e+00 2.932374132797122002e-03
0.000000000000000000e+00 2.902447013184428215e-03
0.000000000000000000e+00 2.626301487907767296e-03
0.000000000000000000e+00 2.510906895622611046e-03
0.000000000000000000e+00 1.789228175766766071e-03
0.000000000000000000e+00 1.673807855695486069e-03
0.000000000000000000e+00 2.343810163438320160e-03
0.000000000000000000e+00 3.810920752584934235e-03
0.000000000000000000e+00 5.220207385718822479e-03
0.000000000000000000e+00 5.458096507936716080e-03
0.000000000000000000e+00 6.074599456042051315e-03
0.000000000000000000e+00 2.217377573251724243e-01
0.000000000000000000e+00 2.379031479358673096e-01
0.000000000000000000e+00 1.093845590949058533e-01
0.000000000000000000e+00 1.098278611898422241e-01
0.000000000000000000e+00 9.083174169063568115e-02
0.000000000000000000e+00 5.813401937484741211e-02
0.000000000000000000e+00 9.841597825288772583e-02
0.000000000000000000e+00 5.173734948039054871e-02
0.000000000000000000e+00 5.766853317618370056e-02
0.000000000000000000e+00 5.331616103649139404e-02
0.000000000000000000e+00 7.003576308488845825e-02
0.000000000000000000e+00 1.015869155526161194e-01
0.000000000000000000e+00 5.399623513221740723e-02
0.000000000000000000e+00 3.740602731704711914e-02
0.000000000000000000e+00 3.766864538192749023e-02
0.000000000000000000e+00 7.755621522665023804e-02
0.000000000000000000e+00 5.359223857522010803e-02
0.000000000000000000e+00 5.078541487455368042e-02
0.000000000000000000e+00 2.880246192216873169e-02
0.000000000000000000e+00 1.296955067664384842e-02
0.000000000000000000e+00 9.449947625398635864e-03
0.000000000000000000e+00 1.126752421259880066e-02
0.000000000000000000e+00 6.950469687581062317e-03
0.000000000000000000e+00 3.221173537895083427e-03
0.000000000000000000e+00 4.189550410956144333e-03
0.000000000000000000e+00 4.591705743223428726e-03
0.000000000000000000e+00 1.350866048596799374e-03
0.000000000000000000e+00 1.649790094234049320e-03
0.000000000000000000e+00 1.791456481441855431e-03
0.000000000000000000e+00 1.362591981887817383e-03
0.000000000000000000e+00 1.488884212449193001e-03
0.000000000000000000e+00 1.012112479656934738e-03
0.000000000000000000e+00 2.637018682435154915e-03
0.000000000000000000e+00 2.150163287296891212e-03
0.000000000000000000e+00 2.035189885646104813e-03
0.000000000000000000e+00 7.168991724029183388e-04
0.000000000000000000e+00 1.588218379765748978e-03
0.000000000000000000e+00 1.923710922710597515e-03
0.000000000000000000e+00 2.176481764763593674e-03
0.000000000000000000e+00 3.531978698447346687e-03
0.000000000000000000e+00 3.532827831804752350e-03
0.000000000000000000e+00 5.627142731100320816e-03
0.000000000000000000e+00 6.303650792688131332e-03
0.000000000000000000e+00 7.619353011250495911e-03
0.000000000000000000e+00 8.798965252935886383e-03
0.000000000000000000e+00 4.045832902193069458e-02
0.000000000000000000e+00 2.233016863465309143e-02
0.000000000000000000e+00 2.913895808160305023e-02
0.000000000000000000e+00 2.600118704140186310e-02
0.000000000000000000e+00 1.840025186538696289e-02
0.000000000000000000e+00 2.051473036408424377e-02
0.000000000000000000e+00 1.802301406860351562e-02
0.000000000000000000e+00 1.625751517713069916e-02
0.000000000000000000e+00 1.850596629083156586e-02
0.000000000000000000e+00 1.285060960799455643e-02
0.000000000000000000e+00 1.286638248711824417e-02
0.000000000000000000e+00 1.464146561920642853e-02
0.000000000000000000e+00 2.046884596347808838e-02
0.000000000000000000e+00 1.578643545508384705e-02
0.000000000000000000e+00 1.705857552587985992e-02
0.000000000000000000e+00 1.429271139204502106e-02
0.000000000000000000e+00 2.136486582458019257e-02
0.000000000000000000e+00 1.990844868123531342e-02
0.000000000000000000e+00 1.935710571706295013e-02
0.000000000000000000e+00 1.919147558510303497e-02
0.000000000000000000e+00 2.600772678852081299e-02
0.000000000000000000e+00 1.893443800508975983e-02
0.000000000000000000e+00 1.723843999207019806e-02
0.000000000000000000e+00 2.212407253682613373e-02
0.000000000000000000e+00 2.520692162215709686e-02
0.000000000000000000e+00 2.129660919308662415e-02
0.000000000000000000e+00 1.789880171418190002e-02
0.000000000000000000e+00 2.105293236672878265e-02
0.000000000000000000e+00 2.623473666608333588e-02
0.000000000000000000e+00 2.479991130530834198e-02
0.000000000000000000e+00 2.502225711941719055e-02
0.000000000000000000e+00 2.700219117105007172e-02
0.000000000000000000e+00 3.895256295800209045e-02
0.000000000000000000e+00 3.485313430428504944e-02
0.000000000000000000e+00 3.301692008972167969e-02
0.000000000000000000e+00 3.842157125473022461e-02
0.000000000000000000e+00 4.287447780370712280e-02
0.000000000000000000e+00 5.343567952513694763e-02
0.000000000000000000e+00 4.960886016488075256e-02
0.000000000000000000e+00 3.682720661163330078e-02
0.000000000000000000e+00 6.488938629627227783e-02
0.000000000000000000e+00 8.082965016365051270e-02
0.000000000000000000e+00 7.410786300897598267e-02
0.000000000000000000e+00 9.605734795331954956e-02
0.000000000000000000e+00 1.328916698694229126e-01
0.000000000000000000e+00 8.225743174552917480e-01
0.000000000000000000e+00 7.978916168212890625e-01
0.000000000000000000e+00 6.928442716598510742e-01
0.000000000000000000e+00 6.603171229362487793e-01
0.000000000000000000e+00 6.832023262977600098e-01
0.000000000000000000e+00 5.732864737510681152e-01
0.000000000000000000e+00 5.617198348045349121e-01
0.000000000000000000e+00 4.559920132160186768e-01
0.000000000000000000e+00 4.721102416515350342e-01
0.000000000000000000e+00 4.851727783679962158e-01
0.000000000000000000e+00 2.410605400800704956e-01
0.000000000000000000e+00 2.822254598140716553e-01
0.000000000000000000e+00 1.357590854167938232e-01
0.000000000000000000e+00 1.898543834686279297e-01
0.000000000000000000e+00 9.501341730356216431e-02
0.000000000000000000e+00 5.811146646738052368e-02
0.000000000000000000e+00 2.855211310088634491e-02
0.000000000000000000e+00 4.544778913259506226e-02
0.000000000000000000e+00 2.706632576882839203e-02
0.000000000000000000e+00 2.309099584817886353e-02
0.000000000000000000e+00 1.333296671509742737e-02
0.000000000000000000e+00 1.872238144278526306e-02
0.000000000000000000e+00 8.582798764109611511e-03
0.000000000000000000e+00 8.480470627546310425e-03
0.000000000000000000e+00 6.118187215179204941e-03
0.000000000000000000e+00 8.578093722462654114e-03
0.000000000000000000e+00 5.537291057407855988e-03
0.000000000000000000e+00 4.169984720647335052e-03
0.000000000000000000e+00 1.318082306534051895e-02
0.000000000000000000e+00 7.184932008385658264e-03
0.000000000000000000e+00 2.831493970006704330e-03
0.000000000000000000e+00 3.532562870532274246e-03
0.000000000000000000e+00 3.233772469684481621e-03
0.000000000000000000e+00 1.347037032246589661e-03
0.000000000000000000e+00 5.359578412026166916e-03
0.000000000000000000e+00 5.503884516656398773e-03
0.000000000000000000e+00 3.219984006136655807e-03
0.000000000000000000e+00 2.200758084654808044e-03
0.000000000000000000e+00 2.510127145797014236e-03
0.000000000000000000e+00 2.616833429783582687e-03
0.000000000000000000e+00 3.719129832461476326e-03
0.000000000000000000e+00 3.219743957743048668e-03
0.000000000000000000e+00 6.953363306820392609e-03
0.000000000000000000e+00 5.981773138046264648e-03
0.000000000000000000e+00 4.168571438640356064e-03
0.000000000000000000e+00 5.844675302505493164e-01
1.000000000000000000e+00 5.769929885864257812e-01
0.000000000000000000e+00 5.745126605033874512e-01
0.000000000000000000e+00 4.541517496109008789e-01
0.000000000000000000e+00 5.596573948860168457e-01
0.000000000000000000e+00 4.930858910083770752e-01
0.000000000000000000e+00 5.897608995437622070e-01
0.000000000000000000e+00 5.349416136741638184e-01
0.000000000000000000e+00 5.165994763374328613e-01
0.000000000000000000e+00 4.465984702110290527e-01
0.000000000000000000e+00 4.684178829193115234e-01
0.000000000000000000e+00 3.970168828964233398e-01
0.000000000000000000e+00 3.873749077320098877e-01
1.000000000000000000e+00 4.457987844944000244e-01
1.000000000000000000e+00 4.205554723739624023e-01
1.000000000000000000e+00 3.929109871387481689e-01
1.000000000000000000e+00 2.786507606506347656e-01
1.000000000000000000e+00 4.067642390727996826e-01
1.000000000000000000e+00 2.823262810707092285e-01
1.000000000000000000e+00 3.634031414985656738e-01
1.000000000000000000e+00 3.575159907341003418e-01
1.000000000000000000e+00 2.696083188056945801e-01
1.000000000000000000e+00 3.617436587810516357e-01
1.000000000000000000e+00 3.310358524322509766e-01
1.000000000000000000e+00 2.638728022575378418e-01
1.000000000000000000e+00 2.678682506084442139e-01
0.000000000000000000e+00 2.219033688306808472e-01
0.000000000000000000e+00 2.480272799730300903e-01
0.000000000000000000e+00 1.428740769624710083e-01
0.000000000000000000e+00 1.541363596916198730e-01
0.000000000000000000e+00 1.232728064060211182e-01
0.000000000000000000e+00 9.747884422540664673e-02
0.000000000000000000e+00 1.317346394062042236e-01
0.000000000000000000e+00 1.750731021165847778e-01
0.000000000000000000e+00 1.492518633604049683e-01
0.000000000000000000e+00 2.675496339797973633e-01
0.000000000000000000e+00 2.514734566211700439e-01
0.000000000000000000e+00 1.764023303985595703e-01
0.000000000000000000e+00 1.864984482526779175e-01
0.000000000000000000e+00 1.831516325473785400e-01
0.000000000000000000e+00 1.952857077121734619e-01
0.000000000000000000e+00 2.665325105190277100e-01
0.000000000000000000e+00 1.642338335514068604e-01
0.000000000000000000e+00 2.361595481634140015e-01
0.000000000000000000e+00 2.700456976890563965e-01
0.000000000000000000e+00 2.593098441138863564e-03
0.000000000000000000e+00 5.623317789286375046e-03
0.000000000000000000e+00 1.108664670027792454e-03
0.000000000000000000e+00 1.492625451646745205e-03
0.000000000000000000e+00 1.250723376870155334e-03
0.000000000000000000e+00 1.078030792996287346e-03
0.000000000000000000e+00 7.034201407805085182e-04
0.000000000000000000e+00 9.976441506296396255e-04
0.000000000000000000e+00 6.576063460670411587e-04
0.000000000000000000e+00 5.897723603993654251e-04
0.000000000000000000e+00 7.845736108720302582e-04
1.000000000000000000e+00 8.003207622095942497e-04
0.000000000000000000e+00 1.056084525771439075e-03
1.000000000000000000e+00 6.450646324083209038e-04
1.000000000000000000e+00 6.989706889726221561e-04
1.000000000000000000e+00 4.579035157803446054e-04
1.000000000000000000e+00 3.190973948221653700e-04
1.000000000000000000e+00 3.156995517201721668e-04
1.000000000000000000e+00 3.328577149659395218e-04
1.000000000000000000e+00 1.749560615280643106e-04
1.000000000000000000e+00 1.642668794374912977e-04
1.000000000000000000e+00 9.622565994504839182e-05
1.000000000000000000e+00 1.192044146591797471e-04
1.000000000000000000e+00 5.785906978417187929e-05
1.000000000000000000e+00 3.757257945835590363e-05
0.000000000000000000e+00 3.982614725828170776e-05
0.000000000000000000e+00 9.668229722592514008e-06
0.000000000000000000e+00 1.037717902363510802e-05
0.000000000000000000e+00 9.730611964187119156e-06
0.000000000000000000e+00 7.780889973219018430e-06
0.000000000000000000e+00 7.794807970640249550e-06
0.000000000000000000e+00 3.729280706465942785e-06
0.000000000000000000e+00 3.572797368178726174e-06
1.000000000000000000e+00 2.507707222321187146e-06
0.000000000000000000e+00 5.677516583091346547e-06
0.000000000000000000e+00 2.780759359666262753e-06
0.000000000000000000e+00 9.805115041672252119e-06
0.000000000000000000e+00 7.649549843335989863e-06
0.000000000000000000e+00 6.969929017941467464e-06
0.000000000000000000e+00 1.044084820023272187e-05
0.000000000000000000e+00 1.639670881559140980e-05
0.000000000000000000e+00 2.856840546883177012e-05
0.000000000000000000e+00 2.967888576677069068e-05
0.000000000000000000e+00 2.936016244348138571e-05
0.000000000000000000e+00 6.973238487262278795e-05
0.000000000000000000e+00 9.525596499443054199e-01
0.000000000000000000e+00 9.669954180717468262e-01
1.000000000000000000e+00 9.718561172485351562e-01
0.000000000000000000e+00 9.717056751251220703e-01
0.000000000000000000e+00 9.801023602485656738e-01
0.000000000000000000e+00 9.857743978500366211e-01
0.000000000000000000e+00 9.850564599037170410e-01
0.000000000000000000e+00 9.830257296562194824e-01
0.000000000000000000e+00 9.871597290039062500e-01
0.000000000000000000e+00 9.845924973487854004e-01
0.000000000000000000e+00 9.852734208106994629e-01
1.000000000000000000e+00 9.849696159362792969e-01
1.000000000000000000e+00 9.847072958946228027e-01
1.000000000000000000e+00 9.853476881980895996e-01
1.000000000000000000e+00 9.894842505455017090e-01
1.000000000000000000e+00 9.871211647987365723e-01
1.000000000000000000e+00 9.894847273826599121e-01
1.000000000000000000e+00 9.887989163398742676e-01
1.000000000000000000e+00 9.896366000175476074e-01
1.000000000000000000e+00 9.915332198143005371e-01
1.000000000000000000e+00 9.871335029602050781e-01
1.000000000000000000e+00 9.874674677848815918e-01
1.000000000000000000e+00 9.892854094505310059e-01
1.000000000000000000e+00 9.869219064712524414e-01
1.000000000000000000e+00 9.852614998817443848e-01
1.000000000000000000e+00 9.819985628128051758e-01
0.000000000000000000e+00 9.802529811859130859e-01
0.000000000000000000e+00 9.695711135864257812e-01
0.000000000000000000e+00 9.474182724952697754e-01
0.000000000000000000e+00 9.372295141220092773e-01
0.000000000000000000e+00 9.134827256202697754e-01
0.000000000000000000e+00 8.472267389297485352e-01
0.000000000000000000e+00 8.019214272499084473e-01
0.000000000000000000e+00 7.332284450531005859e-01
0.000000000000000000e+00 7.103812694549560547e-01
0.000000000000000000e+00 6.561468839645385742e-01
0.000000000000000000e+00 6.257055997848510742e-01
0.000000000000000000e+00 6.446258425712585449e-01
0.000000000000000000e+00 5.705870985984802246e-01
0.000000000000000000e+00 5.248987674713134766e-01
0.000000000000000000e+00 5.261170268058776855e-01
0.000000000000000000e+00 4.596592187881469727e-01
0.000000000000000000e+00 3.774360716342926025e-01
0.000000000000000000e+00 2.426091134548187256e-01
0.000000000000000000e+00 2.114672064781188965e-01
