0.000000000000000000e+00 2.635208368301391602e-01
0.000000000000000000e+00 2.024742811918258667e-01
0.000000000000000000e+00 1.613351106643676758e-01
0.000000000000000000e+00 1.277023851871490479e-01
0.000000000000000000e+00 4.337256401777267456e-02
0.000000000000000000e+00 2.053406648337841034e-02
0.000000000000000000e+00 1.037097536027431488e-02
0.000000000000000000e+00 5.010999739170074463e-03
0.000000000000000000e+00 1.283363555558025837e-03
0.000000000000000000e+00 8.159994613379240036e-04
0.000000000000000000e+00 6.592686404474079609e-04
0.000000000000000000e+00 8.250433020293712616e-04
0.000000000000000000e+00 8.488476159982383251e-04
0.000000000000000000e+00 5.721761845052242279e-04
0.000000000000000000e+00 2.717765746638178825e-04
0.000000000000000000e+00 3.945427015423774719e-04
0.000000000000000000e+00 1.419032108969986439e-03
0.000000000000000000e+00 9.409792837686836720e-04
0.000000000000000000e+00 4.060733597725629807e-03
0.000000000000000000e+00 3.810381516814231873e-03
0.000000000000000000e+00 3.795502334833145142e-02
0.000000000000000000e+00 8.858747780323028564e-02
0.000000000000000000e+00 7.171586900949478149e-02
0.000000000000000000e+00 2.437791973352432251e-01
0.000000000000000000e+00 1.834063231945037842e-01
0.000000000000000000e+00 3.654181659221649170e-01
0.000000000000000000e+00 4.938361048698425293e-01
0.000000000000000000e+00 7.566835880279541016e-01
0.000000000000000000e+00 7.552438378334045410e-01
0.000000000000000000e+00 7.522650361061096191e-01
0.000000000000000000e+00 7.494632005691528320e-01
0.000000000000000000e+00 7.394738793373107910e-01
1.000000000000000000e+00 7.391917109489440918e-01
1.000000000000000000e+00 7.263197302818298340e-01
0.000000000000000000e+00 7.154061198234558105e-01
0.000000000000000000e+00 6.734950542449951172e-01
0.000000000000000000e+00 6.520032286643981934e-01
0.000000000000000000e+00 6.673060655593872070e-01
0.000000000000000000e+00 6.140727400779724121e-01
0.000000000000000000e+00 6.113123893737792969e-01
0.000000000000000000e+00 5.886960029602050781e-01
0.000000000000000000e+00 5.772123336791992188e-01
0.000000000000000000e+00 5.846034288406372070e-01
0.000000000000000000e+00 5.777636170387268066e-01
0.000000000000000000e+00 5.746266841888427734e-01
0.000000000000000000e+00 5.852710604667663574e-01
0.000000000000000000e+00 5.736482143402099609e-01
0.000000000000000000e+00 5.816169381141662598e-01
0.000000000000000000e+00 5.778866410255432129e-01
0.000000000000000000e+00 5.408204793930053711e-01
0.000000000000000000e+00 5.430033802986145020e-01
0.000000000000000000e+00 5.285882353782653809e-01
0.000000000000000000e+00 5.431581139564514160e-01
0.000000000000000000e+00 5.571361780166625977e-01
0.000000000000000000e+00 5.833706855773925781e-01
0.000000000000000000e+00 5.722025036811828613e-01
0.000000000000000000e+00 5.594634413719177246e-01
0.000000000000000000e+00 5.417405962944030762e-01
0.000000000000000000e+00 5.468093752861022949e-01
0.000000000000000000e+00 5.394471287727355957e-01
0.000000000000000000e+00 5.662036538124084473e-01
0.000000000000000000e+00 5.917519330978393555e-01
0.000000000000000000e+00 5.653381347656250000e-01
0.000000000000000000e+00 5.761333703994750977e-01
0.000000000000000000e+00 5.904704332351684570e-01
0.000000000000000000e+00 5.741891860961914062e-01
0.000000000000000000e+00 5.652068853378295898e-01
0.000000000000000000e+00 5.623166561126708984e-01
0.000000000000000000e+00 5.667482614517211914e-01
0.000000000000000000e+00 5.658195614814758301e-01
0.000000000000000000e+00 5.884705781936645508e-01
0.000000000000000000e+00 6.026930809020996094e-01
0.000000000000000000e+00 6.186465620994567871e-01
0.000000000000000000e+00 6.395767331123352051e-01
0.000000000000000000e+00 6.444583535194396973e-01
0.000000000000000000e+00 3.103614151477813721e-01
0.000000000000000000e+00 1.839642226696014404e-01
0.000000000000000000e+00 2.133338600397109985e-01
0.000000000000000000e+00 1.200602799654006958e-01
0.000000000000000000e+00 1.242776066064834595e-01
0.000000000000000000e+00 7.326612621545791626e-02
0.000000000000000000e+00 6.956494599580764771e-02
0.000000000000000000e+00 4.127319529652595520e-02
0.000000000000000000e+00 3.050935827195644379e-02
0.000000000000000000e+00 1.290511526167392731e-02
0.000000000000000000e+00 1.576669514179229736e-02
0.000000000000000000e+00 1.219325419515371323e-02
0.000000000000000000e+00 9.578248485922813416e-03
0.000000000000000000e+00 1.012994721531867981e-02
0.000000000000000000e+00 6.949788890779018402e-03
0.000000000000000000e+00 7.608245126903057098e-03
0.000000000000000000e+00 1.921649090945720673e-02
0.000000000000000000e+00 2.906135097146034241e-02
0.000000000000000000e+00 5.402398109436035156e-02
0.000000000000000000e+00 1.217483580112457275e-01
0.000000000000000000e+00 2.388945370912551880e-01
0.000000000000000000e+00 3.625622987747192383e-01
0.000000000000000000e+00 5.286853313446044922e-01
0.000000000000000000e+00 3.807506263256072998e-01
0.000000000000000000e+00 3.756770789623260498e-01
0.000000000000000000e+00 2.229082733392715454e-01
0.000000000000000000e+00 1.506949216127395630e-01
0.000000000000000000e+00 7.480478286743164062e-02
0.000000000000000000e+00 8.915169537067413330e-02
0.000000000000000000e+00 1.072064638137817383e-01
0.000000000000000000e+00 1.078922003507614136e-01
0.000000000000000000e+00 1.939480006694793701e-01
0.000000000000000000e+00 1.045871898531913757e-01
0.000000000000000000e+00 1.180384084582328796e-01
0.000000000000000000e+00 1.317248642444610596e-01
0.000000000000000000e+00 1.150623932480812073e-01
0.000000000000000000e+00 9.120360016822814941e-02
0.000000000000000000e+00 1.032165288925170898e-01
0.000000000000000000e+00 8.835867047309875488e-02
0.000000000000000000e+00 1.167953163385391235e-01
0.000000000000000000e+00 1.076232716441154480e-01
0.000000000000000000e+00 1.024480462074279785e-01
0.000000000000000000e+00 1.209352090954780579e-01
0.000000000000000000e+00 2.007614821195602417e-01
0.000000000000000000e+00 2.002984136343002319e-01
0.000000000000000000e+00 2.963361144065856934e-01
0.000000000000000000e+00 2.146144211292266846e-01
0.000000000000000000e+00 3.109500110149383545e-01
0.000000000000000000e+00 2.724442481994628906e-01
0.000000000000000000e+00 3.321839869022369385e-01
0.000000000000000000e+00 3.238470852375030518e-01
0.000000000000000000e+00 3.754199147224426270e-01
0.000000000000000000e+00 2.761513590812683105e-01
0.000000000000000000e+00 2.689875364303588867e-01
0.000000000000000000e+00 4.067100286483764648e-01
1.000000000000000000e+00 4.459514915943145752e-01
1.000000000000000000e+00 5.399413704872131348e-01
0.000000000000000000e+00 6.298573613166809082e-01
0.000000000000000000e+00 6.548195481300354004e-01
0.000000000000000000e+00 6.794455647468566895e-01
0.000000000000000000e+00 6.828865408897399902e-01
0.000000000000000000e+00 6.860803961753845215e-01
0.000000000000000000e+00 6.835227608680725098e-01
0.000000000000000000e+00 6.822473406791687012e-01
0.000000000000000000e+00 6.766432523727416992e-01
0.000000000000000000e+00 6.734375953674316406e-01
0.000000000000000000e+00 6.693716645240783691e-01
0.000000000000000000e+00 6.542975902557373047e-01
0.000000000000000000e+00 6.311408877372741699e-01
0.000000000000000000e+00 6.226543188095092773e-01
0.000000000000000000e+00 6.139393448829650879e-01
0.000000000000000000e+00 6.054201126098632812e-01
0.000000000000000000e+00 5.610350966453552246e-01
0.000000000000000000e+00 5.321312546730041504e-01
0.000000000000000000e+00 4.544501006603240967e-01
0.000000000000000000e+00 2.775993645191192627e-01
0.000000000000000000e+00 2.885980904102325439e-01
0.000000000000000000e+00 1.574387103319168091e-01
0.000000000000000000e+00 1.304290443658828735e-01
0.000000000000000000e+00 4.491822049021720886e-02
0.000000000000000000e+00 1.922623626887798309e-02
0.000000000000000000e+00 1.436047907918691635e-02
0.000000000000000000e+00 1.457742042839527130e-02
0.000000000000000000e+00 2.362428046762943268e-02
0.000000000000000000e+00 4.080902412533760071e-02
0.000000000000000000e+00 5.457464233040809631e-02
0.000000000000000000e+00 1.043561026453971863e-01
0.000000000000000000e+00 1.114603802561759949e-01
0.000000000000000000e+00 2.046785950660705566e-01
0.000000000000000000e+00 3.440653383731842041e-01
0.000000000000000000e+00 2.854260504245758057e-01
0.000000000000000000e+00 3.155659139156341553e-01
0.000000000000000000e+00 3.209242820739746094e-01
0.000000000000000000e+00 2.264401614665985107e-01
0.000000000000000000e+00 1.912412494421005249e-01
0.000000000000000000e+00 1.502406448125839233e-01
0.000000000000000000e+00 1.245063468813896179e-01
0.000000000000000000e+00 7.890245318412780762e-02
0.000000000000000000e+00 9.192804247140884399e-02
0.000000000000000000e+00 1.191563606262207031e-01
0.000000000000000000e+00 1.252645105123519897e-01
0.000000000000000000e+00 2.553195655345916748e-01
0.000000000000000000e+00 3.805881142616271973e-01
0.000000000000000000e+00 4.006752669811248779e-01
0.000000000000000000e+00 3.185411393642425537e-01
0.000000000000000000e+00 4.300947785377502441e-01
0.000000000000000000e+00 2.798545062541961670e-01
0.000000000000000000e+00 3.053713440895080566e-01
0.000000000000000000e+00 2.906359434127807617e-01
0.000000000000000000e+00 3.035668432712554932e-01
0.000000000000000000e+00 3.823685050010681152e-01
0.000000000000000000e+00 3.917725980281829834e-01
0.000000000000000000e+00 5.181286931037902832e-01
0.000000000000000000e+00 6.679624915122985840e-01
0.000000000000000000e+00 6.184322237968444824e-01
0.000000000000000000e+00 5.458070635795593262e-01
0.000000000000000000e+00 5.055115222930908203e-01
0.000000000000000000e+00 5.935975313186645508e-01
0.000000000000000000e+00 6.556231975555419922e-01
0.000000000000000000e+00 6.851990222930908203e-01
0.000000000000000000e+00 6.794403195381164551e-01
0.000000000000000000e+00 6.331465244293212891e-01
0.000000000000000000e+00 5.732275247573852539e-01
0.000000000000000000e+00 3.998050987720489502e-01
0.000000000000000000e+00 4.101413190364837646e-01
0.000000000000000000e+00 4.443809688091278076e-01
0.000000000000000000e+00 3.585190176963806152e-01
0.000000000000000000e+00 3.857340514659881592e-01
0.000000000000000000e+00 2.851580381393432617e-01
0.000000000000000000e+00 4.251266717910766602e-01
0.000000000000000000e+00 5.019955039024353027e-01
0.000000000000000000e+00 6.927016377449035645e-01
0.000000000000000000e+00 8.013007640838623047e-01
0.000000000000000000e+00 8.165100812911987305e-01
0.000000000000000000e+00 8.160764575004577637e-01
0.000000000000000000e+00 8.116236925125122070e-01
0.000000000000000000e+00 8.136199712753295898e-01
0.000000000000000000e+00 8.038220405578613281e-01
0.000000000000000000e+00 8.061031103134155273e-01
0.000000000000000000e+00 7.775282859802246094e-01
0.000000000000000000e+00 7.359251976013183594e-01
0.000000000000000000e+00 6.267623901367187500e-01
0.000000000000000000e+00 5.873573422431945801e-01
0.000000000000000000e+00 5.574998855590820312e-01
0.000000000000000000e+00 5.339445471763610840e-01
0.000000000000000000e+00 4.873059689998626709e-01
0.000000000000000000e+00 4.552395045757293701e-01
0.000000000000000000e+00 4.229854345321655273e-01
0.000000000000000000e+00 3.799149096012115479e-01
0.000000000000000000e+00 3.353490233421325684e-01
0.000000000000000000e+00 6.455660462379455566e-01
0.000000000000000000e+00 5.066947340965270996e-01
0.000000000000000000e+00 2.175446748733520508e-01
0.000000000000000000e+00 1.498050540685653687e-01
0.000000000000000000e+00 5.354376882314682007e-02
0.000000000000000000e+00 6.455785036087036133e-02
0.000000000000000000e+00 9.115044958889484406e-03
0.000000000000000000e+00 8.759027346968650818e-03
0.000000000000000000e+00 2.701610326766967773e-03
0.000000000000000000e+00 1.185527187772095203e-03
0.000000000000000000e+00 6.027644849382340908e-04
0.000000000000000000e+00 5.580702563747763634e-04
0.000000000000000000e+00 1.952376624103635550e-04
0.000000000000000000e+00 7.024582737358286977e-05
0.000000000000000000e+00 3.929118247469887137e-05
0.000000000000000000e+00 2.886022775783203542e-05
0.000000000000000000e+00 2.355057404201943427e-05
0.000000000000000000e+00 1.033072112477384508e-05
0.000000000000000000e+00 5.393245828599901870e-06
0.000000000000000000e+00 1.064462139765964821e-05
0.000000000000000000e+00 1.718406565487384796e-05
0.000000000000000000e+00 2.312994365638587624e-05
0.000000000000000000e+00 3.304904385004192591e-05
0.000000000000000000e+00 4.528717545326799154e-05
0.000000000000000000e+00 3.243262472096830606e-05
0.000000000000000000e+00 4.809016900253482163e-05
0.000000000000000000e+00 4.629193790606223047e-05
0.000000000000000000e+00 1.655045198276638985e-04
0.000000000000000000e+00 4.458306066226214170e-04
0.000000000000000000e+00 7.357326685450971127e-04
0.000000000000000000e+00 1.011502812616527081e-03
0.000000000000000000e+00 1.064045471139252186e-03
0.000000000000000000e+00 2.252981066703796387e-03
0.000000000000000000e+00 4.184613935649394989e-03
0.000000000000000000e+00 6.422763224691152573e-03
0.000000000000000000e+00 9.072948247194290161e-03
0.000000000000000000e+00 8.886881172657012939e-03
0.000000000000000000e+00 1.302158087491989136e-02
0.000000000000000000e+00 1.304213888943195343e-02
0.000000000000000000e+00 3.556166216731071472e-02
0.000000000000000000e+00 5.491046234965324402e-02
0.000000000000000000e+00 5.916107445955276489e-02
0.000000000000000000e+00 4.253857955336570740e-02
0.000000000000000000e+00 5.938990414142608643e-02
0.000000000000000000e+00 1.415673941373825073e-01
0.000000000000000000e+00 4.430601298809051514e-01
0.000000000000000000e+00 5.370479226112365723e-01
0.000000000000000000e+00 5.941818356513977051e-01
0.000000000000000000e+00 6.551645994186401367e-01
0.000000000000000000e+00 6.809375286102294922e-01
0.000000000000000000e+00 6.691863536834716797e-01
0.000000000000000000e+00 6.408768296241760254e-01
0.000000000000000000e+00 6.296672821044921875e-01
0.000000000000000000e+00 6.229141354560852051e-01
1.000000000000000000e+00 6.386292576789855957e-01
1.000000000000000000e+00 6.148948073387145996e-01
1.000000000000000000e+00 6.148227453231811523e-01
0.000000000000000000e+00 5.831454396247863770e-01
0.000000000000000000e+00 5.701238512992858887e-01
0.000000000000000000e+00 5.218062996864318848e-01
0.000000000000000000e+00 5.186377763748168945e-01
0.000000000000000000e+00 4.779128730297088623e-01
0.000000000000000000e+00 4.697866439819335938e-01
0.000000000000000000e+00 4.759483039379119873e-01
0.000000000000000000e+00 4.737996757030487061e-01
0.000000000000000000e+00 4.811542034149169922e-01
0.000000000000000000e+00 4.927705228328704834e-01
0.000000000000000000e+00 5.251308083534240723e-01
0.000000000000000000e+00 5.077877640724182129e-01
0.000000000000000000e+00 5.119600892066955566e-01
0.000000000000000000e+00 4.825627207756042480e-01
0.000000000000000000e+00 5.071532726287841797e-01
0.000000000000000000e+00 5.183184146881103516e-01
0.000000000000000000e+00 5.296926498413085938e-01
0.000000000000000000e+00 5.681872367858886719e-01
1.000000000000000000e+00 5.175593495368957520e-01
1.000000000000000000e+00 5.091813206672668457e-01
1.000000000000000000e+00 4.352833330631256104e-01
1.000000000000000000e+00 3.233247697353363037e-01
1.000000000000000000e+00 3.280849754810333252e-01
1.000000000000000000e+00 2.171735018491744995e-01
0.000000000000000000e+00 1.353851109743118286e-01
0.000000000000000000e+00 1.158149093389511108e-01
0.000000000000000000e+00 5.610083416104316711e-02
0.000000000000000000e+00 2.557921223342418671e-02
0.000000000000000000e+00 1.601537503302097321e-02
0.000000000000000000e+00 1.630180515348911285e-02
0.000000000000000000e+00 4.724728409200906754e-03
0.000000000000000000e+00 4.624879918992519379e-03
0.000000000000000000e+00 1.956936903297901154e-03
0.000000000000000000e+00 1.561015611514449120e-03
0.000000000000000000e+00 9.377371170558035374e-04
0.000000000000000000e+00 5.745060625486075878e-04
0.000000000000000000e+00 4.751900560222566128e-04
0.000000000000000000e+00 3.924171905964612961e-04
0.000000000000000000e+00 3.900262236129492521e-04
0.000000000000000000e+00 4.994755145162343979e-04
0.000000000000000000e+00 3.879096475429832935e-04
0.000000000000000000e+00 4.320505540817975998e-04
0.000000000000000000e+00 4.549276200123131275e-04
0.000000000000000000e+00 1.214219257235527039e-03
0.000000000000000000e+00 1.094223815016448498e-03
0.000000000000000000e+00 1.191261224448680878e-03
0.000000000000000000e+00 8.762676152400672436e-04
0.000000000000000000e+00 7.931571453809738159e-04
0.000000000000000000e+00 8.485224680043756962e-04
0.000000000000000000e+00 8.406686829403042793e-04
0.000000000000000000e+00 3.064270713366568089e-04
0.000000000000000000e+00 4.322029708418995142e-04
0.000000000000000000e+00 4.841791815124452114e-04
0.000000000000000000e+00 5.567006301134824753e-04
0.000000000000000000e+00 8.623669855296611786e-04
0.000000000000000000e+00 1.255898270756006241e-03
0.000000000000000000e+00 2.513885963708162308e-03
0.000000000000000000e+00 1.875423127785325050e-03
0.000000000000000000e+00 1.734914723783731461e-03
0.000000000000000000e+00 1.117601525038480759e-03
0.000000000000000000e+00 1.309145474806427956e-03
0.000000000000000000e+00 1.830439898185431957e-03
0.000000000000000000e+00 2.462491625919938087e-03
0.000000000000000000e+00 2.773270942270755768e-03
0.000000000000000000e+00 3.902262775227427483e-03
0.000000000000000000e+00 6.558499298989772797e-03
0.000000000000000000e+00 1.509264670312404633e-02
0.000000000000000000e+00 3.109940141439437866e-02
0.000000000000000000e+00 1.136851385235786438e-01
0.000000000000000000e+00 1.922050714492797852e-01
0.000000000000000000e+00 2.519948184490203857e-01
0.000000000000000000e+00 3.930432796478271484e-01
0.000000000000000000e+00 5.136072039604187012e-01
0.000000000000000000e+00 7.414368391036987305e-01
0.000000000000000000e+00 8.183387517929077148e-01
0.000000000000000000e+00 8.209040760993957520e-01
0.000000000000000000e+00 8.098937273025512695e-01
0.000000000000000000e+00 7.945502996444702148e-01
0.000000000000000000e+00 7.890464663505554199e-01
0.000000000000000000e+00 7.479184269905090332e-01
0.000000000000000000e+00 7.376754283905029297e-01
0.000000000000000000e+00 7.041735053062438965e-01
0.000000000000000000e+00 6.665210127830505371e-01
0.000000000000000000e+00 6.324242353439331055e-01
0.000000000000000000e+00 6.222481131553649902e-01
0.000000000000000000e+00 5.866671204566955566e-01
0.000000000000000000e+00 5.609000921249389648e-01
0.000000000000000000e+00 5.523224472999572754e-01
0.000000000000000000e+00 5.351603627204895020e-01
0.000000000000000000e+00 5.358697175979614258e-01
0.000000000000000000e+00 4.975033998489379883e-01
0.000000000000000000e+00 4.714871048927307129e-01
0.000000000000000000e+00 4.687269926071166992e-01
0.000000000000000000e+00 5.973722934722900391e-01
0.000000000000000000e+00 6.876005530357360840e-01
1.000000000000000000e+00 7.008007764816284180e-01
0.000000000000000000e+00 7.524304389953613281e-01
0.000000000000000000e+00 7.533131241798400879e-01
0.000000000000000000e+00 7.395780682563781738e-01
0.000000000000000000e+00 6.983189582824707031e-01
0.000000000000000000e+00 5.724421143531799316e-01
0.000000000000000000e+00 2.685346007347106934e-01
0.000000000000000000e+00 2.381037920713424683e-01
0.000000000000000000e+00 1.487912386655807495e-01
0.000000000000000000e+00 6.801743060350418091e-02
0.000000000000000000e+00 4.711118340492248535e-02
0.000000000000000000e+00 1.764687709510326385e-02
0.000000000000000000e+00 4.845389164984226227e-03
0.000000000000000000e+00 4.089090973138809204e-03
0.000000000000000000e+00 2.493097679689526558e-03
0.000000000000000000e+00 1.864993595518171787e-03
0.000000000000000000e+00 1.486253691837191582e-03
0.000000000000000000e+00 1.271232031285762787e-03
0.000000000000000000e+00 1.617039437405765057e-03
0.000000000000000000e+00 1.296909525990486145e-03
0.000000000000000000e+00 1.722790184430778027e-03
0.000000000000000000e+00 2.412362257018685341e-03
0.000000000000000000e+00 1.386210322380065918e-03
0.000000000000000000e+00 1.206173212267458439e-03
0.000000000000000000e+00 1.319054747000336647e-03
0.000000000000000000e+00 9.315871284343302250e-04
0.000000000000000000e+00 1.311166328378021717e-03
0.000000000000000000e+00 2.786043332889676094e-03
0.000000000000000000e+00 3.364723641425371170e-03
0.000000000000000000e+00 4.023389425128698349e-03
0.000000000000000000e+00 4.413334652781486511e-03
0.000000000000000000e+00 5.030694883316755295e-03
0.000000000000000000e+00 7.949865423142910004e-03
0.000000000000000000e+00 8.522678166627883911e-03
0.000000000000000000e+00 1.175130531191825867e-02
0.000000000000000000e+00 1.000065542757511139e-02
0.000000000000000000e+00 1.593228988349437714e-02
0.000000000000000000e+00 3.118211589753627777e-02
0.000000000000000000e+00 2.727000042796134949e-02
0.000000000000000000e+00 2.418296039104461670e-02
0.000000000000000000e+00 3.510148078203201294e-02
0.000000000000000000e+00 5.199773237109184265e-02
0.000000000000000000e+00 4.191504791378974915e-02
0.000000000000000000e+00 6.129459664225578308e-02
0.000000000000000000e+00 7.901719212532043457e-02
0.000000000000000000e+00 9.132427722215652466e-02
0.000000000000000000e+00 1.282854676246643066e-01
0.000000000000000000e+00 2.221842259168624878e-01
0.000000000000000000e+00 2.917398214340209961e-01
0.000000000000000000e+00 4.719489216804504395e-01
1.000000000000000000e+00 4.682500958442687988e-01
1.000000000000000000e+00 4.678931832313537598e-01
1.000000000000000000e+00 5.752356052398681641e-01
1.000000000000000000e+00 6.503993868827819824e-01
1.000000000000000000e+00 6.503114700317382812e-01
1.000000000000000000e+00 6.477563381195068359e-01
1.000000000000000000e+00 6.265109777450561523e-01
0.000000000000000000e+00 5.608183145523071289e-01
0.000000000000000000e+00 5.402833223342895508e-01
0.000000000000000000e+00 4.669768512248992920e-01
0.000000000000000000e+00 4.528546929359436035e-01
0.000000000000000000e+00 4.016684293746948242e-01
0.000000000000000000e+00 3.391074240207672119e-01
0.000000000000000000e+00 3.077168762683868408e-01
0.000000000000000000e+00 2.781378030776977539e-01
0.000000000000000000e+00 2.355332672595977783e-01
0.000000000000000000e+00 2.035459727048873901e-01
0.000000000000000000e+00 1.753773540258407593e-01
0.000000000000000000e+00 1.828254312276840210e-01
1.000000000000000000e+00 1.532803773880004883e-01
0.000000000000000000e+00 1.529082357883453369e-01
0.000000000000000000e+00 1.544780582189559937e-01
0.000000000000000000e+00 1.709254980087280273e-01
0.000000000000000000e+00 7.186447978019714355e-01
0.000000000000000000e+00 7.547025680541992188e-01
0.000000000000000000e+00 7.563700675964355469e-01
0.000000000000000000e+00 7.559168934822082520e-01
0.000000000000000000e+00 7.574336528778076172e-01
0.000000000000000000e+00 7.518754005432128906e-01
0.000000000000000000e+00 7.552521228790283203e-01
0.000000000000000000e+00 7.558900713920593262e-01
0.000000000000000000e+00 7.553772330284118652e-01
0.000000000000000000e+00 7.542609572410583496e-01
0.000000000000000000e+00 7.577891349792480469e-01
0.000000000000000000e+00 7.546806931495666504e-01
0.000000000000000000e+00 7.539418339729309082e-01
0.000000000000000000e+00 7.502490282058715820e-01
0.000000000000000000e+00 7.595798969268798828e-01
0.000000000000000000e+00 7.574738264083862305e-01
0.000000000000000000e+00 7.589198946952819824e-01
0.000000000000000000e+00 7.490956783294677734e-01
0.000000000000000000e+00 7.519624233245849609e-01
0.000000000000000000e+00 7.533885240554809570e-01
0.000000000000000000e+00 7.531302571296691895e-01
0.000000000000000000e+00 7.529229521751403809e-01
0.000000000000000000e+00 7.459181547164916992e-01
0.000000000000000000e+00 7.530732750892639160e-01
0.000000000000000000e+00 7.526738643646240234e-01
0.000000000000000000e+00 7.477572560310363770e-01
0.000000000000000000e+00 7.513411045074462891e-01
0.000000000000000000e+00 7.557611465454101562e-01
0.000000000000000000e+00 7.527049779891967773e-01
0.000000000000000000e+00 7.509444355964660645e-01
0.000000000000000000e+00 7.434037327766418457e-01
0.000000000000000000e+00 7.517878413200378418e-01
0.000000000000000000e+00 7.452141642570495605e-01
0.000000000000000000e+00 7.424127459526062012e-01
0.000000000000000000e+00 7.471225857734680176e-01
0.000000000000000000e+00 7.485196590423583984e-01
0.000000000000000000e+00 7.465797662734985352e-01
0.000000000000000000e+00 7.534478306770324707e-01
0.000000000000000000e+00 7.528367042541503906e-01
0.000000000000000000e+00 7.516238093376159668e-01
0.000000000000000000e+00 7.522066235542297363e-01
0.000000000000000000e+00 7.520053386688232422e-01
0.000000000000000000e+00 7.536991238594055176e-01
0.000000000000000000e+00 7.507702112197875977e-01
0.000000000000000000e+00 7.468941807746887207e-01
0.000000000000000000e+00 7.556121945381164551e-01
0.000000000000000000e+00 7.601943016052246094e-01
0.000000000000000000e+00 7.582795619964599609e-01
0.000000000000000000e+00 7.573719620704650879e-01
0.000000000000000000e+00 7.599776983261108398e-01
0.000000000000000000e+00 7.599439620971679688e-01
0.000000000000000000e+00 7.643837332725524902e-01
0.000000000000000000e+00 7.614126205444335938e-01
0.000000000000000000e+00 7.637137770652770996e-01
0.000000000000000000e+00 7.630727887153625488e-01
0.000000000000000000e+00 7.646492719650268555e-01
0.000000000000000000e+00 7.646484971046447754e-01
0.000000000000000000e+00 7.657184004783630371e-01
0.000000000000000000e+00 7.601953148841857910e-01
0.000000000000000000e+00 7.593297958374023438e-01
0.000000000000000000e+00 7.581133246421813965e-01
0.000000000000000000e+00 7.612341046333312988e-01
0.000000000000000000e+00 7.592103481292724609e-01
0.000000000000000000e+00 7.634549736976623535e-01
0.000000000000000000e+00 7.632354497909545898e-01
0.000000000000000000e+00 7.625920772552490234e-01
0.000000000000000000e+00 7.681077122688293457e-01
0.000000000000000000e+00 7.631145119667053223e-01
0.000000000000000000e+00 7.601133584976196289e-01
0.000000000000000000e+00 7.619003057479858398e-01
0.000000000000000000e+00 7.677792310714721680e-01
0.000000000000000000e+00 7.583738565444946289e-01
0.000000000000000000e+00 7.606090903282165527e-01
0.000000000000000000e+00 7.587720751762390137e-01
0.000000000000000000e+00 7.589460611343383789e-01
0.000000000000000000e+00 6.536295413970947266e-01
0.000000000000000000e+00 6.680420637130737305e-01
0.000000000000000000e+00 6.251754164695739746e-01
0.000000000000000000e+00 5.409973859786987305e-01
0.000000000000000000e+00 5.776390433311462402e-01
0.000000000000000000e+00 6.565895676612854004e-01
0.000000000000000000e+00 7.288131117820739746e-01
0.000000000000000000e+00 6.299425363540649414e-01
0.000000000000000000e+00 5.810533165931701660e-01
0.000000000000000000e+00 6.687666773796081543e-01
0.000000000000000000e+00 6.992657780647277832e-01
0.000000000000000000e+00 5.007609128952026367e-01
0.000000000000000000e+00 5.333889126777648926e-01
0.000000000000000000e+00 6.934642195701599121e-01
0.000000000000000000e+00 6.683664917945861816e-01
0.000000000000000000e+00 5.924927592277526855e-01
1.000000000000000000e+00 6.043897271156311035e-01
1.000000000000000000e+00 6.407629251480102539e-01
1.000000000000000000e+00 6.025233864784240723e-01
1.000000000000000000e+00 5.743111968040466309e-01
1.000000000000000000e+00 5.191371440887451172e-01
1.000000000000000000e+00 5.717853307723999023e-01
1.000000000000000000e+00 6.113952994346618652e-01
0.000000000000000000e+00 6.917927861213684082e-01
0.000000000000000000e+00 5.843847990036010742e-01
0.000000000000000000e+00 6.255854964256286621e-01
0.000000000000000000e+00 6.393817663192749023e-01
0.000000000000000000e+00 5.587878227233886719e-01
0.000000000000000000e+00 5.759380459785461426e-01
0.000000000000000000e+00 5.874376296997070312e-01
0.000000000000000000e+00 6.176095008850097656e-01
0.000000000000000000e+00 5.597013831138610840e-01
0.000000000000000000e+00 6.268315911293029785e-01
0.000000000000000000e+00 6.062449812889099121e-01
0.000000000000000000e+00 5.804582834243774414e-01
0.000000000000000000e+00 6.454034447669982910e-01
0.000000000000000000e+00 5.561497211456298828e-01
0.000000000000000000e+00 6.214134693145751953e-01
0.000000000000000000e+00 5.744039416313171387e-01
0.000000000000000000e+00 5.935581922531127930e-01
0.000000000000000000e+00 5.919376015663146973e-01
0.000000000000000000e+00 6.749716997146606445e-01
0.000000000000000000e+00 5.806773304939270020e-01
0.000000000000000000e+00 6.473026275634765625e-01
0.000000000000000000e+00 6.149243712425231934e-01
0.000000000000000000e+00 6.478851437568664551e-01
0.000000000000000000e+00 6.730335354804992676e-01
0.000000000000000000e+00 5.840596556663513184e-01
0.000000000000000000e+00 6.488056182861328125e-01
0.000000000000000000e+00 6.789820194244384766e-01
0.000000000000000000e+00 5.983605980873107910e-01
0.000000000000000000e+00 5.955685377120971680e-01
0.000000000000000000e+00 6.813154816627502441e-01
0.000000000000000000e+00 6.492000222206115723e-01
0.000000000000000000e+00 6.213992238044738770e-01
0.000000000000000000e+00 5.696513056755065918e-01
0.000000000000000000e+00 6.070155501365661621e-01
0.000000000000000000e+00 6.147583723068237305e-01
0.000000000000000000e+00 6.408828496932983398e-01
0.000000000000000000e+00 6.463944315910339355e-01
0.000000000000000000e+00 6.552196145057678223e-01
0.000000000000000000e+00 6.399208307266235352e-01
0.000000000000000000e+00 6.813675761222839355e-01
0.000000000000000000e+00 6.433796286582946777e-01
0.000000000000000000e+00 6.589224338531494141e-01
0.000000000000000000e+00 6.724332571029663086e-01
0.000000000000000000e+00 5.440980195999145508e-01
0.000000000000000000e+00 6.014391779899597168e-01
0.000000000000000000e+00 5.545380711555480957e-01
0.000000000000000000e+00 6.940245032310485840e-01
0.000000000000000000e+00 5.648303627967834473e-01
0.000000000000000000e+00 6.065033078193664551e-01
0.000000000000000000e+00 6.398742198944091797e-01
0.000000000000000000e+00 6.557884216308593750e-01
0.000000000000000000e+00 6.588013768196105957e-01
