0.000000000000000000e+00 6.955114006996154785e-02
0.000000000000000000e+00 7.554661482572555542e-02
0.000000000000000000e+00 8.909666538238525391e-02
0.000000000000000000e+00 7.950486242771148682e-02
0.000000000000000000e+00 1.205772832036018372e-01
0.000000000000000000e+00 1.615263670682907104e-01
0.000000000000000000e+00 2.884326875209808350e-01
0.000000000000000000e+00 4.656153023242950439e-01
0.000000000000000000e+00 5.265648365020751953e-01
0.000000000000000000e+00 5.224914550781250000e-01
0.000000000000000000e+00 6.675252318382263184e-01
0.000000000000000000e+00 8.114076256752014160e-01
0.000000000000000000e+00 8.194791078567504883e-01
0.000000000000000000e+00 6.779745817184448242e-01
0.000000000000000000e+00 6.522418260574340820e-01
1.000000000000000000e+00 6.414832472801208496e-01
1.000000000000000000e+00 5.525319576263427734e-01
1.000000000000000000e+00 3.904441297054290771e-01
0.000000000000000000e+00 4.966461658477783203e-01
0.000000000000000000e+00 4.221190512180328369e-01
0.000000000000000000e+00 2.082070708274841309e-01
0.000000000000000000e+00 3.964319229125976562e-01
0.000000000000000000e+00 5.020166039466857910e-01
0.000000000000000000e+00 4.992939531803131104e-01
0.000000000000000000e+00 3.652793765068054199e-01
0.000000000000000000e+00 5.398732423782348633e-01
0.000000000000000000e+00 4.847016930580139160e-01
1.000000000000000000e+00 6.722170114517211914e-01
0.000000000000000000e+00 6.041100621223449707e-01
0.000000000000000000e+00 2.987977564334869385e-01
0.000000000000000000e+00 2.611492872238159180e-01
0.000000000000000000e+00 1.363797932863235474e-01
1.000000000000000000e+00 1.306473910808563232e-01
0.000000000000000000e+00 2.631286382675170898e-01
0.000000000000000000e+00 2.832252383232116699e-01
0.000000000000000000e+00 2.722652554512023926e-01
0.000000000000000000e+00 3.633925616741180420e-01
1.000000000000000000e+00 4.952383637428283691e-01
1.000000000000000000e+00 4.798728823661804199e-01
0.000000000000000000e+00 4.852198064327239990e-01
0.000000000000000000e+00 6.414715647697448730e-01
0.000000000000000000e+00 4.382304847240447998e-01
0.000000000000000000e+00 4.096936285495758057e-01
0.000000000000000000e+00 3.958675563335418701e-01
0.000000000000000000e+00 3.802495300769805908e-01
0.000000000000000000e+00 4.418570697307586670e-01
0.000000000000000000e+00 3.773877322673797607e-01
0.000000000000000000e+00 2.983875572681427002e-01
0.000000000000000000e+00 4.536191225051879883e-01
0.000000000000000000e+00 2.413423359394073486e-01
0.000000000000000000e+00 1.593772023916244507e-01
0.000000000000000000e+00 1.035141721367835999e-01
0.000000000000000000e+00 1.414395421743392944e-01
0.000000000000000000e+00 1.576124727725982666e-01
0.000000000000000000e+00 1.213563159108161926e-01
0.000000000000000000e+00 1.545048058032989502e-01
0.000000000000000000e+00 2.612652480602264404e-01
0.000000000000000000e+00 1.806245446205139160e-01
0.000000000000000000e+00 8.670935034751892090e-02
0.000000000000000000e+00 7.750789076089859009e-02
0.000000000000000000e+00 5.603048577904701233e-02
0.000000000000000000e+00 6.732890009880065918e-02
0.000000000000000000e+00 4.549252241849899292e-02
0.000000000000000000e+00 8.008978515863418579e-02
0.000000000000000000e+00 1.087385788559913635e-01
0.000000000000000000e+00 1.457481831312179565e-01
0.000000000000000000e+00 7.996005564928054810e-02
0.000000000000000000e+00 4.947923496365547180e-02
0.000000000000000000e+00 4.165999218821525574e-02
0.000000000000000000e+00 4.496391490101814270e-02
0.000000000000000000e+00 5.754695832729339600e-02
0.000000000000000000e+00 5.470179766416549683e-02
0.000000000000000000e+00 8.203718811273574829e-02
1.000000000000000000e+00 4.868529364466667175e-02
0.000000000000000000e+00 5.803628265857696533e-02
0.000000000000000000e+00 8.618363738059997559e-02
0.000000000000000000e+00 8.229724317789077759e-02
0.000000000000000000e+00 7.771842926740646362e-02
0.000000000000000000e+00 8.860823512077331543e-02
0.000000000000000000e+00 6.049584224820137024e-02
0.000000000000000000e+00 1.128426641225814819e-01
0.000000000000000000e+00 8.906785398721694946e-02
0.000000000000000000e+00 8.556143939495086670e-02
0.000000000000000000e+00 1.344006210565567017e-01
0.000000000000000000e+00 1.460637003183364868e-01
0.000000000000000000e+00 1.861925125122070312e-01
0.000000000000000000e+00 1.914933323860168457e-01
0.000000000000000000e+00 2.952975034713745117e-01
0.000000000000000000e+00 4.565539956092834473e-01
0.000000000000000000e+00 4.248018860816955566e-01
0.000000000000000000e+00 4.939932525157928467e-01
0.000000000000000000e+00 6.040308475494384766e-01
0.000000000000000000e+00 6.149860024452209473e-01
0.000000000000000000e+00 8.031893968582153320e-01
0.000000000000000000e+00 7.960176467895507812e-01
1.000000000000000000e+00 7.681530714035034180e-01
1.000000000000000000e+00 7.188032865524291992e-01
1.000000000000000000e+00 7.873780727386474609e-01
1.000000000000000000e+00 7.825253605842590332e-01
1.000000000000000000e+00 7.801012992858886719e-01
1.000000000000000000e+00 7.988127470016479492e-01
1.000000000000000000e+00 8.473488688468933105e-01
0.000000000000000000e+00 7.687202095985412598e-01
0.000000000000000000e+00 7.569438815116882324e-01
0.000000000000000000e+00 8.010720610618591309e-01
0.000000000000000000e+00 8.357298374176025391e-01
1.000000000000000000e+00 8.243057727813720703e-01
1.000000000000000000e+00 8.392831087112426758e-01
1.000000000000000000e+00 8.747475147247314453e-01
1.000000000000000000e+00 8.416659235954284668e-01
1.000000000000000000e+00 8.815404176712036133e-01
1.000000000000000000e+00 8.615494370460510254e-01
1.000000000000000000e+00 8.364326357841491699e-01
0.000000000000000000e+00 8.110624551773071289e-01
0.000000000000000000e+00 6.691676974296569824e-01
0.000000000000000000e+00 7.140418887138366699e-01
0.000000000000000000e+00 7.318488359451293945e-01
0.000000000000000000e+00 7.925831675529479980e-01
0.000000000000000000e+00 8.368334174156188965e-01
0.000000000000000000e+00 8.460978269577026367e-01
0.000000000000000000e+00 8.181450963020324707e-01
0.000000000000000000e+00 7.282102704048156738e-01
0.000000000000000000e+00 6.967889666557312012e-01
0.000000000000000000e+00 4.682886302471160889e-01
0.000000000000000000e+00 3.648543357849121094e-01
0.000000000000000000e+00 1.752166450023651123e-01
0.000000000000000000e+00 1.222670152783393860e-01
0.000000000000000000e+00 8.294176310300827026e-02
0.000000000000000000e+00 8.899518847465515137e-02
0.000000000000000000e+00 6.383602321147918701e-02
0.000000000000000000e+00 7.247796654701232910e-02
0.000000000000000000e+00 1.003040745854377747e-01
1.000000000000000000e+00 6.828442960977554321e-02
1.000000000000000000e+00 9.810702502727508545e-02
0.000000000000000000e+00 1.364331096410751343e-01
0.000000000000000000e+00 1.560941189527511597e-01
0.000000000000000000e+00 3.985614180564880371e-01
0.000000000000000000e+00 4.402324259281158447e-01
1.000000000000000000e+00 6.638944149017333984e-01
1.000000000000000000e+00 6.375266909599304199e-01
0.000000000000000000e+00 5.252122879028320312e-01
0.000000000000000000e+00 6.065862774848937988e-01
0.000000000000000000e+00 4.995747804641723633e-01
0.000000000000000000e+00 5.461373925209045410e-01
0.000000000000000000e+00 5.757427811622619629e-01
0.000000000000000000e+00 5.081207156181335449e-01
0.000000000000000000e+00 6.533949375152587891e-01
0.000000000000000000e+00 5.034809708595275879e-01
0.000000000000000000e+00 5.127303004264831543e-01
0.000000000000000000e+00 4.690648615360260010e-01
0.000000000000000000e+00 1.293979026377201080e-02
0.000000000000000000e+00 5.853738635778427124e-03
0.000000000000000000e+00 5.799432285130023956e-03
0.000000000000000000e+00 8.889044634997844696e-03
0.000000000000000000e+00 9.759929031133651733e-03
0.000000000000000000e+00 3.233439475297927856e-02
0.000000000000000000e+00 3.282140195369720459e-02
0.000000000000000000e+00 5.400741472840309143e-02
0.000000000000000000e+00 9.885355830192565918e-02
0.000000000000000000e+00 9.831111878156661987e-02
0.000000000000000000e+00 1.914307326078414917e-01
0.000000000000000000e+00 2.970304191112518311e-01
0.000000000000000000e+00 4.170961976051330566e-01
0.000000000000000000e+00 4.431953430175781250e-01
0.000000000000000000e+00 4.299205541610717773e-01
0.000000000000000000e+00 4.936570823192596436e-01
0.000000000000000000e+00 3.659477829933166504e-01
0.000000000000000000e+00 4.586499333381652832e-01
0.000000000000000000e+00 5.854238867759704590e-01
0.000000000000000000e+00 5.781490802764892578e-01
0.000000000000000000e+00 8.244453668594360352e-01
0.000000000000000000e+00 8.442796468734741211e-01
0.000000000000000000e+00 8.821541666984558105e-01
0.000000000000000000e+00 8.692097663879394531e-01
0.000000000000000000e+00 9.034553170204162598e-01
0.000000000000000000e+00 9.463162422180175781e-01
0.000000000000000000e+00 9.618147611618041992e-01
0.000000000000000000e+00 9.461207985877990723e-01
0.000000000000000000e+00 9.656527638435363770e-01
0.000000000000000000e+00 9.354811310768127441e-01
0.000000000000000000e+00 9.014517664909362793e-01
0.000000000000000000e+00 8.786975145339965820e-01
0.000000000000000000e+00 8.436170220375061035e-01
0.000000000000000000e+00 7.300622463226318359e-01
0.000000000000000000e+00 7.404806017875671387e-01
0.000000000000000000e+00 6.248212456703186035e-01
0.000000000000000000e+00 5.589637160301208496e-01
0.000000000000000000e+00 5.248618125915527344e-01
0.000000000000000000e+00 3.648990988731384277e-01
0.000000000000000000e+00 2.707960307598114014e-01
0.000000000000000000e+00 2.645110487937927246e-01
0.000000000000000000e+00 1.275337785482406616e-01
0.000000000000000000e+00 5.470716208219528198e-02
0.000000000000000000e+00 6.344941258430480957e-02
1.000000000000000000e+00 1.783006452023983002e-02
1.000000000000000000e+00 4.228375107049942017e-02
0.000000000000000000e+00 6.018399447202682495e-02
0.000000000000000000e+00 1.833484619855880737e-01
0.000000000000000000e+00 2.095980346202850342e-01
0.000000000000000000e+00 2.756901383399963379e-01
0.000000000000000000e+00 2.540342807769775391e-01
0.000000000000000000e+00 4.122472107410430908e-01
0.000000000000000000e+00 4.465596079826354980e-01
0.000000000000000000e+00 6.278322935104370117e-01
0.000000000000000000e+00 5.867793560028076172e-01
0.000000000000000000e+00 5.772966146469116211e-01
0.000000000000000000e+00 6.641266942024230957e-01
0.000000000000000000e+00 6.904394030570983887e-01
0.000000000000000000e+00 8.658169507980346680e-01
0.000000000000000000e+00 8.764095902442932129e-01
0.000000000000000000e+00 8.735218048095703125e-01
0.000000000000000000e+00 8.745166063308715820e-01
0.000000000000000000e+00 8.222900032997131348e-01
0.000000000000000000e+00 5.338079929351806641e-01
0.000000000000000000e+00 4.720107018947601318e-01
1.000000000000000000e+00 3.339558243751525879e-01
1.000000000000000000e+00 2.722176313400268555e-01
1.000000000000000000e+00 1.161819472908973694e-01
0.000000000000000000e+00 2.240345925092697144e-01
0.000000000000000000e+00 2.285285890102386475e-01
0.000000000000000000e+00 2.589318752288818359e-01
0.000000000000000000e+00 3.766968548297882080e-01
0.000000000000000000e+00 2.603956758975982666e-01
0.000000000000000000e+00 3.923863470554351807e-01
0.000000000000000000e+00 4.417706429958343506e-01
0.000000000000000000e+00 5.203773379325866699e-01
0.000000000000000000e+00 7.009398937225341797e-01
0.000000000000000000e+00 7.453723549842834473e-01
0.000000000000000000e+00 8.523143529891967773e-01
0.000000000000000000e+00 8.563758134841918945e-01
0.000000000000000000e+00 7.843996882438659668e-01
0.000000000000000000e+00 8.206402659416198730e-01
0.000000000000000000e+00 7.394016385078430176e-01
0.000000000000000000e+00 6.326792240142822266e-01
1.000000000000000000e+00 6.448945999145507812e-01
0.000000000000000000e+00 5.852655172348022461e-01
0.000000000000000000e+00 7.105956077575683594e-01
0.000000000000000000e+00 7.725449800491333008e-01
0.000000000000000000e+00 8.803322911262512207e-01
1.000000000000000000e+00 8.510336279869079590e-01
0.000000000000000000e+00 8.727477788925170898e-01
0.000000000000000000e+00 8.513830900192260742e-01
0.000000000000000000e+00 7.927797436714172363e-01
0.000000000000000000e+00 8.109483718872070312e-01
0.000000000000000000e+00 6.722419261932373047e-01
0.000000000000000000e+00 7.046524286270141602e-01
0.000000000000000000e+00 5.021048784255981445e-01
0.000000000000000000e+00 5.065287351608276367e-01
0.000000000000000000e+00 5.267840623855590820e-01
1.000000000000000000e+00 6.246308088302612305e-01
1.000000000000000000e+00 6.495121717453002930e-01
1.000000000000000000e+00 7.110287547111511230e-01
1.000000000000000000e+00 8.559736609458923340e-01
0.000000000000000000e+00 6.191470623016357422e-01
0.000000000000000000e+00 7.150598764419555664e-01
0.000000000000000000e+00 4.845868945121765137e-01
0.000000000000000000e+00 7.232705354690551758e-01
0.000000000000000000e+00 6.285746693611145020e-01
0.000000000000000000e+00 5.336794853210449219e-01
0.000000000000000000e+00 6.852368712425231934e-01
0.000000000000000000e+00 7.900338768959045410e-01
0.000000000000000000e+00 7.487162351608276367e-01
0.000000000000000000e+00 8.521841764450073242e-01
0.000000000000000000e+00 8.561050891876220703e-01
0.000000000000000000e+00 8.095250725746154785e-01
0.000000000000000000e+00 8.200797438621520996e-01
0.000000000000000000e+00 7.812542319297790527e-01
0.000000000000000000e+00 7.315680980682373047e-01
0.000000000000000000e+00 7.512112855911254883e-01
1.000000000000000000e+00 6.211131215095520020e-01
1.000000000000000000e+00 7.258475422859191895e-01
1.000000000000000000e+00 7.742061018943786621e-01
0.000000000000000000e+00 6.349530220031738281e-01
0.000000000000000000e+00 5.320949554443359375e-01
0.000000000000000000e+00 4.930768609046936035e-01
0.000000000000000000e+00 4.259354472160339355e-01
0.000000000000000000e+00 3.613505363464355469e-01
0.000000000000000000e+00 2.830139398574829102e-01
0.000000000000000000e+00 6.633540987968444824e-01
0.000000000000000000e+00 4.527901709079742432e-01
0.000000000000000000e+00 6.703699231147766113e-01
0.000000000000000000e+00 6.160921454429626465e-01
0.000000000000000000e+00 6.267622709274291992e-01
0.000000000000000000e+00 7.814955115318298340e-01
0.000000000000000000e+00 6.908491849899291992e-01
0.000000000000000000e+00 7.295043468475341797e-01
0.000000000000000000e+00 7.572503685951232910e-01
0.000000000000000000e+00 7.665497064590454102e-01
0.000000000000000000e+00 8.246848583221435547e-01
0.000000000000000000e+00 6.894392967224121094e-01
0.000000000000000000e+00 6.524041891098022461e-01
1.000000000000000000e+00 6.337983608245849609e-01
0.000000000000000000e+00 5.893079042434692383e-01
0.000000000000000000e+00 6.409892439842224121e-01
0.000000000000000000e+00 7.678245306015014648e-01
0.000000000000000000e+00 7.285196781158447266e-01
0.000000000000000000e+00 8.621014952659606934e-01
0.000000000000000000e+00 7.750480175018310547e-01
0.000000000000000000e+00 7.558050751686096191e-01
0.000000000000000000e+00 6.840544939041137695e-01
0.000000000000000000e+00 2.444231361150741577e-01
0.000000000000000000e+00 3.383284509181976318e-01
0.000000000000000000e+00 3.285720944404602051e-01
0.000000000000000000e+00 5.411421656608581543e-01
0.000000000000000000e+00 6.592259407043457031e-01
0.000000000000000000e+00 4.819403886795043945e-01
0.000000000000000000e+00 5.217173099517822266e-01
0.000000000000000000e+00 3.483801782131195068e-01
0.000000000000000000e+00 3.398559689521789551e-01
0.000000000000000000e+00 3.316688239574432373e-01
0.000000000000000000e+00 3.659113645553588867e-01
0.000000000000000000e+00 1.280808448791503906e-01
0.000000000000000000e+00 1.842359602451324463e-01
0.000000000000000000e+00 2.076747566461563110e-01
0.000000000000000000e+00 2.613594532012939453e-01
0.000000000000000000e+00 4.051943421363830566e-01
1.000000000000000000e+00 3.775747418403625488e-01
0.000000000000000000e+00 4.444241821765899658e-01
0.000000000000000000e+00 3.594064116477966309e-01
0.000000000000000000e+00 4.351111054420471191e-01
1.000000000000000000e+00 2.349717766046524048e-01
1.000000000000000000e+00 2.438395172357559204e-01
1.000000000000000000e+00 2.333332151174545288e-01
1.000000000000000000e+00 2.141705453395843506e-01
1.000000000000000000e+00 3.325496315956115723e-01
1.000000000000000000e+00 3.187191784381866455e-01
1.000000000000000000e+00 4.685609340667724609e-01
1.000000000000000000e+00 5.833002328872680664e-01
1.000000000000000000e+00 6.163141131401062012e-01
1.000000000000000000e+00 5.858572125434875488e-01
0.000000000000000000e+00 6.002458930015563965e-01
0.000000000000000000e+00 6.733337640762329102e-01
0.000000000000000000e+00 5.310515165328979492e-01
1.000000000000000000e+00 6.033889055252075195e-01
0.000000000000000000e+00 7.388275265693664551e-01
0.000000000000000000e+00 8.678362965583801270e-01
0.000000000000000000e+00 9.126521944999694824e-01
1.000000000000000000e+00 9.191405773162841797e-01
0.000000000000000000e+00 7.031573653221130371e-01
0.000000000000000000e+00 6.192847490310668945e-01
0.000000000000000000e+00 4.223040938377380371e-01
0.000000000000000000e+00 2.661913335323333740e-01
0.000000000000000000e+00 2.345509529113769531e-01
0.000000000000000000e+00 1.508703827857971191e-01
0.000000000000000000e+00 1.321450471878051758e-01
0.000000000000000000e+00 1.569684445858001709e-01
0.000000000000000000e+00 3.842783346772193909e-02
0.000000000000000000e+00 3.198421746492385864e-02
1.000000000000000000e+00 8.228498511016368866e-03
1.000000000000000000e+00 3.212079871445894241e-03
1.000000000000000000e+00 3.067998681217432022e-03
1.000000000000000000e+00 3.189147915691137314e-03
0.000000000000000000e+00 5.589034408330917358e-03
0.000000000000000000e+00 1.156219746917486191e-02
0.000000000000000000e+00 3.020679950714111328e-02
0.000000000000000000e+00 2.703892812132835388e-02
0.000000000000000000e+00 2.310205064713954926e-02
0.000000000000000000e+00 9.897540323436260223e-03
0.000000000000000000e+00 7.563019637018442154e-03
0.000000000000000000e+00 6.401716265827417374e-03
0.000000000000000000e+00 5.731792654842138290e-03
0.000000000000000000e+00 6.576294079422950745e-03
0.000000000000000000e+00 6.367379799485206604e-03
0.000000000000000000e+00 6.849672179669141769e-03
0.000000000000000000e+00 5.542021710425615311e-03
0.000000000000000000e+00 4.102998878806829453e-03
0.000000000000000000e+00 2.850637305527925491e-03
0.000000000000000000e+00 2.702102530747652054e-03
0.000000000000000000e+00 3.233795287087559700e-03
0.000000000000000000e+00 4.403124097734689713e-03
0.000000000000000000e+00 5.095813423395156860e-03
0.000000000000000000e+00 5.541070830076932907e-03
0.000000000000000000e+00 6.982262711971998215e-03
0.000000000000000000e+00 1.121888868510723114e-02
0.000000000000000000e+00 1.184884365648031235e-02
0.000000000000000000e+00 3.908490017056465149e-02
0.000000000000000000e+00 5.456255003809928894e-02
0.000000000000000000e+00 4.493581503629684448e-02
0.000000000000000000e+00 1.047052517533302307e-01
0.000000000000000000e+00 9.689686447381973267e-02
0.000000000000000000e+00 1.611094474792480469e-01
0.000000000000000000e+00 3.187152445316314697e-01
0.000000000000000000e+00 1.394172310829162598e-01
0.000000000000000000e+00 1.248368695378303528e-01
0.000000000000000000e+00 1.474548131227493286e-01
0.000000000000000000e+00 1.341986507177352905e-01
0.000000000000000000e+00 2.913840711116790771e-01
0.000000000000000000e+00 2.120124846696853638e-01
0.000000000000000000e+00 1.954437643289566040e-01
0.000000000000000000e+00 2.365967035293579102e-01
1.000000000000000000e+00 2.774797081947326660e-01
1.000000000000000000e+00 6.661263704299926758e-01
0.000000000000000000e+00 4.421544075012207031e-01
0.000000000000000000e+00 4.123334884643554688e-01
0.000000000000000000e+00 2.122369110584259033e-01
1.000000000000000000e+00 2.865758538246154785e-01
1.000000000000000000e+00 1.034443229436874390e-01
0.000000000000000000e+00 1.435377746820449829e-01
0.000000000000000000e+00 1.439207047224044800e-01
0.000000000000000000e+00 9.599457681179046631e-02
0.000000000000000000e+00 1.159863770008087158e-01
0.000000000000000000e+00 8.781643211841583252e-02
1.000000000000000000e+00 1.152997165918350220e-01
0.000000000000000000e+00 8.664774149656295776e-02
0.000000000000000000e+00 1.262682527303695679e-01
0.000000000000000000e+00 8.807230740785598755e-02
0.000000000000000000e+00 6.367097049951553345e-02
1.000000000000000000e+00 3.266312927007675171e-02
0.000000000000000000e+00 2.727786824107170105e-02
0.000000000000000000e+00 2.101789042353630066e-02
0.000000000000000000e+00 3.534238785505294800e-02
0.000000000000000000e+00 5.061539635062217712e-02
1.000000000000000000e+00 8.832237869501113892e-02
1.000000000000000000e+00 2.114769369363784790e-01
0.000000000000000000e+00 1.351141184568405151e-01
0.000000000000000000e+00 1.125030368566513062e-01
0.000000000000000000e+00 5.374837666749954224e-02
0.000000000000000000e+00 6.201249733567237854e-02
0.000000000000000000e+00 8.798248320817947388e-02
1.000000000000000000e+00 5.161790177226066589e-02
0.000000000000000000e+00 6.487099081277847290e-02
0.000000000000000000e+00 6.069073826074600220e-02
0.000000000000000000e+00 5.565498024225234985e-02
0.000000000000000000e+00 3.248622640967369080e-02
0.000000000000000000e+00 2.021490037441253662e-02
0.000000000000000000e+00 2.259051799774169922e-02
0.000000000000000000e+00 1.649669744074344635e-02
0.000000000000000000e+00 2.368219941854476929e-02
0.000000000000000000e+00 2.526394091546535492e-02
0.000000000000000000e+00 3.080162405967712402e-02
0.000000000000000000e+00 2.981196902692317963e-02
0.000000000000000000e+00 4.083240032196044922e-02
0.000000000000000000e+00 2.616439945995807648e-02
0.000000000000000000e+00 5.615568533539772034e-02
0.000000000000000000e+00 2.525828778743743896e-02
0.000000000000000000e+00 1.880954019725322723e-02
0.000000000000000000e+00 7.174876332283020020e-02
0.000000000000000000e+00 7.561907917261123657e-02
0.000000000000000000e+00 5.537080764770507812e-02
0.000000000000000000e+00 4.007748886942863464e-02
0.000000000000000000e+00 2.297315932810306549e-02
0.000000000000000000e+00 1.569989882409572601e-02
0.000000000000000000e+00 8.147123269736766815e-03
0.000000000000000000e+00 9.470296092331409454e-03
0.000000000000000000e+00 9.760173037648200989e-03
0.000000000000000000e+00 1.434486359357833862e-02
0.000000000000000000e+00 1.565073616802692413e-02
0.000000000000000000e+00 2.460808120667934418e-02
0.000000000000000000e+00 2.070761099457740784e-02
0.000000000000000000e+00 3.743156790733337402e-02
0.000000000000000000e+00 1.515080034732818604e-02
0.000000000000000000e+00 1.717664487659931183e-02
0.000000000000000000e+00 1.838892698287963867e-02
0.000000000000000000e+00 2.065929397940635681e-02
0.000000000000000000e+00 1.563475281000137329e-02
0.000000000000000000e+00 1.592567563056945801e-02
0.000000000000000000e+00 1.791088469326496124e-02
0.000000000000000000e+00 2.012399770319461823e-02
0.000000000000000000e+00 2.413995750248432159e-02
0.000000000000000000e+00 1.734316162765026093e-02
0.000000000000000000e+00 2.916988357901573181e-02
0.000000000000000000e+00 6.013081967830657959e-02
0.000000000000000000e+00 3.661841154098510742e-02
0.000000000000000000e+00 4.019632190465927124e-02
1.000000000000000000e+00 3.775818273425102234e-02
1.000000000000000000e+00 3.479566797614097595e-02
1.000000000000000000e+00 5.393917858600616455e-02
1.000000000000000000e+00 3.956497460603713989e-02
1.000000000000000000e+00 2.713269181549549103e-02
0.000000000000000000e+00 2.440341375768184662e-02
0.000000000000000000e+00 3.053234890103340149e-02
0.000000000000000000e+00 4.651011899113655090e-02
0.000000000000000000e+00 1.162835806608200073e-01
0.000000000000000000e+00 1.291652917861938477e-01
0.000000000000000000e+00 1.210453286767005920e-01
0.000000000000000000e+00 1.180497258901596069e-01
0.000000000000000000e+00 1.498752385377883911e-01
0.000000000000000000e+00 9.269364923238754272e-02
0.000000000000000000e+00 8.247450739145278931e-02
0.000000000000000000e+00 5.276094749569892883e-02
0.000000000000000000e+00 5.130694434046745300e-02
1.000000000000000000e+00 2.695877850055694580e-02
1.000000000000000000e+00 3.784260898828506470e-02
1.000000000000000000e+00 4.502287134528160095e-02
0.000000000000000000e+00 4.340818151831626892e-02
0.000000000000000000e+00 4.728103056550025940e-02
0.000000000000000000e+00 9.764435142278671265e-02
1.000000000000000000e+00 1.430563628673553467e-01
1.000000000000000000e+00 1.219047755002975464e-01
0.000000000000000000e+00 1.405788213014602661e-01
0.000000000000000000e+00 1.549411565065383911e-01
0.000000000000000000e+00 1.131137236952781677e-01
0.000000000000000000e+00 7.775630801916122437e-02
0.000000000000000000e+00 7.255261391401290894e-02
0.000000000000000000e+00 5.461431667208671570e-02
0.000000000000000000e+00 5.513815581798553467e-02
0.000000000000000000e+00 6.923263520002365112e-02
0.000000000000000000e+00 1.017513647675514221e-01
0.000000000000000000e+00 1.570568233728408813e-01
0.000000000000000000e+00 1.283376365900039673e-01
1.000000000000000000e+00 2.414706945419311523e-01
1.000000000000000000e+00 1.812103092670440674e-01
1.000000000000000000e+00 1.297378391027450562e-01
1.000000000000000000e+00 7.292812317609786987e-02
0.000000000000000000e+00 5.481105297803878784e-02
0.000000000000000000e+00 3.940245136618614197e-02
0.000000000000000000e+00 3.023311868309974670e-02
0.000000000000000000e+00 5.560949817299842834e-02
0.000000000000000000e+00 8.687928318977355957e-02
0.000000000000000000e+00 9.774115681648254395e-02
0.000000000000000000e+00 1.967584192752838135e-01
0.000000000000000000e+00 1.966245621442794800e-01
0.000000000000000000e+00 2.452704310417175293e-01
0.000000000000000000e+00 3.244306743144989014e-01
0.000000000000000000e+00 2.910232841968536377e-01
0.000000000000000000e+00 3.318397402763366699e-01
0.000000000000000000e+00 3.194503188133239746e-01
0.000000000000000000e+00 2.059786170721054077e-01
0.000000000000000000e+00 2.224888652563095093e-01
0.000000000000000000e+00 2.339258939027786255e-01
0.000000000000000000e+00 2.268768996000289917e-01
0.000000000000000000e+00 1.947809904813766479e-01
0.000000000000000000e+00 1.258896440267562866e-01
0.000000000000000000e+00 1.234938353300094604e-01
0.000000000000000000e+00 6.075011938810348511e-02
0.000000000000000000e+00 4.685145020484924316e-01
0.000000000000000000e+00 5.364450812339782715e-01
0.000000000000000000e+00 5.115858912467956543e-01
1.000000000000000000e+00 6.899316310882568359e-01
1.000000000000000000e+00 6.907014846801757812e-01
0.000000000000000000e+00 7.171584367752075195e-01
0.000000000000000000e+00 7.119468450546264648e-01
0.000000000000000000e+00 6.788952946662902832e-01
0.000000000000000000e+00 5.939458012580871582e-01
0.000000000000000000e+00 6.052736043930053711e-01
0.000000000000000000e+00 5.120897293090820312e-01
0.000000000000000000e+00 5.011551380157470703e-01
0.000000000000000000e+00 4.252100288867950439e-01
0.000000000000000000e+00 4.095380902290344238e-01
1.000000000000000000e+00 4.656106531620025635e-01
1.000000000000000000e+00 4.076319038867950439e-01
1.000000000000000000e+00 4.455887675285339355e-01
1.000000000000000000e+00 5.132545828819274902e-01
0.000000000000000000e+00 7.268823385238647461e-01
0.000000000000000000e+00 4.961237907409667969e-01
0.000000000000000000e+00 6.018630266189575195e-01
0.000000000000000000e+00 6.008012294769287109e-01
0.000000000000000000e+00 5.550211071968078613e-01
0.000000000000000000e+00 4.726746380329132080e-01
0.000000000000000000e+00 4.914848208427429199e-01
0.000000000000000000e+00 5.001345872879028320e-01
0.000000000000000000e+00 5.377258658409118652e-01
0.000000000000000000e+00 4.465921819210052490e-01
0.000000000000000000e+00 4.130213558673858643e-01
0.000000000000000000e+00 3.998604416847229004e-01
0.000000000000000000e+00 2.554838061332702637e-01
0.000000000000000000e+00 2.618942856788635254e-01
1.000000000000000000e+00 3.550027906894683838e-01
0.000000000000000000e+00 4.470153748989105225e-01
0.000000000000000000e+00 3.812880218029022217e-01
0.000000000000000000e+00 3.408044278621673584e-01
0.000000000000000000e+00 3.870905339717864990e-01
1.000000000000000000e+00 3.205255568027496338e-01
0.000000000000000000e+00 2.339811027050018311e-01
0.000000000000000000e+00 3.059239387512207031e-01
0.000000000000000000e+00 1.974218040704727173e-01
0.000000000000000000e+00 1.916126459836959839e-01
0.000000000000000000e+00 1.364710032939910889e-01
0.000000000000000000e+00 8.076679706573486328e-02
0.000000000000000000e+00 1.415985375642776489e-01
0.000000000000000000e+00 9.113054722547531128e-02
0.000000000000000000e+00 1.081263571977615356e-01
0.000000000000000000e+00 1.683720201253890991e-01
0.000000000000000000e+00 1.024828553199768066e-01
0.000000000000000000e+00 6.701930612325668335e-02
0.000000000000000000e+00 5.670989304780960083e-02
0.000000000000000000e+00 4.297695308923721313e-02
0.000000000000000000e+00 5.847454071044921875e-02
0.000000000000000000e+00 1.716140657663345337e-01
0.000000000000000000e+00 6.566563248634338379e-02
0.000000000000000000e+00 5.077850446105003357e-02
0.000000000000000000e+00 5.298899859189987183e-02
0.000000000000000000e+00 6.070661544799804688e-02
0.000000000000000000e+00 1.227062270045280457e-01
0.000000000000000000e+00 1.783042848110198975e-01
0.000000000000000000e+00 1.170305684208869934e-01
1.000000000000000000e+00 2.538564503192901611e-01
0.000000000000000000e+00 1.719541996717453003e-01
0.000000000000000000e+00 2.885019183158874512e-01
0.000000000000000000e+00 1.908507347106933594e-01
0.000000000000000000e+00 2.417694330215454102e-01
0.000000000000000000e+00 1.637037992477416992e-01
0.000000000000000000e+00 1.883813440799713135e-01
0.000000000000000000e+00 2.036322206258773804e-01
0.000000000000000000e+00 2.453113496303558350e-01
0.000000000000000000e+00 1.723389476537704468e-01
0.000000000000000000e+00 2.148503363132476807e-01
0.000000000000000000e+00 2.839511632919311523e-01
0.000000000000000000e+00 2.397747039794921875e-01
0.000000000000000000e+00 1.369105130434036255e-01
