0.000000000000000000e+00 3.997953832149505615e-01
0.000000000000000000e+00 3.924528062343597412e-01
0.000000000000000000e+00 3.594664633274078369e-01
0.000000000000000000e+00 3.478380739688873291e-01
0.000000000000000000e+00 3.528049588203430176e-01
0.000000000000000000e+00 3.591907918453216553e-01
0.000000000000000000e+00 3.464762270450592041e-01
0.000000000000000000e+00 3.561295270919799805e-01
0.000000000000000000e+00 3.888131380081176758e-01
0.000000000000000000e+00 3.914814293384552002e-01
0.000000000000000000e+00 3.982577025890350342e-01
0.000000000000000000e+00 4.858463108539581299e-01
0.000000000000000000e+00 4.645681679248809814e-01
0.000000000000000000e+00 4.250060617923736572e-01
0.000000000000000000e+00 4.344928860664367676e-01
1.000000000000000000e+00 3.960128128528594971e-01
1.000000000000000000e+00 3.830533623695373535e-01
1.000000000000000000e+00 4.084608554840087891e-01
0.000000000000000000e+00 4.084893465042114258e-01
0.000000000000000000e+00 4.331079423427581787e-01
0.000000000000000000e+00 4.470065832138061523e-01
0.000000000000000000e+00 4.685446619987487793e-01
0.000000000000000000e+00 4.935849308967590332e-01
0.000000000000000000e+00 5.156679749488830566e-01
0.000000000000000000e+00 5.416082739830017090e-01
0.000000000000000000e+00 5.118150115013122559e-01
0.000000000000000000e+00 5.576333403587341309e-01
1.000000000000000000e+00 5.963616371154785156e-01
0.000000000000000000e+00 6.286139488220214844e-01
0.000000000000000000e+00 5.725458264350891113e-01
0.000000000000000000e+00 5.871169567108154297e-01
0.000000000000000000e+00 5.782601237297058105e-01
1.000000000000000000e+00 5.646880269050598145e-01
0.000000000000000000e+00 5.800170898437500000e-01
0.000000000000000000e+00 5.877018570899963379e-01
0.000000000000000000e+00 5.773783922195434570e-01
0.000000000000000000e+00 6.011749505996704102e-01
1.000000000000000000e+00 6.177118420600891113e-01
1.000000000000000000e+00 6.317068338394165039e-01
0.000000000000000000e+00 5.937251448631286621e-01
0.000000000000000000e+00 5.171324014663696289e-01
0.000000000000000000e+00 4.282612204551696777e-01
0.000000000000000000e+00 3.613982200622558594e-01
0.000000000000000000e+00 3.490792214870452881e-01
0.000000000000000000e+00 3.165492415428161621e-01
0.000000000000000000e+00 3.383047580718994141e-01
0.000000000000000000e+00 3.065041005611419678e-01
0.000000000000000000e+00 3.118709027767181396e-01
0.000000000000000000e+00 2.979643344879150391e-01
0.000000000000000000e+00 2.310719788074493408e-01
0.000000000000000000e+00 1.982532739639282227e-01
0.000000000000000000e+00 1.569750905036926270e-01
0.000000000000000000e+00 1.437643170356750488e-01
0.000000000000000000e+00 1.312982290983200073e-01
0.000000000000000000e+00 1.437683999538421631e-01
0.000000000000000000e+00 1.273993700742721558e-01
0.000000000000000000e+00 1.264674365520477295e-01
0.000000000000000000e+00 1.202085316181182861e-01
0.000000000000000000e+00 1.108222529292106628e-01
0.000000000000000000e+00 1.112905293703079224e-01
0.000000000000000000e+00 1.199562847614288330e-01
0.000000000000000000e+00 1.476677954196929932e-01
0.000000000000000000e+00 1.790037006139755249e-01
0.000000000000000000e+00 1.883169412612915039e-01
0.000000000000000000e+00 1.820541620254516602e-01
0.000000000000000000e+00 1.801850497722625732e-01
0.000000000000000000e+00 1.434691548347473145e-01
0.000000000000000000e+00 1.449984014034271240e-01
0.000000000000000000e+00 1.404872536659240723e-01
0.000000000000000000e+00 1.583676785230636597e-01
0.000000000000000000e+00 1.821421235799789429e-01
0.000000000000000000e+00 2.310621589422225952e-01
0.000000000000000000e+00 2.277504354715347290e-01
1.000000000000000000e+00 2.518213689327239990e-01
0.000000000000000000e+00 2.164698094129562378e-01
0.000000000000000000e+00 3.870966136455535889e-01
0.000000000000000000e+00 3.804728984832763672e-01
0.000000000000000000e+00 3.506471216678619385e-01
0.000000000000000000e+00 3.633245825767517090e-01
0.000000000000000000e+00 3.706372082233428955e-01
0.000000000000000000e+00 3.938504457473754883e-01
0.000000000000000000e+00 3.904497027397155762e-01
0.000000000000000000e+00 4.415246546268463135e-01
0.000000000000000000e+00 4.478025436401367188e-01
0.000000000000000000e+00 4.870774745941162109e-01
0.000000000000000000e+00 5.197602510452270508e-01
0.000000000000000000e+00 5.269116163253784180e-01
0.000000000000000000e+00 5.492680072784423828e-01
0.000000000000000000e+00 5.638452768325805664e-01
0.000000000000000000e+00 5.479587912559509277e-01
0.000000000000000000e+00 5.358444452285766602e-01
0.000000000000000000e+00 5.366158485412597656e-01
0.000000000000000000e+00 5.543872714042663574e-01
0.000000000000000000e+00 5.718616843223571777e-01
0.000000000000000000e+00 5.801065564155578613e-01
1.000000000000000000e+00 5.909703373908996582e-01
1.000000000000000000e+00 6.199624538421630859e-01
1.000000000000000000e+00 6.413916945457458496e-01
1.000000000000000000e+00 6.612390875816345215e-01
1.000000000000000000e+00 6.848946213722229004e-01
1.000000000000000000e+00 6.873587965965270996e-01
1.000000000000000000e+00 6.965554952621459961e-01
0.000000000000000000e+00 6.895022988319396973e-01
0.000000000000000000e+00 6.901300549507141113e-01
0.000000000000000000e+00 6.871377825736999512e-01
0.000000000000000000e+00 6.797643899917602539e-01
1.000000000000000000e+00 6.834053993225097656e-01
1.000000000000000000e+00 6.820943951606750488e-01
1.000000000000000000e+00 6.764105558395385742e-01
1.000000000000000000e+00 6.673952341079711914e-01
1.000000000000000000e+00 6.412474513053894043e-01
1.000000000000000000e+00 6.299313306808471680e-01
1.000000000000000000e+00 6.037090420722961426e-01
0.000000000000000000e+00 5.455526709556579590e-01
0.000000000000000000e+00 5.144097805023193359e-01
0.000000000000000000e+00 4.793379604816436768e-01
0.000000000000000000e+00 4.674281775951385498e-01
0.000000000000000000e+00 4.576470851898193359e-01
0.000000000000000000e+00 4.472351968288421631e-01
0.000000000000000000e+00 4.455420076847076416e-01
0.000000000000000000e+00 4.606792926788330078e-01
0.000000000000000000e+00 4.474156796932220459e-01
0.000000000000000000e+00 4.096812307834625244e-01
0.000000000000000000e+00 3.742692172527313232e-01
0.000000000000000000e+00 3.175621330738067627e-01
0.000000000000000000e+00 2.951633632183074951e-01
0.000000000000000000e+00 2.570268213748931885e-01
0.000000000000000000e+00 2.532498836517333984e-01
0.000000000000000000e+00 2.313703596591949463e-01
0.000000000000000000e+00 1.955949068069458008e-01
0.000000000000000000e+00 2.447977811098098755e-01
0.000000000000000000e+00 2.636744379997253418e-01
1.000000000000000000e+00 2.870188355445861816e-01
1.000000000000000000e+00 3.421644568443298340e-01
0.000000000000000000e+00 3.831641376018524170e-01
0.000000000000000000e+00 4.302957057952880859e-01
0.000000000000000000e+00 4.540313482284545898e-01
0.000000000000000000e+00 4.907794296741485596e-01
1.000000000000000000e+00 5.182966589927673340e-01
1.000000000000000000e+00 5.754188895225524902e-01
0.000000000000000000e+00 6.177353262901306152e-01
0.000000000000000000e+00 6.376252770423889160e-01
0.000000000000000000e+00 6.451486945152282715e-01
0.000000000000000000e+00 6.448839902877807617e-01
0.000000000000000000e+00 6.570921540260314941e-01
0.000000000000000000e+00 6.424404978752136230e-01
0.000000000000000000e+00 6.404526829719543457e-01
0.000000000000000000e+00 6.165974736213684082e-01
0.000000000000000000e+00 6.275770664215087891e-01
0.000000000000000000e+00 6.317313909530639648e-01
0.000000000000000000e+00 3.575913906097412109e-01
0.000000000000000000e+00 3.546099066734313965e-01
0.000000000000000000e+00 3.083554506301879883e-01
0.000000000000000000e+00 3.126602172851562500e-01
0.000000000000000000e+00 3.136777281761169434e-01
0.000000000000000000e+00 3.360734879970550537e-01
0.000000000000000000e+00 3.534079790115356445e-01
0.000000000000000000e+00 4.059723615646362305e-01
0.000000000000000000e+00 4.242460131645202637e-01
0.000000000000000000e+00 5.052678585052490234e-01
0.000000000000000000e+00 5.431271791458129883e-01
0.000000000000000000e+00 5.557308793067932129e-01
0.000000000000000000e+00 5.788584351539611816e-01
0.000000000000000000e+00 5.724323391914367676e-01
0.000000000000000000e+00 5.540249943733215332e-01
0.000000000000000000e+00 5.139474868774414062e-01
0.000000000000000000e+00 5.224558711051940918e-01
0.000000000000000000e+00 5.199886560440063477e-01
0.000000000000000000e+00 5.133471488952636719e-01
0.000000000000000000e+00 5.025103092193603516e-01
0.000000000000000000e+00 5.922882556915283203e-01
0.000000000000000000e+00 6.562930345535278320e-01
0.000000000000000000e+00 7.102050185203552246e-01
0.000000000000000000e+00 7.604648470878601074e-01
0.000000000000000000e+00 7.928071022033691406e-01
0.000000000000000000e+00 8.183077573776245117e-01
0.000000000000000000e+00 8.289736509323120117e-01
0.000000000000000000e+00 8.394438028335571289e-01
0.000000000000000000e+00 8.690907359123229980e-01
0.000000000000000000e+00 8.513609766960144043e-01
0.000000000000000000e+00 8.466719985008239746e-01
0.000000000000000000e+00 8.479277491569519043e-01
0.000000000000000000e+00 8.423431515693664551e-01
0.000000000000000000e+00 8.295121788978576660e-01
0.000000000000000000e+00 8.068993687629699707e-01
0.000000000000000000e+00 7.785516977310180664e-01
0.000000000000000000e+00 7.742346525192260742e-01
0.000000000000000000e+00 7.087450623512268066e-01
0.000000000000000000e+00 6.961992979049682617e-01
0.000000000000000000e+00 6.727752089500427246e-01
0.000000000000000000e+00 6.486033797264099121e-01
0.000000000000000000e+00 6.198142170906066895e-01
0.000000000000000000e+00 5.706732273101806641e-01
0.000000000000000000e+00 4.913734197616577148e-01
1.000000000000000000e+00 4.795602560043334961e-01
1.000000000000000000e+00 4.649504423141479492e-01
0.000000000000000000e+00 5.103392004966735840e-01
0.000000000000000000e+00 5.598916411399841309e-01
0.000000000000000000e+00 6.874023079872131348e-01
0.000000000000000000e+00 7.112908959388732910e-01
0.000000000000000000e+00 7.561123967170715332e-01
0.000000000000000000e+00 7.680538892745971680e-01
0.000000000000000000e+00 8.007153868675231934e-01
0.000000000000000000e+00 7.751145362854003906e-01
0.000000000000000000e+00 7.742115855216979980e-01
0.000000000000000000e+00 7.598364353179931641e-01
0.000000000000000000e+00 7.564506530761718750e-01
0.000000000000000000e+00 7.789317369461059570e-01
0.000000000000000000e+00 7.906261086463928223e-01
0.000000000000000000e+00 7.904012799263000488e-01
0.000000000000000000e+00 8.152500391006469727e-01
0.000000000000000000e+00 8.009604215621948242e-01
0.000000000000000000e+00 7.397599816322326660e-01
0.000000000000000000e+00 6.823644638061523438e-01
0.000000000000000000e+00 6.037608981132507324e-01
1.000000000000000000e+00 5.750488042831420898e-01
1.000000000000000000e+00 5.616574287414550781e-01
1.000000000000000000e+00 5.978570580482482910e-01
0.000000000000000000e+00 5.669304728507995605e-01
0.000000000000000000e+00 5.134892463684082031e-01
0.000000000000000000e+00 4.768970608711242676e-01
0.000000000000000000e+00 4.446814656257629395e-01
0.000000000000000000e+00 4.155799746513366699e-01
0.000000000000000000e+00 3.681499063968658447e-01
0.000000000000000000e+00 3.638078868389129639e-01
0.000000000000000000e+00 6.076325178146362305e-01
0.000000000000000000e+00 5.767211318016052246e-01
0.000000000000000000e+00 5.921435952186584473e-01
0.000000000000000000e+00 5.444624423980712891e-01
0.000000000000000000e+00 4.816927611827850342e-01
0.000000000000000000e+00 4.615022242069244385e-01
0.000000000000000000e+00 4.419663548469543457e-01
0.000000000000000000e+00 4.362402558326721191e-01
0.000000000000000000e+00 4.470193982124328613e-01
1.000000000000000000e+00 4.438722133636474609e-01
0.000000000000000000e+00 4.447137117385864258e-01
0.000000000000000000e+00 4.031139314174652100e-01
0.000000000000000000e+00 3.627417087554931641e-01
0.000000000000000000e+00 3.582235872745513916e-01
1.000000000000000000e+00 3.504241406917572021e-01
0.000000000000000000e+00 3.538887798786163330e-01
0.000000000000000000e+00 3.882932662963867188e-01
0.000000000000000000e+00 4.147145152091979980e-01
0.000000000000000000e+00 3.911678791046142578e-01
0.000000000000000000e+00 3.766932487487792969e-01
0.000000000000000000e+00 3.913424909114837646e-01
0.000000000000000000e+00 4.332681596279144287e-01
0.000000000000000000e+00 4.812608659267425537e-01
0.000000000000000000e+00 4.969728291034698486e-01
1.000000000000000000e+00 4.808515310287475586e-01
1.000000000000000000e+00 5.197101831436157227e-01
1.000000000000000000e+00 5.741788744926452637e-01
1.000000000000000000e+00 6.096928715705871582e-01
0.000000000000000000e+00 6.212103962898254395e-01
0.000000000000000000e+00 6.389524936676025391e-01
0.000000000000000000e+00 6.447438597679138184e-01
0.000000000000000000e+00 6.177741289138793945e-01
0.000000000000000000e+00 6.244264245033264160e-01
0.000000000000000000e+00 6.228885054588317871e-01
0.000000000000000000e+00 6.175348162651062012e-01
0.000000000000000000e+00 6.053230166435241699e-01
0.000000000000000000e+00 6.423501372337341309e-01
0.000000000000000000e+00 6.547490358352661133e-01
0.000000000000000000e+00 6.344959735870361328e-01
0.000000000000000000e+00 5.971652269363403320e-01
0.000000000000000000e+00 6.165910363197326660e-01
0.000000000000000000e+00 5.664399266242980957e-01
0.000000000000000000e+00 5.396777391433715820e-01
0.000000000000000000e+00 5.004011392593383789e-01
1.000000000000000000e+00 4.339254498481750488e-01
1.000000000000000000e+00 4.031100869178771973e-01
1.000000000000000000e+00 4.463937282562255859e-01
0.000000000000000000e+00 4.909338355064392090e-01
0.000000000000000000e+00 5.353167653083801270e-01
0.000000000000000000e+00 6.067162752151489258e-01
0.000000000000000000e+00 5.399454832077026367e-01
0.000000000000000000e+00 5.871291160583496094e-01
0.000000000000000000e+00 5.196164846420288086e-01
0.000000000000000000e+00 5.481426715850830078e-01
0.000000000000000000e+00 5.394272208213806152e-01
0.000000000000000000e+00 5.622000098228454590e-01
0.000000000000000000e+00 5.902003049850463867e-01
0.000000000000000000e+00 5.806739926338195801e-01
0.000000000000000000e+00 5.601642131805419922e-01
0.000000000000000000e+00 5.376651883125305176e-01
0.000000000000000000e+00 5.661941170692443848e-01
0.000000000000000000e+00 5.642406344413757324e-01
0.000000000000000000e+00 5.019793510437011719e-01
0.000000000000000000e+00 4.859524965286254883e-01
0.000000000000000000e+00 5.025514364242553711e-01
0.000000000000000000e+00 5.193904638290405273e-01
1.000000000000000000e+00 5.660379528999328613e-01
0.000000000000000000e+00 6.061392426490783691e-01
0.000000000000000000e+00 5.514907240867614746e-01
0.000000000000000000e+00 5.242306590080261230e-01
0.000000000000000000e+00 4.772841036319732666e-01
0.000000000000000000e+00 4.403969943523406982e-01
0.000000000000000000e+00 4.530913829803466797e-01
0.000000000000000000e+00 4.351994097232818604e-01
0.000000000000000000e+00 4.894628524780273438e-01
0.000000000000000000e+00 4.942565262317657471e-01
0.000000000000000000e+00 4.916989207267761230e-01
0.000000000000000000e+00 4.383765161037445068e-01
0.000000000000000000e+00 4.072268009185791016e-01
0.000000000000000000e+00 4.007412791252136230e-01
0.000000000000000000e+00 3.617428839206695557e-01
0.000000000000000000e+00 3.502388298511505127e-01
0.000000000000000000e+00 3.005062937736511230e-01
0.000000000000000000e+00 2.914296686649322510e-01
0.000000000000000000e+00 2.581004798412322998e-01
0.000000000000000000e+00 2.963659763336181641e-01
0.000000000000000000e+00 3.276216089725494385e-01
0.000000000000000000e+00 3.495975732803344727e-01
0.000000000000000000e+00 3.999589085578918457e-01
0.000000000000000000e+00 4.366272687911987305e-01
0.000000000000000000e+00 4.321995675563812256e-01
1.000000000000000000e+00 4.216188490390777588e-01
0.000000000000000000e+00 4.133706688880920410e-01
0.000000000000000000e+00 3.980355262756347656e-01
0.000000000000000000e+00 3.904031217098236084e-01
1.000000000000000000e+00 4.009025394916534424e-01
1.000000000000000000e+00 3.956172168254852295e-01
1.000000000000000000e+00 4.206783473491668701e-01
1.000000000000000000e+00 4.926100969314575195e-01
1.000000000000000000e+00 5.093289017677307129e-01
1.000000000000000000e+00 5.387551188468933105e-01
1.000000000000000000e+00 6.086183190345764160e-01
1.000000000000000000e+00 6.673468947410583496e-01
1.000000000000000000e+00 7.213183641433715820e-01
1.000000000000000000e+00 7.122589349746704102e-01
0.000000000000000000e+00 7.293485403060913086e-01
0.000000000000000000e+00 7.372646927833557129e-01
0.000000000000000000e+00 7.465715408325195312e-01
1.000000000000000000e+00 7.458667755126953125e-01
0.000000000000000000e+00 7.837764620780944824e-01
0.000000000000000000e+00 8.138131499290466309e-01
0.000000000000000000e+00 8.030585050582885742e-01
1.000000000000000000e+00 7.964702844619750977e-01
0.000000000000000000e+00 8.217304348945617676e-01
0.000000000000000000e+00 8.155875802040100098e-01
0.000000000000000000e+00 8.145144581794738770e-01
0.000000000000000000e+00 7.728030681610107422e-01
0.000000000000000000e+00 6.801898479461669922e-01
0.000000000000000000e+00 6.326795816421508789e-01
0.000000000000000000e+00 5.857626795768737793e-01
0.000000000000000000e+00 5.573492050170898438e-01
0.000000000000000000e+00 5.894019007682800293e-01
0.000000000000000000e+00 4.912377595901489258e-01
1.000000000000000000e+00 4.668313264846801758e-01
1.000000000000000000e+00 4.072155952453613281e-01
1.000000000000000000e+00 4.096105992794036865e-01
1.000000000000000000e+00 4.475641548633575439e-01
0.000000000000000000e+00 5.528419613838195801e-01
0.000000000000000000e+00 6.176257133483886719e-01
0.000000000000000000e+00 6.503107547760009766e-01
0.000000000000000000e+00 6.165097951889038086e-01
0.000000000000000000e+00 5.778739452362060547e-01
0.000000000000000000e+00 5.645626187324523926e-01
0.000000000000000000e+00 5.496073365211486816e-01
0.000000000000000000e+00 5.480465888977050781e-01
0.000000000000000000e+00 5.353273153305053711e-01
0.000000000000000000e+00 4.896480441093444824e-01
0.000000000000000000e+00 4.160079061985015869e-01
0.000000000000000000e+00 3.647178411483764648e-01
0.000000000000000000e+00 3.170825541019439697e-01
0.000000000000000000e+00 3.077452182769775391e-01
0.000000000000000000e+00 2.337199747562408447e-01
0.000000000000000000e+00 2.292810380458831787e-01
0.000000000000000000e+00 2.738160490989685059e-01
0.000000000000000000e+00 2.661502659320831299e-01
0.000000000000000000e+00 3.698261380195617676e-01
0.000000000000000000e+00 4.279762208461761475e-01
0.000000000000000000e+00 4.791454970836639404e-01
0.000000000000000000e+00 5.196163654327392578e-01
0.000000000000000000e+00 5.290204286575317383e-01
0.000000000000000000e+00 2.509257793426513672e-01
0.000000000000000000e+00 2.332412898540496826e-01
0.000000000000000000e+00 2.151395976543426514e-01
0.000000000000000000e+00 2.064564973115921021e-01
0.000000000000000000e+00 2.013597786426544189e-01
0.000000000000000000e+00 1.965089887380599976e-01
0.000000000000000000e+00 2.164146155118942261e-01
0.000000000000000000e+00 2.152589410543441772e-01
0.000000000000000000e+00 2.342743724584579468e-01
0.000000000000000000e+00 2.396806478500366211e-01
0.000000000000000000e+00 2.428721040487289429e-01
0.000000000000000000e+00 2.512035071849822998e-01
0.000000000000000000e+00 2.713747918605804443e-01
0.000000000000000000e+00 3.067113757133483887e-01
0.000000000000000000e+00 3.040519058704376221e-01
1.000000000000000000e+00 3.611299097537994385e-01
1.000000000000000000e+00 3.684094548225402832e-01
0.000000000000000000e+00 3.785685300827026367e-01
0.000000000000000000e+00 3.865430951118469238e-01
0.000000000000000000e+00 3.469368219375610352e-01
1.000000000000000000e+00 3.429736793041229248e-01
1.000000000000000000e+00 3.529931306838989258e-01
0.000000000000000000e+00 3.615235090255737305e-01
0.000000000000000000e+00 4.026295244693756104e-01
0.000000000000000000e+00 3.526192605495452881e-01
0.000000000000000000e+00 3.769218921661376953e-01
0.000000000000000000e+00 3.803772330284118652e-01
1.000000000000000000e+00 3.955982923507690430e-01
0.000000000000000000e+00 4.031231403350830078e-01
0.000000000000000000e+00 3.191745281219482422e-01
0.000000000000000000e+00 2.080329060554504395e-01
0.000000000000000000e+00 1.522178202867507935e-01
1.000000000000000000e+00 1.160008236765861511e-01
0.000000000000000000e+00 8.525686711072921753e-02
0.000000000000000000e+00 9.515924006700515747e-02
0.000000000000000000e+00 1.270731538534164429e-01
0.000000000000000000e+00 1.951489895582199097e-01
1.000000000000000000e+00 2.146762460470199585e-01
1.000000000000000000e+00 2.213027477264404297e-01
0.000000000000000000e+00 2.349250763654708862e-01
0.000000000000000000e+00 1.992919445037841797e-01
0.000000000000000000e+00 1.362171620130538940e-01
0.000000000000000000e+00 9.727353602647781372e-02
0.000000000000000000e+00 8.633212745189666748e-02
1.000000000000000000e+00 9.065218269824981689e-02
0.000000000000000000e+00 1.052308306097984314e-01
0.000000000000000000e+00 1.159968227148056030e-01
0.000000000000000000e+00 1.000722050666809082e-01
0.000000000000000000e+00 1.137235537171363831e-01
0.000000000000000000e+00 8.218110352754592896e-02
0.000000000000000000e+00 6.967402249574661255e-02
0.000000000000000000e+00 6.151672080159187317e-02
0.000000000000000000e+00 6.279635429382324219e-02
0.000000000000000000e+00 5.793336033821105957e-02
0.000000000000000000e+00 5.523224547505378723e-02
0.000000000000000000e+00 4.408525675535202026e-02
0.000000000000000000e+00 4.769206419587135315e-02
0.000000000000000000e+00 4.946228116750717163e-02
0.000000000000000000e+00 5.668336898088455200e-02
0.000000000000000000e+00 5.677234381437301636e-02
0.000000000000000000e+00 5.877283215522766113e-02
0.000000000000000000e+00 8.197610825300216675e-02
0.000000000000000000e+00 7.310784608125686646e-02
0.000000000000000000e+00 6.756136566400527954e-02
0.000000000000000000e+00 5.548562109470367432e-02
0.000000000000000000e+00 5.361532792448997498e-02
0.000000000000000000e+00 4.760650545358657837e-02
0.000000000000000000e+00 3.871171921491622925e-02
0.000000000000000000e+00 4.447122290730476379e-02
0.000000000000000000e+00 5.049624294042587280e-02
0.000000000000000000e+00 5.879903584718704224e-02
0.000000000000000000e+00 7.252740859985351562e-02
0.000000000000000000e+00 8.250015228986740112e-02
0.000000000000000000e+00 9.046287834644317627e-02
0.000000000000000000e+00 7.103953510522842407e-02
0.000000000000000000e+00 3.195234239101409912e-01
0.000000000000000000e+00 2.478876709938049316e-01
0.000000000000000000e+00 2.291616052389144897e-01
0.000000000000000000e+00 2.104847282171249390e-01
0.000000000000000000e+00 1.927592158317565918e-01
0.000000000000000000e+00 2.453224211931228638e-01
0.000000000000000000e+00 2.752736508846282959e-01
0.000000000000000000e+00 3.985257744789123535e-01
0.000000000000000000e+00 4.336965978145599365e-01
0.000000000000000000e+00 4.665835797786712646e-01
0.000000000000000000e+00 4.549131691455841064e-01
0.000000000000000000e+00 4.057898223400115967e-01
0.000000000000000000e+00 4.681600034236907959e-01
0.000000000000000000e+00 3.867693543434143066e-01
1.000000000000000000e+00 2.721600830554962158e-01
1.000000000000000000e+00 2.232958078384399414e-01
1.000000000000000000e+00 2.126806676387786865e-01
1.000000000000000000e+00 2.083126753568649292e-01
1.000000000000000000e+00 2.601256668567657471e-01
0.000000000000000000e+00 4.011695683002471924e-01
0.000000000000000000e+00 5.594840049743652344e-01
0.000000000000000000e+00 6.738148331642150879e-01
0.000000000000000000e+00 7.445564270019531250e-01
0.000000000000000000e+00 7.503625750541687012e-01
0.000000000000000000e+00 7.544826865196228027e-01
0.000000000000000000e+00 7.819266915321350098e-01
0.000000000000000000e+00 7.646867632865905762e-01
0.000000000000000000e+00 7.062642574310302734e-01
0.000000000000000000e+00 6.640410423278808594e-01
0.000000000000000000e+00 5.957327485084533691e-01
0.000000000000000000e+00 5.493684411048889160e-01
1.000000000000000000e+00 6.059232950210571289e-01
1.000000000000000000e+00 6.133530735969543457e-01
1.000000000000000000e+00 6.167975664138793945e-01
0.000000000000000000e+00 5.816177129745483398e-01
0.000000000000000000e+00 5.150998234748840332e-01
0.000000000000000000e+00 4.167554080486297607e-01
1.000000000000000000e+00 3.974333107471466064e-01
1.000000000000000000e+00 3.759565949440002441e-01
0.000000000000000000e+00 3.808164894580841064e-01
0.000000000000000000e+00 4.782458841800689697e-01
0.000000000000000000e+00 5.047914385795593262e-01
0.000000000000000000e+00 6.148720383644104004e-01
0.000000000000000000e+00 6.906182169914245605e-01
0.000000000000000000e+00 6.154797673225402832e-01
0.000000000000000000e+00 6.520155072212219238e-01
0.000000000000000000e+00 6.083182096481323242e-01
0.000000000000000000e+00 6.444136500358581543e-01
0.000000000000000000e+00 6.902820467948913574e-01
0.000000000000000000e+00 6.988664865493774414e-01
1.000000000000000000e+00 6.479391455650329590e-01
1.000000000000000000e+00 6.179788112640380859e-01
1.000000000000000000e+00 6.632644534111022949e-01
1.000000000000000000e+00 6.184034943580627441e-01
0.000000000000000000e+00 5.180644989013671875e-01
0.000000000000000000e+00 5.431198477745056152e-01
0.000000000000000000e+00 4.473975896835327148e-01
0.000000000000000000e+00 4.673420190811157227e-01
0.000000000000000000e+00 4.623145163059234619e-01
0.000000000000000000e+00 5.160319209098815918e-01
0.000000000000000000e+00 5.418881773948669434e-01
0.000000000000000000e+00 5.962943434715270996e-01
0.000000000000000000e+00 5.839111208915710449e-01
0.000000000000000000e+00 6.593726873397827148e-01
0.000000000000000000e+00 6.982403993606567383e-01
0.000000000000000000e+00 6.716530323028564453e-01
0.000000000000000000e+00 6.572247147560119629e-01
0.000000000000000000e+00 6.512993574142456055e-01
0.000000000000000000e+00 6.582896113395690918e-01
0.000000000000000000e+00 6.480119824409484863e-01
0.000000000000000000e+00 6.536370515823364258e-01
0.000000000000000000e+00 6.281082630157470703e-01
0.000000000000000000e+00 5.801550745964050293e-01
0.000000000000000000e+00 5.066360831260681152e-01
0.000000000000000000e+00 5.178787708282470703e-01
0.000000000000000000e+00 5.499285459518432617e-01
0.000000000000000000e+00 5.547415614128112793e-01
0.000000000000000000e+00 6.237270236015319824e-01
1.000000000000000000e+00 6.185659766197204590e-01
1.000000000000000000e+00 6.340084075927734375e-01
0.000000000000000000e+00 6.293573975563049316e-01
0.000000000000000000e+00 6.140465736389160156e-01
0.000000000000000000e+00 5.605624318122863770e-01
0.000000000000000000e+00 5.730878710746765137e-01
0.000000000000000000e+00 5.123986005783081055e-01
0.000000000000000000e+00 4.127681851387023926e-01
0.000000000000000000e+00 3.691282570362091064e-01
0.000000000000000000e+00 3.142485618591308594e-01
0.000000000000000000e+00 2.691180109977722168e-01
1.000000000000000000e+00 2.472935318946838379e-01
1.000000000000000000e+00 2.318816035985946655e-01
1.000000000000000000e+00 2.769216299057006836e-01
1.000000000000000000e+00 2.919255793094635010e-01
0.000000000000000000e+00 3.246908187866210938e-01
0.000000000000000000e+00 4.297691881656646729e-01
0.000000000000000000e+00 4.640294909477233887e-01
0.000000000000000000e+00 5.518798828125000000e-01
0.000000000000000000e+00 6.208618283271789551e-01
0.000000000000000000e+00 6.312948465347290039e-01
0.000000000000000000e+00 6.415849924087524414e-01
0.000000000000000000e+00 6.464777588844299316e-01
0.000000000000000000e+00 6.187198758125305176e-01
0.000000000000000000e+00 5.921397209167480469e-01
0.000000000000000000e+00 5.477437376976013184e-01
0.000000000000000000e+00 5.637947320938110352e-01
0.000000000000000000e+00 5.422440767288208008e-01
0.000000000000000000e+00 5.539224147796630859e-01
1.000000000000000000e+00 5.666841864585876465e-01
0.000000000000000000e+00 6.255009174346923828e-01
0.000000000000000000e+00 5.896232724189758301e-01
0.000000000000000000e+00 5.655908584594726562e-01
0.000000000000000000e+00 5.870863795280456543e-01
1.000000000000000000e+00 5.479621887207031250e-01
0.000000000000000000e+00 5.435695648193359375e-01
0.000000000000000000e+00 4.428783655166625977e-01
0.000000000000000000e+00 4.677158892154693604e-01
0.000000000000000000e+00 4.190144538879394531e-01
0.000000000000000000e+00 3.971040844917297363e-01
0.000000000000000000e+00 3.409533202648162842e-01
0.000000000000000000e+00 3.421319127082824707e-01
0.000000000000000000e+00 3.463207185268402100e-01
0.000000000000000000e+00 3.983145058155059814e-01
0.000000000000000000e+00 4.550620317459106445e-01
0.000000000000000000e+00 4.439229965209960938e-01
0.000000000000000000e+00 3.782353401184082031e-01
0.000000000000000000e+00 2.962020635604858398e-01
0.000000000000000000e+00 2.610847055912017822e-01
0.000000000000000000e+00 2.438369393348693848e-01
0.000000000000000000e+00 2.404550760984420776e-01
0.000000000000000000e+00 2.063105851411819458e-01
0.000000000000000000e+00 1.566992849111557007e-01
0.000000000000000000e+00 1.522874832153320312e-01
0.000000000000000000e+00 1.602071523666381836e-01
0.000000000000000000e+00 1.726900935173034668e-01
0.000000000000000000e+00 1.868672519922256470e-01
0.000000000000000000e+00 1.715664863586425781e-01
1.000000000000000000e+00 2.027110904455184937e-01
0.000000000000000000e+00 2.554026246070861816e-01
0.000000000000000000e+00 2.591530680656433105e-01
0.000000000000000000e+00 2.457341849803924561e-01
0.000000000000000000e+00 2.719027101993560791e-01
0.000000000000000000e+00 2.193873524665832520e-01
0.000000000000000000e+00 2.516825497150421143e-01
0.000000000000000000e+00 2.777016460895538330e-01
0.000000000000000000e+00 3.303375542163848877e-01
0.000000000000000000e+00 3.879444301128387451e-01
0.000000000000000000e+00 3.966431319713592529e-01
0.000000000000000000e+00 4.405367374420166016e-01
0.000000000000000000e+00 3.597948849201202393e-01
0.000000000000000000e+00 2.997653782367706299e-01
