0.000000000000000000e+00 6.670187711715698242e-01
0.000000000000000000e+00 7.010432481765747070e-01
0.000000000000000000e+00 6.135036349296569824e-01
0.000000000000000000e+00 7.605603933334350586e-01
0.000000000000000000e+00 7.761400938034057617e-01
0.000000000000000000e+00 5.968251824378967285e-01
0.000000000000000000e+00 8.472982645034790039e-01
0.000000000000000000e+00 8.735914826393127441e-01
0.000000000000000000e+00 9.030425548553466797e-01
0.000000000000000000e+00 9.307666420936584473e-01
0.000000000000000000e+00 9.288743138313293457e-01
0.000000000000000000e+00 9.445025324821472168e-01
0.000000000000000000e+00 9.277395606040954590e-01
0.000000000000000000e+00 9.433280825614929199e-01
0.000000000000000000e+00 9.411827921867370605e-01
1.000000000000000000e+00 9.583743810653686523e-01
1.000000000000000000e+00 9.641250371932983398e-01
1.000000000000000000e+00 9.681596755981445312e-01
1.000000000000000000e+00 9.563953876495361328e-01
1.000000000000000000e+00 9.581631422042846680e-01
1.000000000000000000e+00 9.624127745628356934e-01
1.000000000000000000e+00 9.496197104454040527e-01
1.000000000000000000e+00 9.470565319061279297e-01
1.000000000000000000e+00 9.441653490066528320e-01
0.000000000000000000e+00 7.377421855926513672e-01
0.000000000000000000e+00 5.071787238121032715e-01
0.000000000000000000e+00 2.498176246881484985e-01
0.000000000000000000e+00 3.542429953813552856e-02
0.000000000000000000e+00 4.465676378458738327e-03
0.000000000000000000e+00 1.291920780204236507e-03
0.000000000000000000e+00 1.084818140952847898e-04
0.000000000000000000e+00 4.406673178891651332e-05
0.000000000000000000e+00 1.596118454472161829e-05
0.000000000000000000e+00 4.013199941255152225e-06
0.000000000000000000e+00 6.932448854968242813e-07
0.000000000000000000e+00 2.708913484639197122e-07
0.000000000000000000e+00 1.608405995057182736e-07
0.000000000000000000e+00 4.658253871525630530e-08
0.000000000000000000e+00 3.207301091379122226e-08
0.000000000000000000e+00 1.910179925346255914e-08
0.000000000000000000e+00 5.260007984730918906e-09
0.000000000000000000e+00 9.668290168463045120e-09
0.000000000000000000e+00 5.891828802617737892e-09
0.000000000000000000e+00 9.402912226619264402e-09
0.000000000000000000e+00 2.218427219702334696e-08
0.000000000000000000e+00 2.651504182722419500e-04
0.000000000000000000e+00 3.937313522328622639e-05
0.000000000000000000e+00 6.783946901123272255e-06
0.000000000000000000e+00 1.173717237179516815e-06
0.000000000000000000e+00 6.683868036816420499e-07
0.000000000000000000e+00 3.337353859933500644e-07
0.000000000000000000e+00 7.091550457971607102e-08
0.000000000000000000e+00 1.438802588182852560e-08
0.000000000000000000e+00 6.222536708122561322e-09
0.000000000000000000e+00 1.194634724477339205e-09
0.000000000000000000e+00 5.776699674164831322e-10
0.000000000000000000e+00 1.745947553200011271e-10
0.000000000000000000e+00 8.351955932406340821e-11
0.000000000000000000e+00 4.178948159738737900e-11
0.000000000000000000e+00 2.216452889280962069e-11
0.000000000000000000e+00 9.810644484298247647e-12
0.000000000000000000e+00 9.344719442694326972e-12
0.000000000000000000e+00 5.358795438642482978e-12
0.000000000000000000e+00 4.136803313098402768e-12
0.000000000000000000e+00 2.955786006578198233e-12
0.000000000000000000e+00 4.683671419453139251e-12
0.000000000000000000e+00 4.647497230808594892e-12
0.000000000000000000e+00 9.519053947859568154e-12
0.000000000000000000e+00 4.646504535299467165e-12
0.000000000000000000e+00 3.853675191456407134e-12
0.000000000000000000e+00 3.904757159972627178e-12
0.000000000000000000e+00 2.848016744314008086e-12
0.000000000000000000e+00 9.989383452368993943e-12
0.000000000000000000e+00 5.083446684428505336e-12
0.000000000000000000e+00 4.467093795562648850e-12
0.000000000000000000e+00 4.250093766505758097e-12
0.000000000000000000e+00 4.519069146668996950e-12
0.000000000000000000e+00 6.319504815277543486e-12
0.000000000000000000e+00 6.076863838522239547e-12
0.000000000000000000e+00 6.820396677986728662e-12
0.000000000000000000e+00 4.349496023764443109e-12
0.000000000000000000e+00 1.136583795829926302e-11
0.000000000000000000e+00 1.453069609080870350e-11
0.000000000000000000e+00 4.384638051940781267e-12
0.000000000000000000e+00 8.060323242187195092e-12
0.000000000000000000e+00 1.348188054250964996e-11
0.000000000000000000e+00 4.413273999720468410e-12
0.000000000000000000e+00 1.828466371367465371e-11
0.000000000000000000e+00 8.911846087478192402e-12
0.000000000000000000e+00 9.671614203954348454e-12
0.000000000000000000e+00 4.080521466676145792e-05
0.000000000000000000e+00 1.513930965302279219e-05
0.000000000000000000e+00 9.800160114536993206e-06
0.000000000000000000e+00 4.480779352888930589e-06
0.000000000000000000e+00 1.122925027630117256e-06
0.000000000000000000e+00 6.059716497475164942e-07
0.000000000000000000e+00 1.285114592519676080e-07
0.000000000000000000e+00 9.733888362006837269e-08
0.000000000000000000e+00 5.854226614587787481e-08
0.000000000000000000e+00 2.690642730840409058e-08
0.000000000000000000e+00 2.834998724665638292e-08
0.000000000000000000e+00 9.836834458099019685e-09
0.000000000000000000e+00 8.111338267724477191e-09
0.000000000000000000e+00 1.085025758129631868e-08
0.000000000000000000e+00 4.455944502268494034e-09
0.000000000000000000e+00 5.510538692021782481e-09
0.000000000000000000e+00 6.822879594636788170e-09
0.000000000000000000e+00 9.456113225780882203e-09
0.000000000000000000e+00 8.171807230894501117e-09
0.000000000000000000e+00 8.628267877952566778e-09
0.000000000000000000e+00 7.514077360326609778e-09
0.000000000000000000e+00 1.166489838055895234e-08
0.000000000000000000e+00 7.095307896776148482e-09
0.000000000000000000e+00 1.118068393424209717e-08
0.000000000000000000e+00 6.707715716203210832e-09
0.000000000000000000e+00 6.038709088329596852e-09
0.000000000000000000e+00 4.206108794591045807e-09
0.000000000000000000e+00 6.103194394313504745e-09
0.000000000000000000e+00 6.309313960173312807e-09
0.000000000000000000e+00 6.449123901575148921e-09
0.000000000000000000e+00 4.884851634301412560e-09
0.000000000000000000e+00 3.103567625117875650e-09
0.000000000000000000e+00 3.387331526383263736e-09
0.000000000000000000e+00 3.008930216097382981e-09
0.000000000000000000e+00 3.068878706713462634e-09
0.000000000000000000e+00 1.810964933568470769e-09
0.000000000000000000e+00 2.475220028941294004e-09
0.000000000000000000e+00 2.986813241179220313e-09
0.000000000000000000e+00 2.489727979337885699e-09
0.000000000000000000e+00 3.312020879775445792e-09
0.000000000000000000e+00 2.585581526659552765e-09
0.000000000000000000e+00 2.348691019449233863e-09
0.000000000000000000e+00 3.410976168183310619e-09
0.000000000000000000e+00 2.052006120578653281e-09
0.000000000000000000e+00 2.371640439591260474e-09
0.000000000000000000e+00 1.285371603444218636e-03
0.000000000000000000e+00 3.019213676452636719e-03
0.000000000000000000e+00 9.192273719236254692e-04
0.000000000000000000e+00 9.892776142805814743e-05
0.000000000000000000e+00 2.114587186952121556e-05
0.000000000000000000e+00 7.243949767143931240e-06
0.000000000000000000e+00 3.216903451175312512e-06
0.000000000000000000e+00 7.037275508992024697e-07
0.000000000000000000e+00 2.300821648759665550e-07
0.000000000000000000e+00 3.108652535388500837e-08
0.000000000000000000e+00 4.515382201475404145e-08
0.000000000000000000e+00 9.921589771977323835e-09
0.000000000000000000e+00 3.525641556478831262e-09
0.000000000000000000e+00 3.244932766932606683e-09
0.000000000000000000e+00 1.425618623152047348e-09
0.000000000000000000e+00 1.646890845918846935e-09
0.000000000000000000e+00 9.898393216190015664e-10
0.000000000000000000e+00 6.919780304315281683e-10
0.000000000000000000e+00 6.297312116210207478e-10
0.000000000000000000e+00 3.442648111029456004e-10
0.000000000000000000e+00 7.167776927552438337e-10
0.000000000000000000e+00 3.613373766864214076e-10
0.000000000000000000e+00 5.664330671173445353e-10
0.000000000000000000e+00 5.178585338327934551e-10
0.000000000000000000e+00 6.933731921954233712e-10
0.000000000000000000e+00 5.443095973944878097e-10
0.000000000000000000e+00 1.037249619528779476e-09
0.000000000000000000e+00 5.823350690548068087e-10
0.000000000000000000e+00 1.106328362254771491e-09
0.000000000000000000e+00 1.136071348106781898e-09
0.000000000000000000e+00 9.295575420509294418e-10
0.000000000000000000e+00 1.526757831271652321e-09
0.000000000000000000e+00 1.049586528800716678e-09
0.000000000000000000e+00 7.970605842011480036e-10
0.000000000000000000e+00 1.104039082377994418e-09
0.000000000000000000e+00 7.915036959182941700e-10
0.000000000000000000e+00 1.006501437750273453e-09
0.000000000000000000e+00 1.876998778627125830e-09
0.000000000000000000e+00 1.133035221201339482e-09
0.000000000000000000e+00 1.259333304304277590e-09
0.000000000000000000e+00 1.825227857743527693e-09
0.000000000000000000e+00 1.695694806791436804e-09
0.000000000000000000e+00 1.137534844097842779e-09
0.000000000000000000e+00 1.152360540324082194e-09
0.000000000000000000e+00 1.095898816139140308e-09
0.000000000000000000e+00 4.389674868434667587e-04
0.000000000000000000e+00 1.711718505248427391e-04
0.000000000000000000e+00 7.697305409237742424e-05
0.000000000000000000e+00 1.704780333966482431e-05
0.000000000000000000e+00 3.773294338316190988e-06
0.000000000000000000e+00 1.086281599782523699e-06
0.000000000000000000e+00 2.513781396373815369e-07
0.000000000000000000e+00 1.383705807711521629e-07
0.000000000000000000e+00 3.882018972944933921e-08
0.000000000000000000e+00 2.848055125070914073e-08
0.000000000000000000e+00 1.102227997762383893e-08
0.000000000000000000e+00 2.274671562219054977e-09
0.000000000000000000e+00 2.098909712699992269e-09
0.000000000000000000e+00 1.577696973065201291e-09
0.000000000000000000e+00 9.568613679178383791e-10
0.000000000000000000e+00 8.014663377409192435e-10
0.000000000000000000e+00 6.168471289313970374e-10
0.000000000000000000e+00 1.007198546787435589e-09
0.000000000000000000e+00 1.164730645264455688e-09
0.000000000000000000e+00 1.450368714017713501e-09
0.000000000000000000e+00 1.290705764489530338e-09
0.000000000000000000e+00 1.306211583340655125e-09
0.000000000000000000e+00 2.330560189278685357e-09
0.000000000000000000e+00 4.353478022522949686e-09
0.000000000000000000e+00 5.463391961058050583e-09
0.000000000000000000e+00 4.453463375853061734e-09
0.000000000000000000e+00 3.067860410155276440e-09
0.000000000000000000e+00 6.341986047431191764e-09
0.000000000000000000e+00 6.180687517343130821e-09
0.000000000000000000e+00 6.410675990053960049e-09
0.000000000000000000e+00 2.508776741905194285e-09
0.000000000000000000e+00 6.142503838901802737e-09
0.000000000000000000e+00 4.353561067205191648e-09
0.000000000000000000e+00 5.908540767762815449e-09
0.000000000000000000e+00 3.584381014221094119e-09
0.000000000000000000e+00 5.881936715468327748e-09
0.000000000000000000e+00 2.956833888845267211e-09
0.000000000000000000e+00 4.189478985949790513e-09
0.000000000000000000e+00 6.713052780327188884e-09
0.000000000000000000e+00 5.379468870359005450e-09
0.000000000000000000e+00 1.080385558793750533e-08
0.000000000000000000e+00 6.910775063317942113e-09
0.000000000000000000e+00 4.376423223817482722e-09
0.000000000000000000e+00 6.196421598048118540e-09
0.000000000000000000e+00 2.385427411155660593e-09
0.000000000000000000e+00 9.457573760300874710e-04
0.000000000000000000e+00 2.433682791888713837e-03
0.000000000000000000e+00 2.590272109955549240e-03
0.000000000000000000e+00 1.488346140831708908e-03
0.000000000000000000e+00 6.933540571480989456e-03
0.000000000000000000e+00 5.728176794946193695e-03
0.000000000000000000e+00 1.276332046836614609e-02
0.000000000000000000e+00 1.584514603018760681e-02
0.000000000000000000e+00 7.168050389736890793e-03
0.000000000000000000e+00 3.021775512024760246e-03
0.000000000000000000e+00 3.211318049579858780e-03
0.000000000000000000e+00 5.232766852714121342e-04
0.000000000000000000e+00 1.518537057563662529e-03
0.000000000000000000e+00 1.122308662161231041e-03
0.000000000000000000e+00 2.454488130751997232e-04
0.000000000000000000e+00 2.581213193479925394e-04
1.000000000000000000e+00 3.892786335200071335e-04
1.000000000000000000e+00 3.031120868399739265e-04
1.000000000000000000e+00 6.815321394242346287e-04
1.000000000000000000e+00 4.132518661208450794e-04
1.000000000000000000e+00 3.638906928244978189e-04
1.000000000000000000e+00 1.374704734189435840e-04
1.000000000000000000e+00 7.291292422451078892e-05
1.000000000000000000e+00 2.785237484204117209e-05
0.000000000000000000e+00 9.226953807228710502e-06
0.000000000000000000e+00 6.104511157900560647e-06
0.000000000000000000e+00 3.774575361603638157e-06
0.000000000000000000e+00 9.932174407367710955e-07
0.000000000000000000e+00 7.479939085897058249e-07
0.000000000000000000e+00 1.395598872022674186e-07
0.000000000000000000e+00 1.590967428910516901e-07
0.000000000000000000e+00 6.885805703404912492e-08
0.000000000000000000e+00 8.957654529240244301e-08
0.000000000000000000e+00 8.222294667348251096e-08
0.000000000000000000e+00 8.239155135925102513e-08
0.000000000000000000e+00 3.575792462129356863e-08
0.000000000000000000e+00 2.917396990653742250e-08
0.000000000000000000e+00 2.906999085894312884e-08
0.000000000000000000e+00 6.003993746617197758e-08
0.000000000000000000e+00 1.893526224705510685e-08
0.000000000000000000e+00 4.004758125120133627e-08
0.000000000000000000e+00 2.433307422222696914e-08
0.000000000000000000e+00 5.018467064132892119e-08
0.000000000000000000e+00 7.876476360024753376e-08
0.000000000000000000e+00 8.672357409977848874e-08
0.000000000000000000e+00 1.433956786058843136e-03
0.000000000000000000e+00 2.398463198915123940e-03
0.000000000000000000e+00 1.894637360237538815e-03
0.000000000000000000e+00 2.307672984898090363e-03
0.000000000000000000e+00 1.852691522799432278e-03
0.000000000000000000e+00 2.254843711853027344e-03
0.000000000000000000e+00 4.528451245278120041e-03
0.000000000000000000e+00 1.394456136040389538e-03
0.000000000000000000e+00 1.811722060665488243e-03
0.000000000000000000e+00 2.741189673542976379e-03
0.000000000000000000e+00 1.801187521778047085e-03
0.000000000000000000e+00 3.618556773290038109e-03
0.000000000000000000e+00 3.613969543948769569e-03
0.000000000000000000e+00 1.712811761535704136e-03
0.000000000000000000e+00 1.888751983642578125e-03
0.000000000000000000e+00 2.384350402280688286e-03
1.000000000000000000e+00 1.255192677490413189e-03
1.000000000000000000e+00 6.762564880773425102e-04
1.000000000000000000e+00 5.737916217185556889e-04
1.000000000000000000e+00 1.576915383338928223e-03
1.000000000000000000e+00 3.607493999879807234e-04
1.000000000000000000e+00 4.769582883454859257e-04
1.000000000000000000e+00 2.384518738836050034e-04
1.000000000000000000e+00 7.565775740658864379e-05
0.000000000000000000e+00 3.386073876754380763e-05
0.000000000000000000e+00 1.123058791563380510e-05
0.000000000000000000e+00 4.233284471411025152e-06
0.000000000000000000e+00 2.651653858265490271e-06
0.000000000000000000e+00 7.537922215306025464e-07
0.000000000000000000e+00 2.934293092948792037e-07
0.000000000000000000e+00 1.136022476089237898e-07
0.000000000000000000e+00 2.496867423928961216e-08
0.000000000000000000e+00 1.651896930354723736e-08
0.000000000000000000e+00 2.983966185254871561e-09
0.000000000000000000e+00 2.011840916082974218e-09
0.000000000000000000e+00 5.545562897779632294e-10
0.000000000000000000e+00 9.141465362461076438e-10
0.000000000000000000e+00 2.226109435676804083e-10
0.000000000000000000e+00 1.814497718743979249e-10
0.000000000000000000e+00 6.842616750990515584e-11
0.000000000000000000e+00 6.685484804647146007e-11
0.000000000000000000e+00 4.963059130336233693e-11
0.000000000000000000e+00 2.377702548739257793e-11
0.000000000000000000e+00 1.577481721637408185e-11
0.000000000000000000e+00 1.317459769750728427e-11
0.000000000000000000e+00 4.312388226389884949e-02
0.000000000000000000e+00 1.056973785161972046e-01
0.000000000000000000e+00 7.034005969762802124e-02
0.000000000000000000e+00 2.384466379880905151e-01
0.000000000000000000e+00 3.214803636074066162e-01
0.000000000000000000e+00 5.929719209671020508e-01
0.000000000000000000e+00 7.653917670249938965e-01
0.000000000000000000e+00 7.058354020118713379e-01
0.000000000000000000e+00 7.532531023025512695e-01
0.000000000000000000e+00 8.573613762855529785e-01
0.000000000000000000e+00 8.765627145767211914e-01
0.000000000000000000e+00 9.487479329109191895e-01
0.000000000000000000e+00 9.677954316139221191e-01
0.000000000000000000e+00 9.452071189880371094e-01
0.000000000000000000e+00 9.395539164543151855e-01
1.000000000000000000e+00 9.913221597671508789e-01
1.000000000000000000e+00 9.879934787750244141e-01
1.000000000000000000e+00 9.860212206840515137e-01
1.000000000000000000e+00 9.970086216926574707e-01
1.000000000000000000e+00 9.968373775482177734e-01
1.000000000000000000e+00 9.982329607009887695e-01
1.000000000000000000e+00 9.988266825675964355e-01
1.000000000000000000e+00 9.948688745498657227e-01
1.000000000000000000e+00 9.909006357192993164e-01
0.000000000000000000e+00 9.673318266868591309e-01
0.000000000000000000e+00 9.409130811691284180e-01
0.000000000000000000e+00 6.308023929595947266e-01
0.000000000000000000e+00 1.429343521595001221e-01
0.000000000000000000e+00 3.743607550859451294e-02
0.000000000000000000e+00 3.053870052099227905e-03
0.000000000000000000e+00 8.665940549690276384e-05
0.000000000000000000e+00 4.770047235069796443e-05
0.000000000000000000e+00 9.688425052445381880e-06
0.000000000000000000e+00 3.192688382114283741e-06
0.000000000000000000e+00 8.721754625184985343e-07
0.000000000000000000e+00 3.279802172073686961e-07
0.000000000000000000e+00 3.010846967299585231e-07
0.000000000000000000e+00 1.417568142869640724e-07
0.000000000000000000e+00 7.893892473020969192e-08
0.000000000000000000e+00 4.687872134923054546e-08
0.000000000000000000e+00 3.070109855229929963e-08
0.000000000000000000e+00 1.844747821166947688e-08
0.000000000000000000e+00 1.970420981933784788e-08
0.000000000000000000e+00 2.133033660811634036e-08
0.000000000000000000e+00 3.013837002185937308e-08
