0.000000000000000000e+00 1.385784000158309937e-01
0.000000000000000000e+00 1.169464737176895142e-01
0.000000000000000000e+00 1.059156358242034912e-01
0.000000000000000000e+00 1.463134586811065674e-01
0.000000000000000000e+00 1.766206324100494385e-01
0.000000000000000000e+00 3.431469202041625977e-01
0.000000000000000000e+00 3.796424865722656250e-01
0.000000000000000000e+00 3.955488204956054688e-01
0.000000000000000000e+00 4.507539272308349609e-01
0.000000000000000000e+00 5.046840310096740723e-01
0.000000000000000000e+00 5.759385228157043457e-01
0.000000000000000000e+00 7.252400517463684082e-01
0.000000000000000000e+00 6.470592021942138672e-01
0.000000000000000000e+00 8.372112512588500977e-01
0.000000000000000000e+00 7.922711372375488281e-01
1.000000000000000000e+00 9.046984314918518066e-01
1.000000000000000000e+00 9.068004488945007324e-01
1.000000000000000000e+00 8.324866890907287598e-01
1.000000000000000000e+00 9.311248660087585449e-01
1.000000000000000000e+00 9.403861165046691895e-01
1.000000000000000000e+00 9.054856896400451660e-01
1.000000000000000000e+00 9.027080535888671875e-01
1.000000000000000000e+00 8.879104852676391602e-01
1.000000000000000000e+00 5.735430717468261719e-01
0.000000000000000000e+00 3.741109073162078857e-01
0.000000000000000000e+00 2.718803882598876953e-01
0.000000000000000000e+00 1.694311648607254028e-01
0.000000000000000000e+00 3.271708637475967407e-02
0.000000000000000000e+00 2.762065967544913292e-03
0.000000000000000000e+00 1.948041608557105064e-03
0.000000000000000000e+00 2.238801680505275726e-04
0.000000000000000000e+00 5.159161082701757550e-05
0.000000000000000000e+00 1.871351742011029273e-05
0.000000000000000000e+00 6.661355655523948371e-06
0.000000000000000000e+00 2.810038495226763189e-06
0.000000000000000000e+00 8.567886311539041344e-07
0.000000000000000000e+00 4.840927090299373958e-07
0.000000000000000000e+00 2.593359909042192157e-07
0.000000000000000000e+00 1.860577469869895140e-07
0.000000000000000000e+00 1.396224433847237378e-07
0.000000000000000000e+00 7.874553631381786545e-08
0.000000000000000000e+00 6.723371370753739029e-08
0.000000000000000000e+00 8.246481542073524906e-08
0.000000000000000000e+00 9.588006122385195340e-08
0.000000000000000000e+00 1.045060926685437153e-07
0.000000000000000000e+00 6.086601570132188499e-05
0.000000000000000000e+00 2.076801138173323125e-05
0.000000000000000000e+00 1.145927762991050258e-05
0.000000000000000000e+00 4.249934590916382149e-06
0.000000000000000000e+00 7.337187639677722473e-07
0.000000000000000000e+00 3.678816824503883254e-07
0.000000000000000000e+00 9.241136922355508432e-08
0.000000000000000000e+00 4.721288249243116297e-08
0.000000000000000000e+00 1.609849498152016167e-08
0.000000000000000000e+00 5.175763373443942328e-09
0.000000000000000000e+00 2.736366910838228250e-09
0.000000000000000000e+00 1.292735807290057437e-09
0.000000000000000000e+00 4.756090521418343542e-10
0.000000000000000000e+00 3.894229383405445333e-10
0.000000000000000000e+00 2.814720956312299904e-10
0.000000000000000000e+00 2.306189683665138546e-10
0.000000000000000000e+00 2.478421912144312955e-10
0.000000000000000000e+00 1.831503976257309318e-10
0.000000000000000000e+00 2.452876235459200416e-10
0.000000000000000000e+00 2.195299497742553285e-10
0.000000000000000000e+00 3.444717289191601139e-10
0.000000000000000000e+00 5.086701060363907345e-10
0.000000000000000000e+00 2.035007440337466278e-10
0.000000000000000000e+00 2.203803250999669672e-10
0.000000000000000000e+00 1.889523260079073452e-10
0.000000000000000000e+00 2.147474142955019261e-10
0.000000000000000000e+00 2.315573705002904603e-10
0.000000000000000000e+00 2.704073076564839084e-10
0.000000000000000000e+00 1.024672222071920658e-10
0.000000000000000000e+00 1.593376264263923758e-10
0.000000000000000000e+00 1.633422425095787389e-10
0.000000000000000000e+00 1.025133519738652410e-10
0.000000000000000000e+00 1.383008707556143690e-10
0.000000000000000000e+00 2.063807874597145542e-10
0.000000000000000000e+00 1.344621636256704278e-10
0.000000000000000000e+00 1.176310437944749765e-10
0.000000000000000000e+00 1.784040970509437329e-10
0.000000000000000000e+00 1.555281736731473075e-10
0.000000000000000000e+00 1.312294162225668970e-10
0.000000000000000000e+00 1.423066942063400120e-10
0.000000000000000000e+00 1.895301970922247392e-10
0.000000000000000000e+00 2.137874322016841688e-10
0.000000000000000000e+00 1.797361148803133801e-10
0.000000000000000000e+00 1.984226116746867774e-10
0.000000000000000000e+00 1.971493940322588401e-10
0.000000000000000000e+00 4.133587208343669772e-05
0.000000000000000000e+00 7.443643426086055115e-06
0.000000000000000000e+00 4.446922957868082449e-06
0.000000000000000000e+00 5.433656724562752061e-07
0.000000000000000000e+00 1.712950989940509317e-07
0.000000000000000000e+00 7.303692939331085654e-08
0.000000000000000000e+00 1.952455974674194294e-08
0.000000000000000000e+00 9.683331470000666741e-09
0.000000000000000000e+00 4.175382706250729825e-09
0.000000000000000000e+00 2.217292349726562861e-09
0.000000000000000000e+00 1.092928303414453239e-09
0.000000000000000000e+00 4.944626930125650688e-10
0.000000000000000000e+00 3.426938177675253883e-10
0.000000000000000000e+00 1.439610930464851890e-10
0.000000000000000000e+00 1.013928802029440135e-10
0.000000000000000000e+00 9.354300667396842073e-11
0.000000000000000000e+00 2.977283003469111122e-11
0.000000000000000000e+00 4.325794930593040988e-11
0.000000000000000000e+00 2.764767408069968013e-11
0.000000000000000000e+00 4.828590305372415514e-11
0.000000000000000000e+00 2.850735272841298240e-11
0.000000000000000000e+00 1.803865043448205085e-11
0.000000000000000000e+00 2.606986328201887915e-11
0.000000000000000000e+00 4.914536833044991226e-11
0.000000000000000000e+00 4.341077844416396658e-11
0.000000000000000000e+00 5.102411201884926584e-11
0.000000000000000000e+00 4.973995174073486680e-11
0.000000000000000000e+00 3.821383487423446468e-11
0.000000000000000000e+00 3.049515501230004588e-11
0.000000000000000000e+00 2.335844538625675426e-11
0.000000000000000000e+00 4.779978843294507840e-11
0.000000000000000000e+00 3.231169151685087115e-11
0.000000000000000000e+00 3.414761182152226127e-11
0.000000000000000000e+00 2.254988383521006057e-11
0.000000000000000000e+00 1.761675354206015953e-11
0.000000000000000000e+00 3.644901394594945998e-11
0.000000000000000000e+00 1.205117342722994422e-11
0.000000000000000000e+00 2.286544564800152557e-11
0.000000000000000000e+00 2.116152565678763864e-11
0.000000000000000000e+00 1.778759778359173538e-11
0.000000000000000000e+00 2.715380177653603511e-11
0.000000000000000000e+00 2.583966721148023282e-11
0.000000000000000000e+00 2.210107791222881701e-11
0.000000000000000000e+00 6.057032653217220286e-11
0.000000000000000000e+00 5.290540228131135336e-11
0.000000000000000000e+00 1.895072869956493378e-03
0.000000000000000000e+00 1.230227644555270672e-03
0.000000000000000000e+00 3.803752479143440723e-04
0.000000000000000000e+00 3.653607273008674383e-04
0.000000000000000000e+00 9.730739111546427011e-05
0.000000000000000000e+00 1.307921138504752889e-05
0.000000000000000000e+00 9.455613508180249482e-06
0.000000000000000000e+00 4.667072516895132139e-06
0.000000000000000000e+00 7.209712293843040243e-07
0.000000000000000000e+00 2.923421789091662504e-07
0.000000000000000000e+00 2.019081080106843729e-07
0.000000000000000000e+00 1.385732986136645195e-07
0.000000000000000000e+00 8.764230585711629828e-08
0.000000000000000000e+00 2.203528026711865095e-08
0.000000000000000000e+00 2.995480485878943000e-08
0.000000000000000000e+00 3.532886339030483214e-08
0.000000000000000000e+00 1.994008869132812833e-08
0.000000000000000000e+00 1.279587635849566141e-08
0.000000000000000000e+00 1.304118679712473750e-08
0.000000000000000000e+00 1.276063432698038014e-08
0.000000000000000000e+00 1.788826509141472343e-08
0.000000000000000000e+00 1.197370380623397068e-08
0.000000000000000000e+00 1.346866351781272897e-08
0.000000000000000000e+00 3.646763957476650830e-08
0.000000000000000000e+00 2.019180556089850143e-08
0.000000000000000000e+00 2.067675097805476980e-08
0.000000000000000000e+00 1.839810792603202572e-08
0.000000000000000000e+00 4.750700455247169884e-08
0.000000000000000000e+00 3.635276968338985171e-08
0.000000000000000000e+00 4.117219631893931364e-08
0.000000000000000000e+00 3.284875660369834804e-08
0.000000000000000000e+00 5.716050921478199598e-08
0.000000000000000000e+00 1.950185790633440774e-08
0.000000000000000000e+00 7.812557356601246283e-08
0.000000000000000000e+00 5.268193348229033290e-08
0.000000000000000000e+00 7.492898390637492412e-08
0.000000000000000000e+00 1.003100607022133772e-07
0.000000000000000000e+00 8.982256360923202010e-08
0.000000000000000000e+00 8.972034493126557209e-08
0.000000000000000000e+00 6.239760352855228120e-08
0.000000000000000000e+00 1.182754374440264655e-07
0.000000000000000000e+00 1.402575691145102610e-07
0.000000000000000000e+00 1.012990793469725759e-07
0.000000000000000000e+00 1.192613012790388893e-07
0.000000000000000000e+00 1.164341867365692451e-07
0.000000000000000000e+00 6.970359245315194130e-04
0.000000000000000000e+00 2.158032730221748352e-04
0.000000000000000000e+00 4.648924368666484952e-05
0.000000000000000000e+00 8.292549864563625306e-06
0.000000000000000000e+00 3.342696800245903432e-06
0.000000000000000000e+00 8.676938136886747088e-07
0.000000000000000000e+00 5.802993428005720489e-07
0.000000000000000000e+00 1.497860182553267805e-07
0.000000000000000000e+00 4.759679939070338150e-08
0.000000000000000000e+00 2.872534032860585285e-08
0.000000000000000000e+00 1.559697793140912836e-08
0.000000000000000000e+00 6.348097603137148326e-09
0.000000000000000000e+00 4.687619625798333800e-09
0.000000000000000000e+00 3.606022591640112296e-09
0.000000000000000000e+00 2.751318950444670008e-09
0.000000000000000000e+00 2.530648357534914794e-09
0.000000000000000000e+00 3.653633617872742434e-09
0.000000000000000000e+00 7.085138697959791898e-09
0.000000000000000000e+00 9.736260686565856304e-09
0.000000000000000000e+00 9.785615873170172563e-09
0.000000000000000000e+00 1.397320303908600181e-08
0.000000000000000000e+00 1.114002579072348453e-08
0.000000000000000000e+00 1.728035847747833031e-08
0.000000000000000000e+00 2.274902755061702919e-08
0.000000000000000000e+00 1.789621784098471835e-08
0.000000000000000000e+00 2.534403087395276089e-08
0.000000000000000000e+00 3.482023558376567962e-08
0.000000000000000000e+00 2.784272190581305040e-08
0.000000000000000000e+00 3.637767420627824322e-08
0.000000000000000000e+00 4.480302706610927999e-08
0.000000000000000000e+00 4.367552364215043781e-08
0.000000000000000000e+00 3.601576992195987259e-08
0.000000000000000000e+00 3.927171832174281008e-08
0.000000000000000000e+00 3.701720174831280019e-08
0.000000000000000000e+00 2.383600161692811525e-08
0.000000000000000000e+00 1.608176880552036891e-08
0.000000000000000000e+00 2.195393733472883468e-08
0.000000000000000000e+00 2.420614642062446364e-08
0.000000000000000000e+00 3.025101591447310057e-08
0.000000000000000000e+00 2.985271052580174000e-08
0.000000000000000000e+00 4.226964378517550358e-08
0.000000000000000000e+00 1.989180731243322953e-08
0.000000000000000000e+00 2.271013954668887891e-08
0.000000000000000000e+00 2.420263989222348755e-08
0.000000000000000000e+00 2.339812255058859591e-08
0.000000000000000000e+00 2.842067740857601166e-02
0.000000000000000000e+00 3.212046995759010315e-02
0.000000000000000000e+00 7.185571640729904175e-02
0.000000000000000000e+00 1.504469513893127441e-01
0.000000000000000000e+00 3.449122905731201172e-01
0.000000000000000000e+00 3.120209276676177979e-01
0.000000000000000000e+00 4.983996152877807617e-01
0.000000000000000000e+00 2.104495912790298462e-01
0.000000000000000000e+00 3.344348967075347900e-01
0.000000000000000000e+00 1.260948181152343750e-01
0.000000000000000000e+00 2.964233160018920898e-01
0.000000000000000000e+00 1.144643649458885193e-01
0.000000000000000000e+00 1.127215027809143066e-01
0.000000000000000000e+00 2.964123524725437164e-02
0.000000000000000000e+00 1.176458969712257385e-01
0.000000000000000000e+00 2.570693567395210266e-02
1.000000000000000000e+00 9.486573189496994019e-02
1.000000000000000000e+00 3.411317989230155945e-02
1.000000000000000000e+00 8.724799007177352905e-02
1.000000000000000000e+00 2.459421195089817047e-02
1.000000000000000000e+00 1.510650385171175003e-02
1.000000000000000000e+00 7.762541063129901886e-03
1.000000000000000000e+00 4.478994291275739670e-03
1.000000000000000000e+00 1.647112541832029819e-03
0.000000000000000000e+00 9.254752658307552338e-04
0.000000000000000000e+00 2.860762469936162233e-04
0.000000000000000000e+00 2.001071261474862695e-04
0.000000000000000000e+00 6.534258136525750160e-05
0.000000000000000000e+00 1.479799448134144768e-05
0.000000000000000000e+00 9.012664122565183789e-06
0.000000000000000000e+00 1.038995287672150880e-05
0.000000000000000000e+00 2.073921450573834591e-06
0.000000000000000000e+00 1.262238583876751363e-06
0.000000000000000000e+00 7.194643103503040038e-07
0.000000000000000000e+00 5.738313575420761481e-07
0.000000000000000000e+00 5.697557412531750742e-07
0.000000000000000000e+00 4.530630519639089471e-07
0.000000000000000000e+00 3.788181857089512050e-07
0.000000000000000000e+00 1.749982345700118458e-07
0.000000000000000000e+00 2.667282217316824244e-07
0.000000000000000000e+00 1.728395631062085158e-07
0.000000000000000000e+00 1.472667747748346301e-07
0.000000000000000000e+00 1.425560043344376027e-07
0.000000000000000000e+00 2.250420720883994363e-07
0.000000000000000000e+00 4.532718094196752645e-07
0.000000000000000000e+00 3.358927089720964432e-03
0.000000000000000000e+00 3.388311248272657394e-03
0.000000000000000000e+00 1.479910453781485558e-03
0.000000000000000000e+00 1.430405885912477970e-03
0.000000000000000000e+00 1.927184057421982288e-03
0.000000000000000000e+00 1.422486267983913422e-03
0.000000000000000000e+00 1.586175756528973579e-03
0.000000000000000000e+00 1.182777690701186657e-03
0.000000000000000000e+00 1.052845851518213749e-03
0.000000000000000000e+00 8.395534823648631573e-04
0.000000000000000000e+00 9.900814620777964592e-04
0.000000000000000000e+00 1.422862987965345383e-03
0.000000000000000000e+00 1.004355028271675110e-03
0.000000000000000000e+00 1.689115306362509727e-03
0.000000000000000000e+00 1.061433809809386730e-03
0.000000000000000000e+00 1.507060253061354160e-03
1.000000000000000000e+00 8.005941635929048061e-04
1.000000000000000000e+00 7.834182470105588436e-04
1.000000000000000000e+00 5.491786287166178226e-04
1.000000000000000000e+00 3.500654129311442375e-04
1.000000000000000000e+00 5.683894851244986057e-04
1.000000000000000000e+00 4.810812242794781923e-04
1.000000000000000000e+00 2.856834908016026020e-04
1.000000000000000000e+00 3.212034062016755342e-04
0.000000000000000000e+00 8.330985292559489608e-05
0.000000000000000000e+00 2.469041464792098850e-05
0.000000000000000000e+00 2.114097151206806302e-05
0.000000000000000000e+00 5.205500201554968953e-06
0.000000000000000000e+00 4.177793471171753481e-06
0.000000000000000000e+00 1.339271875622216612e-06
0.000000000000000000e+00 5.479292894960963167e-07
0.000000000000000000e+00 1.660356758748093853e-07
0.000000000000000000e+00 1.841684564851675532e-07
0.000000000000000000e+00 3.194802999928469944e-08
0.000000000000000000e+00 1.285615525148386951e-08
0.000000000000000000e+00 3.276251714368072498e-09
0.000000000000000000e+00 2.426262080135188626e-09
0.000000000000000000e+00 1.595375054286307659e-09
0.000000000000000000e+00 1.013214068201762075e-09
0.000000000000000000e+00 4.734458936006546992e-10
0.000000000000000000e+00 2.557978551198658579e-10
0.000000000000000000e+00 1.215429562551051390e-10
0.000000000000000000e+00 1.777536451363914694e-10
0.000000000000000000e+00 7.156066711422326421e-11
0.000000000000000000e+00 4.769723851993923347e-11
0.000000000000000000e+00 9.750511646270751953e-01
0.000000000000000000e+00 9.742387533187866211e-01
0.000000000000000000e+00 9.889650344848632812e-01
0.000000000000000000e+00 9.913560152053833008e-01
0.000000000000000000e+00 9.962027668952941895e-01
0.000000000000000000e+00 9.959949254989624023e-01
0.000000000000000000e+00 9.971349239349365234e-01
0.000000000000000000e+00 9.975633621215820312e-01
0.000000000000000000e+00 9.974007606506347656e-01
0.000000000000000000e+00 9.973767995834350586e-01
0.000000000000000000e+00 9.978564381599426270e-01
0.000000000000000000e+00 9.983264803886413574e-01
0.000000000000000000e+00 9.979440569877624512e-01
0.000000000000000000e+00 9.982689619064331055e-01
0.000000000000000000e+00 9.982819557189941406e-01
1.000000000000000000e+00 9.983327984809875488e-01
1.000000000000000000e+00 9.984688162803649902e-01
1.000000000000000000e+00 9.986340403556823730e-01
1.000000000000000000e+00 9.987124204635620117e-01
1.000000000000000000e+00 9.990696310997009277e-01
1.000000000000000000e+00 9.991148114204406738e-01
1.000000000000000000e+00 9.986953139305114746e-01
1.000000000000000000e+00 9.981572031974792480e-01
1.000000000000000000e+00 9.980055689811706543e-01
0.000000000000000000e+00 9.910640716552734375e-01
0.000000000000000000e+00 9.760223031044006348e-01
0.000000000000000000e+00 9.152846932411193848e-01
0.000000000000000000e+00 6.793854236602783203e-01
0.000000000000000000e+00 2.278552055358886719e-01
0.000000000000000000e+00 2.308281138539314270e-02
0.000000000000000000e+00 4.648237489163875580e-03
0.000000000000000000e+00 2.244437637273222208e-04
0.000000000000000000e+00 7.808399823261424899e-05
0.000000000000000000e+00 3.689996810862794518e-05
0.000000000000000000e+00 9.357725502923130989e-06
0.000000000000000000e+00 2.925797844000044279e-06
0.000000000000000000e+00 2.251119212814955972e-06
0.000000000000000000e+00 8.580823305237572640e-07
0.000000000000000000e+00 5.157456257620651741e-07
0.000000000000000000e+00 2.792812097140995320e-07
0.000000000000000000e+00 1.425789832865120843e-07
0.000000000000000000e+00 1.348906977227670723e-07
0.000000000000000000e+00 1.035878511856935802e-07
0.000000000000000000e+00 1.024161733198525326e-07
0.000000000000000000e+00 1.369156450437003514e-07
