0.000000000000000000e+00 2.384476661682128906e-01
0.000000000000000000e+00 2.099789977073669434e-01
0.000000000000000000e+00 1.961079984903335571e-01
0.000000000000000000e+00 1.671715974807739258e-01
0.000000000000000000e+00 1.637350171804428101e-01
0.000000000000000000e+00 1.585534960031509399e-01
0.000000000000000000e+00 1.534568220376968384e-01
0.000000000000000000e+00 1.340687125921249390e-01
0.000000000000000000e+00 1.323964595794677734e-01
0.000000000000000000e+00 1.253272742033004761e-01
0.000000000000000000e+00 1.422992050647735596e-01
0.000000000000000000e+00 1.584812551736831665e-01
0.000000000000000000e+00 1.619848757982254028e-01
0.000000000000000000e+00 1.788330674171447754e-01
0.000000000000000000e+00 1.788100898265838623e-01
0.000000000000000000e+00 1.915360391139984131e-01
0.000000000000000000e+00 1.704755276441574097e-01
0.000000000000000000e+00 1.571849435567855835e-01
0.000000000000000000e+00 1.561418473720550537e-01
0.000000000000000000e+00 1.465097963809967041e-01
0.000000000000000000e+00 1.412523984909057617e-01
0.000000000000000000e+00 1.286715120077133179e-01
0.000000000000000000e+00 1.303350478410720825e-01
0.000000000000000000e+00 1.224247440695762634e-01
0.000000000000000000e+00 1.289306432008743286e-01
0.000000000000000000e+00 1.142547354102134705e-01
0.000000000000000000e+00 1.023479402065277100e-01
0.000000000000000000e+00 8.867210149765014648e-02
0.000000000000000000e+00 9.111792594194412231e-02
0.000000000000000000e+00 6.950702518224716187e-02
0.000000000000000000e+00 6.177935749292373657e-02
0.000000000000000000e+00 5.744257941842079163e-02
0.000000000000000000e+00 5.015463009476661682e-02
0.000000000000000000e+00 4.244248196482658386e-02
0.000000000000000000e+00 4.222024977207183838e-02
0.000000000000000000e+00 3.914551436901092529e-02
0.000000000000000000e+00 3.355183452367782593e-02
0.000000000000000000e+00 2.745947614312171936e-02
0.000000000000000000e+00 2.205237559974193573e-02
0.000000000000000000e+00 1.869949884712696075e-02
0.000000000000000000e+00 1.576973684132099152e-02
0.000000000000000000e+00 1.194991730153560638e-02
0.000000000000000000e+00 1.149016991257667542e-02
0.000000000000000000e+00 1.111188530921936035e-02
0.000000000000000000e+00 1.174937188625335693e-02
0.000000000000000000e+00 1.057439856231212616e-02
0.000000000000000000e+00 9.807691909372806549e-03
0.000000000000000000e+00 8.367644622921943665e-03
0.000000000000000000e+00 7.755746133625507355e-03
0.000000000000000000e+00 6.578958127647638321e-03
0.000000000000000000e+00 6.761298514902591705e-03
0.000000000000000000e+00 6.555632222443819046e-03
0.000000000000000000e+00 6.845161318778991699e-03
0.000000000000000000e+00 6.310347467660903931e-03
0.000000000000000000e+00 7.434605155140161514e-03
0.000000000000000000e+00 8.243256248533725739e-03
0.000000000000000000e+00 7.995263673365116119e-03
0.000000000000000000e+00 6.497241556644439697e-03
0.000000000000000000e+00 6.233621854335069656e-03
0.000000000000000000e+00 5.587796680629253387e-03
0.000000000000000000e+00 5.305867176502943039e-03
0.000000000000000000e+00 5.057742353528738022e-03
0.000000000000000000e+00 5.042255390435457230e-03
0.000000000000000000e+00 5.104080308228731155e-03
0.000000000000000000e+00 6.556808948516845703e-03
0.000000000000000000e+00 7.625423371791839600e-03
0.000000000000000000e+00 7.695439271628856659e-03
0.000000000000000000e+00 8.202416822314262390e-03
0.000000000000000000e+00 7.665305398404598236e-03
0.000000000000000000e+00 8.530752733349800110e-03
0.000000000000000000e+00 8.726307190954685211e-03
0.000000000000000000e+00 8.663936518132686615e-03
0.000000000000000000e+00 1.017512660473585129e-02
0.000000000000000000e+00 9.987553581595420837e-03
0.000000000000000000e+00 1.103894505649805069e-02
0.000000000000000000e+00 2.660472989082336426e-01
0.000000000000000000e+00 2.747695446014404297e-01
0.000000000000000000e+00 2.783509194850921631e-01
0.000000000000000000e+00 3.296056091785430908e-01
0.000000000000000000e+00 2.921142578125000000e-01
0.000000000000000000e+00 3.186016976833343506e-01
0.000000000000000000e+00 3.166739344596862793e-01
0.000000000000000000e+00 3.328952491283416748e-01
0.000000000000000000e+00 3.557929992675781250e-01
0.000000000000000000e+00 4.004241526126861572e-01
0.000000000000000000e+00 4.046846926212310791e-01
0.000000000000000000e+00 4.085979461669921875e-01
0.000000000000000000e+00 4.323930144309997559e-01
0.000000000000000000e+00 4.104066789150238037e-01
0.000000000000000000e+00 3.439673483371734619e-01
0.000000000000000000e+00 3.288731276988983154e-01
0.000000000000000000e+00 3.313514590263366699e-01
0.000000000000000000e+00 3.036633729934692383e-01
0.000000000000000000e+00 3.121124505996704102e-01
0.000000000000000000e+00 3.353737592697143555e-01
0.000000000000000000e+00 3.266529738903045654e-01
1.000000000000000000e+00 3.401234745979309082e-01
1.000000000000000000e+00 4.656892716884613037e-01
0.000000000000000000e+00 4.959880411624908447e-01
0.000000000000000000e+00 5.543456673622131348e-01
0.000000000000000000e+00 6.159315109252929688e-01
0.000000000000000000e+00 6.164497137069702148e-01
0.000000000000000000e+00 6.143900752067565918e-01
0.000000000000000000e+00 4.866800308227539062e-01
0.000000000000000000e+00 5.789529681205749512e-01
0.000000000000000000e+00 5.283439159393310547e-01
0.000000000000000000e+00 4.602734148502349854e-01
1.000000000000000000e+00 4.444185793399810791e-01
1.000000000000000000e+00 3.475446105003356934e-01
1.000000000000000000e+00 3.113981187343597412e-01
1.000000000000000000e+00 2.154366821050643921e-01
0.000000000000000000e+00 1.628505885601043701e-01
0.000000000000000000e+00 1.298869401216506958e-01
0.000000000000000000e+00 1.014804989099502563e-01
0.000000000000000000e+00 7.063404470682144165e-02
0.000000000000000000e+00 7.135239243507385254e-02
0.000000000000000000e+00 6.485006213188171387e-02
0.000000000000000000e+00 5.875256657600402832e-02
0.000000000000000000e+00 6.376758217811584473e-02
0.000000000000000000e+00 8.316182345151901245e-02
0.000000000000000000e+00 7.889932394027709961e-02
0.000000000000000000e+00 7.998225837945938110e-02
0.000000000000000000e+00 1.245979219675064087e-01
0.000000000000000000e+00 1.409277021884918213e-01
0.000000000000000000e+00 1.435701102018356323e-01
0.000000000000000000e+00 1.731773912906646729e-01
0.000000000000000000e+00 1.938058882951736450e-01
0.000000000000000000e+00 2.065176516771316528e-01
0.000000000000000000e+00 2.540730237960815430e-01
0.000000000000000000e+00 2.426026612520217896e-01
0.000000000000000000e+00 2.776368856430053711e-01
0.000000000000000000e+00 2.551428377628326416e-01
0.000000000000000000e+00 3.137021958827972412e-01
0.000000000000000000e+00 3.017800450325012207e-01
0.000000000000000000e+00 2.902103364467620850e-01
0.000000000000000000e+00 2.878628373146057129e-01
0.000000000000000000e+00 2.592312991619110107e-01
0.000000000000000000e+00 2.483736723661422729e-01
0.000000000000000000e+00 2.372027337551116943e-01
0.000000000000000000e+00 1.934534311294555664e-01
0.000000000000000000e+00 1.889007836580276489e-01
0.000000000000000000e+00 2.007200568914413452e-01
0.000000000000000000e+00 1.594705581665039062e-01
0.000000000000000000e+00 1.629061102867126465e-01
0.000000000000000000e+00 1.349608749151229858e-01
0.000000000000000000e+00 1.034764200448989868e-01
0.000000000000000000e+00 5.948125571012496948e-02
0.000000000000000000e+00 4.310268536210060120e-02
0.000000000000000000e+00 3.025178238749504089e-02
0.000000000000000000e+00 2.254228852689266205e-02
0.000000000000000000e+00 2.742644250392913818e-01
0.000000000000000000e+00 2.748498916625976562e-01
0.000000000000000000e+00 2.420072704553604126e-01
0.000000000000000000e+00 2.168489694595336914e-01
0.000000000000000000e+00 2.395530641078948975e-01
0.000000000000000000e+00 2.285504788160324097e-01
0.000000000000000000e+00 2.070240527391433716e-01
0.000000000000000000e+00 2.625070810317993164e-01
0.000000000000000000e+00 2.567274570465087891e-01
0.000000000000000000e+00 2.660947442054748535e-01
0.000000000000000000e+00 2.736746072769165039e-01
0.000000000000000000e+00 3.368602395057678223e-01
0.000000000000000000e+00 4.055048823356628418e-01
0.000000000000000000e+00 4.226889014244079590e-01
0.000000000000000000e+00 4.141882658004760742e-01
0.000000000000000000e+00 4.104041457176208496e-01
0.000000000000000000e+00 4.017874002456665039e-01
0.000000000000000000e+00 4.040152430534362793e-01
0.000000000000000000e+00 4.244854748249053955e-01
0.000000000000000000e+00 4.806610941886901855e-01
0.000000000000000000e+00 5.646052360534667969e-01
0.000000000000000000e+00 5.850233435630798340e-01
0.000000000000000000e+00 6.785623431205749512e-01
0.000000000000000000e+00 7.640161514282226562e-01
0.000000000000000000e+00 7.851022481918334961e-01
0.000000000000000000e+00 8.192936182022094727e-01
0.000000000000000000e+00 8.086118698120117188e-01
0.000000000000000000e+00 8.403758406639099121e-01
0.000000000000000000e+00 8.493276834487915039e-01
0.000000000000000000e+00 8.740652799606323242e-01
0.000000000000000000e+00 8.521872758865356445e-01
0.000000000000000000e+00 8.384057283401489258e-01
0.000000000000000000e+00 8.633164763450622559e-01
0.000000000000000000e+00 8.393584489822387695e-01
0.000000000000000000e+00 8.074649572372436523e-01
0.000000000000000000e+00 7.941588759422302246e-01
0.000000000000000000e+00 7.741411924362182617e-01
0.000000000000000000e+00 7.585871219635009766e-01
0.000000000000000000e+00 7.419296503067016602e-01
0.000000000000000000e+00 5.952634811401367188e-01
0.000000000000000000e+00 5.400926470756530762e-01
0.000000000000000000e+00 5.167484879493713379e-01
0.000000000000000000e+00 4.174742698669433594e-01
0.000000000000000000e+00 3.151771128177642822e-01
0.000000000000000000e+00 3.554917871952056885e-01
0.000000000000000000e+00 3.468066453933715820e-01
0.000000000000000000e+00 4.063132405281066895e-01
0.000000000000000000e+00 4.821547865867614746e-01
0.000000000000000000e+00 4.561813771724700928e-01
0.000000000000000000e+00 5.292981863021850586e-01
0.000000000000000000e+00 4.917792379856109619e-01
0.000000000000000000e+00 5.605125427246093750e-01
0.000000000000000000e+00 6.422507166862487793e-01
0.000000000000000000e+00 6.484583616256713867e-01
0.000000000000000000e+00 7.098949551582336426e-01
0.000000000000000000e+00 6.507960557937622070e-01
0.000000000000000000e+00 6.687457561492919922e-01
0.000000000000000000e+00 7.227470874786376953e-01
0.000000000000000000e+00 7.231876850128173828e-01
0.000000000000000000e+00 7.492066621780395508e-01
0.000000000000000000e+00 7.031299471855163574e-01
0.000000000000000000e+00 6.274523138999938965e-01
0.000000000000000000e+00 6.133629679679870605e-01
0.000000000000000000e+00 4.908598959445953369e-01
0.000000000000000000e+00 5.654507279396057129e-01
0.000000000000000000e+00 3.647986054420471191e-01
0.000000000000000000e+00 3.328985273838043213e-01
0.000000000000000000e+00 2.131159156560897827e-01
0.000000000000000000e+00 1.464281827211380005e-01
0.000000000000000000e+00 1.149920076131820679e-01
0.000000000000000000e+00 9.428756684064865112e-02
0.000000000000000000e+00 6.419184803962707520e-02
0.000000000000000000e+00 6.388990581035614014e-02
0.000000000000000000e+00 5.744213610887527466e-02
0.000000000000000000e+00 5.167891830205917358e-02
0.000000000000000000e+00 3.498891294002532959e-01
0.000000000000000000e+00 3.324938118457794189e-01
0.000000000000000000e+00 2.967272400856018066e-01
0.000000000000000000e+00 2.659850120544433594e-01
0.000000000000000000e+00 2.220414727926254272e-01
0.000000000000000000e+00 2.124459594488143921e-01
0.000000000000000000e+00 1.868429332971572876e-01
0.000000000000000000e+00 2.090966850519180298e-01
0.000000000000000000e+00 2.454416006803512573e-01
0.000000000000000000e+00 2.295110821723937988e-01
0.000000000000000000e+00 2.730652987957000732e-01
0.000000000000000000e+00 2.680816948413848877e-01
0.000000000000000000e+00 2.710832357406616211e-01
0.000000000000000000e+00 2.565734088420867920e-01
0.000000000000000000e+00 2.553990185260772705e-01
0.000000000000000000e+00 2.549491524696350098e-01
0.000000000000000000e+00 2.728101015090942383e-01
0.000000000000000000e+00 2.920592427253723145e-01
0.000000000000000000e+00 2.733414173126220703e-01
0.000000000000000000e+00 2.523208260536193848e-01
0.000000000000000000e+00 2.533204555511474609e-01
0.000000000000000000e+00 2.722843587398529053e-01
0.000000000000000000e+00 3.160981833934783936e-01
0.000000000000000000e+00 3.045271635055541992e-01
0.000000000000000000e+00 3.148085176944732666e-01
0.000000000000000000e+00 3.424984216690063477e-01
0.000000000000000000e+00 3.980892598628997803e-01
0.000000000000000000e+00 3.958100378513336182e-01
0.000000000000000000e+00 4.170685410499572754e-01
0.000000000000000000e+00 3.683798015117645264e-01
0.000000000000000000e+00 4.183111190795898438e-01
0.000000000000000000e+00 3.857921659946441650e-01
0.000000000000000000e+00 3.226727843284606934e-01
0.000000000000000000e+00 3.198653459548950195e-01
0.000000000000000000e+00 2.887000739574432373e-01
0.000000000000000000e+00 2.513287067413330078e-01
0.000000000000000000e+00 3.541901409626007080e-01
0.000000000000000000e+00 3.520755469799041748e-01
0.000000000000000000e+00 2.207105606794357300e-01
0.000000000000000000e+00 2.504656910896301270e-01
0.000000000000000000e+00 2.068822383880615234e-01
0.000000000000000000e+00 1.988779008388519287e-01
0.000000000000000000e+00 2.200531214475631714e-01
0.000000000000000000e+00 2.039947211742401123e-01
0.000000000000000000e+00 2.019879817962646484e-01
0.000000000000000000e+00 2.316101938486099243e-01
0.000000000000000000e+00 2.534517943859100342e-01
0.000000000000000000e+00 2.698102593421936035e-01
0.000000000000000000e+00 2.930769324302673340e-01
0.000000000000000000e+00 3.460109829902648926e-01
0.000000000000000000e+00 3.554207086563110352e-01
0.000000000000000000e+00 3.556744158267974854e-01
0.000000000000000000e+00 3.177247345447540283e-01
0.000000000000000000e+00 3.502728641033172607e-01
0.000000000000000000e+00 3.285902440547943115e-01
0.000000000000000000e+00 3.757678270339965820e-01
0.000000000000000000e+00 3.761944770812988281e-01
0.000000000000000000e+00 3.550672233104705811e-01
0.000000000000000000e+00 3.153499364852905273e-01
0.000000000000000000e+00 2.661734521389007568e-01
0.000000000000000000e+00 2.519081234931945801e-01
0.000000000000000000e+00 2.498092055320739746e-01
0.000000000000000000e+00 2.064116299152374268e-01
0.000000000000000000e+00 2.206693589687347412e-01
0.000000000000000000e+00 2.514128684997558594e-01
0.000000000000000000e+00 2.623831331729888916e-01
0.000000000000000000e+00 2.594981193542480469e-01
0.000000000000000000e+00 2.756756842136383057e-01
0.000000000000000000e+00 3.195007443428039551e-01
0.000000000000000000e+00 2.970135509967803955e-01
0.000000000000000000e+00 2.863458991050720215e-01
0.000000000000000000e+00 2.563157677650451660e-01
0.000000000000000000e+00 2.415629625320434570e-01
0.000000000000000000e+00 2.778873741626739502e-01
0.000000000000000000e+00 2.843900620937347412e-01
0.000000000000000000e+00 3.445375263690948486e-01
0.000000000000000000e+00 3.292209804058074951e-01
0.000000000000000000e+00 3.229363858699798584e-01
0.000000000000000000e+00 2.896831035614013672e-01
0.000000000000000000e+00 2.955349981784820557e-01
0.000000000000000000e+00 2.688999176025390625e-01
0.000000000000000000e+00 2.885672450065612793e-01
0.000000000000000000e+00 2.497106045484542847e-01
0.000000000000000000e+00 2.642393112182617188e-01
0.000000000000000000e+00 2.431242316961288452e-01
0.000000000000000000e+00 2.877237200736999512e-01
0.000000000000000000e+00 2.794194817543029785e-01
0.000000000000000000e+00 3.105284571647644043e-01
0.000000000000000000e+00 3.011456429958343506e-01
0.000000000000000000e+00 3.001327812671661377e-01
0.000000000000000000e+00 3.096548914909362793e-01
0.000000000000000000e+00 3.231588602066040039e-01
0.000000000000000000e+00 3.265911638736724854e-01
0.000000000000000000e+00 3.161571621894836426e-01
0.000000000000000000e+00 3.475528657436370850e-01
0.000000000000000000e+00 3.443485796451568604e-01
0.000000000000000000e+00 3.883842229843139648e-01
0.000000000000000000e+00 3.896494507789611816e-01
0.000000000000000000e+00 4.537085294723510742e-01
0.000000000000000000e+00 4.506814777851104736e-01
0.000000000000000000e+00 5.209822654724121094e-01
1.000000000000000000e+00 5.241756439208984375e-01
1.000000000000000000e+00 5.830335021018981934e-01
1.000000000000000000e+00 5.737174749374389648e-01
0.000000000000000000e+00 6.162986755371093750e-01
0.000000000000000000e+00 6.331031918525695801e-01
0.000000000000000000e+00 6.642253398895263672e-01
0.000000000000000000e+00 7.627232074737548828e-01
0.000000000000000000e+00 8.395646810531616211e-01
0.000000000000000000e+00 8.918036222457885742e-01
0.000000000000000000e+00 9.072043299674987793e-01
0.000000000000000000e+00 8.806545734405517578e-01
0.000000000000000000e+00 8.507925868034362793e-01
0.000000000000000000e+00 8.227890133857727051e-01
0.000000000000000000e+00 8.361211419105529785e-01
0.000000000000000000e+00 7.952479124069213867e-01
0.000000000000000000e+00 7.214843630790710449e-01
0.000000000000000000e+00 5.065644979476928711e-01
0.000000000000000000e+00 4.179732203483581543e-01
0.000000000000000000e+00 3.579491972923278809e-01
0.000000000000000000e+00 3.042582571506500244e-01
0.000000000000000000e+00 3.041198253631591797e-01
0.000000000000000000e+00 2.748237550258636475e-01
0.000000000000000000e+00 2.277040034532546997e-01
0.000000000000000000e+00 2.059606164693832397e-01
0.000000000000000000e+00 2.112185657024383545e-01
0.000000000000000000e+00 1.884752362966537476e-01
0.000000000000000000e+00 2.304902076721191406e-01
0.000000000000000000e+00 2.564096748828887939e-01
0.000000000000000000e+00 3.060928583145141602e-01
0.000000000000000000e+00 3.452280461788177490e-01
0.000000000000000000e+00 3.561277389526367188e-01
0.000000000000000000e+00 3.469175994396209717e-01
0.000000000000000000e+00 2.816208899021148682e-01
0.000000000000000000e+00 2.985747158527374268e-01
0.000000000000000000e+00 2.681326270103454590e-01
0.000000000000000000e+00 2.669353485107421875e-01
0.000000000000000000e+00 2.494213879108428955e-01
0.000000000000000000e+00 2.502477467060089111e-01
0.000000000000000000e+00 2.246149927377700806e-01
0.000000000000000000e+00 2.358133494853973389e-01
0.000000000000000000e+00 1.996250152587890625e-01
0.000000000000000000e+00 2.032009959220886230e-01
0.000000000000000000e+00 2.011146843433380127e-01
0.000000000000000000e+00 2.416763752698898315e-01
0.000000000000000000e+00 2.145295441150665283e-01
0.000000000000000000e+00 2.692681252956390381e-01
0.000000000000000000e+00 2.419441491365432739e-01
0.000000000000000000e+00 3.036161363124847412e-01
0.000000000000000000e+00 2.885028719902038574e-01
0.000000000000000000e+00 6.482275575399398804e-02
0.000000000000000000e+00 6.216111034154891968e-02
0.000000000000000000e+00 5.524693056941032410e-02
0.000000000000000000e+00 5.441528931260108948e-02
0.000000000000000000e+00 5.789561197161674500e-02
0.000000000000000000e+00 4.872032254934310913e-02
0.000000000000000000e+00 4.937117546796798706e-02
0.000000000000000000e+00 5.579713359475135803e-02
0.000000000000000000e+00 5.058099702000617981e-02
0.000000000000000000e+00 5.541274324059486389e-02
0.000000000000000000e+00 4.930003359913825989e-02
0.000000000000000000e+00 5.272804573178291321e-02
0.000000000000000000e+00 5.325879156589508057e-02
0.000000000000000000e+00 4.725516587495803833e-02
0.000000000000000000e+00 4.168757796287536621e-02
0.000000000000000000e+00 3.741943836212158203e-02
0.000000000000000000e+00 3.383706882596015930e-02
0.000000000000000000e+00 2.950615994632244110e-02
0.000000000000000000e+00 2.545648626983165741e-02
0.000000000000000000e+00 2.095714583992958069e-02
0.000000000000000000e+00 1.783696375787258148e-02
0.000000000000000000e+00 1.518493331968784332e-02
0.000000000000000000e+00 1.287574134767055511e-02
0.000000000000000000e+00 1.079855486750602722e-02
0.000000000000000000e+00 9.416441433131694794e-03
0.000000000000000000e+00 7.993929088115692139e-03
0.000000000000000000e+00 6.424617022275924683e-03
0.000000000000000000e+00 5.427545402199029922e-03
0.000000000000000000e+00 5.485113710165023804e-03
0.000000000000000000e+00 5.122010596096515656e-03
0.000000000000000000e+00 4.272831138223409653e-03
0.000000000000000000e+00 4.452300723642110825e-03
0.000000000000000000e+00 4.360764753073453903e-03
0.000000000000000000e+00 3.758319187909364700e-03
0.000000000000000000e+00 3.716643201187252998e-03
0.000000000000000000e+00 4.414413589984178543e-03
0.000000000000000000e+00 4.323093220591545105e-03
0.000000000000000000e+00 3.597534960135817528e-03
0.000000000000000000e+00 3.663781797513365746e-03
0.000000000000000000e+00 3.016964066773653030e-03
0.000000000000000000e+00 3.417201107367873192e-03
0.000000000000000000e+00 2.955667674541473389e-03
0.000000000000000000e+00 3.295044414699077606e-03
0.000000000000000000e+00 3.498838283121585846e-03
0.000000000000000000e+00 3.730212105438113213e-03
0.000000000000000000e+00 3.595077898353338242e-03
0.000000000000000000e+00 3.508711466565728188e-03
0.000000000000000000e+00 2.463494427502155304e-03
0.000000000000000000e+00 1.976029016077518463e-03
0.000000000000000000e+00 1.380001660436391830e-03
0.000000000000000000e+00 1.240453333593904972e-03
0.000000000000000000e+00 1.074592350050806999e-03
0.000000000000000000e+00 1.088569988496601582e-03
0.000000000000000000e+00 9.891367517411708832e-04
0.000000000000000000e+00 8.706353255547583103e-04
0.000000000000000000e+00 7.891813293099403381e-04
0.000000000000000000e+00 6.914983969181776047e-04
0.000000000000000000e+00 6.367234745994210243e-04
0.000000000000000000e+00 5.390545120462775230e-04
0.000000000000000000e+00 4.579905944410711527e-04
0.000000000000000000e+00 3.935842250939458609e-04
0.000000000000000000e+00 4.138617950957268476e-04
0.000000000000000000e+00 3.598983748815953732e-04
0.000000000000000000e+00 4.451072309166193008e-04
0.000000000000000000e+00 4.760933807119727135e-04
0.000000000000000000e+00 5.127502954564988613e-04
0.000000000000000000e+00 5.409004515968263149e-04
0.000000000000000000e+00 4.513577732723206282e-04
0.000000000000000000e+00 4.072766168974339962e-04
0.000000000000000000e+00 3.538514138199388981e-04
0.000000000000000000e+00 3.149356925860047340e-04
0.000000000000000000e+00 3.198237973265349865e-04
0.000000000000000000e+00 3.414390375837683678e-04
0.000000000000000000e+00 3.807191387750208378e-04
0.000000000000000000e+00 3.470761876087635756e-04
0.000000000000000000e+00 1.267555654048919678e-01
0.000000000000000000e+00 8.811064809560775757e-02
0.000000000000000000e+00 7.775820046663284302e-02
0.000000000000000000e+00 7.158455997705459595e-02
0.000000000000000000e+00 6.544852256774902344e-02
0.000000000000000000e+00 7.519893348217010498e-02
0.000000000000000000e+00 6.799418479204177856e-02
0.000000000000000000e+00 1.156803816556930542e-01
0.000000000000000000e+00 1.394307017326354980e-01
0.000000000000000000e+00 1.596708893775939941e-01
0.000000000000000000e+00 1.409589350223541260e-01
0.000000000000000000e+00 1.568484306335449219e-01
0.000000000000000000e+00 1.919689625501632690e-01
0.000000000000000000e+00 1.247483491897583008e-01
0.000000000000000000e+00 8.171369135379791260e-02
0.000000000000000000e+00 5.658377334475517273e-02
1.000000000000000000e+00 5.348398163914680481e-02
0.000000000000000000e+00 6.559487432241439819e-02
0.000000000000000000e+00 8.283234387636184692e-02
0.000000000000000000e+00 1.742063015699386597e-01
0.000000000000000000e+00 2.478946745395660400e-01
0.000000000000000000e+00 3.085895180702209473e-01
0.000000000000000000e+00 4.347023665904998779e-01
0.000000000000000000e+00 5.429979562759399414e-01
0.000000000000000000e+00 6.404643058776855469e-01
0.000000000000000000e+00 6.101244688034057617e-01
0.000000000000000000e+00 6.169077157974243164e-01
0.000000000000000000e+00 5.613000392913818359e-01
0.000000000000000000e+00 4.836492538452148438e-01
0.000000000000000000e+00 4.676272571086883545e-01
0.000000000000000000e+00 4.933381378650665283e-01
0.000000000000000000e+00 3.910901248455047607e-01
0.000000000000000000e+00 4.147604405879974365e-01
0.000000000000000000e+00 2.932222783565521240e-01
0.000000000000000000e+00 2.120018154382705688e-01
0.000000000000000000e+00 1.234544888138771057e-01
0.000000000000000000e+00 1.197722405195236206e-01
0.000000000000000000e+00 1.116191297769546509e-01
0.000000000000000000e+00 1.457786262035369873e-01
0.000000000000000000e+00 1.492386460304260254e-01
0.000000000000000000e+00 2.168015837669372559e-01
0.000000000000000000e+00 2.525714039802551270e-01
0.000000000000000000e+00 2.555594742298126221e-01
0.000000000000000000e+00 2.555063664913177490e-01
0.000000000000000000e+00 2.389886826276779175e-01
0.000000000000000000e+00 2.472058087587356567e-01
0.000000000000000000e+00 2.611974477767944336e-01
0.000000000000000000e+00 3.791281282901763916e-01
0.000000000000000000e+00 4.372865259647369385e-01
0.000000000000000000e+00 3.978362083435058594e-01
0.000000000000000000e+00 4.531356394290924072e-01
0.000000000000000000e+00 4.213784635066986084e-01
0.000000000000000000e+00 3.941328525543212891e-01
0.000000000000000000e+00 3.791404962539672852e-01
0.000000000000000000e+00 2.078820616006851196e-01
0.000000000000000000e+00 1.491304636001586914e-01
0.000000000000000000e+00 1.642864793539047241e-01
0.000000000000000000e+00 1.839176714420318604e-01
0.000000000000000000e+00 1.876266300678253174e-01
0.000000000000000000e+00 2.188155204057693481e-01
0.000000000000000000e+00 2.751082777976989746e-01
0.000000000000000000e+00 2.542937994003295898e-01
0.000000000000000000e+00 2.768349051475524902e-01
0.000000000000000000e+00 3.080999851226806641e-01
0.000000000000000000e+00 2.863523066043853760e-01
0.000000000000000000e+00 3.035979568958282471e-01
0.000000000000000000e+00 3.286336660385131836e-01
0.000000000000000000e+00 3.255523741245269775e-01
0.000000000000000000e+00 3.385021388530731201e-01
0.000000000000000000e+00 4.637349545955657959e-01
0.000000000000000000e+00 3.568990826606750488e-01
0.000000000000000000e+00 3.017268180847167969e-01
0.000000000000000000e+00 2.345198541879653931e-01
0.000000000000000000e+00 2.239994853734970093e-01
0.000000000000000000e+00 2.397473752498626709e-01
0.000000000000000000e+00 2.808854682371020317e-03
0.000000000000000000e+00 3.680591005831956863e-03
0.000000000000000000e+00 5.279795732349157333e-03
0.000000000000000000e+00 5.606414750218391418e-03
0.000000000000000000e+00 5.525233689695596695e-03
0.000000000000000000e+00 8.649172261357307434e-03
0.000000000000000000e+00 7.887370884418487549e-03
0.000000000000000000e+00 7.160299923270940781e-03
0.000000000000000000e+00 9.405354037880897522e-03
0.000000000000000000e+00 1.043419539928436279e-02
0.000000000000000000e+00 7.496217265725135803e-03
0.000000000000000000e+00 7.696542888879776001e-03
0.000000000000000000e+00 5.966787226498126984e-03
0.000000000000000000e+00 4.621754866093397141e-03
0.000000000000000000e+00 5.476973019540309906e-03
0.000000000000000000e+00 5.438872613012790680e-03
1.000000000000000000e+00 6.469583604484796524e-03
0.000000000000000000e+00 6.213738117367029190e-03
0.000000000000000000e+00 6.163033656775951385e-03
0.000000000000000000e+00 6.545943673700094223e-03
0.000000000000000000e+00 6.192550063133239746e-03
0.000000000000000000e+00 7.134028710424900055e-03
0.000000000000000000e+00 6.626096088439226151e-03
0.000000000000000000e+00 6.205407902598381042e-03
0.000000000000000000e+00 4.850774537771940231e-03
0.000000000000000000e+00 4.352834541350603104e-03
0.000000000000000000e+00 3.596051828935742378e-03
0.000000000000000000e+00 3.337490605190396309e-03
0.000000000000000000e+00 2.465773606672883034e-03
0.000000000000000000e+00 1.820240169763565063e-03
0.000000000000000000e+00 1.435258076526224613e-03
0.000000000000000000e+00 1.065612188540399075e-03
0.000000000000000000e+00 6.732800393365323544e-04
0.000000000000000000e+00 7.239779806695878506e-04
0.000000000000000000e+00 4.949310095980763435e-04
0.000000000000000000e+00 4.496477486100047827e-04
0.000000000000000000e+00 3.376315871719270945e-04
0.000000000000000000e+00 2.729266125243157148e-04
0.000000000000000000e+00 2.336550096515566111e-04
0.000000000000000000e+00 1.337120484095066786e-04
0.000000000000000000e+00 8.246624929597601295e-05
0.000000000000000000e+00 6.457828567363321781e-05
0.000000000000000000e+00 5.508365211426280439e-05
0.000000000000000000e+00 4.437644020072184503e-05
0.000000000000000000e+00 4.078490383108146489e-05
0.000000000000000000e+00 3.557493982953019440e-05
0.000000000000000000e+00 4.195040673948824406e-05
0.000000000000000000e+00 4.308190909796394408e-05
0.000000000000000000e+00 3.996280429419130087e-05
0.000000000000000000e+00 3.990571713075041771e-05
0.000000000000000000e+00 2.880314968933816999e-05
0.000000000000000000e+00 2.178632712457329035e-05
0.000000000000000000e+00 2.287871211592573673e-05
0.000000000000000000e+00 2.130356915586162359e-05
0.000000000000000000e+00 1.917748522828333080e-05
0.000000000000000000e+00 1.665672607487067580e-05
0.000000000000000000e+00 1.580936077516525984e-05
0.000000000000000000e+00 1.384642746415920556e-05
0.000000000000000000e+00 1.351593073195545003e-05
0.000000000000000000e+00 1.163080014521256089e-05
0.000000000000000000e+00 1.120701836043735966e-05
0.000000000000000000e+00 1.229881945619126782e-05
0.000000000000000000e+00 1.537444404675625265e-05
0.000000000000000000e+00 1.309378785663284361e-05
0.000000000000000000e+00 1.163581418950343505e-05
0.000000000000000000e+00 1.068977871909737587e-05
0.000000000000000000e+00 7.949622158776037395e-06
0.000000000000000000e+00 1.006095135380746797e-05
0.000000000000000000e+00 9.988418241846375167e-06
0.000000000000000000e+00 1.084921495930757374e-05
0.000000000000000000e+00 1.319089460594113916e-05
0.000000000000000000e+00 1.356731627311091870e-05
0.000000000000000000e+00 1.511674599896650761e-05
0.000000000000000000e+00 1.316284851782256737e-05
0.000000000000000000e+00 1.309672188654076308e-05
