0.000000000000000000e+00 9.787238836288452148e-01
1.000000000000000000e+00 9.838051199913024902e-01
1.000000000000000000e+00 9.811055064201354980e-01
1.000000000000000000e+00 9.815341234207153320e-01
0.000000000000000000e+00 9.791533946990966797e-01
0.000000000000000000e+00 9.788759946823120117e-01
0.000000000000000000e+00 9.639930725097656250e-01
0.000000000000000000e+00 9.730516076087951660e-01
0.000000000000000000e+00 9.778278470039367676e-01
0.000000000000000000e+00 9.511423110961914062e-01
0.000000000000000000e+00 9.762282371520996094e-01
0.000000000000000000e+00 9.667664170265197754e-01
0.000000000000000000e+00 9.484310746192932129e-01
1.000000000000000000e+00 9.146250486373901367e-01
1.000000000000000000e+00 9.240981340408325195e-01
1.000000000000000000e+00 8.939200043678283691e-01
1.000000000000000000e+00 9.582542181015014648e-01
1.000000000000000000e+00 9.539129137992858887e-01
1.000000000000000000e+00 9.342762827873229980e-01
1.000000000000000000e+00 9.638219475746154785e-01
1.000000000000000000e+00 8.719872236251831055e-01
1.000000000000000000e+00 9.676752090454101562e-01
1.000000000000000000e+00 9.484248161315917969e-01
1.000000000000000000e+00 9.154706001281738281e-01
1.000000000000000000e+00 7.972724437713623047e-01
1.000000000000000000e+00 6.654113531112670898e-01
1.000000000000000000e+00 5.362728238105773926e-01
1.000000000000000000e+00 3.791093528270721436e-01
0.000000000000000000e+00 3.886920809745788574e-01
0.000000000000000000e+00 1.588624119758605957e-01
0.000000000000000000e+00 1.254608333110809326e-01
0.000000000000000000e+00 9.339325875043869019e-02
0.000000000000000000e+00 6.697231531143188477e-02
0.000000000000000000e+00 5.173474177718162537e-02
0.000000000000000000e+00 3.696239367127418518e-02
0.000000000000000000e+00 2.718331478536128998e-02
0.000000000000000000e+00 1.867341250181198120e-02
0.000000000000000000e+00 1.643523015081882477e-02
1.000000000000000000e+00 1.170780323445796967e-02
1.000000000000000000e+00 1.144972443580627441e-02
1.000000000000000000e+00 8.378393016755580902e-03
1.000000000000000000e+00 6.562193855643272400e-03
1.000000000000000000e+00 6.159903947263956070e-03
1.000000000000000000e+00 4.964313004165887833e-03
1.000000000000000000e+00 4.318426363170146942e-03
1.000000000000000000e+00 6.825765967369079590e-02
0.000000000000000000e+00 6.924880295991897583e-02
0.000000000000000000e+00 4.646411165595054626e-02
0.000000000000000000e+00 2.866028994321823120e-02
0.000000000000000000e+00 1.824498176574707031e-02
0.000000000000000000e+00 2.725953608751296997e-02
0.000000000000000000e+00 2.555799856781959534e-02
0.000000000000000000e+00 2.522445656359195709e-02
0.000000000000000000e+00 2.790573611855506897e-02
0.000000000000000000e+00 3.175709769129753113e-02
0.000000000000000000e+00 2.480589784681797028e-02
0.000000000000000000e+00 2.857709489762783051e-02
0.000000000000000000e+00 1.606786437332630157e-02
0.000000000000000000e+00 1.728374324738979340e-02
0.000000000000000000e+00 1.380964368581771851e-02
0.000000000000000000e+00 1.409952156245708466e-02
0.000000000000000000e+00 1.338632404804229736e-02
0.000000000000000000e+00 9.764040820300579071e-03
0.000000000000000000e+00 3.997389227151870728e-03
0.000000000000000000e+00 2.096508163958787918e-03
0.000000000000000000e+00 1.233910210430622101e-03
0.000000000000000000e+00 8.151236688718199730e-04
0.000000000000000000e+00 8.985937456600368023e-04
0.000000000000000000e+00 8.526048040948808193e-04
0.000000000000000000e+00 5.598454154096543789e-04
0.000000000000000000e+00 6.142596830613911152e-04
0.000000000000000000e+00 5.684092757292091846e-04
0.000000000000000000e+00 5.163537571206688881e-04
0.000000000000000000e+00 5.298358737491071224e-04
0.000000000000000000e+00 4.199023824185132980e-04
0.000000000000000000e+00 5.679700989276170731e-04
0.000000000000000000e+00 5.837990902364253998e-04
0.000000000000000000e+00 4.964041872881352901e-04
0.000000000000000000e+00 6.339873652905225754e-04
0.000000000000000000e+00 6.721385288983583450e-04
0.000000000000000000e+00 7.597372168675065041e-04
0.000000000000000000e+00 7.872289279475808144e-04
0.000000000000000000e+00 5.275339353829622269e-04
0.000000000000000000e+00 9.212190052494406700e-04
0.000000000000000000e+00 6.277068750932812691e-04
0.000000000000000000e+00 6.271034944802522659e-04
0.000000000000000000e+00 5.473485798574984074e-04
0.000000000000000000e+00 7.320906152017414570e-04
0.000000000000000000e+00 8.017959189601242542e-04
0.000000000000000000e+00 7.412257837131619453e-04
0.000000000000000000e+00 3.156108558177947998e-01
0.000000000000000000e+00 2.342049330472946167e-01
0.000000000000000000e+00 2.173902541399002075e-01
0.000000000000000000e+00 2.535439431667327881e-01
0.000000000000000000e+00 2.068490236997604370e-01
0.000000000000000000e+00 1.623181253671646118e-01
0.000000000000000000e+00 1.493775546550750732e-01
0.000000000000000000e+00 1.409763246774673462e-01
0.000000000000000000e+00 1.539838463068008423e-01
0.000000000000000000e+00 1.560142487287521362e-01
0.000000000000000000e+00 1.591642946004867554e-01
0.000000000000000000e+00 1.644685119390487671e-01
0.000000000000000000e+00 1.666908711194992065e-01
0.000000000000000000e+00 1.667234599590301514e-01
0.000000000000000000e+00 1.508277803659439087e-01
0.000000000000000000e+00 1.257550120353698730e-01
0.000000000000000000e+00 1.214708238840103149e-01
0.000000000000000000e+00 9.528478235006332397e-02
0.000000000000000000e+00 4.791175201535224915e-02
0.000000000000000000e+00 3.239759430289268494e-02
0.000000000000000000e+00 2.013788558542728424e-02
0.000000000000000000e+00 2.179184183478355408e-02
0.000000000000000000e+00 1.409501396119594574e-02
0.000000000000000000e+00 1.315481681376695633e-02
0.000000000000000000e+00 1.081745885312557220e-02
0.000000000000000000e+00 9.246042929589748383e-03
0.000000000000000000e+00 7.590350694954395294e-03
0.000000000000000000e+00 7.593631278723478317e-03
0.000000000000000000e+00 7.122922223061323166e-03
0.000000000000000000e+00 8.076388388872146606e-03
0.000000000000000000e+00 6.668786052614450455e-03
0.000000000000000000e+00 8.508068509399890900e-03
0.000000000000000000e+00 5.306705366820096970e-03
0.000000000000000000e+00 6.177171133458614349e-03
0.000000000000000000e+00 6.117589771747589111e-03
0.000000000000000000e+00 4.636116791516542435e-03
0.000000000000000000e+00 5.692658945918083191e-03
0.000000000000000000e+00 5.090797320008277893e-03
0.000000000000000000e+00 7.374508306384086609e-03
0.000000000000000000e+00 1.042464282363653183e-02
0.000000000000000000e+00 7.996463216841220856e-03
0.000000000000000000e+00 5.809960886836051941e-03
0.000000000000000000e+00 6.804092787206172943e-03
0.000000000000000000e+00 8.832515217363834381e-03
0.000000000000000000e+00 8.284696377813816071e-03
0.000000000000000000e+00 3.128213882446289062e-01
0.000000000000000000e+00 3.339497447013854980e-01
0.000000000000000000e+00 2.279989421367645264e-01
0.000000000000000000e+00 1.149108260869979858e-01
0.000000000000000000e+00 8.973849564790725708e-02
0.000000000000000000e+00 1.246904060244560242e-01
0.000000000000000000e+00 8.348134905099868774e-02
0.000000000000000000e+00 8.898045867681503296e-02
0.000000000000000000e+00 5.766215920448303223e-02
0.000000000000000000e+00 6.606575101613998413e-02
0.000000000000000000e+00 5.474868789315223694e-02
0.000000000000000000e+00 3.254108875989913940e-02
0.000000000000000000e+00 3.249595314264297485e-02
0.000000000000000000e+00 2.981509454548358917e-02
0.000000000000000000e+00 2.971542626619338989e-02
0.000000000000000000e+00 3.127197921276092529e-02
0.000000000000000000e+00 2.477983757853507996e-02
0.000000000000000000e+00 2.291518822312355042e-02
0.000000000000000000e+00 1.812175102531909943e-02
0.000000000000000000e+00 1.985298469662666321e-02
0.000000000000000000e+00 2.887482568621635437e-02
0.000000000000000000e+00 2.015635371208190918e-02
0.000000000000000000e+00 1.681681722402572632e-02
0.000000000000000000e+00 1.749837212264537811e-02
0.000000000000000000e+00 1.878103800117969513e-02
0.000000000000000000e+00 1.451346464455127716e-02
0.000000000000000000e+00 1.989534869790077209e-02
0.000000000000000000e+00 1.872604899108409882e-02
0.000000000000000000e+00 1.936200819909572601e-02
0.000000000000000000e+00 2.181779779493808746e-02
0.000000000000000000e+00 2.179599367082118988e-02
0.000000000000000000e+00 2.125168219208717346e-02
0.000000000000000000e+00 2.101831324398517609e-02
0.000000000000000000e+00 2.334753423929214478e-02
0.000000000000000000e+00 1.936614699661731720e-02
0.000000000000000000e+00 1.847270689904689789e-02
0.000000000000000000e+00 2.485388331115245819e-02
0.000000000000000000e+00 3.135045617818832397e-02
0.000000000000000000e+00 2.895493246614933014e-02
0.000000000000000000e+00 2.970834076404571533e-02
0.000000000000000000e+00 2.014899998903274536e-02
0.000000000000000000e+00 3.047818876802921295e-02
0.000000000000000000e+00 3.043301217257976532e-02
0.000000000000000000e+00 3.687049075961112976e-02
0.000000000000000000e+00 3.042121604084968567e-02
0.000000000000000000e+00 5.721703767776489258e-01
0.000000000000000000e+00 5.122541189193725586e-01
0.000000000000000000e+00 4.235901534557342529e-01
0.000000000000000000e+00 4.250420629978179932e-01
0.000000000000000000e+00 3.997319936752319336e-01
0.000000000000000000e+00 3.171404600143432617e-01
0.000000000000000000e+00 3.158895969390869141e-01
0.000000000000000000e+00 3.186008930206298828e-01
0.000000000000000000e+00 3.212206363677978516e-01
0.000000000000000000e+00 3.231165707111358643e-01
0.000000000000000000e+00 3.401283919811248779e-01
0.000000000000000000e+00 3.828909397125244141e-01
0.000000000000000000e+00 3.273084759712219238e-01
0.000000000000000000e+00 3.495299220085144043e-01
0.000000000000000000e+00 3.217068016529083252e-01
0.000000000000000000e+00 3.137420713901519775e-01
0.000000000000000000e+00 3.208425939083099365e-01
0.000000000000000000e+00 2.099737673997879028e-01
0.000000000000000000e+00 1.204799488186836243e-01
0.000000000000000000e+00 9.240688383579254150e-02
0.000000000000000000e+00 6.050119549036026001e-02
0.000000000000000000e+00 3.660484775900840759e-02
0.000000000000000000e+00 2.537821605801582336e-02
0.000000000000000000e+00 2.021581307053565979e-02
0.000000000000000000e+00 1.958932168781757355e-02
0.000000000000000000e+00 1.755016669631004333e-02
0.000000000000000000e+00 1.598369516432285309e-02
0.000000000000000000e+00 1.716008596122264862e-02
0.000000000000000000e+00 1.827297918498516083e-02
0.000000000000000000e+00 1.747656241059303284e-02
0.000000000000000000e+00 1.436622440814971924e-02
0.000000000000000000e+00 1.577884331345558167e-02
0.000000000000000000e+00 1.707607135176658630e-02
0.000000000000000000e+00 1.523032411932945251e-02
0.000000000000000000e+00 1.238488778471946716e-02
0.000000000000000000e+00 1.535965688526630402e-02
0.000000000000000000e+00 1.699080504477024078e-02
0.000000000000000000e+00 2.027701213955879211e-02
0.000000000000000000e+00 1.108175516128540039e-02
0.000000000000000000e+00 9.608631022274494171e-03
0.000000000000000000e+00 9.680208750069141388e-03
0.000000000000000000e+00 1.570899412035942078e-02
0.000000000000000000e+00 1.477540191262960434e-02
0.000000000000000000e+00 1.596972905099391937e-02
0.000000000000000000e+00 1.706913299858570099e-02
0.000000000000000000e+00 8.252379298210144043e-01
1.000000000000000000e+00 8.332051634788513184e-01
0.000000000000000000e+00 8.355437517166137695e-01
0.000000000000000000e+00 8.245024085044860840e-01
0.000000000000000000e+00 8.690672516822814941e-01
0.000000000000000000e+00 8.847427368164062500e-01
0.000000000000000000e+00 8.831646442413330078e-01
0.000000000000000000e+00 8.930755853652954102e-01
0.000000000000000000e+00 8.612731099128723145e-01
0.000000000000000000e+00 8.557208776473999023e-01
0.000000000000000000e+00 8.536046147346496582e-01
0.000000000000000000e+00 8.682499527931213379e-01
0.000000000000000000e+00 8.298386335372924805e-01
1.000000000000000000e+00 8.430240154266357422e-01
1.000000000000000000e+00 8.441276550292968750e-01
1.000000000000000000e+00 8.039596080780029297e-01
1.000000000000000000e+00 8.264915347099304199e-01
1.000000000000000000e+00 8.046965003013610840e-01
1.000000000000000000e+00 8.287950754165649414e-01
1.000000000000000000e+00 7.739297151565551758e-01
1.000000000000000000e+00 8.008766770362854004e-01
1.000000000000000000e+00 8.232251405715942383e-01
1.000000000000000000e+00 8.358803987503051758e-01
1.000000000000000000e+00 8.343170881271362305e-01
1.000000000000000000e+00 8.703616261482238770e-01
1.000000000000000000e+00 8.635249733924865723e-01
0.000000000000000000e+00 8.800294399261474609e-01
0.000000000000000000e+00 8.761278390884399414e-01
0.000000000000000000e+00 8.945780992507934570e-01
0.000000000000000000e+00 9.022025465965270996e-01
0.000000000000000000e+00 8.944117426872253418e-01
0.000000000000000000e+00 9.168596863746643066e-01
0.000000000000000000e+00 9.343439340591430664e-01
0.000000000000000000e+00 9.406003952026367188e-01
0.000000000000000000e+00 9.476698637008666992e-01
0.000000000000000000e+00 9.596413373947143555e-01
0.000000000000000000e+00 9.549605250358581543e-01
0.000000000000000000e+00 9.580084085464477539e-01
0.000000000000000000e+00 9.545119404792785645e-01
0.000000000000000000e+00 9.551087021827697754e-01
0.000000000000000000e+00 9.482294917106628418e-01
0.000000000000000000e+00 9.587041735649108887e-01
0.000000000000000000e+00 9.505330324172973633e-01
0.000000000000000000e+00 9.536976218223571777e-01
0.000000000000000000e+00 9.362896084785461426e-01
0.000000000000000000e+00 6.692705750465393066e-01
0.000000000000000000e+00 6.550158858299255371e-01
0.000000000000000000e+00 5.851300954818725586e-01
0.000000000000000000e+00 5.803362131118774414e-01
0.000000000000000000e+00 5.530197024345397949e-01
0.000000000000000000e+00 5.161966085433959961e-01
0.000000000000000000e+00 5.419878363609313965e-01
0.000000000000000000e+00 6.141063570976257324e-01
0.000000000000000000e+00 6.624036431312561035e-01
0.000000000000000000e+00 5.958768129348754883e-01
0.000000000000000000e+00 6.612102389335632324e-01
1.000000000000000000e+00 5.968424081802368164e-01
0.000000000000000000e+00 6.677659153938293457e-01
1.000000000000000000e+00 6.381438970565795898e-01
1.000000000000000000e+00 6.365773677825927734e-01
1.000000000000000000e+00 6.921221613883972168e-01
1.000000000000000000e+00 4.816338419914245605e-01
1.000000000000000000e+00 4.811971485614776611e-01
1.000000000000000000e+00 5.664379000663757324e-01
1.000000000000000000e+00 5.500825643539428711e-01
1.000000000000000000e+00 5.186383724212646484e-01
1.000000000000000000e+00 4.927162230014801025e-01
1.000000000000000000e+00 4.689081907272338867e-01
1.000000000000000000e+00 3.922520279884338379e-01
1.000000000000000000e+00 2.831601202487945557e-01
0.000000000000000000e+00 2.333881855010986328e-01
0.000000000000000000e+00 1.174670010805130005e-01
0.000000000000000000e+00 1.530456990003585815e-01
0.000000000000000000e+00 9.730042517185211182e-02
0.000000000000000000e+00 6.459624320268630981e-02
0.000000000000000000e+00 4.329683259129524231e-02
0.000000000000000000e+00 2.950196713209152222e-02
0.000000000000000000e+00 2.734931744635105133e-02
1.000000000000000000e+00 2.109905332326889038e-02
0.000000000000000000e+00 1.528987567871809006e-02
0.000000000000000000e+00 1.588096655905246735e-02
0.000000000000000000e+00 1.346463896334171295e-02
0.000000000000000000e+00 1.091800630092620850e-02
0.000000000000000000e+00 1.477961521595716476e-02
0.000000000000000000e+00 1.629724912345409393e-02
0.000000000000000000e+00 2.196399122476577759e-02
0.000000000000000000e+00 1.611241884529590607e-02
0.000000000000000000e+00 2.061203867197036743e-02
0.000000000000000000e+00 1.224932726472616196e-02
0.000000000000000000e+00 2.157465927302837372e-02
0.000000000000000000e+00 5.023131966590881348e-01
0.000000000000000000e+00 6.498500108718872070e-01
1.000000000000000000e+00 5.951682925224304199e-01
0.000000000000000000e+00 7.125761508941650391e-01
0.000000000000000000e+00 7.069225907325744629e-01
0.000000000000000000e+00 6.815898418426513672e-01
0.000000000000000000e+00 7.712988257408142090e-01
0.000000000000000000e+00 8.083641529083251953e-01
0.000000000000000000e+00 7.060156464576721191e-01
0.000000000000000000e+00 7.260900735855102539e-01
0.000000000000000000e+00 5.959346294403076172e-01
1.000000000000000000e+00 8.431906104087829590e-01
1.000000000000000000e+00 8.580181002616882324e-01
1.000000000000000000e+00 8.321643471717834473e-01
1.000000000000000000e+00 8.201626539230346680e-01
1.000000000000000000e+00 8.658450245857238770e-01
1.000000000000000000e+00 8.785493373870849609e-01
1.000000000000000000e+00 9.224302172660827637e-01
1.000000000000000000e+00 9.354861378669738770e-01
1.000000000000000000e+00 9.158414006233215332e-01
1.000000000000000000e+00 9.142453670501708984e-01
1.000000000000000000e+00 9.598505496978759766e-01
1.000000000000000000e+00 9.636143445968627930e-01
1.000000000000000000e+00 9.651520848274230957e-01
1.000000000000000000e+00 9.714184403419494629e-01
1.000000000000000000e+00 9.593336582183837891e-01
0.000000000000000000e+00 9.478381276130676270e-01
0.000000000000000000e+00 8.965258598327636719e-01
0.000000000000000000e+00 8.124458193778991699e-01
0.000000000000000000e+00 7.850123047828674316e-01
0.000000000000000000e+00 5.729202628135681152e-01
0.000000000000000000e+00 4.141729176044464111e-01
0.000000000000000000e+00 3.083835840225219727e-01
0.000000000000000000e+00 3.242881596088409424e-01
0.000000000000000000e+00 3.011530041694641113e-01
0.000000000000000000e+00 2.988864183425903320e-01
0.000000000000000000e+00 2.454957962036132812e-01
0.000000000000000000e+00 3.242614865303039551e-01
0.000000000000000000e+00 2.721880078315734863e-01
0.000000000000000000e+00 2.921363115310668945e-01
0.000000000000000000e+00 2.575118243694305420e-01
0.000000000000000000e+00 2.057006210088729858e-01
0.000000000000000000e+00 1.050057932734489441e-01
0.000000000000000000e+00 1.096145212650299072e-01
0.000000000000000000e+00 8.770330250263214111e-02
