0.000000000000000000e+00 5.945214256644248962e-02
0.000000000000000000e+00 3.525583818554878235e-02
0.000000000000000000e+00 3.161060810089111328e-02
0.000000000000000000e+00 1.566345803439617157e-02
0.000000000000000000e+00 5.282115656882524490e-03
0.000000000000000000e+00 5.330000538378953934e-03
0.000000000000000000e+00 3.687472781166434288e-03
0.000000000000000000e+00 4.283753223717212677e-03
0.000000000000000000e+00 2.184649929404258728e-03
0.000000000000000000e+00 1.793977338820695877e-03
0.000000000000000000e+00 1.845075399614870548e-03
0.000000000000000000e+00 2.708788728341460228e-03
0.000000000000000000e+00 2.656876342371106148e-03
0.000000000000000000e+00 4.404974170029163361e-03
0.000000000000000000e+00 2.287702169269323349e-03
0.000000000000000000e+00 3.442239481955766678e-03
0.000000000000000000e+00 2.393350703641772270e-03
0.000000000000000000e+00 3.553923917934298515e-03
0.000000000000000000e+00 9.177255444228649139e-03
0.000000000000000000e+00 1.514141261577606201e-02
0.000000000000000000e+00 2.687331475317478180e-02
0.000000000000000000e+00 1.095741093158721924e-01
0.000000000000000000e+00 2.885543704032897949e-01
0.000000000000000000e+00 3.140885829925537109e-01
0.000000000000000000e+00 5.105479359626770020e-01
0.000000000000000000e+00 3.280359804630279541e-01
0.000000000000000000e+00 2.622552216053009033e-01
0.000000000000000000e+00 7.717215269804000854e-02
0.000000000000000000e+00 6.789396703243255615e-02
0.000000000000000000e+00 6.456428021192550659e-02
0.000000000000000000e+00 3.519532829523086548e-02
0.000000000000000000e+00 4.413756355643272400e-02
1.000000000000000000e+00 1.653900928795337677e-02
1.000000000000000000e+00 1.344819925725460052e-02
0.000000000000000000e+00 6.786218844354152679e-03
0.000000000000000000e+00 3.998893313109874725e-03
0.000000000000000000e+00 2.653381088748574257e-03
0.000000000000000000e+00 2.587443916127085686e-03
0.000000000000000000e+00 1.835324452258646488e-03
0.000000000000000000e+00 2.207404468208551407e-03
0.000000000000000000e+00 1.723525929264724255e-03
0.000000000000000000e+00 2.812243765220046043e-03
0.000000000000000000e+00 3.015101188793778419e-03
0.000000000000000000e+00 3.925408702343702316e-03
0.000000000000000000e+00 2.963052829727530479e-03
0.000000000000000000e+00 5.433022975921630859e-03
0.000000000000000000e+00 6.307382602244615555e-03
0.000000000000000000e+00 2.350783674046397209e-03
0.000000000000000000e+00 2.173610031604766846e-03
0.000000000000000000e+00 9.390196646563708782e-04
0.000000000000000000e+00 9.823181899264454842e-04
0.000000000000000000e+00 6.344129214994609356e-04
0.000000000000000000e+00 3.776373632717877626e-04
0.000000000000000000e+00 3.434666141401976347e-04
0.000000000000000000e+00 4.356461577117443085e-04
0.000000000000000000e+00 4.142150282859802246e-04
0.000000000000000000e+00 6.299305823631584644e-04
0.000000000000000000e+00 6.730676395818591118e-04
0.000000000000000000e+00 3.189748094882816076e-04
0.000000000000000000e+00 2.106525353156030178e-04
0.000000000000000000e+00 1.323320175288245082e-04
0.000000000000000000e+00 5.758686893386766315e-05
0.000000000000000000e+00 5.166782648302614689e-05
0.000000000000000000e+00 6.424776074709370732e-05
0.000000000000000000e+00 7.293740782188251615e-05
0.000000000000000000e+00 1.501079677836969495e-04
0.000000000000000000e+00 1.957758504431694746e-04
0.000000000000000000e+00 3.167483955621719360e-04
0.000000000000000000e+00 3.063383046537637711e-04
0.000000000000000000e+00 3.011352673638612032e-04
0.000000000000000000e+00 1.679046981735154986e-04
0.000000000000000000e+00 1.194345823023468256e-04
0.000000000000000000e+00 9.583903010934591293e-05
0.000000000000000000e+00 8.973579679150134325e-05
0.000000000000000000e+00 1.079410139936953783e-04
0.000000000000000000e+00 4.061248898506164551e-01
0.000000000000000000e+00 2.502102851867675781e-01
0.000000000000000000e+00 2.315848469734191895e-01
0.000000000000000000e+00 1.318943500518798828e-01
0.000000000000000000e+00 8.689130842685699463e-02
0.000000000000000000e+00 6.652691960334777832e-02
0.000000000000000000e+00 2.581072039902210236e-02
0.000000000000000000e+00 3.587784245610237122e-02
0.000000000000000000e+00 1.969078741967678070e-02
0.000000000000000000e+00 1.015278603881597519e-02
0.000000000000000000e+00 5.152933299541473389e-03
0.000000000000000000e+00 5.721415393054485321e-03
0.000000000000000000e+00 3.327580867335200310e-03
0.000000000000000000e+00 1.808000612072646618e-03
0.000000000000000000e+00 8.134964155033230782e-04
0.000000000000000000e+00 1.696926541626453400e-03
0.000000000000000000e+00 1.656788517720997334e-03
0.000000000000000000e+00 1.668882323428988457e-03
0.000000000000000000e+00 2.419332042336463928e-03
0.000000000000000000e+00 1.058960147202014923e-02
0.000000000000000000e+00 7.066468149423599243e-02
0.000000000000000000e+00 1.507318913936614990e-01
0.000000000000000000e+00 1.099770739674568176e-01
0.000000000000000000e+00 2.222868353128433228e-01
0.000000000000000000e+00 2.056543678045272827e-01
0.000000000000000000e+00 2.314532101154327393e-01
0.000000000000000000e+00 1.751735210418701172e-01
0.000000000000000000e+00 5.987991020083427429e-02
0.000000000000000000e+00 1.324327588081359863e-01
0.000000000000000000e+00 1.819476485252380371e-01
0.000000000000000000e+00 1.085908114910125732e-01
0.000000000000000000e+00 1.191583424806594849e-01
0.000000000000000000e+00 1.181214302778244019e-01
0.000000000000000000e+00 1.475708186626434326e-01
0.000000000000000000e+00 1.418450772762298584e-01
0.000000000000000000e+00 9.941728413105010986e-02
0.000000000000000000e+00 1.349458396434783936e-01
0.000000000000000000e+00 1.362841576337814331e-01
0.000000000000000000e+00 1.262342333793640137e-01
0.000000000000000000e+00 1.853408664464950562e-01
0.000000000000000000e+00 1.482116878032684326e-01
0.000000000000000000e+00 8.855824172496795654e-02
0.000000000000000000e+00 1.253190636634826660e-01
0.000000000000000000e+00 8.366376906633377075e-02
0.000000000000000000e+00 1.566200405359268188e-01
0.000000000000000000e+00 1.865571886301040649e-01
0.000000000000000000e+00 1.549688130617141724e-01
0.000000000000000000e+00 3.415406644344329834e-01
0.000000000000000000e+00 2.425168603658676147e-01
0.000000000000000000e+00 3.854751288890838623e-01
0.000000000000000000e+00 6.226946711540222168e-01
0.000000000000000000e+00 5.410611033439636230e-01
0.000000000000000000e+00 5.192363262176513672e-01
0.000000000000000000e+00 4.511389732360839844e-01
0.000000000000000000e+00 5.587146878242492676e-01
1.000000000000000000e+00 4.975166320800781250e-01
1.000000000000000000e+00 6.398922204971313477e-01
0.000000000000000000e+00 6.553994417190551758e-01
0.000000000000000000e+00 7.189642786979675293e-01
0.000000000000000000e+00 6.826493144035339355e-01
0.000000000000000000e+00 6.204633712768554688e-01
0.000000000000000000e+00 5.594803094863891602e-01
0.000000000000000000e+00 4.979008734226226807e-01
0.000000000000000000e+00 4.844484627246856689e-01
0.000000000000000000e+00 4.320860207080841064e-01
0.000000000000000000e+00 3.200687170028686523e-01
0.000000000000000000e+00 3.766401708126068115e-01
0.000000000000000000e+00 2.803958952426910400e-01
0.000000000000000000e+00 2.812460958957672119e-01
0.000000000000000000e+00 2.542956769466400146e-01
0.000000000000000000e+00 2.885935902595520020e-01
0.000000000000000000e+00 2.664962410926818848e-01
0.000000000000000000e+00 1.916025876998901367e-01
0.000000000000000000e+00 1.774565428495407104e-01
0.000000000000000000e+00 1.114899590611457825e-01
0.000000000000000000e+00 2.105418033897876740e-02
0.000000000000000000e+00 1.703176461160182953e-02
0.000000000000000000e+00 1.562394574284553528e-02
0.000000000000000000e+00 7.983182556927204132e-03
0.000000000000000000e+00 2.611484844237565994e-03
0.000000000000000000e+00 1.682717353105545044e-03
0.000000000000000000e+00 7.315197726711630821e-04
0.000000000000000000e+00 7.397368317469954491e-04
0.000000000000000000e+00 1.108114025555551052e-03
0.000000000000000000e+00 1.227751723490655422e-03
0.000000000000000000e+00 2.975089009851217270e-03
0.000000000000000000e+00 2.318262821063399315e-03
0.000000000000000000e+00 2.444678451865911484e-03
0.000000000000000000e+00 5.761658772826194763e-03
0.000000000000000000e+00 6.352406460791826248e-03
0.000000000000000000e+00 7.405572570860385895e-03
0.000000000000000000e+00 7.914084009826183319e-03
0.000000000000000000e+00 9.276366792619228363e-03
0.000000000000000000e+00 7.351458072662353516e-03
0.000000000000000000e+00 4.159343894571065903e-03
0.000000000000000000e+00 7.306664250791072845e-03
0.000000000000000000e+00 1.452400628477334976e-02
0.000000000000000000e+00 9.068233892321586609e-03
0.000000000000000000e+00 4.659196827560663223e-03
0.000000000000000000e+00 1.635840907692909241e-02
0.000000000000000000e+00 1.779162697494029999e-02
0.000000000000000000e+00 4.990333318710327148e-02
0.000000000000000000e+00 3.988872095942497253e-02
0.000000000000000000e+00 6.466239690780639648e-02
0.000000000000000000e+00 1.586532406508922577e-02
0.000000000000000000e+00 3.946481272578239441e-02
0.000000000000000000e+00 3.588703274726867676e-02
0.000000000000000000e+00 1.244637090712785721e-02
0.000000000000000000e+00 9.021029807627201080e-03
0.000000000000000000e+00 1.594492234289646149e-02
0.000000000000000000e+00 1.478890236467123032e-02
0.000000000000000000e+00 7.442122697830200195e-02
0.000000000000000000e+00 7.321079820394515991e-02
0.000000000000000000e+00 1.877729147672653198e-01
0.000000000000000000e+00 1.607984900474548340e-01
0.000000000000000000e+00 1.180746257305145264e-01
0.000000000000000000e+00 9.749762713909149170e-02
0.000000000000000000e+00 1.221392005681991577e-01
0.000000000000000000e+00 4.621187597513198853e-02
0.000000000000000000e+00 1.283371150493621826e-01
0.000000000000000000e+00 1.133649870753288269e-01
0.000000000000000000e+00 6.402655690908432007e-02
0.000000000000000000e+00 4.447916522622108459e-02
0.000000000000000000e+00 4.541163891553878784e-02
0.000000000000000000e+00 9.538945555686950684e-02
0.000000000000000000e+00 3.923854231834411621e-02
0.000000000000000000e+00 5.261968821287155151e-02
0.000000000000000000e+00 2.485172264277935028e-02
0.000000000000000000e+00 3.052448108792304993e-02
0.000000000000000000e+00 2.625238709151744843e-02
0.000000000000000000e+00 6.159708276391029358e-02
0.000000000000000000e+00 9.466031938791275024e-02
0.000000000000000000e+00 2.340109944343566895e-01
0.000000000000000000e+00 2.513570487499237061e-01
0.000000000000000000e+00 2.412546128034591675e-01
0.000000000000000000e+00 2.905288338661193848e-01
0.000000000000000000e+00 4.285489916801452637e-01
0.000000000000000000e+00 5.790150761604309082e-01
0.000000000000000000e+00 6.538521647453308105e-01
0.000000000000000000e+00 6.804992556571960449e-01
0.000000000000000000e+00 6.897460222244262695e-01
0.000000000000000000e+00 7.222442030906677246e-01
0.000000000000000000e+00 5.967934727668762207e-01
0.000000000000000000e+00 6.586347222328186035e-01
0.000000000000000000e+00 8.013294339179992676e-01
0.000000000000000000e+00 7.310272455215454102e-01
0.000000000000000000e+00 6.275640130043029785e-01
0.000000000000000000e+00 6.719681024551391602e-01
0.000000000000000000e+00 5.066083669662475586e-01
0.000000000000000000e+00 3.777774274349212646e-01
0.000000000000000000e+00 6.531438827514648438e-01
0.000000000000000000e+00 2.873612940311431885e-01
0.000000000000000000e+00 1.960091292858123779e-01
0.000000000000000000e+00 1.240497455000877380e-01
0.000000000000000000e+00 9.267880022525787354e-02
0.000000000000000000e+00 9.503386169672012329e-02
0.000000000000000000e+00 2.857035771012306213e-02
0.000000000000000000e+00 1.762517541646957397e-02
0.000000000000000000e+00 5.903847515583038330e-03
0.000000000000000000e+00 2.299008658155798912e-03
0.000000000000000000e+00 1.236781245097517967e-03
0.000000000000000000e+00 1.158751663751900196e-03
0.000000000000000000e+00 4.377683799248188734e-04
0.000000000000000000e+00 2.080869453493505716e-04
0.000000000000000000e+00 9.823944856179878116e-05
0.000000000000000000e+00 1.368843368254601955e-04
0.000000000000000000e+00 1.737120182951912284e-04
0.000000000000000000e+00 1.025489109451882541e-04
0.000000000000000000e+00 1.466619869461283088e-04
0.000000000000000000e+00 1.799341262085363269e-04
0.000000000000000000e+00 2.220561436843127012e-04
0.000000000000000000e+00 3.277189389336854219e-04
0.000000000000000000e+00 7.726564072072505951e-04
0.000000000000000000e+00 1.104832859709858894e-03
0.000000000000000000e+00 8.740623597986996174e-04
0.000000000000000000e+00 7.935226312838494778e-04
0.000000000000000000e+00 5.262395134195685387e-04
0.000000000000000000e+00 9.270691080018877983e-04
0.000000000000000000e+00 1.482955412939190865e-03
0.000000000000000000e+00 7.613950874656438828e-03
0.000000000000000000e+00 6.507323589175939560e-03
0.000000000000000000e+00 1.049719564616680145e-02
0.000000000000000000e+00 1.358047686517238617e-02
0.000000000000000000e+00 1.266168244183063507e-02
0.000000000000000000e+00 1.582159847021102905e-02
0.000000000000000000e+00 1.149680651724338531e-02
0.000000000000000000e+00 9.005785919725894928e-03
0.000000000000000000e+00 1.136152166873216629e-02
0.000000000000000000e+00 2.382151968777179718e-02
0.000000000000000000e+00 2.809312194585800171e-02
0.000000000000000000e+00 3.722431883215904236e-02
0.000000000000000000e+00 1.016164347529411316e-01
0.000000000000000000e+00 1.320124864578247070e-01
0.000000000000000000e+00 7.608803361654281616e-02
0.000000000000000000e+00 2.877555191516876221e-01
0.000000000000000000e+00 6.798486113548278809e-01
0.000000000000000000e+00 7.600309848785400391e-01
0.000000000000000000e+00 8.023373484611511230e-01
0.000000000000000000e+00 8.097749948501586914e-01
0.000000000000000000e+00 7.629765272140502930e-01
0.000000000000000000e+00 8.243932723999023438e-01
0.000000000000000000e+00 8.670576214790344238e-01
0.000000000000000000e+00 8.734722137451171875e-01
0.000000000000000000e+00 8.897803425788879395e-01
1.000000000000000000e+00 8.905214667320251465e-01
1.000000000000000000e+00 8.687307834625244141e-01
1.000000000000000000e+00 8.147916793823242188e-01
0.000000000000000000e+00 7.887315750122070312e-01
0.000000000000000000e+00 7.861012220382690430e-01
0.000000000000000000e+00 7.972034215927124023e-01
0.000000000000000000e+00 6.705474853515625000e-01
0.000000000000000000e+00 5.482689142227172852e-01
0.000000000000000000e+00 5.448408722877502441e-01
0.000000000000000000e+00 4.910310804843902588e-01
0.000000000000000000e+00 4.802207946777343750e-01
0.000000000000000000e+00 3.800050914287567139e-01
0.000000000000000000e+00 3.583410084247589111e-01
0.000000000000000000e+00 3.256877660751342773e-01
0.000000000000000000e+00 4.071469306945800781e-01
0.000000000000000000e+00 3.446252644062042236e-01
0.000000000000000000e+00 3.509128987789154053e-01
0.000000000000000000e+00 2.250011414289474487e-01
0.000000000000000000e+00 1.738957166671752930e-01
0.000000000000000000e+00 1.476895660161972046e-01
0.000000000000000000e+00 3.993981704115867615e-02
1.000000000000000000e+00 3.416184186935424805e-01
1.000000000000000000e+00 5.276948213577270508e-01
1.000000000000000000e+00 6.245561838150024414e-01
1.000000000000000000e+00 4.420198202133178711e-01
1.000000000000000000e+00 3.106247484683990479e-01
1.000000000000000000e+00 4.296405613422393799e-01
0.000000000000000000e+00 2.517880499362945557e-01
0.000000000000000000e+00 9.304171055555343628e-02
0.000000000000000000e+00 1.195037961006164551e-01
0.000000000000000000e+00 2.723364718258380890e-02
0.000000000000000000e+00 1.808138005435466766e-02
0.000000000000000000e+00 3.140497487038373947e-03
0.000000000000000000e+00 5.394679494202136993e-03
0.000000000000000000e+00 1.353870844468474388e-03
0.000000000000000000e+00 1.072019804269075394e-03
0.000000000000000000e+00 9.380070259794592857e-04
0.000000000000000000e+00 4.274445818737149239e-04
0.000000000000000000e+00 4.442895005922764540e-04
0.000000000000000000e+00 1.530506124254316092e-04
0.000000000000000000e+00 7.677599933231249452e-05
0.000000000000000000e+00 1.030171115417033434e-04
0.000000000000000000e+00 6.102945189923048019e-05
0.000000000000000000e+00 5.208476432017050683e-05
0.000000000000000000e+00 1.393896964145824313e-04
0.000000000000000000e+00 1.121391032938845456e-04
0.000000000000000000e+00 1.492735464125871658e-04
0.000000000000000000e+00 1.801423641154542565e-04
0.000000000000000000e+00 2.990700886584818363e-04
0.000000000000000000e+00 7.779073785059154034e-04
0.000000000000000000e+00 8.640383020974695683e-04
0.000000000000000000e+00 2.394603332504630089e-03
0.000000000000000000e+00 3.931004088371992111e-03
0.000000000000000000e+00 2.527323085814714432e-03
0.000000000000000000e+00 3.359134774655103683e-03
0.000000000000000000e+00 5.981483496725559235e-03
0.000000000000000000e+00 5.880561657249927521e-03
0.000000000000000000e+00 6.393811199814081192e-03
0.000000000000000000e+00 1.046294253319501877e-02
0.000000000000000000e+00 2.693721465766429901e-02
0.000000000000000000e+00 2.443929202854633331e-02
0.000000000000000000e+00 1.373163517564535141e-02
0.000000000000000000e+00 6.346969865262508392e-03
0.000000000000000000e+00 7.667372468858957291e-03
0.000000000000000000e+00 1.548308599740266800e-02
0.000000000000000000e+00 2.538972906768321991e-02
0.000000000000000000e+00 2.919225580990314484e-02
0.000000000000000000e+00 2.820475585758686066e-02
0.000000000000000000e+00 3.720753267407417297e-02
0.000000000000000000e+00 2.415691316127777100e-02
0.000000000000000000e+00 8.136944472789764404e-02
0.000000000000000000e+00 2.191355973482131958e-01
0.000000000000000000e+00 1.762226223945617676e-01
0.000000000000000000e+00 2.126831114292144775e-01
0.000000000000000000e+00 4.543838202953338623e-01
0.000000000000000000e+00 5.759602189064025879e-01
0.000000000000000000e+00 6.398647427558898926e-01
0.000000000000000000e+00 8.233308196067810059e-01
0.000000000000000000e+00 8.968467116355895996e-01
0.000000000000000000e+00 8.155634403228759766e-01
0.000000000000000000e+00 8.256785273551940918e-01
0.000000000000000000e+00 7.791908383369445801e-01
0.000000000000000000e+00 7.126874923706054688e-01
0.000000000000000000e+00 7.079789042472839355e-01
0.000000000000000000e+00 7.235916256904602051e-01
0.000000000000000000e+00 5.601008534431457520e-01
0.000000000000000000e+00 5.472913384437561035e-01
0.000000000000000000e+00 6.167750358581542969e-01
0.000000000000000000e+00 6.258717775344848633e-01
0.000000000000000000e+00 5.410555601119995117e-01
0.000000000000000000e+00 6.305075883865356445e-01
0.000000000000000000e+00 6.174520850181579590e-01
0.000000000000000000e+00 4.989314377307891846e-01
0.000000000000000000e+00 4.680787622928619385e-01
0.000000000000000000e+00 3.130852282047271729e-01
0.000000000000000000e+00 3.139141201972961426e-01
0.000000000000000000e+00 9.231787919998168945e-01
0.000000000000000000e+00 9.259871244430541992e-01
1.000000000000000000e+00 9.146471619606018066e-01
0.000000000000000000e+00 9.187074899673461914e-01
0.000000000000000000e+00 9.214210510253906250e-01
0.000000000000000000e+00 8.675797581672668457e-01
0.000000000000000000e+00 8.791909813880920410e-01
0.000000000000000000e+00 7.793987989425659180e-01
0.000000000000000000e+00 6.076719164848327637e-01
0.000000000000000000e+00 4.410969913005828857e-01
0.000000000000000000e+00 3.533684909343719482e-01
0.000000000000000000e+00 1.470819413661956787e-01
0.000000000000000000e+00 9.373607486486434937e-02
0.000000000000000000e+00 4.947954788804054260e-02
0.000000000000000000e+00 1.804676465690135956e-02
0.000000000000000000e+00 1.053450722247362137e-02
0.000000000000000000e+00 8.061423897743225098e-03
0.000000000000000000e+00 4.254112485796213150e-03
0.000000000000000000e+00 3.829488297924399376e-03
0.000000000000000000e+00 4.295384977012872696e-03
0.000000000000000000e+00 3.674580715596675873e-03
0.000000000000000000e+00 2.242559799924492836e-03
0.000000000000000000e+00 2.749893814325332642e-03
0.000000000000000000e+00 4.185852129012346268e-03
0.000000000000000000e+00 2.395554445683956146e-03
0.000000000000000000e+00 1.891611726023256779e-03
0.000000000000000000e+00 1.997317187488079071e-03
0.000000000000000000e+00 2.308374503627419472e-03
0.000000000000000000e+00 2.829835982993245125e-03
0.000000000000000000e+00 3.113359212875366211e-03
0.000000000000000000e+00 2.846590243279933929e-03
0.000000000000000000e+00 6.206010468304157257e-03
0.000000000000000000e+00 6.143787410110235214e-03
0.000000000000000000e+00 6.069833878427743912e-03
0.000000000000000000e+00 1.551341079175472260e-02
0.000000000000000000e+00 5.129273980855941772e-03
0.000000000000000000e+00 1.554144360125064850e-02
0.000000000000000000e+00 1.194701809436082840e-02
0.000000000000000000e+00 3.083611279726028442e-02
0.000000000000000000e+00 2.926228940486907959e-02
0.000000000000000000e+00 3.618405386805534363e-02
0.000000000000000000e+00 3.691641613841056824e-02
0.000000000000000000e+00 4.895255342125892639e-02
0.000000000000000000e+00 6.187623739242553711e-02
0.000000000000000000e+00 8.259604871273040771e-02
0.000000000000000000e+00 8.358917385339736938e-02
0.000000000000000000e+00 4.207646474242210388e-02
0.000000000000000000e+00 8.705265074968338013e-02
0.000000000000000000e+00 1.893889904022216797e-01
0.000000000000000000e+00 1.390089839696884155e-01
0.000000000000000000e+00 2.926389276981353760e-01
0.000000000000000000e+00 3.985589742660522461e-01
1.000000000000000000e+00 4.599675238132476807e-01
1.000000000000000000e+00 5.043026208877563477e-01
1.000000000000000000e+00 7.406012415885925293e-01
1.000000000000000000e+00 8.474713563919067383e-01
1.000000000000000000e+00 8.889272212982177734e-01
1.000000000000000000e+00 8.626194000244140625e-01
1.000000000000000000e+00 7.771078944206237793e-01
0.000000000000000000e+00 7.934901714324951172e-01
0.000000000000000000e+00 6.202245950698852539e-01
0.000000000000000000e+00 5.027840733528137207e-01
0.000000000000000000e+00 4.855944812297821045e-01
0.000000000000000000e+00 3.511869311332702637e-01
0.000000000000000000e+00 1.507122516632080078e-01
0.000000000000000000e+00 1.014903038740158081e-01
0.000000000000000000e+00 3.690237179398536682e-02
0.000000000000000000e+00 1.908158697187900543e-02
0.000000000000000000e+00 8.270428515970706940e-03
0.000000000000000000e+00 3.221363294869661331e-03
0.000000000000000000e+00 2.638950711116194725e-03
1.000000000000000000e+00 9.739862871356308460e-04
0.000000000000000000e+00 6.228567799553275108e-04
0.000000000000000000e+00 4.670882481150329113e-04
0.000000000000000000e+00 2.944862062577158213e-04
0.000000000000000000e+00 9.924188852310180664e-01
0.000000000000000000e+00 9.930952191352844238e-01
0.000000000000000000e+00 9.928501844406127930e-01
0.000000000000000000e+00 9.930163621902465820e-01
0.000000000000000000e+00 9.925395846366882324e-01
0.000000000000000000e+00 9.928578138351440430e-01
0.000000000000000000e+00 9.938094019889831543e-01
0.000000000000000000e+00 9.937886595726013184e-01
0.000000000000000000e+00 9.945629239082336426e-01
0.000000000000000000e+00 9.945176243782043457e-01
0.000000000000000000e+00 9.939636588096618652e-01
0.000000000000000000e+00 9.946742057800292969e-01
0.000000000000000000e+00 9.944204688072204590e-01
0.000000000000000000e+00 9.956841468811035156e-01
0.000000000000000000e+00 9.942308664321899414e-01
0.000000000000000000e+00 9.958859086036682129e-01
0.000000000000000000e+00 9.958096742630004883e-01
0.000000000000000000e+00 9.962667822837829590e-01
0.000000000000000000e+00 9.965662956237792969e-01
0.000000000000000000e+00 9.965401887893676758e-01
0.000000000000000000e+00 9.970921277999877930e-01
0.000000000000000000e+00 9.972727894783020020e-01
0.000000000000000000e+00 9.978323578834533691e-01
0.000000000000000000e+00 9.979012012481689453e-01
0.000000000000000000e+00 9.980264306068420410e-01
0.000000000000000000e+00 9.982769489288330078e-01
0.000000000000000000e+00 9.985529780387878418e-01
0.000000000000000000e+00 9.986293315887451172e-01
0.000000000000000000e+00 9.986163377761840820e-01
0.000000000000000000e+00 9.987311959266662598e-01
0.000000000000000000e+00 9.985604882240295410e-01
0.000000000000000000e+00 9.986495375633239746e-01
0.000000000000000000e+00 9.985150694847106934e-01
0.000000000000000000e+00 9.986897110939025879e-01
0.000000000000000000e+00 9.989082813262939453e-01
0.000000000000000000e+00 9.989475607872009277e-01
0.000000000000000000e+00 9.990615248680114746e-01
0.000000000000000000e+00 9.989970326423645020e-01
0.000000000000000000e+00 9.990202188491821289e-01
0.000000000000000000e+00 9.991520643234252930e-01
0.000000000000000000e+00 9.991518259048461914e-01
0.000000000000000000e+00 9.991727471351623535e-01
0.000000000000000000e+00 9.992448091506958008e-01
0.000000000000000000e+00 9.991162419319152832e-01
0.000000000000000000e+00 9.992521405220031738e-01
0.000000000000000000e+00 9.992776513099670410e-01
0.000000000000000000e+00 9.991243481636047363e-01
0.000000000000000000e+00 9.991070628166198730e-01
0.000000000000000000e+00 9.992364645004272461e-01
0.000000000000000000e+00 9.992038607597351074e-01
0.000000000000000000e+00 9.993675351142883301e-01
0.000000000000000000e+00 9.993047714233398438e-01
0.000000000000000000e+00 9.991951584815979004e-01
0.000000000000000000e+00 9.992243051528930664e-01
0.000000000000000000e+00 9.993593096733093262e-01
0.000000000000000000e+00 9.992449283599853516e-01
0.000000000000000000e+00 9.992439746856689453e-01
0.000000000000000000e+00 9.989276528358459473e-01
0.000000000000000000e+00 9.989670515060424805e-01
0.000000000000000000e+00 9.988669157028198242e-01
0.000000000000000000e+00 9.986292123794555664e-01
0.000000000000000000e+00 9.982001781463623047e-01
0.000000000000000000e+00 9.982428550720214844e-01
0.000000000000000000e+00 9.978811144828796387e-01
0.000000000000000000e+00 9.974034428596496582e-01
0.000000000000000000e+00 9.970813393592834473e-01
0.000000000000000000e+00 9.970646500587463379e-01
0.000000000000000000e+00 9.970592260360717773e-01
0.000000000000000000e+00 9.972285628318786621e-01
0.000000000000000000e+00 9.972201585769653320e-01
0.000000000000000000e+00 9.955103397369384766e-01
0.000000000000000000e+00 9.950323104858398438e-01
0.000000000000000000e+00 9.927034378051757812e-01
0.000000000000000000e+00 9.901065230369567871e-01
0.000000000000000000e+00 9.877281188964843750e-01
0.000000000000000000e+00 9.693350195884704590e-01
0.000000000000000000e+00 9.721788167953491211e-01
0.000000000000000000e+00 9.389634132385253906e-01
0.000000000000000000e+00 9.671987891197204590e-01
0.000000000000000000e+00 9.650526046752929688e-01
0.000000000000000000e+00 9.734611511230468750e-01
0.000000000000000000e+00 9.595146775245666504e-01
0.000000000000000000e+00 9.711545705795288086e-01
0.000000000000000000e+00 9.656578302383422852e-01
0.000000000000000000e+00 9.601697921752929688e-01
0.000000000000000000e+00 9.522191286087036133e-01
0.000000000000000000e+00 9.613433480262756348e-01
0.000000000000000000e+00 9.658479690551757812e-01
0.000000000000000000e+00 9.623520374298095703e-01
0.000000000000000000e+00 9.558146595954895020e-01
0.000000000000000000e+00 9.659894704818725586e-01
1.000000000000000000e+00 9.589731693267822266e-01
1.000000000000000000e+00 9.738948345184326172e-01
1.000000000000000000e+00 9.642901420593261719e-01
1.000000000000000000e+00 9.727265238761901855e-01
1.000000000000000000e+00 9.357414841651916504e-01
1.000000000000000000e+00 9.216202497482299805e-01
1.000000000000000000e+00 7.918695807456970215e-01
0.000000000000000000e+00 8.027090430259704590e-01
0.000000000000000000e+00 2.974372506141662598e-01
0.000000000000000000e+00 2.333681881427764893e-01
0.000000000000000000e+00 8.705224841833114624e-02
0.000000000000000000e+00 1.206585317850112915e-01
0.000000000000000000e+00 3.905771672725677490e-02
0.000000000000000000e+00 4.805380478501319885e-02
0.000000000000000000e+00 3.441103175282478333e-02
0.000000000000000000e+00 4.449528828263282776e-02
0.000000000000000000e+00 1.088671907782554626e-01
0.000000000000000000e+00 5.481986328959465027e-02
0.000000000000000000e+00 4.712165147066116333e-02
0.000000000000000000e+00 3.986847400665283203e-02
0.000000000000000000e+00 1.959362067282199860e-02
0.000000000000000000e+00 1.007876731455326080e-02
0.000000000000000000e+00 3.155666170641779900e-03
0.000000000000000000e+00 1.500530168414115906e-02
0.000000000000000000e+00 1.063229795545339584e-02
0.000000000000000000e+00 7.179250009357929230e-03
0.000000000000000000e+00 6.857299711555242538e-03
0.000000000000000000e+00 7.887807674705982208e-03
0.000000000000000000e+00 4.351830109953880310e-03
0.000000000000000000e+00 2.839209744706749916e-03
0.000000000000000000e+00 8.070028852671384811e-04
0.000000000000000000e+00 2.369700814597308636e-04
0.000000000000000000e+00 2.191702224081382155e-04
0.000000000000000000e+00 4.491660001804120839e-05
0.000000000000000000e+00 2.271555058541707695e-05
0.000000000000000000e+00 1.996236278500873595e-05
0.000000000000000000e+00 1.823493221309036016e-05
0.000000000000000000e+00 1.527423592051491141e-05
0.000000000000000000e+00 1.202080875373212621e-05
0.000000000000000000e+00 8.825221812003292143e-06
0.000000000000000000e+00 1.370154222968267277e-05
0.000000000000000000e+00 9.892897651297971606e-06
0.000000000000000000e+00 1.016989062918582931e-05
0.000000000000000000e+00 8.486731530865654349e-06
0.000000000000000000e+00 8.980369784694630653e-06
0.000000000000000000e+00 1.714933659968664870e-06
0.000000000000000000e+00 3.516252945701126009e-06
0.000000000000000000e+00 2.918529617090825923e-06
0.000000000000000000e+00 3.843930244329385459e-06
0.000000000000000000e+00 2.383933406235883012e-06
0.000000000000000000e+00 4.363050720712635666e-06
0.000000000000000000e+00 5.823972969665192068e-06
0.000000000000000000e+00 3.611135753089911304e-06
0.000000000000000000e+00 5.404222974902950227e-06
0.000000000000000000e+00 3.661886239569867030e-06
0.000000000000000000e+00 3.089500296482583508e-06
0.000000000000000000e+00 5.632447937387041748e-06
0.000000000000000000e+00 3.259109917053137906e-06
0.000000000000000000e+00 4.657930730900261551e-06
