0.000000000000000000e+00 7.986139506101608276e-03
0.000000000000000000e+00 4.776740912348031998e-03
0.000000000000000000e+00 1.963019371032714844e-03
0.000000000000000000e+00 1.234739087522029877e-03
0.000000000000000000e+00 7.995996274985373020e-04
0.000000000000000000e+00 3.352181229274719954e-04
0.000000000000000000e+00 1.082272356143221259e-04
0.000000000000000000e+00 1.220115955220535398e-04
0.000000000000000000e+00 1.843495119828730822e-04
0.000000000000000000e+00 1.798097800929099321e-04
0.000000000000000000e+00 2.357572084292769432e-04
0.000000000000000000e+00 3.312707412987947464e-04
0.000000000000000000e+00 2.929172769654542208e-04
0.000000000000000000e+00 5.622340831905603409e-04
0.000000000000000000e+00 4.676179087255150080e-04
0.000000000000000000e+00 5.898684612475335598e-04
0.000000000000000000e+00 1.056106179021298885e-03
0.000000000000000000e+00 3.190750489011406898e-03
0.000000000000000000e+00 3.015671856701374054e-03
0.000000000000000000e+00 1.346196047961711884e-02
0.000000000000000000e+00 4.158641770482063293e-02
0.000000000000000000e+00 8.389240503311157227e-02
0.000000000000000000e+00 1.244235634803771973e-01
0.000000000000000000e+00 2.057523727416992188e-01
0.000000000000000000e+00 2.206123471260070801e-01
0.000000000000000000e+00 1.610687673091888428e-01
0.000000000000000000e+00 1.074789837002754211e-01
0.000000000000000000e+00 6.217857450246810913e-02
0.000000000000000000e+00 7.124999910593032837e-02
0.000000000000000000e+00 5.221592634916305542e-02
0.000000000000000000e+00 5.122168734669685364e-02
0.000000000000000000e+00 6.101005896925926208e-02
1.000000000000000000e+00 9.397332370281219482e-02
1.000000000000000000e+00 4.111260548233985901e-02
0.000000000000000000e+00 2.224245294928550720e-02
0.000000000000000000e+00 1.704422198235988617e-02
0.000000000000000000e+00 8.559989742934703827e-03
0.000000000000000000e+00 5.435350351035594940e-03
0.000000000000000000e+00 3.385425545275211334e-03
0.000000000000000000e+00 5.386577453464269638e-03
0.000000000000000000e+00 7.919124327600002289e-03
0.000000000000000000e+00 2.404522709548473358e-02
0.000000000000000000e+00 3.441138565540313721e-02
0.000000000000000000e+00 4.211791977286338806e-02
0.000000000000000000e+00 8.090764284133911133e-02
0.000000000000000000e+00 5.184843018651008606e-02
0.000000000000000000e+00 6.017896533012390137e-02
0.000000000000000000e+00 4.452559724450111389e-02
0.000000000000000000e+00 2.810937911272048950e-02
0.000000000000000000e+00 1.661418378353118896e-02
0.000000000000000000e+00 7.017633877694606781e-03
0.000000000000000000e+00 4.169036634266376495e-03
0.000000000000000000e+00 2.976434305310249329e-03
0.000000000000000000e+00 1.453090459108352661e-03
0.000000000000000000e+00 1.938041765242815018e-03
0.000000000000000000e+00 1.836356474086642265e-03
0.000000000000000000e+00 2.054945100098848343e-03
0.000000000000000000e+00 2.114883158355951309e-03
0.000000000000000000e+00 1.500644139014184475e-03
0.000000000000000000e+00 8.855710620991885662e-04
0.000000000000000000e+00 3.695136983878910542e-04
0.000000000000000000e+00 2.953544608317315578e-04
0.000000000000000000e+00 1.706272450974211097e-04
0.000000000000000000e+00 1.967586867976933718e-04
0.000000000000000000e+00 2.045802393695339561e-04
0.000000000000000000e+00 2.218275913037359715e-04
0.000000000000000000e+00 3.823152219410985708e-04
0.000000000000000000e+00 4.674797528423368931e-04
0.000000000000000000e+00 3.779114340431988239e-04
0.000000000000000000e+00 3.696877683978527784e-04
0.000000000000000000e+00 2.367869310546666384e-04
0.000000000000000000e+00 2.182281168643385172e-04
0.000000000000000000e+00 1.917255867738276720e-04
0.000000000000000000e+00 1.787448127288371325e-04
0.000000000000000000e+00 1.799439050955697894e-04
0.000000000000000000e+00 2.368715852499008179e-01
0.000000000000000000e+00 1.556989550590515137e-01
0.000000000000000000e+00 6.426007300615310669e-02
0.000000000000000000e+00 6.852607429027557373e-02
0.000000000000000000e+00 3.532900288701057434e-02
0.000000000000000000e+00 2.251037582755088806e-02
0.000000000000000000e+00 1.899228990077972412e-02
0.000000000000000000e+00 3.560887649655342102e-02
0.000000000000000000e+00 1.132060959935188293e-02
0.000000000000000000e+00 7.624979596585035324e-03
0.000000000000000000e+00 6.826540920883417130e-03
0.000000000000000000e+00 6.913476157933473587e-03
0.000000000000000000e+00 6.035281345248222351e-03
0.000000000000000000e+00 3.452922916039824486e-03
0.000000000000000000e+00 2.883139066398143768e-03
0.000000000000000000e+00 3.552605165168642998e-03
0.000000000000000000e+00 4.138857126235961914e-03
0.000000000000000000e+00 5.432734731584787369e-03
0.000000000000000000e+00 1.004441361874341965e-02
0.000000000000000000e+00 1.462623570114374161e-02
0.000000000000000000e+00 7.646403461694717407e-02
0.000000000000000000e+00 1.185955256223678589e-01
0.000000000000000000e+00 2.851764559745788574e-01
0.000000000000000000e+00 2.355117648839950562e-01
0.000000000000000000e+00 3.967866599559783936e-01
0.000000000000000000e+00 1.793236732482910156e-01
0.000000000000000000e+00 1.928000748157501221e-01
0.000000000000000000e+00 1.292809844017028809e-01
0.000000000000000000e+00 6.928224861621856689e-02
0.000000000000000000e+00 9.661309421062469482e-02
0.000000000000000000e+00 9.680347144603729248e-02
0.000000000000000000e+00 1.097373366355895996e-01
0.000000000000000000e+00 1.036129593849182129e-01
0.000000000000000000e+00 1.640594005584716797e-01
0.000000000000000000e+00 1.123238056898117065e-01
0.000000000000000000e+00 6.721022725105285645e-02
0.000000000000000000e+00 8.670052886009216309e-02
0.000000000000000000e+00 1.134766489267349243e-01
0.000000000000000000e+00 9.318755567073822021e-02
0.000000000000000000e+00 1.305985748767852783e-01
0.000000000000000000e+00 9.555616229772567749e-02
0.000000000000000000e+00 1.163610294461250305e-01
0.000000000000000000e+00 1.501667350530624390e-01
0.000000000000000000e+00 1.843635290861129761e-01
0.000000000000000000e+00 1.622102111577987671e-01
0.000000000000000000e+00 2.101395726203918457e-01
0.000000000000000000e+00 2.886605262756347656e-01
0.000000000000000000e+00 2.275482416152954102e-01
0.000000000000000000e+00 3.383836150169372559e-01
0.000000000000000000e+00 2.843843400478363037e-01
0.000000000000000000e+00 2.853744924068450928e-01
0.000000000000000000e+00 2.917125523090362549e-01
0.000000000000000000e+00 3.131718635559082031e-01
0.000000000000000000e+00 3.172187805175781250e-01
0.000000000000000000e+00 3.710557222366333008e-01
1.000000000000000000e+00 5.674808621406555176e-01
1.000000000000000000e+00 6.800172924995422363e-01
0.000000000000000000e+00 7.116649746894836426e-01
0.000000000000000000e+00 7.568188905715942383e-01
0.000000000000000000e+00 7.824881672859191895e-01
0.000000000000000000e+00 7.255226969718933105e-01
0.000000000000000000e+00 6.405140161514282227e-01
0.000000000000000000e+00 6.339300274848937988e-01
0.000000000000000000e+00 6.174442768096923828e-01
0.000000000000000000e+00 5.050740838050842285e-01
0.000000000000000000e+00 4.975009262561798096e-01
0.000000000000000000e+00 4.802815020084381104e-01
0.000000000000000000e+00 4.082163572311401367e-01
0.000000000000000000e+00 3.738043308258056641e-01
0.000000000000000000e+00 3.338336944580078125e-01
0.000000000000000000e+00 3.101904988288879395e-01
0.000000000000000000e+00 3.005203902721405029e-01
0.000000000000000000e+00 1.805401444435119629e-01
0.000000000000000000e+00 1.282039731740951538e-01
0.000000000000000000e+00 1.018079519271850586e-01
0.000000000000000000e+00 4.479153547435998917e-03
0.000000000000000000e+00 6.989070214331150055e-03
0.000000000000000000e+00 1.990985590964555740e-03
0.000000000000000000e+00 1.670214231126010418e-03
0.000000000000000000e+00 5.016223294660449028e-04
0.000000000000000000e+00 2.273121790494769812e-04
0.000000000000000000e+00 2.590502845123410225e-04
0.000000000000000000e+00 2.591483644209802151e-04
0.000000000000000000e+00 5.990669014863669872e-04
0.000000000000000000e+00 6.207641563378274441e-04
0.000000000000000000e+00 1.051707076840102673e-03
0.000000000000000000e+00 1.083318260498344898e-03
0.000000000000000000e+00 2.375140320509672165e-03
0.000000000000000000e+00 4.197565373033285141e-03
0.000000000000000000e+00 8.540167473256587982e-03
0.000000000000000000e+00 1.181226782500743866e-02
0.000000000000000000e+00 2.197655290365219116e-02
0.000000000000000000e+00 4.754752665758132935e-02
0.000000000000000000e+00 2.411502785980701447e-02
0.000000000000000000e+00 2.323213033378124237e-02
0.000000000000000000e+00 1.813124679028987885e-02
0.000000000000000000e+00 2.059897221624851227e-02
0.000000000000000000e+00 9.464934468269348145e-03
0.000000000000000000e+00 3.630808740854263306e-02
0.000000000000000000e+00 5.770962312817573547e-02
0.000000000000000000e+00 1.016778126358985901e-01
0.000000000000000000e+00 1.831820011138916016e-01
0.000000000000000000e+00 2.667191028594970703e-01
0.000000000000000000e+00 1.259322762489318848e-01
0.000000000000000000e+00 1.789256483316421509e-01
0.000000000000000000e+00 1.301913410425186157e-01
0.000000000000000000e+00 1.676498204469680786e-01
0.000000000000000000e+00 1.122046932578086853e-01
0.000000000000000000e+00 9.658604860305786133e-02
0.000000000000000000e+00 9.943890571594238281e-02
0.000000000000000000e+00 2.153605967760086060e-01
0.000000000000000000e+00 2.399626821279525757e-01
0.000000000000000000e+00 3.092474043369293213e-01
0.000000000000000000e+00 3.559220135211944580e-01
0.000000000000000000e+00 2.877082228660583496e-01
0.000000000000000000e+00 3.290304541587829590e-01
0.000000000000000000e+00 3.920821845531463623e-01
0.000000000000000000e+00 3.404356539249420166e-01
0.000000000000000000e+00 4.435742199420928955e-01
0.000000000000000000e+00 4.297887086868286133e-01
0.000000000000000000e+00 5.464438796043395996e-01
0.000000000000000000e+00 1.646136343479156494e-01
0.000000000000000000e+00 2.816091477870941162e-01
0.000000000000000000e+00 2.006315290927886963e-01
0.000000000000000000e+00 2.809810936450958252e-01
0.000000000000000000e+00 1.951904892921447754e-01
0.000000000000000000e+00 1.531960070133209229e-01
0.000000000000000000e+00 9.237487614154815674e-02
0.000000000000000000e+00 1.057870984077453613e-01
0.000000000000000000e+00 1.416189223527908325e-01
0.000000000000000000e+00 2.227296084165573120e-01
0.000000000000000000e+00 4.386273622512817383e-01
0.000000000000000000e+00 5.273357629776000977e-01
0.000000000000000000e+00 6.104393601417541504e-01
0.000000000000000000e+00 6.063499450683593750e-01
0.000000000000000000e+00 7.218945622444152832e-01
0.000000000000000000e+00 7.278492450714111328e-01
0.000000000000000000e+00 7.359938025474548340e-01
0.000000000000000000e+00 7.930149435997009277e-01
0.000000000000000000e+00 7.324874997138977051e-01
0.000000000000000000e+00 7.002042531967163086e-01
0.000000000000000000e+00 7.524542212486267090e-01
0.000000000000000000e+00 7.569952011108398438e-01
0.000000000000000000e+00 7.219026684761047363e-01
0.000000000000000000e+00 7.766195535659790039e-01
0.000000000000000000e+00 7.913568615913391113e-01
0.000000000000000000e+00 7.154760956764221191e-01
0.000000000000000000e+00 6.727854609489440918e-01
0.000000000000000000e+00 6.279013752937316895e-01
0.000000000000000000e+00 6.131261587142944336e-01
0.000000000000000000e+00 8.090394735336303711e-01
0.000000000000000000e+00 6.069778800010681152e-01
0.000000000000000000e+00 3.085688352584838867e-01
0.000000000000000000e+00 1.508727520704269409e-01
0.000000000000000000e+00 1.016656756401062012e-01
0.000000000000000000e+00 6.037815287709236145e-02
0.000000000000000000e+00 2.310655452311038971e-02
0.000000000000000000e+00 1.309530716389417648e-02
0.000000000000000000e+00 7.467973511666059494e-03
0.000000000000000000e+00 3.229382680729031563e-03
0.000000000000000000e+00 2.088319044560194016e-03
0.000000000000000000e+00 2.070863265544176102e-03
0.000000000000000000e+00 1.043566851876676083e-03
0.000000000000000000e+00 4.408780951052904129e-04
0.000000000000000000e+00 3.030332154594361782e-04
0.000000000000000000e+00 4.685290041379630566e-04
0.000000000000000000e+00 5.983969895169138908e-04
0.000000000000000000e+00 5.027606384828686714e-04
0.000000000000000000e+00 5.253151175566017628e-04
0.000000000000000000e+00 6.044486653991043568e-04
0.000000000000000000e+00 6.268408615142107010e-04
0.000000000000000000e+00 1.195179065689444542e-03
0.000000000000000000e+00 1.842650584876537323e-03
0.000000000000000000e+00 1.244255923666059971e-03
0.000000000000000000e+00 2.147797262296080589e-03
0.000000000000000000e+00 1.710448181256651878e-03
0.000000000000000000e+00 2.589221345260739326e-03
0.000000000000000000e+00 3.019772004336118698e-03
0.000000000000000000e+00 7.486534304916858673e-03
0.000000000000000000e+00 9.640665724873542786e-03
0.000000000000000000e+00 1.404056325554847717e-02
0.000000000000000000e+00 1.374840363860130310e-02
0.000000000000000000e+00 1.428030896931886673e-02
0.000000000000000000e+00 3.042891435325145721e-02
0.000000000000000000e+00 2.852292358875274658e-02
0.000000000000000000e+00 3.052426874637603760e-02
0.000000000000000000e+00 4.847479984164237976e-02
0.000000000000000000e+00 6.596913933753967285e-02
0.000000000000000000e+00 4.870588332414627075e-02
0.000000000000000000e+00 6.882914900779724121e-02
0.000000000000000000e+00 5.456510186195373535e-02
0.000000000000000000e+00 9.513378888368606567e-02
0.000000000000000000e+00 2.130261957645416260e-01
0.000000000000000000e+00 1.671435981988906860e-01
0.000000000000000000e+00 3.002746701240539551e-01
0.000000000000000000e+00 4.358433783054351807e-01
0.000000000000000000e+00 6.139398813247680664e-01
0.000000000000000000e+00 5.704727768898010254e-01
0.000000000000000000e+00 7.230524420738220215e-01
0.000000000000000000e+00 7.834001183509826660e-01
0.000000000000000000e+00 8.086628913879394531e-01
0.000000000000000000e+00 8.303114771842956543e-01
0.000000000000000000e+00 8.389792442321777344e-01
0.000000000000000000e+00 8.359500169754028320e-01
1.000000000000000000e+00 8.377556204795837402e-01
1.000000000000000000e+00 8.382182121276855469e-01
1.000000000000000000e+00 8.245871067047119141e-01
0.000000000000000000e+00 7.980701327323913574e-01
0.000000000000000000e+00 7.459993958473205566e-01
0.000000000000000000e+00 7.049984931945800781e-01
0.000000000000000000e+00 6.113219261169433594e-01
0.000000000000000000e+00 5.892950296401977539e-01
0.000000000000000000e+00 5.661194324493408203e-01
0.000000000000000000e+00 5.223983526229858398e-01
0.000000000000000000e+00 4.347340762615203857e-01
0.000000000000000000e+00 4.291500449180603027e-01
0.000000000000000000e+00 4.058733284473419189e-01
0.000000000000000000e+00 4.453397393226623535e-01
0.000000000000000000e+00 3.998629450798034668e-01
0.000000000000000000e+00 3.950899243354797363e-01
0.000000000000000000e+00 3.355109691619873047e-01
0.000000000000000000e+00 3.120600581169128418e-01
0.000000000000000000e+00 2.134034931659698486e-01
0.000000000000000000e+00 1.258794814348220825e-01
0.000000000000000000e+00 8.062519133090972900e-02
1.000000000000000000e+00 5.272175669670104980e-01
1.000000000000000000e+00 2.971915900707244873e-01
1.000000000000000000e+00 3.747885525226593018e-01
1.000000000000000000e+00 1.111942157149314880e-01
1.000000000000000000e+00 1.668260246515274048e-01
1.000000000000000000e+00 1.331634223461151123e-01
0.000000000000000000e+00 4.846154525876045227e-02
0.000000000000000000e+00 2.207876928150653839e-02
0.000000000000000000e+00 1.420531515032052994e-02
0.000000000000000000e+00 1.318705640733242035e-02
0.000000000000000000e+00 7.094382774084806442e-03
0.000000000000000000e+00 3.403681330382823944e-03
0.000000000000000000e+00 3.060376271605491638e-03
0.000000000000000000e+00 1.619105460122227669e-03
0.000000000000000000e+00 7.040844648145139217e-04
0.000000000000000000e+00 7.326733320951461792e-04
0.000000000000000000e+00 4.406600201036781073e-04
0.000000000000000000e+00 3.473717952147126198e-04
0.000000000000000000e+00 1.656314416322857141e-04
0.000000000000000000e+00 1.939742360264062881e-04
0.000000000000000000e+00 1.675416860962286592e-04
0.000000000000000000e+00 1.449479022994637489e-04
0.000000000000000000e+00 2.426697319606319070e-04
0.000000000000000000e+00 2.843419497366994619e-04
0.000000000000000000e+00 2.560091088525950909e-04
0.000000000000000000e+00 5.264973733574151993e-04
0.000000000000000000e+00 7.056005415506660938e-04
0.000000000000000000e+00 1.678275992162525654e-03
0.000000000000000000e+00 3.157067578285932541e-03
0.000000000000000000e+00 3.612093394622206688e-03
0.000000000000000000e+00 4.514399450272321701e-03
0.000000000000000000e+00 7.037065923213958740e-03
0.000000000000000000e+00 4.439040552824735641e-03
0.000000000000000000e+00 8.835938759148120880e-03
0.000000000000000000e+00 1.049693860113620758e-02
0.000000000000000000e+00 8.841047994792461395e-03
0.000000000000000000e+00 1.036308892071247101e-02
0.000000000000000000e+00 4.031315073370933533e-02
0.000000000000000000e+00 3.448367118835449219e-02
0.000000000000000000e+00 4.095574095845222473e-02
0.000000000000000000e+00 5.635069683194160461e-02
0.000000000000000000e+00 4.646459966897964478e-02
0.000000000000000000e+00 3.673870116472244263e-02
0.000000000000000000e+00 8.963561058044433594e-02
0.000000000000000000e+00 9.202640503644943237e-02
0.000000000000000000e+00 1.198130100965499878e-01
0.000000000000000000e+00 1.221913769841194153e-01
0.000000000000000000e+00 1.297792047262191772e-01
0.000000000000000000e+00 1.994141042232513428e-01
0.000000000000000000e+00 2.474881857633590698e-01
0.000000000000000000e+00 2.817742526531219482e-01
0.000000000000000000e+00 4.380280673503875732e-01
0.000000000000000000e+00 5.068414807319641113e-01
0.000000000000000000e+00 6.341316699981689453e-01
0.000000000000000000e+00 7.388418316841125488e-01
0.000000000000000000e+00 7.068842649459838867e-01
0.000000000000000000e+00 9.165753722190856934e-01
0.000000000000000000e+00 8.935832381248474121e-01
0.000000000000000000e+00 8.575773239135742188e-01
0.000000000000000000e+00 8.528252840042114258e-01
0.000000000000000000e+00 8.169625997543334961e-01
0.000000000000000000e+00 8.188245892524719238e-01
0.000000000000000000e+00 8.073521256446838379e-01
0.000000000000000000e+00 7.685315012931823730e-01
0.000000000000000000e+00 7.228283286094665527e-01
0.000000000000000000e+00 6.524050831794738770e-01
0.000000000000000000e+00 6.195818781852722168e-01
0.000000000000000000e+00 4.723779857158660889e-01
0.000000000000000000e+00 4.374573230743408203e-01
0.000000000000000000e+00 4.387680888175964355e-01
0.000000000000000000e+00 4.314002394676208496e-01
0.000000000000000000e+00 4.161403179168701172e-01
0.000000000000000000e+00 4.126934707164764404e-01
0.000000000000000000e+00 3.796680569648742676e-01
0.000000000000000000e+00 2.998999059200286865e-01
0.000000000000000000e+00 9.567273259162902832e-01
0.000000000000000000e+00 9.162590503692626953e-01
1.000000000000000000e+00 9.407730698585510254e-01
0.000000000000000000e+00 9.065600633621215820e-01
0.000000000000000000e+00 8.319324851036071777e-01
0.000000000000000000e+00 8.380674719810485840e-01
0.000000000000000000e+00 6.350049972534179688e-01
0.000000000000000000e+00 4.809136688709259033e-01
0.000000000000000000e+00 4.601036608219146729e-01
0.000000000000000000e+00 1.777084320783615112e-01
0.000000000000000000e+00 1.631719768047332764e-01
0.000000000000000000e+00 9.941712021827697754e-02
0.000000000000000000e+00 5.933970212936401367e-02
0.000000000000000000e+00 4.010262712836265564e-02
0.000000000000000000e+00 1.898063346743583679e-02
0.000000000000000000e+00 9.817286394536495209e-03
0.000000000000000000e+00 9.391996078193187714e-03
0.000000000000000000e+00 5.074607674032449722e-03
0.000000000000000000e+00 4.337317310273647308e-03
0.000000000000000000e+00 4.037768580019474030e-03
0.000000000000000000e+00 3.290224354714155197e-03
0.000000000000000000e+00 3.364339703693985939e-03
0.000000000000000000e+00 3.412258578464388847e-03
0.000000000000000000e+00 4.832763690501451492e-03
0.000000000000000000e+00 3.249794943258166313e-03
0.000000000000000000e+00 4.068270791321992874e-03
0.000000000000000000e+00 3.161203116178512573e-03
0.000000000000000000e+00 3.592701163142919540e-03
0.000000000000000000e+00 5.205486901104450226e-03
0.000000000000000000e+00 6.291294004768133163e-03
0.000000000000000000e+00 1.319614425301551819e-02
0.000000000000000000e+00 1.381888799369335175e-02
0.000000000000000000e+00 1.529104076325893402e-02
0.000000000000000000e+00 1.764619164168834686e-02
0.000000000000000000e+00 1.994358934462070465e-02
0.000000000000000000e+00 1.941140927374362946e-02
0.000000000000000000e+00 3.485133871436119080e-02
0.000000000000000000e+00 3.979554027318954468e-02
0.000000000000000000e+00 3.771717846393585205e-02
0.000000000000000000e+00 4.524753987789154053e-02
0.000000000000000000e+00 5.296484753489494324e-02
0.000000000000000000e+00 5.752058699727058411e-02
0.000000000000000000e+00 5.696832761168479919e-02
0.000000000000000000e+00 7.964655011892318726e-02
0.000000000000000000e+00 5.556462705135345459e-02
0.000000000000000000e+00 8.558980375528335571e-02
0.000000000000000000e+00 9.725959599018096924e-02
0.000000000000000000e+00 1.068925037980079651e-01
0.000000000000000000e+00 9.734586626291275024e-02
0.000000000000000000e+00 1.306263059377670288e-01
0.000000000000000000e+00 2.449666261672973633e-01
0.000000000000000000e+00 2.608535289764404297e-01
1.000000000000000000e+00 3.084617853164672852e-01
1.000000000000000000e+00 3.728975653648376465e-01
1.000000000000000000e+00 5.395008921623229980e-01
1.000000000000000000e+00 6.997979879379272461e-01
1.000000000000000000e+00 7.785735726356506348e-01
1.000000000000000000e+00 7.111147046089172363e-01
1.000000000000000000e+00 6.414512395858764648e-01
0.000000000000000000e+00 5.415197610855102539e-01
0.000000000000000000e+00 3.729439377784729004e-01
0.000000000000000000e+00 1.165326163172721863e-01
0.000000000000000000e+00 4.753960296511650085e-02
0.000000000000000000e+00 9.879580698907375336e-03
0.000000000000000000e+00 4.628964699804782867e-03
0.000000000000000000e+00 1.196371624246239662e-03
0.000000000000000000e+00 4.513082967605441809e-04
0.000000000000000000e+00 1.998824882321059704e-04
0.000000000000000000e+00 6.402409053407609463e-05
0.000000000000000000e+00 5.035163485445082188e-05
0.000000000000000000e+00 1.566393984830938280e-05
1.000000000000000000e+00 5.820374553877627477e-06
0.000000000000000000e+00 3.533076096573495306e-06
0.000000000000000000e+00 3.872032266372116283e-06
0.000000000000000000e+00 7.062520126055460423e-06
0.000000000000000000e+00 8.994417786598205566e-01
0.000000000000000000e+00 9.085633158683776855e-01
0.000000000000000000e+00 8.982478976249694824e-01
0.000000000000000000e+00 9.272966384887695312e-01
0.000000000000000000e+00 9.012428522109985352e-01
0.000000000000000000e+00 8.834617733955383301e-01
0.000000000000000000e+00 9.318590164184570312e-01
0.000000000000000000e+00 9.267053008079528809e-01
0.000000000000000000e+00 8.686413168907165527e-01
0.000000000000000000e+00 8.894768357276916504e-01
0.000000000000000000e+00 9.472950100898742676e-01
0.000000000000000000e+00 8.604624271392822266e-01
0.000000000000000000e+00 9.118874669075012207e-01
0.000000000000000000e+00 9.044098854064941406e-01
0.000000000000000000e+00 9.329886436462402344e-01
0.000000000000000000e+00 9.315701127052307129e-01
0.000000000000000000e+00 9.646353721618652344e-01
0.000000000000000000e+00 9.469706416130065918e-01
0.000000000000000000e+00 9.302061200141906738e-01
0.000000000000000000e+00 9.621600508689880371e-01
0.000000000000000000e+00 9.600523114204406738e-01
0.000000000000000000e+00 9.732089638710021973e-01
0.000000000000000000e+00 9.790521860122680664e-01
0.000000000000000000e+00 9.865173101425170898e-01
0.000000000000000000e+00 9.889993071556091309e-01
0.000000000000000000e+00 9.864172935485839844e-01
0.000000000000000000e+00 9.901835322380065918e-01
0.000000000000000000e+00 9.903635382652282715e-01
0.000000000000000000e+00 9.907240271568298340e-01
0.000000000000000000e+00 9.916452765464782715e-01
0.000000000000000000e+00 9.920619726181030273e-01
0.000000000000000000e+00 9.927990436553955078e-01
0.000000000000000000e+00 9.944461584091186523e-01
0.000000000000000000e+00 9.931855201721191406e-01
0.000000000000000000e+00 9.908820390701293945e-01
0.000000000000000000e+00 9.921065568923950195e-01
0.000000000000000000e+00 9.916613101959228516e-01
0.000000000000000000e+00 9.919359683990478516e-01
0.000000000000000000e+00 9.915087223052978516e-01
0.000000000000000000e+00 9.904511570930480957e-01
0.000000000000000000e+00 9.912482500076293945e-01
0.000000000000000000e+00 9.911302328109741211e-01
0.000000000000000000e+00 9.919215440750122070e-01
0.000000000000000000e+00 9.921985268592834473e-01
0.000000000000000000e+00 9.916851520538330078e-01
0.000000000000000000e+00 9.913792610168457031e-01
0.000000000000000000e+00 9.921662807464599609e-01
0.000000000000000000e+00 9.923663735389709473e-01
0.000000000000000000e+00 9.913803935050964355e-01
0.000000000000000000e+00 9.912449717521667480e-01
0.000000000000000000e+00 9.916515946388244629e-01
0.000000000000000000e+00 9.906085729598999023e-01
0.000000000000000000e+00 9.911672472953796387e-01
0.000000000000000000e+00 9.908508658409118652e-01
0.000000000000000000e+00 9.904863238334655762e-01
0.000000000000000000e+00 9.906238913536071777e-01
0.000000000000000000e+00 9.905891418457031250e-01
0.000000000000000000e+00 9.881189465522766113e-01
0.000000000000000000e+00 9.815716147422790527e-01
0.000000000000000000e+00 9.828636050224304199e-01
0.000000000000000000e+00 9.710185527801513672e-01
0.000000000000000000e+00 9.719591140747070312e-01
0.000000000000000000e+00 9.721822738647460938e-01
0.000000000000000000e+00 9.564178586006164551e-01
0.000000000000000000e+00 9.565550684928894043e-01
0.000000000000000000e+00 9.386343359947204590e-01
0.000000000000000000e+00 9.365808367729187012e-01
0.000000000000000000e+00 9.301180243492126465e-01
0.000000000000000000e+00 9.432034492492675781e-01
0.000000000000000000e+00 8.944590091705322266e-01
0.000000000000000000e+00 8.582012057304382324e-01
0.000000000000000000e+00 7.958512306213378906e-01
0.000000000000000000e+00 7.164877057075500488e-01
0.000000000000000000e+00 6.080499887466430664e-01
0.000000000000000000e+00 5.849145650863647461e-01
0.000000000000000000e+00 9.340925812721252441e-01
0.000000000000000000e+00 9.004785418510437012e-01
0.000000000000000000e+00 8.213809132575988770e-01
0.000000000000000000e+00 7.822713851928710938e-01
0.000000000000000000e+00 8.510338068008422852e-01
0.000000000000000000e+00 8.413820862770080566e-01
0.000000000000000000e+00 8.043456673622131348e-01
0.000000000000000000e+00 6.536177992820739746e-01
0.000000000000000000e+00 7.181062102317810059e-01
0.000000000000000000e+00 5.072622299194335938e-01
0.000000000000000000e+00 4.167946875095367432e-01
0.000000000000000000e+00 3.457653224468231201e-01
0.000000000000000000e+00 3.882020711898803711e-01
0.000000000000000000e+00 2.631295919418334961e-01
0.000000000000000000e+00 1.863402128219604492e-01
0.000000000000000000e+00 3.001356720924377441e-01
1.000000000000000000e+00 2.296369075775146484e-01
1.000000000000000000e+00 2.681716978549957275e-01
1.000000000000000000e+00 2.294766753911972046e-01
1.000000000000000000e+00 1.254083961248397827e-01
1.000000000000000000e+00 1.421322375535964966e-01
1.000000000000000000e+00 6.006911024451255798e-02
1.000000000000000000e+00 4.613717645406723022e-02
0.000000000000000000e+00 3.908906131982803345e-02
0.000000000000000000e+00 1.846076548099517822e-02
0.000000000000000000e+00 1.688989065587520599e-02
0.000000000000000000e+00 8.614354766905307770e-03
0.000000000000000000e+00 5.130736622959375381e-03
0.000000000000000000e+00 5.618904251605272293e-03
0.000000000000000000e+00 6.799415219575166702e-03
0.000000000000000000e+00 9.097129106521606445e-03
0.000000000000000000e+00 9.932872839272022247e-03
0.000000000000000000e+00 1.366072148084640503e-02
0.000000000000000000e+00 1.307723857462406158e-02
0.000000000000000000e+00 1.123668067157268524e-02
0.000000000000000000e+00 7.790576666593551636e-03
0.000000000000000000e+00 6.528907455503940582e-03
0.000000000000000000e+00 4.897017497569322586e-03
0.000000000000000000e+00 4.623514600098133087e-03
0.000000000000000000e+00 5.384347867220640182e-03
0.000000000000000000e+00 6.178541574627161026e-03
0.000000000000000000e+00 6.637175101786851883e-03
0.000000000000000000e+00 6.641788873821496964e-03
0.000000000000000000e+00 8.345444686710834503e-03
0.000000000000000000e+00 4.350729286670684814e-03
0.000000000000000000e+00 2.434702822938561440e-03
0.000000000000000000e+00 1.465897890739142895e-03
0.000000000000000000e+00 1.238880446180701256e-03
0.000000000000000000e+00 5.139189888723194599e-04
0.000000000000000000e+00 3.282927500549703836e-04
0.000000000000000000e+00 2.504865406081080437e-04
0.000000000000000000e+00 2.310563722858205438e-04
0.000000000000000000e+00 1.810988615034148097e-04
0.000000000000000000e+00 1.298361894441768527e-04
0.000000000000000000e+00 1.571722677908837795e-04
0.000000000000000000e+00 1.327875652350485325e-04
0.000000000000000000e+00 1.656605163589119911e-04
0.000000000000000000e+00 1.452132419217377901e-04
0.000000000000000000e+00 1.506719709141179919e-04
0.000000000000000000e+00 1.723791356198489666e-04
0.000000000000000000e+00 8.779989002505317330e-05
0.000000000000000000e+00 5.534470983548089862e-05
0.000000000000000000e+00 7.311839726753532887e-05
0.000000000000000000e+00 7.270345668075606227e-05
0.000000000000000000e+00 5.714583676308393478e-05
0.000000000000000000e+00 9.213532030116766691e-05
0.000000000000000000e+00 1.153079283540137112e-04
0.000000000000000000e+00 1.386016228934749961e-04
0.000000000000000000e+00 1.433665893273428082e-04
0.000000000000000000e+00 1.059664791682735085e-04
0.000000000000000000e+00 1.051366125466302037e-04
0.000000000000000000e+00 1.056052424246445298e-04
0.000000000000000000e+00 1.051340077538043261e-04
0.000000000000000000e+00 1.477172918384894729e-04
0.000000000000000000e+00 2.247007068945094943e-04
