0.000000000000000000e+00 7.573970556259155273e-01
1.000000000000000000e+00 6.711483597755432129e-01
1.000000000000000000e+00 6.915040016174316406e-01
1.000000000000000000e+00 7.123466134071350098e-01
0.000000000000000000e+00 7.922105789184570312e-01
0.000000000000000000e+00 8.697843551635742188e-01
0.000000000000000000e+00 8.657858967781066895e-01
0.000000000000000000e+00 8.752036094665527344e-01
0.000000000000000000e+00 8.733440637588500977e-01
0.000000000000000000e+00 8.981302976608276367e-01
0.000000000000000000e+00 9.010440111160278320e-01
0.000000000000000000e+00 8.762672543525695801e-01
0.000000000000000000e+00 9.166240692138671875e-01
1.000000000000000000e+00 8.915310502052307129e-01
1.000000000000000000e+00 8.870390057563781738e-01
1.000000000000000000e+00 8.990649580955505371e-01
1.000000000000000000e+00 8.941211700439453125e-01
1.000000000000000000e+00 9.061862826347351074e-01
1.000000000000000000e+00 8.946254849433898926e-01
1.000000000000000000e+00 8.944262266159057617e-01
1.000000000000000000e+00 9.162353873252868652e-01
1.000000000000000000e+00 9.084445834159851074e-01
1.000000000000000000e+00 9.069907665252685547e-01
1.000000000000000000e+00 9.130200147628784180e-01
1.000000000000000000e+00 9.029858112335205078e-01
1.000000000000000000e+00 8.769020438194274902e-01
1.000000000000000000e+00 7.651194930076599121e-01
1.000000000000000000e+00 6.843329668045043945e-01
0.000000000000000000e+00 4.801263511180877686e-01
0.000000000000000000e+00 3.078348636627197266e-01
0.000000000000000000e+00 1.683992594480514526e-01
0.000000000000000000e+00 1.414832174777984619e-01
0.000000000000000000e+00 5.987387895584106445e-02
0.000000000000000000e+00 3.917190432548522949e-02
0.000000000000000000e+00 1.801130734384059906e-02
0.000000000000000000e+00 1.027743518352508545e-02
0.000000000000000000e+00 5.513102747499942780e-03
0.000000000000000000e+00 3.729005344212055206e-03
1.000000000000000000e+00 2.915225923061370850e-03
1.000000000000000000e+00 1.346935634501278400e-03
1.000000000000000000e+00 1.185270841233432293e-03
1.000000000000000000e+00 8.617590647190809250e-04
1.000000000000000000e+00 6.210245192050933838e-04
1.000000000000000000e+00 9.509053197689354420e-04
1.000000000000000000e+00 8.215510169975459576e-04
1.000000000000000000e+00 8.210407942533493042e-02
0.000000000000000000e+00 7.085522264242172241e-02
0.000000000000000000e+00 4.932980611920356750e-02
0.000000000000000000e+00 3.869463503360748291e-02
0.000000000000000000e+00 3.705102950334548950e-02
0.000000000000000000e+00 3.639014065265655518e-02
0.000000000000000000e+00 2.323295176029205322e-02
0.000000000000000000e+00 2.590684220194816589e-02
0.000000000000000000e+00 1.739994995296001434e-02
0.000000000000000000e+00 1.764746382832527161e-02
0.000000000000000000e+00 1.947259157896041870e-02
0.000000000000000000e+00 1.222415734082460403e-02
0.000000000000000000e+00 1.299922540783882141e-02
0.000000000000000000e+00 1.402503345161676407e-02
0.000000000000000000e+00 1.079981308430433273e-02
0.000000000000000000e+00 1.257728971540927887e-02
0.000000000000000000e+00 1.344746630638837814e-02
0.000000000000000000e+00 1.149876322597265244e-02
0.000000000000000000e+00 8.306184783577919006e-03
0.000000000000000000e+00 9.667454287409782410e-03
0.000000000000000000e+00 5.585227627307176590e-03
0.000000000000000000e+00 4.933029878884553909e-03
0.000000000000000000e+00 3.391392761841416359e-03
0.000000000000000000e+00 2.478376496583223343e-03
0.000000000000000000e+00 1.888300757855176926e-03
0.000000000000000000e+00 1.599351642653346062e-03
0.000000000000000000e+00 1.403517788276076317e-03
0.000000000000000000e+00 1.393431914038956165e-03
0.000000000000000000e+00 1.381689682602882385e-03
0.000000000000000000e+00 1.273732283152639866e-03
0.000000000000000000e+00 2.302031498402357101e-03
0.000000000000000000e+00 1.750577590428292751e-03
0.000000000000000000e+00 1.835080678574740887e-03
0.000000000000000000e+00 1.589464838616549969e-03
0.000000000000000000e+00 2.257809741422533989e-03
0.000000000000000000e+00 1.311132684350013733e-03
0.000000000000000000e+00 1.376148429699242115e-03
0.000000000000000000e+00 1.244258251972496510e-03
0.000000000000000000e+00 1.267140032723546028e-03
0.000000000000000000e+00 1.556817791424691677e-03
0.000000000000000000e+00 1.581095741130411625e-03
0.000000000000000000e+00 1.292221713811159134e-03
0.000000000000000000e+00 1.646455610170960426e-03
0.000000000000000000e+00 1.083251321688294411e-03
0.000000000000000000e+00 1.551696332171559334e-03
0.000000000000000000e+00 2.172954678535461426e-01
0.000000000000000000e+00 2.071714252233505249e-01
0.000000000000000000e+00 1.567360311746597290e-01
0.000000000000000000e+00 1.917039901018142700e-01
0.000000000000000000e+00 1.219313293695449829e-01
0.000000000000000000e+00 1.180975139141082764e-01
0.000000000000000000e+00 9.244163334369659424e-02
0.000000000000000000e+00 1.022451072931289673e-01
0.000000000000000000e+00 8.812599629163742065e-02
0.000000000000000000e+00 1.087976098060607910e-01
0.000000000000000000e+00 7.492201030254364014e-02
0.000000000000000000e+00 9.345058351755142212e-02
0.000000000000000000e+00 1.091815158724784851e-01
0.000000000000000000e+00 7.322102040052413940e-02
0.000000000000000000e+00 7.685536891222000122e-02
0.000000000000000000e+00 6.279440224170684814e-02
0.000000000000000000e+00 6.500662863254547119e-02
0.000000000000000000e+00 5.101594328880310059e-02
0.000000000000000000e+00 4.514724388718605042e-02
0.000000000000000000e+00 2.811465598642826080e-02
0.000000000000000000e+00 2.503393962979316711e-02
0.000000000000000000e+00 1.381790731102228165e-02
0.000000000000000000e+00 1.125980820506811142e-02
0.000000000000000000e+00 9.264493361115455627e-03
0.000000000000000000e+00 1.400478463619947433e-02
0.000000000000000000e+00 6.699346471577882767e-03
0.000000000000000000e+00 6.649485789239406586e-03
0.000000000000000000e+00 4.821715876460075378e-03
0.000000000000000000e+00 7.473217323422431946e-03
0.000000000000000000e+00 4.422430880367755890e-03
0.000000000000000000e+00 4.664615727961063385e-03
0.000000000000000000e+00 4.709308966994285583e-03
0.000000000000000000e+00 4.901980515569448471e-03
0.000000000000000000e+00 4.985490348190069199e-03
0.000000000000000000e+00 4.526207689195871353e-03
0.000000000000000000e+00 5.483548156917095184e-03
0.000000000000000000e+00 5.906346719712018967e-03
0.000000000000000000e+00 8.171066641807556152e-03
0.000000000000000000e+00 6.495066452771425247e-03
0.000000000000000000e+00 6.437931675463914871e-03
0.000000000000000000e+00 5.848502274602651596e-03
0.000000000000000000e+00 8.307147771120071411e-03
0.000000000000000000e+00 6.845304276794195175e-03
0.000000000000000000e+00 6.957173813134431839e-03
0.000000000000000000e+00 9.113753214478492737e-03
0.000000000000000000e+00 2.511695623397827148e-01
0.000000000000000000e+00 1.368484646081924438e-01
0.000000000000000000e+00 1.297368407249450684e-01
0.000000000000000000e+00 1.006270945072174072e-01
0.000000000000000000e+00 8.468065410852432251e-02
0.000000000000000000e+00 7.951634377241134644e-02
0.000000000000000000e+00 6.014727056026458740e-02
0.000000000000000000e+00 7.343465834856033325e-02
0.000000000000000000e+00 6.121680140495300293e-02
0.000000000000000000e+00 6.106118485331535339e-02
0.000000000000000000e+00 5.514254048466682434e-02
0.000000000000000000e+00 5.906705558300018311e-02
0.000000000000000000e+00 5.373994633555412292e-02
0.000000000000000000e+00 7.156944274902343750e-02
0.000000000000000000e+00 7.986231893301010132e-02
0.000000000000000000e+00 6.689170002937316895e-02
0.000000000000000000e+00 4.079903662204742432e-02
0.000000000000000000e+00 4.120912030339241028e-02
0.000000000000000000e+00 3.311760723590850830e-02
0.000000000000000000e+00 2.229055017232894897e-02
0.000000000000000000e+00 1.925989426672458649e-02
0.000000000000000000e+00 2.229273319244384766e-02
0.000000000000000000e+00 2.127790637314319611e-02
0.000000000000000000e+00 2.189314365386962891e-02
0.000000000000000000e+00 7.530230097472667694e-03
0.000000000000000000e+00 1.300318446010351181e-02
0.000000000000000000e+00 1.458289381116628647e-02
0.000000000000000000e+00 9.865568950772285461e-03
0.000000000000000000e+00 1.056767627596855164e-02
0.000000000000000000e+00 1.099288184195756912e-02
0.000000000000000000e+00 1.747138053178787231e-02
0.000000000000000000e+00 1.209509093314409256e-02
0.000000000000000000e+00 1.569166965782642365e-02
0.000000000000000000e+00 1.388673763722181320e-02
0.000000000000000000e+00 1.213350240141153336e-02
0.000000000000000000e+00 1.629102788865566254e-02
0.000000000000000000e+00 1.284332852810621262e-02
0.000000000000000000e+00 1.804742403328418732e-02
0.000000000000000000e+00 1.463699620217084885e-02
0.000000000000000000e+00 1.519105210900306702e-02
0.000000000000000000e+00 1.380763109773397446e-02
0.000000000000000000e+00 1.659479551017284393e-02
0.000000000000000000e+00 2.092792280018329620e-02
0.000000000000000000e+00 1.747730746865272522e-02
0.000000000000000000e+00 1.947305724024772644e-02
0.000000000000000000e+00 8.528362512588500977e-01
0.000000000000000000e+00 8.056170344352722168e-01
0.000000000000000000e+00 7.575896382331848145e-01
0.000000000000000000e+00 6.475173830986022949e-01
0.000000000000000000e+00 6.277603507041931152e-01
0.000000000000000000e+00 4.837834835052490234e-01
0.000000000000000000e+00 4.642989635467529297e-01
0.000000000000000000e+00 3.680694103240966797e-01
0.000000000000000000e+00 3.885486423969268799e-01
0.000000000000000000e+00 3.800593316555023193e-01
0.000000000000000000e+00 4.284559190273284912e-01
0.000000000000000000e+00 3.509646952152252197e-01
0.000000000000000000e+00 3.661876618862152100e-01
0.000000000000000000e+00 3.985043466091156006e-01
0.000000000000000000e+00 3.673008978366851807e-01
0.000000000000000000e+00 3.286451697349548340e-01
0.000000000000000000e+00 2.040113359689712524e-01
0.000000000000000000e+00 1.948651075363159180e-01
0.000000000000000000e+00 1.476702690124511719e-01
0.000000000000000000e+00 7.174260169267654419e-02
0.000000000000000000e+00 3.679719939827919006e-02
0.000000000000000000e+00 2.287936396896839142e-02
0.000000000000000000e+00 2.674219384789466858e-02
0.000000000000000000e+00 1.488054078072309494e-02
0.000000000000000000e+00 1.232264656573534012e-02
0.000000000000000000e+00 1.138337887823581696e-02
0.000000000000000000e+00 1.047954894602298737e-02
0.000000000000000000e+00 7.033738307654857635e-03
0.000000000000000000e+00 1.078588049858808517e-02
0.000000000000000000e+00 6.243234965950250626e-03
0.000000000000000000e+00 8.306781761348247528e-03
0.000000000000000000e+00 7.308041211217641830e-03
0.000000000000000000e+00 6.637512240558862686e-03
0.000000000000000000e+00 9.060687385499477386e-03
0.000000000000000000e+00 9.103153832256793976e-03
0.000000000000000000e+00 8.574415929615497589e-03
0.000000000000000000e+00 9.294184856116771698e-03
0.000000000000000000e+00 9.119581431150436401e-03
0.000000000000000000e+00 8.771236985921859741e-03
0.000000000000000000e+00 6.717581767588853836e-03
0.000000000000000000e+00 8.590978570282459259e-03
0.000000000000000000e+00 1.045296993106603622e-02
0.000000000000000000e+00 1.031582336872816086e-02
0.000000000000000000e+00 8.637568913400173187e-03
0.000000000000000000e+00 1.002604793757200241e-02
0.000000000000000000e+00 8.407686948776245117e-01
1.000000000000000000e+00 8.308301568031311035e-01
0.000000000000000000e+00 8.421988487243652344e-01
0.000000000000000000e+00 9.026390910148620605e-01
0.000000000000000000e+00 8.720574378967285156e-01
0.000000000000000000e+00 8.999421000480651855e-01
0.000000000000000000e+00 9.144061207771301270e-01
0.000000000000000000e+00 9.036675691604614258e-01
0.000000000000000000e+00 9.057521224021911621e-01
0.000000000000000000e+00 8.940488100051879883e-01
0.000000000000000000e+00 8.675211668014526367e-01
0.000000000000000000e+00 8.419370055198669434e-01
0.000000000000000000e+00 8.748945593833923340e-01
1.000000000000000000e+00 8.594517111778259277e-01
1.000000000000000000e+00 8.834363222122192383e-01
1.000000000000000000e+00 8.546908497810363770e-01
1.000000000000000000e+00 8.713317513465881348e-01
1.000000000000000000e+00 8.365560770034790039e-01
1.000000000000000000e+00 8.529152870178222656e-01
1.000000000000000000e+00 7.951791286468505859e-01
1.000000000000000000e+00 8.390865325927734375e-01
1.000000000000000000e+00 8.348587155342102051e-01
1.000000000000000000e+00 8.033913373947143555e-01
1.000000000000000000e+00 8.412696123123168945e-01
1.000000000000000000e+00 8.082942366600036621e-01
1.000000000000000000e+00 8.287369608879089355e-01
0.000000000000000000e+00 8.100144267082214355e-01
0.000000000000000000e+00 7.969710230827331543e-01
0.000000000000000000e+00 7.689570188522338867e-01
0.000000000000000000e+00 7.859600782394409180e-01
0.000000000000000000e+00 8.495323061943054199e-01
0.000000000000000000e+00 8.597400784492492676e-01
0.000000000000000000e+00 8.645409345626831055e-01
0.000000000000000000e+00 9.025093913078308105e-01
0.000000000000000000e+00 9.043024778366088867e-01
0.000000000000000000e+00 9.179323315620422363e-01
0.000000000000000000e+00 9.272140264511108398e-01
0.000000000000000000e+00 9.328987598419189453e-01
0.000000000000000000e+00 9.405502676963806152e-01
0.000000000000000000e+00 9.198797345161437988e-01
0.000000000000000000e+00 9.200958609580993652e-01
0.000000000000000000e+00 9.150504469871520996e-01
0.000000000000000000e+00 9.243159294128417969e-01
0.000000000000000000e+00 9.024646878242492676e-01
0.000000000000000000e+00 8.152289986610412598e-01
0.000000000000000000e+00 4.007677081972360611e-03
0.000000000000000000e+00 1.706715789623558521e-03
0.000000000000000000e+00 7.842155755497515202e-04
0.000000000000000000e+00 7.756238337606191635e-04
0.000000000000000000e+00 6.312283803708851337e-04
0.000000000000000000e+00 6.571194971911609173e-04
0.000000000000000000e+00 4.270421923138201237e-04
0.000000000000000000e+00 3.889435320161283016e-04
0.000000000000000000e+00 4.410680849105119705e-04
0.000000000000000000e+00 3.331608895678073168e-04
0.000000000000000000e+00 5.615890258923172951e-04
1.000000000000000000e+00 4.383264749776571989e-04
0.000000000000000000e+00 4.668707551900297403e-04
1.000000000000000000e+00 3.870807413477450609e-04
1.000000000000000000e+00 4.018940380774438381e-04
1.000000000000000000e+00 2.526875759940594435e-04
1.000000000000000000e+00 1.315281406277790666e-04
1.000000000000000000e+00 8.122406870825216174e-05
1.000000000000000000e+00 1.067290795617736876e-04
1.000000000000000000e+00 4.719771823147311807e-05
1.000000000000000000e+00 5.001668614568188787e-05
1.000000000000000000e+00 6.130769179435446858e-05
1.000000000000000000e+00 5.118077024235390127e-05
1.000000000000000000e+00 2.377932105446234345e-05
1.000000000000000000e+00 7.527688467234838754e-06
0.000000000000000000e+00 1.435252579540247098e-05
0.000000000000000000e+00 7.782114153087604791e-06
0.000000000000000000e+00 6.245152235351270065e-06
0.000000000000000000e+00 5.109151516080601141e-06
0.000000000000000000e+00 2.888750941565376706e-06
0.000000000000000000e+00 2.010293883358826861e-06
0.000000000000000000e+00 1.762693386808678042e-06
0.000000000000000000e+00 1.229062490892829373e-06
1.000000000000000000e+00 7.765439704598975368e-07
0.000000000000000000e+00 1.100294412026414648e-06
0.000000000000000000e+00 8.962701940617989749e-07
0.000000000000000000e+00 1.013990754472615663e-06
0.000000000000000000e+00 1.133404111897107214e-06
0.000000000000000000e+00 1.993400474020745605e-06
0.000000000000000000e+00 4.016071670776000246e-06
0.000000000000000000e+00 8.850963240547571331e-06
0.000000000000000000e+00 7.250674570968840271e-06
0.000000000000000000e+00 9.830994713411200792e-06
0.000000000000000000e+00 1.545127452118322253e-05
0.000000000000000000e+00 7.747882773401215672e-05
0.000000000000000000e+00 5.914444327354431152e-01
0.000000000000000000e+00 2.989560365676879883e-01
1.000000000000000000e+00 5.256677865982055664e-01
0.000000000000000000e+00 3.062186241149902344e-01
0.000000000000000000e+00 2.800353169441223145e-01
0.000000000000000000e+00 5.908756256103515625e-01
0.000000000000000000e+00 4.552157819271087646e-01
0.000000000000000000e+00 4.678010344505310059e-01
0.000000000000000000e+00 4.062154889106750488e-01
0.000000000000000000e+00 2.726645171642303467e-01
0.000000000000000000e+00 3.242533802986145020e-01
1.000000000000000000e+00 5.485845208168029785e-01
1.000000000000000000e+00 4.480415880680084229e-01
1.000000000000000000e+00 3.299380838871002197e-01
1.000000000000000000e+00 5.668576359748840332e-01
1.000000000000000000e+00 4.910663068294525146e-01
1.000000000000000000e+00 6.113552451133728027e-01
1.000000000000000000e+00 7.069705724716186523e-01
1.000000000000000000e+00 7.491453289985656738e-01
1.000000000000000000e+00 7.491651773452758789e-01
1.000000000000000000e+00 7.968332767486572266e-01
1.000000000000000000e+00 8.353114128112792969e-01
1.000000000000000000e+00 8.547523617744445801e-01
1.000000000000000000e+00 8.789687752723693848e-01
1.000000000000000000e+00 7.990324497222900391e-01
1.000000000000000000e+00 7.982835173606872559e-01
0.000000000000000000e+00 6.593018770217895508e-01
0.000000000000000000e+00 5.596364736557006836e-01
0.000000000000000000e+00 6.185926198959350586e-01
0.000000000000000000e+00 4.674270153045654297e-01
0.000000000000000000e+00 4.465843439102172852e-01
0.000000000000000000e+00 3.473964929580688477e-01
0.000000000000000000e+00 2.553941905498504639e-01
0.000000000000000000e+00 2.400838434696197510e-01
0.000000000000000000e+00 2.237637639045715332e-01
0.000000000000000000e+00 2.103974372148513794e-01
0.000000000000000000e+00 2.093405276536941528e-01
0.000000000000000000e+00 1.905750483274459839e-01
0.000000000000000000e+00 1.636733263731002808e-01
0.000000000000000000e+00 1.921449750661849976e-01
0.000000000000000000e+00 1.696189939975738525e-01
0.000000000000000000e+00 1.467891484498977661e-01
0.000000000000000000e+00 7.469546049833297729e-02
0.000000000000000000e+00 4.311681911349296570e-02
0.000000000000000000e+00 3.510569036006927490e-02
