0.000000000000000000e+00 9.192879199981689453e-01
1.000000000000000000e+00 9.180866479873657227e-01
1.000000000000000000e+00 9.052734971046447754e-01
1.000000000000000000e+00 9.101750254631042480e-01
0.000000000000000000e+00 8.583880066871643066e-01
0.000000000000000000e+00 9.221572279930114746e-01
0.000000000000000000e+00 9.126841425895690918e-01
0.000000000000000000e+00 9.033231139183044434e-01
0.000000000000000000e+00 9.046919941902160645e-01
0.000000000000000000e+00 9.067289233207702637e-01
0.000000000000000000e+00 9.147840142250061035e-01
0.000000000000000000e+00 8.998532295227050781e-01
0.000000000000000000e+00 8.671123385429382324e-01
1.000000000000000000e+00 9.062897562980651855e-01
1.000000000000000000e+00 9.107768535614013672e-01
1.000000000000000000e+00 9.026791453361511230e-01
1.000000000000000000e+00 9.011301398277282715e-01
1.000000000000000000e+00 8.783827424049377441e-01
1.000000000000000000e+00 9.026379585266113281e-01
1.000000000000000000e+00 8.742451071739196777e-01
1.000000000000000000e+00 8.821776509284973145e-01
1.000000000000000000e+00 8.689007163047790527e-01
1.000000000000000000e+00 8.334919214248657227e-01
1.000000000000000000e+00 8.726040720939636230e-01
1.000000000000000000e+00 7.964292764663696289e-01
1.000000000000000000e+00 6.940447092056274414e-01
1.000000000000000000e+00 6.596387028694152832e-01
1.000000000000000000e+00 5.503156781196594238e-01
0.000000000000000000e+00 3.216670751571655273e-01
0.000000000000000000e+00 2.764221131801605225e-01
0.000000000000000000e+00 1.163205355405807495e-01
0.000000000000000000e+00 6.678971648216247559e-02
0.000000000000000000e+00 4.777276515960693359e-02
0.000000000000000000e+00 3.757417574524879456e-02
0.000000000000000000e+00 1.514456886798143387e-02
0.000000000000000000e+00 9.899690747261047363e-03
0.000000000000000000e+00 4.186370875686407089e-03
0.000000000000000000e+00 3.540815552696585655e-03
1.000000000000000000e+00 3.256138414144515991e-03
1.000000000000000000e+00 2.163839992135763168e-03
1.000000000000000000e+00 1.138367108069360256e-03
1.000000000000000000e+00 9.394801454618573189e-04
1.000000000000000000e+00 8.058758685365319252e-04
1.000000000000000000e+00 7.250409689731895924e-04
1.000000000000000000e+00 6.132085109129548073e-04
1.000000000000000000e+00 2.871581017971038818e-01
0.000000000000000000e+00 1.823683232069015503e-01
0.000000000000000000e+00 1.506819725036621094e-01
0.000000000000000000e+00 1.277302652597427368e-01
0.000000000000000000e+00 8.021397143602371216e-02
0.000000000000000000e+00 5.177272111177444458e-02
0.000000000000000000e+00 4.031173139810562134e-02
0.000000000000000000e+00 3.895778581500053406e-02
0.000000000000000000e+00 2.991098538041114807e-02
0.000000000000000000e+00 2.757037803530693054e-02
0.000000000000000000e+00 2.326700277626514435e-02
0.000000000000000000e+00 1.866418682038784027e-02
0.000000000000000000e+00 1.393796503543853760e-02
0.000000000000000000e+00 1.347139198333024979e-02
0.000000000000000000e+00 9.165945462882518768e-03
0.000000000000000000e+00 8.216106332838535309e-03
0.000000000000000000e+00 5.171904806047677994e-03
0.000000000000000000e+00 4.356800112873315811e-03
0.000000000000000000e+00 3.367023775354027748e-03
0.000000000000000000e+00 2.743118209764361382e-03
0.000000000000000000e+00 2.247379859909415245e-03
0.000000000000000000e+00 2.648968482390046120e-03
0.000000000000000000e+00 2.105958759784698486e-03
0.000000000000000000e+00 2.047239337116479874e-03
0.000000000000000000e+00 2.590363379567861557e-03
0.000000000000000000e+00 1.948483870364725590e-03
0.000000000000000000e+00 2.765793353319168091e-03
0.000000000000000000e+00 4.044641740620136261e-03
0.000000000000000000e+00 3.530257381498813629e-03
0.000000000000000000e+00 2.685758052393794060e-03
0.000000000000000000e+00 4.041799809783697128e-03
0.000000000000000000e+00 3.021525219082832336e-03
0.000000000000000000e+00 4.505222197622060776e-03
0.000000000000000000e+00 3.658870933577418327e-03
0.000000000000000000e+00 4.090543836355209351e-03
0.000000000000000000e+00 3.289559856057167053e-03
0.000000000000000000e+00 3.683587303385138512e-03
0.000000000000000000e+00 5.056732334196567535e-03
0.000000000000000000e+00 4.320242907851934433e-03
0.000000000000000000e+00 4.069335758686065674e-03
0.000000000000000000e+00 4.860152024775743484e-03
0.000000000000000000e+00 4.935277625918388367e-03
0.000000000000000000e+00 3.368355333805084229e-03
0.000000000000000000e+00 5.047176498919725418e-03
0.000000000000000000e+00 3.927279263734817505e-03
0.000000000000000000e+00 2.304820418357849121e-01
0.000000000000000000e+00 2.172260731458663940e-01
0.000000000000000000e+00 1.988015770912170410e-01
0.000000000000000000e+00 1.700630038976669312e-01
0.000000000000000000e+00 1.525703817605972290e-01
0.000000000000000000e+00 1.323898136615753174e-01
0.000000000000000000e+00 1.113962158560752869e-01
0.000000000000000000e+00 9.550017118453979492e-02
0.000000000000000000e+00 1.255749464035034180e-01
0.000000000000000000e+00 8.780071139335632324e-02
0.000000000000000000e+00 8.963669836521148682e-02
0.000000000000000000e+00 9.421252459287643433e-02
0.000000000000000000e+00 7.714357972145080566e-02
0.000000000000000000e+00 5.265028029680252075e-02
0.000000000000000000e+00 5.384737253189086914e-02
0.000000000000000000e+00 4.696616530418395996e-02
0.000000000000000000e+00 4.294179007411003113e-02
0.000000000000000000e+00 3.881363943219184875e-02
0.000000000000000000e+00 3.088163398206233978e-02
0.000000000000000000e+00 2.581871300935745239e-02
0.000000000000000000e+00 2.150053903460502625e-02
0.000000000000000000e+00 2.377507090568542480e-02
0.000000000000000000e+00 2.244753576815128326e-02
0.000000000000000000e+00 2.307655476033687592e-02
0.000000000000000000e+00 1.443844474852085114e-02
0.000000000000000000e+00 2.414446882903575897e-02
0.000000000000000000e+00 1.619101129472255707e-02
0.000000000000000000e+00 1.522274408489465714e-02
0.000000000000000000e+00 1.479791477322578430e-02
0.000000000000000000e+00 1.540450472384691238e-02
0.000000000000000000e+00 1.164052821695804596e-02
0.000000000000000000e+00 1.087233517318964005e-02
0.000000000000000000e+00 1.267218403518199921e-02
0.000000000000000000e+00 1.088182535022497177e-02
0.000000000000000000e+00 1.010321639478206635e-02
0.000000000000000000e+00 1.135680358856916428e-02
0.000000000000000000e+00 1.289448235183954239e-02
0.000000000000000000e+00 1.125268545001745224e-02
0.000000000000000000e+00 1.529642567038536072e-02
0.000000000000000000e+00 1.471438631415367126e-02
0.000000000000000000e+00 1.568360812962055206e-02
0.000000000000000000e+00 1.626407355070114136e-02
0.000000000000000000e+00 1.616561599075794220e-02
0.000000000000000000e+00 1.860677637159824371e-02
0.000000000000000000e+00 2.030839398503303528e-02
0.000000000000000000e+00 1.190847903490066528e-01
0.000000000000000000e+00 7.443135976791381836e-02
0.000000000000000000e+00 6.623819470405578613e-02
0.000000000000000000e+00 6.218906864523887634e-02
0.000000000000000000e+00 6.448339670896530151e-02
0.000000000000000000e+00 6.382971256971359253e-02
0.000000000000000000e+00 6.114510819315910339e-02
0.000000000000000000e+00 5.428873747587203979e-02
0.000000000000000000e+00 6.241635233163833618e-02
0.000000000000000000e+00 5.236402153968811035e-02
0.000000000000000000e+00 7.718552649021148682e-02
0.000000000000000000e+00 6.711749732494354248e-02
0.000000000000000000e+00 6.225419417023658752e-02
0.000000000000000000e+00 8.168353140354156494e-02
0.000000000000000000e+00 5.831447243690490723e-02
0.000000000000000000e+00 8.200181275606155396e-02
0.000000000000000000e+00 4.958460852503776550e-02
0.000000000000000000e+00 4.718864709138870239e-02
0.000000000000000000e+00 4.941291734576225281e-02
0.000000000000000000e+00 5.571061745285987854e-02
0.000000000000000000e+00 4.874631762504577637e-02
0.000000000000000000e+00 4.398966580629348755e-02
0.000000000000000000e+00 4.255698621273040771e-02
0.000000000000000000e+00 3.620909526944160461e-02
0.000000000000000000e+00 2.932315506041049957e-02
0.000000000000000000e+00 5.411218106746673584e-02
0.000000000000000000e+00 6.133046373724937439e-02
0.000000000000000000e+00 5.319327116012573242e-02
0.000000000000000000e+00 4.943013936281204224e-02
0.000000000000000000e+00 5.806316062808036804e-02
0.000000000000000000e+00 5.041383951902389526e-02
0.000000000000000000e+00 6.025366112589836121e-02
0.000000000000000000e+00 7.343048602342605591e-02
0.000000000000000000e+00 6.808274984359741211e-02
0.000000000000000000e+00 6.424251198768615723e-02
0.000000000000000000e+00 4.262001812458038330e-02
0.000000000000000000e+00 5.928850919008255005e-02
0.000000000000000000e+00 5.475283414125442505e-02
0.000000000000000000e+00 5.988271161913871765e-02
0.000000000000000000e+00 6.660663336515426636e-02
0.000000000000000000e+00 6.124462187290191650e-02
0.000000000000000000e+00 6.451758742332458496e-02
0.000000000000000000e+00 7.105351239442825317e-02
0.000000000000000000e+00 7.594311982393264771e-02
0.000000000000000000e+00 7.586770504713058472e-02
0.000000000000000000e+00 6.875317692756652832e-01
0.000000000000000000e+00 6.097675561904907227e-01
0.000000000000000000e+00 5.446942448616027832e-01
0.000000000000000000e+00 5.153177976608276367e-01
0.000000000000000000e+00 5.235745310783386230e-01
0.000000000000000000e+00 5.414125919342041016e-01
0.000000000000000000e+00 4.982494115829467773e-01
0.000000000000000000e+00 4.715350270271301270e-01
0.000000000000000000e+00 5.180663466453552246e-01
0.000000000000000000e+00 5.471532344818115234e-01
0.000000000000000000e+00 5.323783159255981445e-01
0.000000000000000000e+00 4.606196582317352295e-01
0.000000000000000000e+00 4.756285846233367920e-01
0.000000000000000000e+00 5.532845258712768555e-01
0.000000000000000000e+00 5.904732346534729004e-01
0.000000000000000000e+00 5.148599743843078613e-01
0.000000000000000000e+00 5.242246389389038086e-01
0.000000000000000000e+00 4.978248775005340576e-01
0.000000000000000000e+00 2.300816625356674194e-01
0.000000000000000000e+00 1.689044982194900513e-01
0.000000000000000000e+00 4.696500301361083984e-02
0.000000000000000000e+00 4.214397072792053223e-02
0.000000000000000000e+00 5.706818774342536926e-02
0.000000000000000000e+00 2.711027860641479492e-02
0.000000000000000000e+00 2.740320935845375061e-02
0.000000000000000000e+00 2.088508382439613342e-02
0.000000000000000000e+00 2.131496742367744446e-02
0.000000000000000000e+00 1.571270264685153961e-02
0.000000000000000000e+00 1.904940232634544373e-02
0.000000000000000000e+00 2.035889029502868652e-02
0.000000000000000000e+00 1.328117772936820984e-02
0.000000000000000000e+00 1.524966023862361908e-02
0.000000000000000000e+00 2.385330200195312500e-02
0.000000000000000000e+00 1.074321754276752472e-02
0.000000000000000000e+00 1.175032462924718857e-02
0.000000000000000000e+00 2.131888642907142639e-02
0.000000000000000000e+00 1.568307727575302124e-02
0.000000000000000000e+00 9.732661768794059753e-03
0.000000000000000000e+00 1.821708306670188904e-02
0.000000000000000000e+00 8.314590901136398315e-03
0.000000000000000000e+00 1.152739487588405609e-02
0.000000000000000000e+00 1.027762051671743393e-02
0.000000000000000000e+00 1.183092407882213593e-02
0.000000000000000000e+00 9.853381663560867310e-03
0.000000000000000000e+00 1.231947820633649826e-02
0.000000000000000000e+00 8.254076242446899414e-01
1.000000000000000000e+00 8.367179036140441895e-01
0.000000000000000000e+00 8.335011601448059082e-01
0.000000000000000000e+00 8.647635579109191895e-01
0.000000000000000000e+00 9.028545022010803223e-01
0.000000000000000000e+00 9.288724660873413086e-01
0.000000000000000000e+00 9.132244586944580078e-01
0.000000000000000000e+00 9.414920210838317871e-01
0.000000000000000000e+00 9.140138626098632812e-01
0.000000000000000000e+00 8.910313248634338379e-01
0.000000000000000000e+00 8.726358413696289062e-01
0.000000000000000000e+00 8.542726635932922363e-01
0.000000000000000000e+00 8.381040096282958984e-01
1.000000000000000000e+00 8.368794322013854980e-01
1.000000000000000000e+00 8.748900890350341797e-01
1.000000000000000000e+00 8.615207672119140625e-01
1.000000000000000000e+00 8.128176927566528320e-01
1.000000000000000000e+00 8.236226439476013184e-01
1.000000000000000000e+00 8.007688522338867188e-01
1.000000000000000000e+00 7.998552322387695312e-01
1.000000000000000000e+00 8.091760277748107910e-01
1.000000000000000000e+00 8.075050711631774902e-01
1.000000000000000000e+00 8.156695961952209473e-01
1.000000000000000000e+00 7.998651266098022461e-01
1.000000000000000000e+00 8.028603196144104004e-01
1.000000000000000000e+00 7.928922176361083984e-01
0.000000000000000000e+00 7.690280079841613770e-01
0.000000000000000000e+00 7.748493552207946777e-01
0.000000000000000000e+00 7.164652943611145020e-01
0.000000000000000000e+00 6.928830742835998535e-01
0.000000000000000000e+00 7.110510468482971191e-01
0.000000000000000000e+00 7.210553288459777832e-01
0.000000000000000000e+00 7.290006875991821289e-01
0.000000000000000000e+00 7.455108165740966797e-01
0.000000000000000000e+00 7.555721402168273926e-01
0.000000000000000000e+00 7.508949041366577148e-01
0.000000000000000000e+00 7.644648551940917969e-01
0.000000000000000000e+00 7.648738026618957520e-01
0.000000000000000000e+00 7.786795496940612793e-01
0.000000000000000000e+00 7.644888162612915039e-01
0.000000000000000000e+00 7.725422978401184082e-01
0.000000000000000000e+00 7.747724652290344238e-01
0.000000000000000000e+00 7.463260293006896973e-01
0.000000000000000000e+00 7.018717527389526367e-01
0.000000000000000000e+00 6.838153004646301270e-01
0.000000000000000000e+00 6.451286026276648045e-05
0.000000000000000000e+00 2.339366255910135806e-05
0.000000000000000000e+00 1.198263817059341818e-05
0.000000000000000000e+00 1.426335620635654777e-05
0.000000000000000000e+00 2.293585930601693690e-05
0.000000000000000000e+00 1.318390332016861066e-05
0.000000000000000000e+00 3.876684331771684811e-06
0.000000000000000000e+00 7.305326562345726416e-06
0.000000000000000000e+00 3.903625383827602491e-06
0.000000000000000000e+00 5.077089554106350988e-06
0.000000000000000000e+00 9.984674761653877795e-06
1.000000000000000000e+00 5.220085768087301403e-06
0.000000000000000000e+00 3.478646249277517200e-06
1.000000000000000000e+00 5.365169272408820689e-06
1.000000000000000000e+00 3.961794845963595435e-06
1.000000000000000000e+00 3.223823114240076393e-06
1.000000000000000000e+00 3.549465873220469803e-06
1.000000000000000000e+00 2.403403186690411530e-06
1.000000000000000000e+00 1.672600433266779874e-06
1.000000000000000000e+00 1.276524358218011912e-06
1.000000000000000000e+00 1.262079649677616544e-06
1.000000000000000000e+00 1.646650275688443799e-06
1.000000000000000000e+00 1.519393549642700236e-06
1.000000000000000000e+00 1.556125198476365767e-06
1.000000000000000000e+00 3.731273068297014106e-07
0.000000000000000000e+00 4.416015713104570750e-07
0.000000000000000000e+00 4.477121535728656454e-07
0.000000000000000000e+00 3.999930697773379507e-07
0.000000000000000000e+00 8.313955959238228388e-07
0.000000000000000000e+00 3.686694753923802637e-07
0.000000000000000000e+00 1.106823788177280221e-06
0.000000000000000000e+00 1.219332602886424866e-06
0.000000000000000000e+00 1.784728851816907991e-06
1.000000000000000000e+00 2.946920176327694207e-06
0.000000000000000000e+00 4.652527877624379471e-06
0.000000000000000000e+00 1.004457681119674817e-05
0.000000000000000000e+00 1.335376782662933692e-05
0.000000000000000000e+00 3.986003866884857416e-05
0.000000000000000000e+00 1.085179246729239821e-04
0.000000000000000000e+00 1.153854682343080640e-04
0.000000000000000000e+00 3.622849762905389071e-04
0.000000000000000000e+00 1.151049742475152016e-03
0.000000000000000000e+00 5.366274272091686726e-04
0.000000000000000000e+00 2.957121003419160843e-03
0.000000000000000000e+00 2.125145168974995613e-03
0.000000000000000000e+00 4.888790547847747803e-01
0.000000000000000000e+00 6.012941598892211914e-01
1.000000000000000000e+00 6.675497293472290039e-01
0.000000000000000000e+00 6.413406133651733398e-01
0.000000000000000000e+00 4.549668729305267334e-01
0.000000000000000000e+00 6.820776462554931641e-01
0.000000000000000000e+00 5.401546359062194824e-01
0.000000000000000000e+00 4.578347206115722656e-01
0.000000000000000000e+00 6.192275881767272949e-01
0.000000000000000000e+00 6.089582443237304688e-01
0.000000000000000000e+00 7.661483287811279297e-01
1.000000000000000000e+00 7.992128133773803711e-01
1.000000000000000000e+00 7.851452231407165527e-01
1.000000000000000000e+00 8.416175246238708496e-01
1.000000000000000000e+00 8.574951887130737305e-01
1.000000000000000000e+00 8.726395368576049805e-01
1.000000000000000000e+00 8.955297470092773438e-01
1.000000000000000000e+00 9.166399240493774414e-01
1.000000000000000000e+00 9.236357808113098145e-01
1.000000000000000000e+00 9.398488998413085938e-01
1.000000000000000000e+00 9.065874814987182617e-01
1.000000000000000000e+00 9.055922627449035645e-01
1.000000000000000000e+00 8.584956526756286621e-01
1.000000000000000000e+00 8.820465803146362305e-01
1.000000000000000000e+00 8.164178729057312012e-01
1.000000000000000000e+00 8.138512372970581055e-01
0.000000000000000000e+00 6.892759203910827637e-01
0.000000000000000000e+00 5.515861511230468750e-01
0.000000000000000000e+00 4.991894960403442383e-01
0.000000000000000000e+00 3.863613903522491455e-01
0.000000000000000000e+00 3.095090687274932861e-01
0.000000000000000000e+00 2.078145295381546021e-01
0.000000000000000000e+00 1.979450136423110962e-01
0.000000000000000000e+00 2.086064964532852173e-01
0.000000000000000000e+00 2.178727239370346069e-01
0.000000000000000000e+00 2.053448408842086792e-01
0.000000000000000000e+00 2.418593168258666992e-01
0.000000000000000000e+00 2.053083777427673340e-01
0.000000000000000000e+00 2.498854994773864746e-01
0.000000000000000000e+00 2.723114788532257080e-01
0.000000000000000000e+00 2.329881489276885986e-01
0.000000000000000000e+00 2.254963815212249756e-01
0.000000000000000000e+00 1.344257742166519165e-01
0.000000000000000000e+00 1.072217747569084167e-01
0.000000000000000000e+00 4.896272718906402588e-02
