0.000000000000000000e+00 4.271209612488746643e-02
0.000000000000000000e+00 7.934330031275749207e-03
0.000000000000000000e+00 1.532409107312560081e-03
0.000000000000000000e+00 1.918378547998145223e-04
0.000000000000000000e+00 2.407676402071956545e-05
0.000000000000000000e+00 5.632899501506472006e-06
0.000000000000000000e+00 2.591856855360674672e-06
0.000000000000000000e+00 2.123702415701700374e-06
0.000000000000000000e+00 2.106629153786343522e-06
0.000000000000000000e+00 1.100965164368972182e-06
0.000000000000000000e+00 9.476552236264979001e-07
0.000000000000000000e+00 1.224259108312253375e-06
0.000000000000000000e+00 1.600759446773736272e-06
0.000000000000000000e+00 1.965918045243597589e-06
0.000000000000000000e+00 2.485884351699496619e-06
0.000000000000000000e+00 5.344543296814663336e-06
0.000000000000000000e+00 2.113939808623399585e-05
0.000000000000000000e+00 1.594513378222472966e-05
0.000000000000000000e+00 7.483573426725342870e-05
0.000000000000000000e+00 4.506269178818911314e-04
0.000000000000000000e+00 1.374079962261021137e-03
0.000000000000000000e+00 2.798205940052866936e-03
0.000000000000000000e+00 1.874788105487823486e-02
0.000000000000000000e+00 1.942325383424758911e-02
0.000000000000000000e+00 7.718670368194580078e-02
0.000000000000000000e+00 1.322771906852722168e-01
0.000000000000000000e+00 2.222293317317962646e-01
0.000000000000000000e+00 4.939970970153808594e-01
0.000000000000000000e+00 3.082441985607147217e-01
0.000000000000000000e+00 2.174223363399505615e-01
0.000000000000000000e+00 2.665166854858398438e-01
0.000000000000000000e+00 6.214386820793151855e-01
1.000000000000000000e+00 2.287343740463256836e-01
1.000000000000000000e+00 2.573825418949127197e-01
0.000000000000000000e+00 3.031546175479888916e-01
0.000000000000000000e+00 1.444985568523406982e-01
0.000000000000000000e+00 1.450804471969604492e-01
0.000000000000000000e+00 5.426679551601409912e-02
0.000000000000000000e+00 5.556879192590713501e-02
0.000000000000000000e+00 2.223392203450202942e-02
0.000000000000000000e+00 2.086689136922359467e-02
0.000000000000000000e+00 3.720493614673614502e-02
0.000000000000000000e+00 5.738032609224319458e-02
0.000000000000000000e+00 2.079882286489009857e-02
0.000000000000000000e+00 1.958197727799415588e-02
0.000000000000000000e+00 1.645245775580406189e-02
0.000000000000000000e+00 1.308096200227737427e-02
0.000000000000000000e+00 1.029144786298274994e-02
0.000000000000000000e+00 6.318132858723402023e-03
0.000000000000000000e+00 5.797989666461944580e-03
0.000000000000000000e+00 4.041177686303853989e-03
0.000000000000000000e+00 1.776919933035969734e-03
0.000000000000000000e+00 1.423710025846958160e-03
0.000000000000000000e+00 3.760902036447077990e-04
0.000000000000000000e+00 3.805344458669424057e-04
0.000000000000000000e+00 4.124995321035385132e-04
0.000000000000000000e+00 5.636998103000223637e-04
0.000000000000000000e+00 7.739216089248657227e-04
0.000000000000000000e+00 6.292465259321033955e-04
0.000000000000000000e+00 4.341683816164731979e-04
0.000000000000000000e+00 1.274580135941505432e-04
0.000000000000000000e+00 6.175486487336456776e-05
0.000000000000000000e+00 6.349935574689880013e-05
0.000000000000000000e+00 3.558118260116316378e-05
0.000000000000000000e+00 4.461086791707202792e-05
0.000000000000000000e+00 9.047930507222190499e-05
0.000000000000000000e+00 1.320689334534108639e-04
0.000000000000000000e+00 2.310174022568389773e-04
0.000000000000000000e+00 1.719847932690754533e-04
0.000000000000000000e+00 1.063604795490391552e-04
0.000000000000000000e+00 7.638151873834431171e-05
0.000000000000000000e+00 5.017898001824505627e-05
0.000000000000000000e+00 9.545213106321170926e-05
0.000000000000000000e+00 4.491617073654197156e-05
0.000000000000000000e+00 4.622519918484613299e-05
0.000000000000000000e+00 1.414650323567911983e-04
0.000000000000000000e+00 7.272294169524684548e-05
0.000000000000000000e+00 3.717255822266452014e-05
0.000000000000000000e+00 7.708249904680997133e-05
0.000000000000000000e+00 1.322797015745891258e-05
0.000000000000000000e+00 1.272160807275213301e-05
0.000000000000000000e+00 1.259780037798918784e-05
0.000000000000000000e+00 1.202900784846860915e-05
0.000000000000000000e+00 4.388125489640515298e-06
0.000000000000000000e+00 3.285739467173698358e-06
0.000000000000000000e+00 1.736656827233673539e-06
0.000000000000000000e+00 1.309452159148349892e-06
0.000000000000000000e+00 1.052067318596527912e-06
0.000000000000000000e+00 9.367817597194516566e-07
0.000000000000000000e+00 1.130821601691422984e-06
0.000000000000000000e+00 8.208448889490682632e-07
0.000000000000000000e+00 1.300937128689838573e-06
0.000000000000000000e+00 1.075580371434625704e-06
0.000000000000000000e+00 3.184627075825119391e-06
0.000000000000000000e+00 2.369100184296257794e-05
0.000000000000000000e+00 3.573648791643790901e-05
0.000000000000000000e+00 2.179852308472618461e-04
0.000000000000000000e+00 8.629781077615916729e-04
0.000000000000000000e+00 1.425909576937556267e-03
0.000000000000000000e+00 1.523650716990232468e-03
0.000000000000000000e+00 2.584862057119607925e-03
0.000000000000000000e+00 7.886230014264583588e-03
0.000000000000000000e+00 2.167646540328860283e-03
0.000000000000000000e+00 2.150074345991015434e-03
0.000000000000000000e+00 2.531736157834529877e-03
0.000000000000000000e+00 1.544690225273370743e-03
0.000000000000000000e+00 2.137309173122048378e-03
0.000000000000000000e+00 2.830627141520380974e-03
0.000000000000000000e+00 2.611574018374085426e-03
0.000000000000000000e+00 5.627265665680170059e-03
0.000000000000000000e+00 7.894855923950672150e-03
0.000000000000000000e+00 6.290238816291093826e-03
0.000000000000000000e+00 3.615195630118250847e-03
0.000000000000000000e+00 4.830352030694484711e-03
0.000000000000000000e+00 1.656420342624187469e-02
0.000000000000000000e+00 7.389844395220279694e-03
0.000000000000000000e+00 8.099424652755260468e-03
0.000000000000000000e+00 3.388341749086976051e-03
0.000000000000000000e+00 5.620284471660852432e-03
0.000000000000000000e+00 6.838179193437099457e-03
0.000000000000000000e+00 4.959402605891227722e-02
0.000000000000000000e+00 3.509012982249259949e-02
0.000000000000000000e+00 5.219769105315208435e-02
0.000000000000000000e+00 1.442904323339462280e-01
0.000000000000000000e+00 1.692845821380615234e-01
0.000000000000000000e+00 2.246797233819961548e-01
0.000000000000000000e+00 3.363886177539825439e-01
0.000000000000000000e+00 8.190361410379409790e-02
0.000000000000000000e+00 2.075908035039901733e-01
0.000000000000000000e+00 3.600242435932159424e-01
1.000000000000000000e+00 3.950944542884826660e-01
1.000000000000000000e+00 2.267578691244125366e-01
0.000000000000000000e+00 3.852219879627227783e-01
0.000000000000000000e+00 2.963627576828002930e-01
0.000000000000000000e+00 2.739748954772949219e-01
0.000000000000000000e+00 2.567354738712310791e-01
0.000000000000000000e+00 3.706096112728118896e-01
0.000000000000000000e+00 2.299248576164245605e-01
0.000000000000000000e+00 1.851063370704650879e-01
0.000000000000000000e+00 1.519064158201217651e-01
0.000000000000000000e+00 1.345826387405395508e-01
0.000000000000000000e+00 1.314718127250671387e-01
0.000000000000000000e+00 1.358196586370468140e-01
0.000000000000000000e+00 1.062104105949401855e-01
0.000000000000000000e+00 2.740372717380523682e-01
0.000000000000000000e+00 1.202514842152595520e-01
0.000000000000000000e+00 4.946694523096084595e-02
0.000000000000000000e+00 9.258700162172317505e-02
0.000000000000000000e+00 5.183206126093864441e-02
0.000000000000000000e+00 3.339918330311775208e-02
0.000000000000000000e+00 3.551000356674194336e-02
0.000000000000000000e+00 3.204413875937461853e-02
0.000000000000000000e+00 2.326736040413379669e-02
0.000000000000000000e+00 8.704851381480693817e-03
0.000000000000000000e+00 3.799971658736467361e-03
0.000000000000000000e+00 8.416079799644649029e-04
0.000000000000000000e+00 7.281596772372722626e-04
0.000000000000000000e+00 9.970569517463445663e-04
0.000000000000000000e+00 7.320885197259485722e-04
0.000000000000000000e+00 4.217877285555005074e-04
0.000000000000000000e+00 1.783368992619216442e-03
0.000000000000000000e+00 3.907285165041685104e-03
0.000000000000000000e+00 3.021847456693649292e-03
0.000000000000000000e+00 1.151090487837791443e-02
0.000000000000000000e+00 5.038228351622819901e-03
0.000000000000000000e+00 9.663861244916915894e-03
0.000000000000000000e+00 1.055554859340190887e-02
0.000000000000000000e+00 4.591532424092292786e-02
0.000000000000000000e+00 1.071873772889375687e-02
0.000000000000000000e+00 7.175180129706859589e-03
0.000000000000000000e+00 1.442725304514169693e-02
0.000000000000000000e+00 1.086522359400987625e-02
0.000000000000000000e+00 2.251520194113254547e-02
0.000000000000000000e+00 1.044641714543104172e-02
0.000000000000000000e+00 7.792844623327255249e-02
0.000000000000000000e+00 4.847776517271995544e-02
0.000000000000000000e+00 2.586457431316375732e-01
0.000000000000000000e+00 2.191875129938125610e-01
0.000000000000000000e+00 4.528805986046791077e-02
0.000000000000000000e+00 1.395629793405532837e-01
0.000000000000000000e+00 1.428441554307937622e-01
0.000000000000000000e+00 8.108144253492355347e-02
0.000000000000000000e+00 1.266813427209854126e-01
0.000000000000000000e+00 6.337572634220123291e-02
0.000000000000000000e+00 1.948223561048507690e-01
0.000000000000000000e+00 3.367843925952911377e-01
0.000000000000000000e+00 2.103636860847473145e-01
0.000000000000000000e+00 4.991751313209533691e-01
0.000000000000000000e+00 4.964835643768310547e-01
0.000000000000000000e+00 3.929329514503479004e-01
0.000000000000000000e+00 1.464977562427520752e-01
0.000000000000000000e+00 2.474579811096191406e-01
0.000000000000000000e+00 3.319689035415649414e-01
0.000000000000000000e+00 2.908251285552978516e-01
0.000000000000000000e+00 4.232833087444305420e-01
0.000000000000000000e+00 3.074405491352081299e-01
0.000000000000000000e+00 3.999916017055511475e-01
0.000000000000000000e+00 3.013803362846374512e-01
0.000000000000000000e+00 3.113204538822174072e-01
0.000000000000000000e+00 1.139329299330711365e-01
0.000000000000000000e+00 1.193545460700988770e-01
0.000000000000000000e+00 1.298302114009857178e-01
0.000000000000000000e+00 9.032332152128219604e-02
0.000000000000000000e+00 6.902885437011718750e-02
0.000000000000000000e+00 1.266471892595291138e-01
0.000000000000000000e+00 1.335339844226837158e-01
0.000000000000000000e+00 3.733509182929992676e-01
0.000000000000000000e+00 3.673094213008880615e-01
0.000000000000000000e+00 3.270425498485565186e-01
0.000000000000000000e+00 5.246958732604980469e-01
0.000000000000000000e+00 4.191580414772033691e-01
0.000000000000000000e+00 2.508160173892974854e-01
0.000000000000000000e+00 4.047748446464538574e-01
0.000000000000000000e+00 2.804921567440032959e-01
0.000000000000000000e+00 3.908083140850067139e-01
0.000000000000000000e+00 3.705608248710632324e-01
0.000000000000000000e+00 5.814962387084960938e-01
0.000000000000000000e+00 4.955495893955230713e-01
0.000000000000000000e+00 5.590242147445678711e-01
0.000000000000000000e+00 6.532080769538879395e-01
0.000000000000000000e+00 7.456186413764953613e-01
0.000000000000000000e+00 4.812827408313751221e-01
0.000000000000000000e+00 4.314293265342712402e-01
0.000000000000000000e+00 5.220763683319091797e-01
0.000000000000000000e+00 3.371834158897399902e-01
0.000000000000000000e+00 2.537062168121337891e-01
0.000000000000000000e+00 1.476388573646545410e-01
0.000000000000000000e+00 1.026206314563751221e-01
0.000000000000000000e+00 1.753948256373405457e-02
0.000000000000000000e+00 4.462982527911663055e-03
0.000000000000000000e+00 7.029460975900292397e-04
0.000000000000000000e+00 2.881950931623578072e-04
0.000000000000000000e+00 1.574415218783542514e-04
0.000000000000000000e+00 5.813388270325958729e-05
0.000000000000000000e+00 1.941547816386446357e-05
0.000000000000000000e+00 1.932076156663242728e-05
0.000000000000000000e+00 2.165293517464306206e-05
0.000000000000000000e+00 5.985001280350843444e-06
0.000000000000000000e+00 1.008599610941018909e-05
0.000000000000000000e+00 5.461114142235601321e-06
0.000000000000000000e+00 1.007865921565098688e-05
0.000000000000000000e+00 4.732315574074164033e-06
0.000000000000000000e+00 4.298698513593990356e-06
0.000000000000000000e+00 4.961286322213709354e-06
0.000000000000000000e+00 7.192246812337543815e-06
0.000000000000000000e+00 1.448213788535213098e-05
0.000000000000000000e+00 2.112728543579578400e-05
0.000000000000000000e+00 4.207219899399206042e-05
0.000000000000000000e+00 8.905884169507771730e-05
0.000000000000000000e+00 1.610717590665444732e-04
0.000000000000000000e+00 1.947821147041395307e-04
0.000000000000000000e+00 3.448967472650110722e-04
0.000000000000000000e+00 5.742567009292542934e-04
0.000000000000000000e+00 1.244296901859343052e-03
0.000000000000000000e+00 3.414616687223315239e-03
0.000000000000000000e+00 4.981130361557006836e-03
0.000000000000000000e+00 1.563049666583538055e-02
0.000000000000000000e+00 6.283929105848073959e-03
0.000000000000000000e+00 3.847662359476089478e-02
0.000000000000000000e+00 1.091160252690315247e-02
0.000000000000000000e+00 2.537172473967075348e-02
0.000000000000000000e+00 5.514482781291007996e-02
0.000000000000000000e+00 5.262470617890357971e-02
0.000000000000000000e+00 3.800437971949577332e-02
0.000000000000000000e+00 9.811925888061523438e-02
0.000000000000000000e+00 4.867709055542945862e-02
0.000000000000000000e+00 3.899337351322174072e-02
0.000000000000000000e+00 6.590753793716430664e-02
0.000000000000000000e+00 1.951191127300262451e-01
0.000000000000000000e+00 3.071278929710388184e-01
0.000000000000000000e+00 5.645737051963806152e-01
0.000000000000000000e+00 7.220407724380493164e-01
0.000000000000000000e+00 8.670087456703186035e-01
0.000000000000000000e+00 8.729912638664245605e-01
0.000000000000000000e+00 8.445713520050048828e-01
0.000000000000000000e+00 9.709306955337524414e-01
0.000000000000000000e+00 8.493207693099975586e-01
0.000000000000000000e+00 8.442556858062744141e-01
0.000000000000000000e+00 9.574608206748962402e-01
1.000000000000000000e+00 9.386075735092163086e-01
1.000000000000000000e+00 9.104526042938232422e-01
1.000000000000000000e+00 7.763206958770751953e-01
0.000000000000000000e+00 7.553845643997192383e-01
0.000000000000000000e+00 4.055700302124023438e-01
0.000000000000000000e+00 3.459876179695129395e-01
0.000000000000000000e+00 1.127953827381134033e-01
0.000000000000000000e+00 1.501817852258682251e-01
0.000000000000000000e+00 1.203206330537796021e-01
0.000000000000000000e+00 1.219858825206756592e-01
0.000000000000000000e+00 1.438237726688385010e-01
0.000000000000000000e+00 1.664128452539443970e-01
0.000000000000000000e+00 1.201528981328010559e-01
0.000000000000000000e+00 1.055215075612068176e-01
0.000000000000000000e+00 1.944583803415298462e-01
0.000000000000000000e+00 1.833510547876358032e-01
0.000000000000000000e+00 1.331622004508972168e-01
0.000000000000000000e+00 1.483587473630905151e-01
0.000000000000000000e+00 6.364978849887847900e-02
0.000000000000000000e+00 4.509975761175155640e-02
0.000000000000000000e+00 3.521747142076492310e-02
1.000000000000000000e+00 7.225304841995239258e-01
1.000000000000000000e+00 7.431466579437255859e-01
1.000000000000000000e+00 7.382847070693969727e-01
1.000000000000000000e+00 7.109679579734802246e-01
1.000000000000000000e+00 8.593389987945556641e-01
1.000000000000000000e+00 7.729089260101318359e-01
0.000000000000000000e+00 6.942568421363830566e-01
0.000000000000000000e+00 6.911547780036926270e-01
0.000000000000000000e+00 3.545702993869781494e-01
0.000000000000000000e+00 2.549369931221008301e-01
0.000000000000000000e+00 1.560610830783843994e-01
0.000000000000000000e+00 7.952547073364257812e-02
0.000000000000000000e+00 1.225606072694063187e-02
0.000000000000000000e+00 1.012837048619985580e-02
0.000000000000000000e+00 1.167113706469535828e-02
0.000000000000000000e+00 4.638315644115209579e-03
0.000000000000000000e+00 4.354271106421947479e-03
0.000000000000000000e+00 1.617263536900281906e-03
0.000000000000000000e+00 2.048811176791787148e-03
0.000000000000000000e+00 9.552635601721704006e-04
0.000000000000000000e+00 1.068412093445658684e-03
0.000000000000000000e+00 9.904035832732915878e-04
0.000000000000000000e+00 6.990233669057488441e-04
0.000000000000000000e+00 1.837470219470560551e-03
0.000000000000000000e+00 4.395584575831890106e-03
0.000000000000000000e+00 1.390209142118692398e-02
0.000000000000000000e+00 3.106104023754596710e-02
0.000000000000000000e+00 7.885160297155380249e-02
0.000000000000000000e+00 1.377371549606323242e-01
0.000000000000000000e+00 1.151529401540756226e-01
0.000000000000000000e+00 2.807697653770446777e-01
0.000000000000000000e+00 2.482278198003768921e-01
0.000000000000000000e+00 1.897402852773666382e-01
0.000000000000000000e+00 2.509570121765136719e-01
0.000000000000000000e+00 1.161962002515792847e-01
0.000000000000000000e+00 1.392052620649337769e-01
0.000000000000000000e+00 1.930486708879470825e-01
0.000000000000000000e+00 1.429379731416702271e-01
0.000000000000000000e+00 3.192133307456970215e-01
0.000000000000000000e+00 1.496495753526687622e-01
0.000000000000000000e+00 2.523946166038513184e-01
0.000000000000000000e+00 5.264573544263839722e-02
0.000000000000000000e+00 1.727316081523895264e-01
0.000000000000000000e+00 8.611001819372177124e-02
0.000000000000000000e+00 4.167772829532623291e-02
0.000000000000000000e+00 9.920101612806320190e-02
0.000000000000000000e+00 5.921697244048118591e-02
0.000000000000000000e+00 3.822397440671920776e-02
0.000000000000000000e+00 2.401274293661117554e-01
0.000000000000000000e+00 2.904320061206817627e-01
0.000000000000000000e+00 1.536001563072204590e-01
0.000000000000000000e+00 1.564739197492599487e-01
0.000000000000000000e+00 2.893445789813995361e-01
0.000000000000000000e+00 4.166378974914550781e-01
0.000000000000000000e+00 6.804971694946289062e-01
0.000000000000000000e+00 7.804613113403320312e-01
0.000000000000000000e+00 8.585479259490966797e-01
0.000000000000000000e+00 8.000441789627075195e-01
0.000000000000000000e+00 7.451738119125366211e-01
0.000000000000000000e+00 5.329139232635498047e-01
0.000000000000000000e+00 6.849215030670166016e-01
0.000000000000000000e+00 5.882261395454406738e-01
0.000000000000000000e+00 5.941815376281738281e-01
0.000000000000000000e+00 5.733216404914855957e-01
0.000000000000000000e+00 5.619806051254272461e-01
0.000000000000000000e+00 6.227674484252929688e-01
0.000000000000000000e+00 5.732691884040832520e-01
0.000000000000000000e+00 5.964183211326599121e-01
0.000000000000000000e+00 6.377581954002380371e-01
0.000000000000000000e+00 6.671532392501831055e-01
0.000000000000000000e+00 6.168991327285766602e-01
0.000000000000000000e+00 6.007517576217651367e-01
0.000000000000000000e+00 4.517316520214080811e-01
0.000000000000000000e+00 4.122076034545898438e-01
0.000000000000000000e+00 2.420991063117980957e-01
0.000000000000000000e+00 4.562493413686752319e-04
0.000000000000000000e+00 3.673091414384543896e-04
1.000000000000000000e+00 5.160100408829748631e-04
0.000000000000000000e+00 3.709592274390161037e-04
0.000000000000000000e+00 3.218627825845032930e-04
0.000000000000000000e+00 1.432035933248698711e-04
0.000000000000000000e+00 2.365585532970726490e-04
0.000000000000000000e+00 2.147801860701292753e-04
0.000000000000000000e+00 1.612005144124850631e-04
0.000000000000000000e+00 1.810417306842282414e-04
0.000000000000000000e+00 1.732723030727356672e-04
0.000000000000000000e+00 2.440684620523825288e-04
0.000000000000000000e+00 3.191107825841754675e-04
0.000000000000000000e+00 2.064183354377746582e-04
0.000000000000000000e+00 3.700422821566462517e-04
0.000000000000000000e+00 3.595446178223937750e-04
0.000000000000000000e+00 1.824429637053981423e-04
0.000000000000000000e+00 3.410172648727893829e-04
0.000000000000000000e+00 1.876672904472798109e-04
0.000000000000000000e+00 2.607444475870579481e-04
0.000000000000000000e+00 1.480013743275776505e-04
0.000000000000000000e+00 8.400172373512759805e-05
0.000000000000000000e+00 1.495686155976727605e-04
0.000000000000000000e+00 2.132812805939465761e-04
0.000000000000000000e+00 1.533785980427637696e-04
0.000000000000000000e+00 4.562872054520994425e-04
0.000000000000000000e+00 4.723912861663848162e-04
0.000000000000000000e+00 3.904869954567402601e-04
0.000000000000000000e+00 1.923118717968463898e-03
0.000000000000000000e+00 3.616061527281999588e-03
0.000000000000000000e+00 6.418358534574508667e-03
0.000000000000000000e+00 8.854612708091735840e-03
0.000000000000000000e+00 1.846839301288127899e-02
0.000000000000000000e+00 1.189069356769323349e-02
0.000000000000000000e+00 3.939464688301086426e-02
0.000000000000000000e+00 5.804910883307456970e-02
0.000000000000000000e+00 5.299986153841018677e-02
0.000000000000000000e+00 7.524633407592773438e-02
0.000000000000000000e+00 4.068893566727638245e-02
0.000000000000000000e+00 1.058234646916389465e-01
0.000000000000000000e+00 1.410010904073715210e-01
0.000000000000000000e+00 9.090473502874374390e-02
0.000000000000000000e+00 5.823484808206558228e-02
0.000000000000000000e+00 1.089045703411102295e-01
0.000000000000000000e+00 2.492107637226581573e-02
0.000000000000000000e+00 4.914960265159606934e-02
0.000000000000000000e+00 8.282434195280075073e-02
0.000000000000000000e+00 1.475591957569122314e-01
0.000000000000000000e+00 1.406643092632293701e-01
0.000000000000000000e+00 5.073473453521728516e-01
0.000000000000000000e+00 4.524018466472625732e-01
0.000000000000000000e+00 5.608024001121520996e-01
1.000000000000000000e+00 4.713246524333953857e-01
1.000000000000000000e+00 7.378584742546081543e-01
1.000000000000000000e+00 8.626504540443420410e-01
1.000000000000000000e+00 8.454598784446716309e-01
1.000000000000000000e+00 7.687898874282836914e-01
1.000000000000000000e+00 6.794664263725280762e-01
1.000000000000000000e+00 6.013250946998596191e-01
0.000000000000000000e+00 3.430769741535186768e-01
0.000000000000000000e+00 7.354158908128738403e-02
0.000000000000000000e+00 4.598391428589820862e-02
0.000000000000000000e+00 4.727340862154960632e-02
0.000000000000000000e+00 6.535050459206104279e-03
0.000000000000000000e+00 5.400546826422214508e-03
0.000000000000000000e+00 3.151939716190099716e-03
0.000000000000000000e+00 4.020652268081903458e-03
0.000000000000000000e+00 1.477549667470157146e-03
0.000000000000000000e+00 8.259167661890387535e-04
0.000000000000000000e+00 8.155571413226425648e-04
0.000000000000000000e+00 7.266900502145290375e-04
1.000000000000000000e+00 3.151468408759683371e-04
0.000000000000000000e+00 1.832919369917362928e-04
0.000000000000000000e+00 1.372226834064349532e-04
0.000000000000000000e+00 1.476933393860235810e-04
0.000000000000000000e+00 9.859687089920043945e-01
0.000000000000000000e+00 9.692593216896057129e-01
0.000000000000000000e+00 9.774025082588195801e-01
0.000000000000000000e+00 9.716240167617797852e-01
0.000000000000000000e+00 9.419750571250915527e-01
0.000000000000000000e+00 8.927584290504455566e-01
0.000000000000000000e+00 8.406053185462951660e-01
0.000000000000000000e+00 5.686780214309692383e-01
0.000000000000000000e+00 7.874718308448791504e-01
0.000000000000000000e+00 8.603028059005737305e-01
0.000000000000000000e+00 9.414094686508178711e-01
0.000000000000000000e+00 3.441950678825378418e-01
0.000000000000000000e+00 8.925699591636657715e-01
0.000000000000000000e+00 9.355157613754272461e-01
0.000000000000000000e+00 9.272645115852355957e-01
0.000000000000000000e+00 9.607490301132202148e-01
0.000000000000000000e+00 9.537274241447448730e-01
0.000000000000000000e+00 9.649233222007751465e-01
0.000000000000000000e+00 9.831016659736633301e-01
0.000000000000000000e+00 9.872282743453979492e-01
0.000000000000000000e+00 9.864369034767150879e-01
0.000000000000000000e+00 9.904059767723083496e-01
0.000000000000000000e+00 9.939451813697814941e-01
0.000000000000000000e+00 9.975296854972839355e-01
0.000000000000000000e+00 9.979490637779235840e-01
0.000000000000000000e+00 9.995663762092590332e-01
0.000000000000000000e+00 9.993668198585510254e-01
0.000000000000000000e+00 9.994357228279113770e-01
0.000000000000000000e+00 9.995940327644348145e-01
0.000000000000000000e+00 9.995974898338317871e-01
0.000000000000000000e+00 9.995867609977722168e-01
0.000000000000000000e+00 9.997245669364929199e-01
0.000000000000000000e+00 9.997883439064025879e-01
0.000000000000000000e+00 9.997549653053283691e-01
0.000000000000000000e+00 9.997509121894836426e-01
0.000000000000000000e+00 9.997710585594177246e-01
0.000000000000000000e+00 9.997784495353698730e-01
0.000000000000000000e+00 9.996726512908935547e-01
0.000000000000000000e+00 9.997790455818176270e-01
0.000000000000000000e+00 9.998283386230468750e-01
0.000000000000000000e+00 9.998170733451843262e-01
0.000000000000000000e+00 9.997875094413757324e-01
0.000000000000000000e+00 9.997962117195129395e-01
0.000000000000000000e+00 9.998509883880615234e-01
0.000000000000000000e+00 9.998880624771118164e-01
0.000000000000000000e+00 9.998725652694702148e-01
0.000000000000000000e+00 9.998546838760375977e-01
0.000000000000000000e+00 9.998615980148315430e-01
0.000000000000000000e+00 9.998601675033569336e-01
0.000000000000000000e+00 9.998115897178649902e-01
0.000000000000000000e+00 9.997736811637878418e-01
0.000000000000000000e+00 9.998267292976379395e-01
0.000000000000000000e+00 9.997999072074890137e-01
0.000000000000000000e+00 9.998701810836791992e-01
0.000000000000000000e+00 9.998655319213867188e-01
0.000000000000000000e+00 9.997894167900085449e-01
0.000000000000000000e+00 9.998493194580078125e-01
0.000000000000000000e+00 9.998221993446350098e-01
0.000000000000000000e+00 9.996151924133300781e-01
0.000000000000000000e+00 9.995385408401489258e-01
0.000000000000000000e+00 9.993040561676025391e-01
0.000000000000000000e+00 9.992532134056091309e-01
0.000000000000000000e+00 9.986172914505004883e-01
0.000000000000000000e+00 9.983444213867187500e-01
0.000000000000000000e+00 9.972624778747558594e-01
0.000000000000000000e+00 9.940869808197021484e-01
0.000000000000000000e+00 9.898964166641235352e-01
0.000000000000000000e+00 9.918354749679565430e-01
0.000000000000000000e+00 9.945054650306701660e-01
0.000000000000000000e+00 9.803041815757751465e-01
0.000000000000000000e+00 9.816369414329528809e-01
0.000000000000000000e+00 9.816606044769287109e-01
0.000000000000000000e+00 9.642265439033508301e-01
0.000000000000000000e+00 9.640640020370483398e-01
0.000000000000000000e+00 9.242973923683166504e-01
0.000000000000000000e+00 5.129040479660034180e-01
0.000000000000000000e+00 8.106058239936828613e-01
0.000000000000000000e+00 8.874096274375915527e-01
0.000000000000000000e+00 9.097087383270263672e-01
0.000000000000000000e+00 8.665854930877685547e-01
0.000000000000000000e+00 9.495465159416198730e-01
0.000000000000000000e+00 9.243235588073730469e-01
0.000000000000000000e+00 9.349517822265625000e-01
0.000000000000000000e+00 9.237052798271179199e-01
0.000000000000000000e+00 8.976736664772033691e-01
0.000000000000000000e+00 9.390918612480163574e-01
0.000000000000000000e+00 8.958649635314941406e-01
0.000000000000000000e+00 9.317958950996398926e-01
0.000000000000000000e+00 9.530743956565856934e-01
0.000000000000000000e+00 9.358698129653930664e-01
0.000000000000000000e+00 8.501605987548828125e-01
1.000000000000000000e+00 8.612033724784851074e-01
1.000000000000000000e+00 6.170629858970642090e-01
1.000000000000000000e+00 6.957992315292358398e-01
1.000000000000000000e+00 6.724206209182739258e-01
1.000000000000000000e+00 4.403910338878631592e-01
1.000000000000000000e+00 7.903285324573516846e-02
1.000000000000000000e+00 6.931121647357940674e-02
0.000000000000000000e+00 2.353439107537269592e-02
0.000000000000000000e+00 2.340740710496902466e-02
0.000000000000000000e+00 1.371087599545717239e-02
0.000000000000000000e+00 1.034939568489789963e-02
0.000000000000000000e+00 5.169768817722797394e-03
0.000000000000000000e+00 1.432264409959316254e-02
0.000000000000000000e+00 1.548323966562747955e-02
0.000000000000000000e+00 1.377083733677864075e-02
0.000000000000000000e+00 1.414928026497364044e-02
0.000000000000000000e+00 3.085105121135711670e-02
0.000000000000000000e+00 4.143255203962326050e-02
0.000000000000000000e+00 2.783298864960670471e-02
0.000000000000000000e+00 2.654926106333732605e-02
0.000000000000000000e+00 2.937234006822109222e-02
0.000000000000000000e+00 1.061455626040697098e-02
0.000000000000000000e+00 2.395052835345268250e-02
0.000000000000000000e+00 1.840639859437942505e-02
0.000000000000000000e+00 1.996455155313014984e-02
0.000000000000000000e+00 2.035673521459102631e-02
0.000000000000000000e+00 1.004627812653779984e-02
0.000000000000000000e+00 6.539710797369480133e-03
0.000000000000000000e+00 1.330927107483148575e-02
0.000000000000000000e+00 5.958786234259605408e-03
0.000000000000000000e+00 7.394833490252494812e-03
0.000000000000000000e+00 4.720965400338172913e-03
0.000000000000000000e+00 7.020814809948205948e-03
0.000000000000000000e+00 2.358199562877416611e-03
0.000000000000000000e+00 1.988834002986550331e-03
0.000000000000000000e+00 9.551575058139860630e-04
0.000000000000000000e+00 1.661499845795333385e-03
0.000000000000000000e+00 1.388890901580452919e-03
0.000000000000000000e+00 3.770783543586730957e-03
0.000000000000000000e+00 2.581775886937975883e-03
0.000000000000000000e+00 1.092584338039159775e-03
0.000000000000000000e+00 1.002646167762577534e-03
0.000000000000000000e+00 9.660752257332205772e-04
0.000000000000000000e+00 1.922176219522953033e-03
0.000000000000000000e+00 1.253214431926608086e-03
0.000000000000000000e+00 5.188168142922222614e-04
0.000000000000000000e+00 4.125331470277160406e-04
0.000000000000000000e+00 3.482808824628591537e-04
0.000000000000000000e+00 2.986290492117404938e-04
0.000000000000000000e+00 3.476543934084475040e-04
0.000000000000000000e+00 4.100800433661788702e-04
0.000000000000000000e+00 3.743519191630184650e-04
0.000000000000000000e+00 4.991316818632185459e-04
0.000000000000000000e+00 2.214328414993360639e-04
0.000000000000000000e+00 1.479186903452500701e-04
0.000000000000000000e+00 2.688204403966665268e-04
0.000000000000000000e+00 1.466424146201461554e-04
0.000000000000000000e+00 2.058418904198333621e-04
0.000000000000000000e+00 2.611467498354613781e-04
