0.000000000000000000e+00 4.840462207794189453e-01
1.000000000000000000e+00 3.369220495223999023e-01
1.000000000000000000e+00 4.567306935787200928e-01
1.000000000000000000e+00 5.192533135414123535e-01
0.000000000000000000e+00 7.414611577987670898e-01
0.000000000000000000e+00 6.392579078674316406e-01
0.000000000000000000e+00 6.564575433731079102e-01
0.000000000000000000e+00 6.153947710990905762e-01
0.000000000000000000e+00 7.955523729324340820e-01
0.000000000000000000e+00 7.823747396469116211e-01
0.000000000000000000e+00 7.975369095802307129e-01
0.000000000000000000e+00 8.283282518386840820e-01
0.000000000000000000e+00 7.956347465515136719e-01
1.000000000000000000e+00 8.858051300048828125e-01
1.000000000000000000e+00 8.696145415306091309e-01
1.000000000000000000e+00 8.752142190933227539e-01
1.000000000000000000e+00 8.547282218933105469e-01
1.000000000000000000e+00 8.519948124885559082e-01
1.000000000000000000e+00 9.091880321502685547e-01
1.000000000000000000e+00 8.571144938468933105e-01
1.000000000000000000e+00 8.849759101867675781e-01
1.000000000000000000e+00 9.022349715232849121e-01
1.000000000000000000e+00 8.902456760406494141e-01
1.000000000000000000e+00 8.929413557052612305e-01
1.000000000000000000e+00 8.546664714813232422e-01
1.000000000000000000e+00 7.288874983787536621e-01
1.000000000000000000e+00 6.114378571510314941e-01
1.000000000000000000e+00 3.598604798316955566e-01
0.000000000000000000e+00 2.413351237773895264e-01
0.000000000000000000e+00 1.141962632536888123e-01
0.000000000000000000e+00 6.841435283422470093e-02
0.000000000000000000e+00 3.321329131722450256e-02
0.000000000000000000e+00 3.330770134925842285e-02
0.000000000000000000e+00 1.616466045379638672e-02
0.000000000000000000e+00 8.526877500116825104e-03
0.000000000000000000e+00 5.483612883836030960e-03
0.000000000000000000e+00 3.036545822396874428e-03
0.000000000000000000e+00 3.276070114225149155e-03
1.000000000000000000e+00 2.072219504043459892e-03
1.000000000000000000e+00 1.731524709612131119e-03
1.000000000000000000e+00 1.313115819357335567e-03
1.000000000000000000e+00 9.042628225870430470e-04
1.000000000000000000e+00 8.877959917299449444e-04
1.000000000000000000e+00 6.959885358810424805e-04
1.000000000000000000e+00 5.855477647855877876e-04
1.000000000000000000e+00 7.447718083858489990e-02
0.000000000000000000e+00 5.500973761081695557e-02
0.000000000000000000e+00 4.394506663084030151e-02
0.000000000000000000e+00 2.661810815334320068e-02
0.000000000000000000e+00 3.635860979557037354e-02
0.000000000000000000e+00 2.744103595614433289e-02
0.000000000000000000e+00 9.677745401859283447e-03
0.000000000000000000e+00 2.593818865716457367e-02
0.000000000000000000e+00 1.937364228069782257e-02
0.000000000000000000e+00 1.339040417224168777e-02
0.000000000000000000e+00 1.285066362470388412e-02
0.000000000000000000e+00 6.278473418205976486e-03
0.000000000000000000e+00 7.203091401606798172e-03
0.000000000000000000e+00 5.651637911796569824e-03
0.000000000000000000e+00 5.236200522631406784e-03
0.000000000000000000e+00 2.679165452718734741e-03
0.000000000000000000e+00 4.739022348076105118e-03
0.000000000000000000e+00 2.186594530940055847e-03
0.000000000000000000e+00 3.425636095926165581e-03
0.000000000000000000e+00 2.770297694951295853e-03
0.000000000000000000e+00 2.419821219518780708e-03
0.000000000000000000e+00 1.070732716470956802e-03
0.000000000000000000e+00 1.543411170132458210e-03
0.000000000000000000e+00 1.592465792782604694e-03
0.000000000000000000e+00 1.626221579499542713e-03
0.000000000000000000e+00 1.200118684209883213e-03
0.000000000000000000e+00 1.548563479445874691e-03
0.000000000000000000e+00 5.941936396993696690e-04
0.000000000000000000e+00 7.613055058754980564e-04
0.000000000000000000e+00 9.798285318538546562e-04
0.000000000000000000e+00 8.273101411759853363e-04
0.000000000000000000e+00 1.103814458474516869e-03
0.000000000000000000e+00 5.000207456760108471e-04
0.000000000000000000e+00 1.481281477026641369e-03
0.000000000000000000e+00 1.189762610010802746e-03
0.000000000000000000e+00 6.427357438951730728e-04
0.000000000000000000e+00 6.124577485024929047e-04
0.000000000000000000e+00 1.136610633693635464e-03
0.000000000000000000e+00 7.159641827456653118e-04
0.000000000000000000e+00 1.534220995381474495e-03
0.000000000000000000e+00 1.251889625564217567e-03
0.000000000000000000e+00 1.241078483872115612e-03
0.000000000000000000e+00 1.269804663024842739e-03
0.000000000000000000e+00 2.573077334091067314e-03
0.000000000000000000e+00 3.085387172177433968e-03
0.000000000000000000e+00 2.096223831176757812e-01
0.000000000000000000e+00 1.882848590612411499e-01
0.000000000000000000e+00 1.436728686094284058e-01
0.000000000000000000e+00 1.364347040653228760e-01
0.000000000000000000e+00 7.753255963325500488e-02
0.000000000000000000e+00 4.811665415763854980e-02
0.000000000000000000e+00 7.547917217016220093e-02
0.000000000000000000e+00 4.357388243079185486e-02
0.000000000000000000e+00 3.970599174499511719e-02
0.000000000000000000e+00 2.748099900782108307e-02
0.000000000000000000e+00 3.519411385059356689e-02
0.000000000000000000e+00 2.471556887030601501e-02
0.000000000000000000e+00 1.802538894116878510e-02
0.000000000000000000e+00 1.444122754037380219e-02
0.000000000000000000e+00 2.482854016125202179e-02
0.000000000000000000e+00 1.212692633271217346e-02
0.000000000000000000e+00 1.768653281033039093e-02
0.000000000000000000e+00 2.210116572678089142e-02
0.000000000000000000e+00 4.626032430678606033e-03
0.000000000000000000e+00 8.747993037104606628e-03
0.000000000000000000e+00 5.223625339567661285e-03
0.000000000000000000e+00 3.120146458968520164e-03
0.000000000000000000e+00 2.195667708292603493e-03
0.000000000000000000e+00 2.621199004352092743e-03
0.000000000000000000e+00 8.266163058578968048e-04
0.000000000000000000e+00 1.372431404888629913e-03
0.000000000000000000e+00 6.343817804008722305e-04
0.000000000000000000e+00 9.115469874814152718e-04
0.000000000000000000e+00 5.605560727417469025e-04
0.000000000000000000e+00 1.174629200249910355e-03
0.000000000000000000e+00 1.537354895845055580e-03
0.000000000000000000e+00 1.250323723070323467e-03
0.000000000000000000e+00 1.988377887755632401e-03
0.000000000000000000e+00 1.571613480336964130e-03
0.000000000000000000e+00 6.925436900928616524e-04
0.000000000000000000e+00 9.521591127850115299e-04
0.000000000000000000e+00 8.636366110295057297e-04
0.000000000000000000e+00 7.437666645273566246e-04
0.000000000000000000e+00 1.553025911562144756e-03
0.000000000000000000e+00 1.044465461745858192e-03
0.000000000000000000e+00 1.668199896812438965e-03
0.000000000000000000e+00 3.668894059956073761e-03
0.000000000000000000e+00 6.758698727935552597e-03
0.000000000000000000e+00 7.907964289188385010e-03
0.000000000000000000e+00 1.139245182275772095e-02
0.000000000000000000e+00 1.341570727527141571e-02
0.000000000000000000e+00 1.014823932200670242e-02
0.000000000000000000e+00 3.764317603781819344e-03
0.000000000000000000e+00 2.757573733106255531e-03
0.000000000000000000e+00 2.889781724661588669e-03
0.000000000000000000e+00 2.387247979640960693e-03
0.000000000000000000e+00 1.988652162253856659e-03
0.000000000000000000e+00 2.448031911626458168e-03
0.000000000000000000e+00 9.592573042027652264e-04
0.000000000000000000e+00 7.660335977561771870e-04
0.000000000000000000e+00 1.224071253091096878e-03
0.000000000000000000e+00 1.158368191681802273e-03
0.000000000000000000e+00 1.036981353536248207e-03
0.000000000000000000e+00 1.110476441681385040e-03
0.000000000000000000e+00 5.453499034047126770e-04
0.000000000000000000e+00 7.811531540937721729e-04
0.000000000000000000e+00 1.023318385705351830e-03
0.000000000000000000e+00 9.670453728176653385e-04
0.000000000000000000e+00 1.316708163358271122e-03
0.000000000000000000e+00 1.810332527384161949e-03
0.000000000000000000e+00 9.565203799866139889e-04
0.000000000000000000e+00 2.489499049261212349e-03
0.000000000000000000e+00 1.182746142148971558e-03
0.000000000000000000e+00 1.644126139581203461e-03
0.000000000000000000e+00 2.886481815949082375e-03
0.000000000000000000e+00 9.583443170413374901e-04
0.000000000000000000e+00 8.904201677069067955e-04
0.000000000000000000e+00 1.200041035190224648e-03
0.000000000000000000e+00 1.614149776287376881e-03
0.000000000000000000e+00 2.512485021725296974e-03
0.000000000000000000e+00 2.618440426886081696e-03
0.000000000000000000e+00 2.810552716255187988e-03
0.000000000000000000e+00 1.226724241860210896e-03
0.000000000000000000e+00 3.769705537706613541e-03
0.000000000000000000e+00 4.921775311231613159e-03
0.000000000000000000e+00 3.860026830807328224e-03
0.000000000000000000e+00 3.920850809663534164e-03
0.000000000000000000e+00 4.305534530431032181e-03
0.000000000000000000e+00 7.833280600607395172e-03
0.000000000000000000e+00 4.549315199255943298e-03
0.000000000000000000e+00 6.481440272182226181e-03
0.000000000000000000e+00 8.834931999444961548e-03
0.000000000000000000e+00 1.668542996048927307e-02
0.000000000000000000e+00 1.464736927300691605e-02
0.000000000000000000e+00 1.999138295650482178e-02
0.000000000000000000e+00 6.313943266868591309e-01
0.000000000000000000e+00 5.569919943809509277e-01
0.000000000000000000e+00 5.231893658638000488e-01
0.000000000000000000e+00 5.359234809875488281e-01
0.000000000000000000e+00 4.662002027034759521e-01
0.000000000000000000e+00 4.446391761302947998e-01
0.000000000000000000e+00 5.244446992874145508e-01
0.000000000000000000e+00 3.260215222835540771e-01
0.000000000000000000e+00 3.786825537681579590e-01
0.000000000000000000e+00 3.506838381290435791e-01
0.000000000000000000e+00 2.580857574939727783e-01
0.000000000000000000e+00 3.209818601608276367e-01
0.000000000000000000e+00 3.293568491935729980e-01
0.000000000000000000e+00 2.538847923278808594e-01
0.000000000000000000e+00 2.128110527992248535e-01
0.000000000000000000e+00 7.512886077165603638e-02
0.000000000000000000e+00 1.052220016717910767e-01
0.000000000000000000e+00 9.496126323938369751e-02
0.000000000000000000e+00 7.065805792808532715e-02
0.000000000000000000e+00 5.501300841569900513e-02
0.000000000000000000e+00 1.987446285784244537e-02
0.000000000000000000e+00 3.445167094469070435e-02
0.000000000000000000e+00 2.618298493325710297e-02
0.000000000000000000e+00 1.931535638868808746e-02
0.000000000000000000e+00 2.283533290028572083e-02
0.000000000000000000e+00 1.212008483707904816e-02
0.000000000000000000e+00 3.355535864830017090e-02
0.000000000000000000e+00 1.281726174056529999e-02
0.000000000000000000e+00 1.094765961170196533e-02
0.000000000000000000e+00 6.639228668063879013e-03
0.000000000000000000e+00 1.452329661697149277e-02
0.000000000000000000e+00 5.106705706566572189e-03
0.000000000000000000e+00 1.091986987739801407e-02
0.000000000000000000e+00 3.640351351350545883e-03
0.000000000000000000e+00 4.955412354320287704e-03
0.000000000000000000e+00 8.908621966838836670e-03
0.000000000000000000e+00 3.900507930666208267e-03
0.000000000000000000e+00 3.690141718834638596e-03
0.000000000000000000e+00 4.281329456716775894e-03
0.000000000000000000e+00 6.402061786502599716e-03
0.000000000000000000e+00 1.183307636529207230e-02
0.000000000000000000e+00 1.050649117678403854e-02
0.000000000000000000e+00 6.699514575302600861e-03
0.000000000000000000e+00 4.762026481330394745e-03
0.000000000000000000e+00 1.097455061972141266e-02
0.000000000000000000e+00 2.950831055641174316e-01
1.000000000000000000e+00 2.403416186571121216e-01
0.000000000000000000e+00 1.423858851194381714e-01
0.000000000000000000e+00 1.441380083560943604e-01
0.000000000000000000e+00 1.171913444995880127e-01
0.000000000000000000e+00 1.336903572082519531e-01
0.000000000000000000e+00 6.927632540464401245e-02
0.000000000000000000e+00 9.553601592779159546e-02
0.000000000000000000e+00 6.359143555164337158e-02
0.000000000000000000e+00 5.441456660628318787e-02
0.000000000000000000e+00 4.673520848155021667e-02
0.000000000000000000e+00 8.412505686283111572e-02
0.000000000000000000e+00 6.452228128910064697e-02
1.000000000000000000e+00 6.168873608112335205e-02
1.000000000000000000e+00 9.015685319900512695e-02
1.000000000000000000e+00 4.524807631969451904e-02
1.000000000000000000e+00 5.844076350331306458e-02
1.000000000000000000e+00 8.144847303628921509e-02
1.000000000000000000e+00 7.827740907669067383e-02
1.000000000000000000e+00 9.094820916652679443e-02
1.000000000000000000e+00 5.071269720792770386e-02
1.000000000000000000e+00 7.530586421489715576e-02
1.000000000000000000e+00 4.838506132364273071e-02
1.000000000000000000e+00 7.154503464698791504e-02
1.000000000000000000e+00 8.712655305862426758e-02
1.000000000000000000e+00 7.469249516725540161e-02
0.000000000000000000e+00 8.180671185255050659e-02
0.000000000000000000e+00 2.679274380207061768e-01
0.000000000000000000e+00 2.590426206588745117e-01
0.000000000000000000e+00 1.910352855920791626e-01
0.000000000000000000e+00 1.554643511772155762e-01
0.000000000000000000e+00 5.017569065093994141e-01
0.000000000000000000e+00 4.054689705371856689e-01
0.000000000000000000e+00 5.161917805671691895e-01
0.000000000000000000e+00 6.886252760887145996e-01
0.000000000000000000e+00 6.020471453666687012e-01
0.000000000000000000e+00 5.773330926895141602e-01
0.000000000000000000e+00 5.770792961120605469e-01
0.000000000000000000e+00 6.572800278663635254e-01
0.000000000000000000e+00 5.742174386978149414e-01
0.000000000000000000e+00 5.705966353416442871e-01
0.000000000000000000e+00 6.530665159225463867e-01
0.000000000000000000e+00 7.203528881072998047e-01
0.000000000000000000e+00 6.462844610214233398e-01
0.000000000000000000e+00 5.014878511428833008e-01
0.000000000000000000e+00 2.932422503363341093e-04
0.000000000000000000e+00 2.779612550511956215e-04
0.000000000000000000e+00 3.465263871476054192e-04
0.000000000000000000e+00 2.376380143687129021e-04
0.000000000000000000e+00 6.976697477512061596e-05
0.000000000000000000e+00 8.756300667300820351e-05
0.000000000000000000e+00 7.077182817738503218e-05
0.000000000000000000e+00 7.855054718675091863e-05
0.000000000000000000e+00 5.826159031130373478e-05
0.000000000000000000e+00 1.060862850863486528e-04
0.000000000000000000e+00 1.184623033623211086e-04
1.000000000000000000e+00 7.123318937374278903e-05
0.000000000000000000e+00 8.306093513965606689e-05
1.000000000000000000e+00 7.917555922176688910e-05
1.000000000000000000e+00 4.855652150581590831e-05
1.000000000000000000e+00 2.679855424503330141e-05
1.000000000000000000e+00 2.217243491031695157e-05
1.000000000000000000e+00 2.199840128014329821e-05
1.000000000000000000e+00 2.150261570932343602e-05
1.000000000000000000e+00 1.371142298012273386e-05
1.000000000000000000e+00 6.379936166922561824e-06
1.000000000000000000e+00 1.887840699055232108e-05
1.000000000000000000e+00 3.428662694204831496e-06
1.000000000000000000e+00 2.525541958675603382e-06
1.000000000000000000e+00 2.723606485233176500e-06
0.000000000000000000e+00 1.528628445157664828e-06
0.000000000000000000e+00 2.207675606769043952e-06
0.000000000000000000e+00 1.543208668408624362e-06
0.000000000000000000e+00 1.758843040988722350e-06
0.000000000000000000e+00 1.524656795481860172e-06
0.000000000000000000e+00 5.001525096304249018e-07
0.000000000000000000e+00 1.009998186418670230e-06
0.000000000000000000e+00 8.821072583486966323e-07
1.000000000000000000e+00 5.439121082417841535e-07
0.000000000000000000e+00 1.730838448565918952e-06
0.000000000000000000e+00 1.009507059279712848e-06
0.000000000000000000e+00 8.989726438812795095e-07
0.000000000000000000e+00 1.131236899709620047e-06
0.000000000000000000e+00 2.793171461235033348e-06
0.000000000000000000e+00 3.445530637691263109e-06
0.000000000000000000e+00 9.478284482611343265e-06
0.000000000000000000e+00 1.253168011317029595e-05
0.000000000000000000e+00 3.532382834237068892e-05
0.000000000000000000e+00 1.314627570536686108e-05
0.000000000000000000e+00 2.965240491903387010e-05
0.000000000000000000e+00 7.388879060745239258e-01
0.000000000000000000e+00 7.752661705017089844e-01
1.000000000000000000e+00 7.182742357254028320e-01
0.000000000000000000e+00 9.041747450828552246e-01
0.000000000000000000e+00 9.240272045135498047e-01
0.000000000000000000e+00 9.665615558624267578e-01
0.000000000000000000e+00 9.314819574356079102e-01
0.000000000000000000e+00 9.725870490074157715e-01
0.000000000000000000e+00 9.659581780433654785e-01
0.000000000000000000e+00 9.749582409858703613e-01
0.000000000000000000e+00 9.721064567565917969e-01
1.000000000000000000e+00 9.738580584526062012e-01
1.000000000000000000e+00 9.851248264312744141e-01
1.000000000000000000e+00 9.829440712928771973e-01
1.000000000000000000e+00 9.806315898895263672e-01
1.000000000000000000e+00 9.869634509086608887e-01
1.000000000000000000e+00 9.935567975044250488e-01
1.000000000000000000e+00 9.923996329307556152e-01
1.000000000000000000e+00 9.936279058456420898e-01
1.000000000000000000e+00 9.947222471237182617e-01
1.000000000000000000e+00 9.958694577217102051e-01
1.000000000000000000e+00 9.970916509628295898e-01
1.000000000000000000e+00 9.957156777381896973e-01
1.000000000000000000e+00 9.963617920875549316e-01
1.000000000000000000e+00 9.948947429656982422e-01
1.000000000000000000e+00 9.935994148254394531e-01
0.000000000000000000e+00 9.936514496803283691e-01
0.000000000000000000e+00 9.884767532348632812e-01
0.000000000000000000e+00 9.808041453361511230e-01
0.000000000000000000e+00 9.234308004379272461e-01
0.000000000000000000e+00 7.823359370231628418e-01
0.000000000000000000e+00 8.085992336273193359e-01
0.000000000000000000e+00 5.900225043296813965e-01
0.000000000000000000e+00 6.035568714141845703e-01
0.000000000000000000e+00 4.513809382915496826e-01
0.000000000000000000e+00 5.244108438491821289e-01
0.000000000000000000e+00 3.211785852909088135e-01
0.000000000000000000e+00 3.410842120647430420e-01
0.000000000000000000e+00 3.106368482112884521e-01
0.000000000000000000e+00 3.050532937049865723e-01
0.000000000000000000e+00 2.601490914821624756e-01
0.000000000000000000e+00 2.706032991409301758e-01
0.000000000000000000e+00 2.123177945613861084e-01
0.000000000000000000e+00 1.250943690538406372e-01
0.000000000000000000e+00 4.111503809690475464e-02
