0.000000000000000000e+00 8.267802745103836060e-02
0.000000000000000000e+00 5.990197882056236267e-02
0.000000000000000000e+00 4.398742690682411194e-02
0.000000000000000000e+00 2.833049930632114410e-02
0.000000000000000000e+00 3.921499103307723999e-02
0.000000000000000000e+00 2.697039395570755005e-02
0.000000000000000000e+00 3.022341243922710419e-02
0.000000000000000000e+00 3.231901675462722778e-02
0.000000000000000000e+00 2.774718776345252991e-02
0.000000000000000000e+00 4.097433388233184814e-02
0.000000000000000000e+00 5.052826181054115295e-02
0.000000000000000000e+00 8.478393405675888062e-02
0.000000000000000000e+00 9.048680961132049561e-02
0.000000000000000000e+00 1.567531824111938477e-01
0.000000000000000000e+00 2.132428288459777832e-01
0.000000000000000000e+00 2.457258552312850952e-01
0.000000000000000000e+00 2.669834792613983154e-01
0.000000000000000000e+00 2.444243878126144409e-01
0.000000000000000000e+00 2.349117100238800049e-01
0.000000000000000000e+00 2.605424821376800537e-01
0.000000000000000000e+00 2.253016829490661621e-01
0.000000000000000000e+00 2.288924455642700195e-01
0.000000000000000000e+00 1.562584489583969116e-01
0.000000000000000000e+00 1.153400614857673645e-01
0.000000000000000000e+00 1.008908823132514954e-01
0.000000000000000000e+00 6.097551807761192322e-02
0.000000000000000000e+00 2.451425604522228241e-02
0.000000000000000000e+00 2.193812839686870575e-02
0.000000000000000000e+00 1.167676504701375961e-02
0.000000000000000000e+00 1.040562801063060760e-02
0.000000000000000000e+00 4.345671739429235458e-03
0.000000000000000000e+00 3.446503309532999992e-03
0.000000000000000000e+00 3.337854053825139999e-03
0.000000000000000000e+00 1.350574661046266556e-03
0.000000000000000000e+00 1.613783999346196651e-03
0.000000000000000000e+00 1.193955889903008938e-03
0.000000000000000000e+00 1.448659459128975868e-03
0.000000000000000000e+00 1.632703468203544617e-03
0.000000000000000000e+00 2.476211870089173317e-03
0.000000000000000000e+00 1.883223536424338818e-03
0.000000000000000000e+00 1.850465545430779457e-03
0.000000000000000000e+00 1.623351010493934155e-03
0.000000000000000000e+00 1.284155878238379955e-03
0.000000000000000000e+00 1.500671263784170151e-03
0.000000000000000000e+00 1.786311040632426739e-03
0.000000000000000000e+00 3.429455682635307312e-03
0.000000000000000000e+00 4.143862053751945496e-03
0.000000000000000000e+00 5.294378846883773804e-03
0.000000000000000000e+00 4.526542499661445618e-03
0.000000000000000000e+00 2.704577287659049034e-03
0.000000000000000000e+00 2.017077058553695679e-03
0.000000000000000000e+00 2.033091150224208832e-03
0.000000000000000000e+00 2.053328324109315872e-03
0.000000000000000000e+00 2.729488071054220200e-03
0.000000000000000000e+00 6.244948599487543106e-03
0.000000000000000000e+00 4.865881521254777908e-03
0.000000000000000000e+00 4.973179195076227188e-03
0.000000000000000000e+00 4.319195169955492020e-03
0.000000000000000000e+00 2.908789319917559624e-03
0.000000000000000000e+00 1.875817775726318359e-03
0.000000000000000000e+00 1.508815679699182510e-03
0.000000000000000000e+00 1.602304051630198956e-03
0.000000000000000000e+00 3.208614420145750046e-03
0.000000000000000000e+00 2.867125906050205231e-03
0.000000000000000000e+00 4.288658034056425095e-03
0.000000000000000000e+00 6.357507314532995224e-03
0.000000000000000000e+00 7.380004972219467163e-03
0.000000000000000000e+00 7.154773455113172531e-03
0.000000000000000000e+00 5.994283594191074371e-03
0.000000000000000000e+00 5.842535756528377533e-03
0.000000000000000000e+00 8.360046893358230591e-03
0.000000000000000000e+00 5.567025858908891678e-03
0.000000000000000000e+00 7.242116611450910568e-03
0.000000000000000000e+00 8.270542137324810028e-03
0.000000000000000000e+00 8.127356879413127899e-03
0.000000000000000000e+00 5.183288827538490295e-03
0.000000000000000000e+00 9.156768210232257843e-03
0.000000000000000000e+00 1.297689508646726608e-02
0.000000000000000000e+00 2.379443868994712830e-02
0.000000000000000000e+00 4.293805733323097229e-02
0.000000000000000000e+00 5.922014266252517700e-02
0.000000000000000000e+00 5.991442501544952393e-02
0.000000000000000000e+00 7.832653075456619263e-02
0.000000000000000000e+00 8.047351241111755371e-02
0.000000000000000000e+00 7.010949403047561646e-02
0.000000000000000000e+00 4.940552264451980591e-02
0.000000000000000000e+00 4.638272896409034729e-02
0.000000000000000000e+00 7.172967493534088135e-02
0.000000000000000000e+00 1.075669750571250916e-01
0.000000000000000000e+00 6.363676488399505615e-02
0.000000000000000000e+00 5.670125782489776611e-02
0.000000000000000000e+00 4.601621255278587341e-02
0.000000000000000000e+00 4.254674911499023438e-02
0.000000000000000000e+00 4.020980000495910645e-02
0.000000000000000000e+00 4.059880226850509644e-02
0.000000000000000000e+00 4.876537993550300598e-02
1.000000000000000000e+00 3.949817270040512085e-02
1.000000000000000000e+00 2.198272943496704102e-02
0.000000000000000000e+00 3.781531751155853271e-02
0.000000000000000000e+00 2.493117004632949829e-02
0.000000000000000000e+00 3.676414862275123596e-02
0.000000000000000000e+00 3.022010438144207001e-02
0.000000000000000000e+00 3.980578482151031494e-02
0.000000000000000000e+00 1.826480776071548462e-02
0.000000000000000000e+00 1.956461928784847260e-02
0.000000000000000000e+00 1.047578174620866776e-02
0.000000000000000000e+00 6.951730698347091675e-03
1.000000000000000000e+00 3.111016238108277321e-03
1.000000000000000000e+00 4.107627086341381073e-03
1.000000000000000000e+00 2.578008687123656273e-03
1.000000000000000000e+00 2.266174647957086563e-03
0.000000000000000000e+00 2.803220180794596672e-03
0.000000000000000000e+00 2.661301288753747940e-03
0.000000000000000000e+00 1.774269621819257736e-03
0.000000000000000000e+00 9.653613087721168995e-04
0.000000000000000000e+00 2.111599082127213478e-03
0.000000000000000000e+00 2.985229017212986946e-03
0.000000000000000000e+00 3.135940060019493103e-03
0.000000000000000000e+00 4.080032464116811752e-03
0.000000000000000000e+00 6.459161173552274704e-03
0.000000000000000000e+00 6.916458718478679657e-03
0.000000000000000000e+00 3.168931463733315468e-03
0.000000000000000000e+00 4.242957103997468948e-03
0.000000000000000000e+00 4.699005279690027237e-03
0.000000000000000000e+00 5.096110980957746506e-03
0.000000000000000000e+00 8.728353306651115417e-03
0.000000000000000000e+00 1.376274414360523224e-02
0.000000000000000000e+00 1.385140419006347656e-02
0.000000000000000000e+00 1.762253232300281525e-02
0.000000000000000000e+00 1.830292493104934692e-02
0.000000000000000000e+00 2.056874334812164307e-02
0.000000000000000000e+00 2.201568335294723511e-02
0.000000000000000000e+00 3.569757565855979919e-02
0.000000000000000000e+00 6.574758142232894897e-02
0.000000000000000000e+00 8.172541111707687378e-02
0.000000000000000000e+00 1.262836605310440063e-01
0.000000000000000000e+00 1.554045379161834717e-01
0.000000000000000000e+00 1.443497836589813232e-01
0.000000000000000000e+00 1.325753778219223022e-01
0.000000000000000000e+00 1.655185967683792114e-01
0.000000000000000000e+00 6.733637303113937378e-02
0.000000000000000000e+00 4.957590997219085693e-02
0.000000000000000000e+00 2.752607874572277069e-02
0.000000000000000000e+00 1.997698657214641571e-02
0.000000000000000000e+00 1.094219833612442017e-02
0.000000000000000000e+00 6.980771664530038834e-03
0.000000000000000000e+00 5.305851809680461884e-03
0.000000000000000000e+00 2.576740225777029991e-03
0.000000000000000000e+00 1.208030618727207184e-03
0.000000000000000000e+00 6.858922424726188183e-04
0.000000000000000000e+00 1.560533698648214340e-02
0.000000000000000000e+00 3.165023028850555420e-02
0.000000000000000000e+00 3.225800395011901855e-02
0.000000000000000000e+00 6.443351507186889648e-02
0.000000000000000000e+00 9.096640348434448242e-02
0.000000000000000000e+00 1.685609966516494751e-01
0.000000000000000000e+00 3.287582695484161377e-01
0.000000000000000000e+00 3.544419109821319580e-01
0.000000000000000000e+00 3.954207003116607666e-01
0.000000000000000000e+00 5.572851896286010742e-01
0.000000000000000000e+00 4.227483868598937988e-01
0.000000000000000000e+00 4.949710965156555176e-01
0.000000000000000000e+00 5.666241049766540527e-01
0.000000000000000000e+00 7.258310317993164062e-01
0.000000000000000000e+00 6.532911062240600586e-01
0.000000000000000000e+00 6.335911154747009277e-01
0.000000000000000000e+00 6.132172942161560059e-01
0.000000000000000000e+00 6.872336864471435547e-01
0.000000000000000000e+00 7.953048348426818848e-01
0.000000000000000000e+00 8.069525957107543945e-01
0.000000000000000000e+00 7.950173616409301758e-01
0.000000000000000000e+00 8.562742471694946289e-01
0.000000000000000000e+00 8.962722420692443848e-01
0.000000000000000000e+00 8.936693668365478516e-01
0.000000000000000000e+00 9.230425357818603516e-01
0.000000000000000000e+00 9.193634986877441406e-01
0.000000000000000000e+00 9.277514219284057617e-01
0.000000000000000000e+00 9.426929354667663574e-01
0.000000000000000000e+00 9.414023160934448242e-01
0.000000000000000000e+00 9.352409243583679199e-01
0.000000000000000000e+00 9.146690964698791504e-01
0.000000000000000000e+00 9.089260101318359375e-01
0.000000000000000000e+00 8.342114090919494629e-01
0.000000000000000000e+00 8.719154596328735352e-01
0.000000000000000000e+00 8.790066242218017578e-01
0.000000000000000000e+00 7.251064777374267578e-01
0.000000000000000000e+00 6.825269460678100586e-01
0.000000000000000000e+00 6.440572142601013184e-01
0.000000000000000000e+00 4.494096636772155762e-01
0.000000000000000000e+00 3.342372775077819824e-01
0.000000000000000000e+00 3.851410746574401855e-01
0.000000000000000000e+00 1.778297573328018188e-01
0.000000000000000000e+00 3.072646558284759521e-01
0.000000000000000000e+00 2.079270035028457642e-01
0.000000000000000000e+00 3.132994771003723145e-01
0.000000000000000000e+00 2.481793165206909180e-01
0.000000000000000000e+00 2.197583317756652832e-01
0.000000000000000000e+00 1.986767202615737915e-01
0.000000000000000000e+00 3.687925338745117188e-01
0.000000000000000000e+00 3.498588800430297852e-01
0.000000000000000000e+00 4.452536404132843018e-01
0.000000000000000000e+00 5.102803707122802734e-01
0.000000000000000000e+00 5.991217494010925293e-01
0.000000000000000000e+00 6.100590229034423828e-01
0.000000000000000000e+00 4.674474298954010010e-01
0.000000000000000000e+00 4.946593940258026123e-01
0.000000000000000000e+00 5.070140957832336426e-01
0.000000000000000000e+00 6.087529063224792480e-01
0.000000000000000000e+00 4.995159506797790527e-01
0.000000000000000000e+00 6.797222495079040527e-01
0.000000000000000000e+00 7.517430782318115234e-01
0.000000000000000000e+00 7.869316339492797852e-01
0.000000000000000000e+00 8.057741522789001465e-01
0.000000000000000000e+00 7.334794402122497559e-01
0.000000000000000000e+00 2.712622582912445068e-01
0.000000000000000000e+00 2.643775343894958496e-01
0.000000000000000000e+00 9.191911667585372925e-02
0.000000000000000000e+00 1.287986487150192261e-01
0.000000000000000000e+00 3.071048855781555176e-02
0.000000000000000000e+00 2.408011816442012787e-02
0.000000000000000000e+00 1.495543587952852249e-02
0.000000000000000000e+00 1.064410712569952011e-02
0.000000000000000000e+00 9.407420642673969269e-03
0.000000000000000000e+00 8.524782024323940277e-03
0.000000000000000000e+00 8.591360412538051605e-03
0.000000000000000000e+00 9.159019589424133301e-02
0.000000000000000000e+00 1.087307780981063843e-01
0.000000000000000000e+00 1.127006635069847107e-01
0.000000000000000000e+00 1.030420288443565369e-01
0.000000000000000000e+00 7.462925463914871216e-02
0.000000000000000000e+00 6.076215952634811401e-02
0.000000000000000000e+00 5.568305775523185730e-02
0.000000000000000000e+00 6.494521349668502808e-02
0.000000000000000000e+00 7.684712111949920654e-02
0.000000000000000000e+00 8.070845156908035278e-02
0.000000000000000000e+00 1.014813035726547241e-01
0.000000000000000000e+00 1.131328642368316650e-01
0.000000000000000000e+00 1.373625397682189941e-01
0.000000000000000000e+00 1.317851245403289795e-01
0.000000000000000000e+00 1.255153268575668335e-01
0.000000000000000000e+00 1.354372203350067139e-01
0.000000000000000000e+00 2.502087354660034180e-01
0.000000000000000000e+00 3.053934574127197266e-01
0.000000000000000000e+00 3.958432972431182861e-01
0.000000000000000000e+00 3.699503540992736816e-01
0.000000000000000000e+00 2.561728656291961670e-01
0.000000000000000000e+00 3.267762362957000732e-01
0.000000000000000000e+00 3.215321898460388184e-01
0.000000000000000000e+00 2.949371039867401123e-01
0.000000000000000000e+00 3.404941260814666748e-01
0.000000000000000000e+00 4.279101192951202393e-01
0.000000000000000000e+00 4.195439815521240234e-01
0.000000000000000000e+00 3.347103297710418701e-01
0.000000000000000000e+00 3.873481452465057373e-01
0.000000000000000000e+00 3.516701757907867432e-01
0.000000000000000000e+00 2.550779879093170166e-01
0.000000000000000000e+00 2.500311136245727539e-01
0.000000000000000000e+00 3.257465064525604248e-01
0.000000000000000000e+00 3.459086418151855469e-01
0.000000000000000000e+00 2.747306227684020996e-01
0.000000000000000000e+00 2.707746624946594238e-01
0.000000000000000000e+00 2.700942158699035645e-01
0.000000000000000000e+00 3.047000467777252197e-01
0.000000000000000000e+00 2.255026400089263916e-01
0.000000000000000000e+00 2.867629528045654297e-01
0.000000000000000000e+00 2.144355326890945435e-01
0.000000000000000000e+00 2.255748063325881958e-01
0.000000000000000000e+00 2.388454079627990723e-01
0.000000000000000000e+00 2.204417884349822998e-01
0.000000000000000000e+00 3.422497212886810303e-01
0.000000000000000000e+00 2.963677644729614258e-01
0.000000000000000000e+00 2.774920165538787842e-01
0.000000000000000000e+00 3.520780801773071289e-01
0.000000000000000000e+00 3.223409652709960938e-01
0.000000000000000000e+00 3.856973946094512939e-01
0.000000000000000000e+00 4.659808576107025146e-01
0.000000000000000000e+00 4.305868148803710938e-01
0.000000000000000000e+00 4.009373188018798828e-01
0.000000000000000000e+00 4.125880002975463867e-01
0.000000000000000000e+00 3.527536690235137939e-01
0.000000000000000000e+00 3.958491086959838867e-01
0.000000000000000000e+00 4.871569573879241943e-01
0.000000000000000000e+00 4.819140136241912842e-01
0.000000000000000000e+00 4.565490186214447021e-01
0.000000000000000000e+00 4.591085314750671387e-01
0.000000000000000000e+00 3.760045766830444336e-01
0.000000000000000000e+00 3.133811056613922119e-01
0.000000000000000000e+00 2.994543612003326416e-01
0.000000000000000000e+00 2.880640625953674316e-01
0.000000000000000000e+00 2.945137619972229004e-01
0.000000000000000000e+00 3.260491490364074707e-01
0.000000000000000000e+00 3.585794568061828613e-01
0.000000000000000000e+00 4.013638794422149658e-01
0.000000000000000000e+00 3.498240113258361816e-01
0.000000000000000000e+00 3.603892028331756592e-01
0.000000000000000000e+00 4.112543463706970215e-01
0.000000000000000000e+00 2.740605175495147705e-01
0.000000000000000000e+00 3.551670312881469727e-01
0.000000000000000000e+00 4.490452408790588379e-01
0.000000000000000000e+00 3.193542957305908203e-01
0.000000000000000000e+00 9.618877619504928589e-02
0.000000000000000000e+00 1.231547817587852478e-01
0.000000000000000000e+00 1.297514885663986206e-01
0.000000000000000000e+00 1.569838821887969971e-01
0.000000000000000000e+00 1.900069117546081543e-01
0.000000000000000000e+00 2.116465866565704346e-01
0.000000000000000000e+00 1.958774626255035400e-01
0.000000000000000000e+00 2.647724449634552002e-01
0.000000000000000000e+00 2.034370452165603638e-01
0.000000000000000000e+00 2.424663454294204712e-01
0.000000000000000000e+00 1.528246402740478516e-01
0.000000000000000000e+00 1.351674199104309082e-01
0.000000000000000000e+00 1.459991186857223511e-01
0.000000000000000000e+00 1.770531088113784790e-01
0.000000000000000000e+00 1.345023363828659058e-01
0.000000000000000000e+00 1.443854272365570068e-01
0.000000000000000000e+00 1.511651575565338135e-01
0.000000000000000000e+00 1.647401303052902222e-01
0.000000000000000000e+00 1.573905944824218750e-01
0.000000000000000000e+00 1.853123754262924194e-01
0.000000000000000000e+00 2.158617079257965088e-01
0.000000000000000000e+00 2.574351131916046143e-01
0.000000000000000000e+00 2.933771908283233643e-01
0.000000000000000000e+00 2.221247106790542603e-01
0.000000000000000000e+00 3.061860501766204834e-01
0.000000000000000000e+00 2.017452716827392578e-01
1.000000000000000000e+00 2.184864878654479980e-01
1.000000000000000000e+00 1.207093596458435059e-01
1.000000000000000000e+00 2.138298451900482178e-01
0.000000000000000000e+00 2.792107164859771729e-01
0.000000000000000000e+00 2.729050219058990479e-01
0.000000000000000000e+00 3.512594103813171387e-01
0.000000000000000000e+00 4.861924946308135986e-01
0.000000000000000000e+00 4.943292438983917236e-01
0.000000000000000000e+00 5.386200547218322754e-01
0.000000000000000000e+00 3.292187154293060303e-01
0.000000000000000000e+00 1.846525818109512329e-01
0.000000000000000000e+00 1.335104405879974365e-01
0.000000000000000000e+00 1.109454184770584106e-01
0.000000000000000000e+00 6.650644540786743164e-02
0.000000000000000000e+00 9.082745015621185303e-02
0.000000000000000000e+00 1.900178045034408569e-01
0.000000000000000000e+00 1.529805511236190796e-01
0.000000000000000000e+00 2.746950984001159668e-01
0.000000000000000000e+00 2.252857387065887451e-01
0.000000000000000000e+00 1.867702305316925049e-01
0.000000000000000000e+00 3.277911841869354248e-01
0.000000000000000000e+00 3.271928727626800537e-01
0.000000000000000000e+00 4.987917542457580566e-01
0.000000000000000000e+00 5.179457068443298340e-01
0.000000000000000000e+00 5.086685419082641602e-01
0.000000000000000000e+00 5.543974637985229492e-01
0.000000000000000000e+00 4.955135881900787354e-01
0.000000000000000000e+00 5.054947733879089355e-01
0.000000000000000000e+00 4.110608994960784912e-01
0.000000000000000000e+00 3.190238773822784424e-01
0.000000000000000000e+00 3.336510360240936279e-01
0.000000000000000000e+00 3.332673311233520508e-01
0.000000000000000000e+00 3.156507611274719238e-01
0.000000000000000000e+00 3.476801514625549316e-01
0.000000000000000000e+00 3.585568666458129883e-01
0.000000000000000000e+00 3.094583749771118164e-01
0.000000000000000000e+00 3.605945706367492676e-01
0.000000000000000000e+00 3.199357390403747559e-01
0.000000000000000000e+00 3.045035004615783691e-01
0.000000000000000000e+00 2.601499855518341064e-01
0.000000000000000000e+00 2.352715283632278442e-01
0.000000000000000000e+00 2.012959718704223633e-01
0.000000000000000000e+00 1.800824999809265137e-01
0.000000000000000000e+00 1.935952901840209961e-01
0.000000000000000000e+00 1.504790633916854858e-01
0.000000000000000000e+00 1.795527338981628418e-01
0.000000000000000000e+00 1.655216217041015625e-01
0.000000000000000000e+00 1.360311657190322876e-01
0.000000000000000000e+00 1.752940714359283447e-01
0.000000000000000000e+00 5.037337075918912888e-03
0.000000000000000000e+00 3.897913498803973198e-03
0.000000000000000000e+00 9.705707430839538574e-03
0.000000000000000000e+00 5.923926830291748047e-03
0.000000000000000000e+00 7.793988101184368134e-03
0.000000000000000000e+00 1.389901246875524521e-02
0.000000000000000000e+00 1.664737425744533539e-02
0.000000000000000000e+00 1.892275549471378326e-02
0.000000000000000000e+00 2.318984456360340118e-02
0.000000000000000000e+00 3.836273774504661560e-02
0.000000000000000000e+00 2.615165151655673981e-02
0.000000000000000000e+00 9.936597943305969238e-02
0.000000000000000000e+00 9.484460949897766113e-02
0.000000000000000000e+00 1.400132924318313599e-01
0.000000000000000000e+00 1.295553445816040039e-01
0.000000000000000000e+00 1.785442233085632324e-01
0.000000000000000000e+00 2.956437766551971436e-01
0.000000000000000000e+00 2.331945896148681641e-01
0.000000000000000000e+00 2.503782510757446289e-01
0.000000000000000000e+00 2.019093483686447144e-01
0.000000000000000000e+00 1.572961658239364624e-01
0.000000000000000000e+00 1.380974501371383667e-01
0.000000000000000000e+00 1.006636098027229309e-01
0.000000000000000000e+00 7.036618888378143311e-02
0.000000000000000000e+00 6.991316378116607666e-02
0.000000000000000000e+00 7.913457602262496948e-02
0.000000000000000000e+00 5.900922045111656189e-02
0.000000000000000000e+00 3.333114460110664368e-02
0.000000000000000000e+00 2.918332442641258240e-02
0.000000000000000000e+00 1.336373947560787201e-02
0.000000000000000000e+00 1.120894309133291245e-02
0.000000000000000000e+00 9.834785945713520050e-03
0.000000000000000000e+00 7.796580903232097626e-03
0.000000000000000000e+00 7.161849644035100937e-03
0.000000000000000000e+00 8.445587009191513062e-03
0.000000000000000000e+00 8.915815502405166626e-03
0.000000000000000000e+00 1.756983622908592224e-02
0.000000000000000000e+00 1.474489178508520126e-02
0.000000000000000000e+00 1.776028238236904144e-02
0.000000000000000000e+00 2.105588093400001526e-02
0.000000000000000000e+00 3.182330355048179626e-02
0.000000000000000000e+00 2.224395796656608582e-02
0.000000000000000000e+00 1.658532023429870605e-02
0.000000000000000000e+00 2.684792503714561462e-02
0.000000000000000000e+00 4.172351956367492676e-02
0.000000000000000000e+00 4.440974444150924683e-02
0.000000000000000000e+00 6.065365299582481384e-02
0.000000000000000000e+00 4.842288047075271606e-02
0.000000000000000000e+00 4.041425138711929321e-02
0.000000000000000000e+00 2.430030144751071930e-02
0.000000000000000000e+00 1.016687974333763123e-02
0.000000000000000000e+00 7.524975575506687164e-03
0.000000000000000000e+00 6.972876377403736115e-03
0.000000000000000000e+00 8.267038501799106598e-03
0.000000000000000000e+00 9.893223643302917480e-03
0.000000000000000000e+00 1.998024992644786835e-02
0.000000000000000000e+00 2.084107510745525360e-02
0.000000000000000000e+00 9.799049235880374908e-03
0.000000000000000000e+00 1.078504603356122971e-02
0.000000000000000000e+00 9.519616141915321350e-03
0.000000000000000000e+00 7.434358820319175720e-03
0.000000000000000000e+00 6.980243138968944550e-03
0.000000000000000000e+00 9.341070428490638733e-03
0.000000000000000000e+00 8.268168196082115173e-03
0.000000000000000000e+00 8.131482638418674469e-03
0.000000000000000000e+00 9.416858665645122528e-03
0.000000000000000000e+00 1.025102101266384125e-02
0.000000000000000000e+00 9.661315940320491791e-03
0.000000000000000000e+00 7.632755674421787262e-03
0.000000000000000000e+00 5.766279064118862152e-03
0.000000000000000000e+00 4.973832983523607254e-03
0.000000000000000000e+00 3.955183550715446472e-03
0.000000000000000000e+00 5.186850205063819885e-03
0.000000000000000000e+00 8.296956308186054230e-03
0.000000000000000000e+00 1.208919566124677658e-02
0.000000000000000000e+00 1.926061511039733887e-02
0.000000000000000000e+00 1.826104521751403809e-02
0.000000000000000000e+00 2.011941373348236084e-02
0.000000000000000000e+00 1.880820095539093018e-02
0.000000000000000000e+00 2.313569746911525726e-02
0.000000000000000000e+00 2.847637794911861420e-02
0.000000000000000000e+00 2.799966186285018921e-02
0.000000000000000000e+00 2.915999293327331543e-02
0.000000000000000000e+00 4.072973504662513733e-02
0.000000000000000000e+00 5.813643708825111389e-02
0.000000000000000000e+00 4.808446764945983887e-02
0.000000000000000000e+00 5.054094269871711731e-02
0.000000000000000000e+00 5.921990796923637390e-02
0.000000000000000000e+00 6.692348420619964600e-02
0.000000000000000000e+00 4.566995799541473389e-02
0.000000000000000000e+00 4.800935462117195129e-02
1.000000000000000000e+00 5.358972400426864624e-02
0.000000000000000000e+00 6.597255170345306396e-02
0.000000000000000000e+00 6.747161597013473511e-02
0.000000000000000000e+00 8.383125811815261841e-02
0.000000000000000000e+00 1.270653158426284790e-01
0.000000000000000000e+00 2.078531682491302490e-01
0.000000000000000000e+00 3.162694275379180908e-01
0.000000000000000000e+00 2.428730577230453491e-01
0.000000000000000000e+00 3.098903894424438477e-01
0.000000000000000000e+00 2.891978919506072998e-01
0.000000000000000000e+00 2.307575643062591553e-01
0.000000000000000000e+00 2.238362729549407959e-01
0.000000000000000000e+00 1.433853805065155029e-01
0.000000000000000000e+00 8.213153481483459473e-02
0.000000000000000000e+00 1.020968779921531677e-01
0.000000000000000000e+00 5.857615545392036438e-02
0.000000000000000000e+00 6.516962498426437378e-02
0.000000000000000000e+00 6.830209493637084961e-02
0.000000000000000000e+00 5.189358443021774292e-02
0.000000000000000000e+00 3.779421001672744751e-02
0.000000000000000000e+00 4.733597487211227417e-02
0.000000000000000000e+00 5.375676974654197693e-02
0.000000000000000000e+00 7.466643303632736206e-02
0.000000000000000000e+00 4.404187202453613281e-02
0.000000000000000000e+00 6.924920529127120972e-02
0.000000000000000000e+00 8.345207571983337402e-02
0.000000000000000000e+00 7.321979105472564697e-02
0.000000000000000000e+00 1.031671538949012756e-01
0.000000000000000000e+00 8.800377696752548218e-02
0.000000000000000000e+00 1.055541932582855225e-01
0.000000000000000000e+00 1.290932297706604004e-01
0.000000000000000000e+00 2.005651593208312988e-01
0.000000000000000000e+00 1.993516981601715088e-01
0.000000000000000000e+00 2.280102670192718506e-01
0.000000000000000000e+00 2.094525694847106934e-01
0.000000000000000000e+00 2.065003961324691772e-01
0.000000000000000000e+00 1.655127853155136108e-01
0.000000000000000000e+00 1.165358796715736389e-01
0.000000000000000000e+00 7.568228244781494141e-02
0.000000000000000000e+00 5.121589452028274536e-02
0.000000000000000000e+00 4.244710505008697510e-02
0.000000000000000000e+00 5.955962464213371277e-02
0.000000000000000000e+00 6.198894605040550232e-02
0.000000000000000000e+00 7.243560254573822021e-02
0.000000000000000000e+00 9.502814710140228271e-02
0.000000000000000000e+00 6.112775579094886780e-02
0.000000000000000000e+00 8.942475914955139160e-02
0.000000000000000000e+00 9.702666848897933960e-02
0.000000000000000000e+00 1.014944761991500854e-01
0.000000000000000000e+00 1.311399489641189575e-01
0.000000000000000000e+00 1.818805485963821411e-01
0.000000000000000000e+00 2.117069363594055176e-01
0.000000000000000000e+00 2.579104900360107422e-01
0.000000000000000000e+00 2.890411913394927979e-01
0.000000000000000000e+00 2.769017815589904785e-01
0.000000000000000000e+00 2.561383843421936035e-01
0.000000000000000000e+00 2.176584452390670776e-01
0.000000000000000000e+00 1.687544733285903931e-01
0.000000000000000000e+00 1.571799665689468384e-01
0.000000000000000000e+00 5.802678060717880726e-06
0.000000000000000000e+00 1.247833824891131371e-05
0.000000000000000000e+00 1.364419495075708255e-05
0.000000000000000000e+00 1.556702409288845956e-05
0.000000000000000000e+00 2.347769623156636953e-05
0.000000000000000000e+00 5.915808651479892433e-05
0.000000000000000000e+00 5.872887049918062985e-05
0.000000000000000000e+00 9.578165918355807662e-05
0.000000000000000000e+00 1.253903465112671256e-04
0.000000000000000000e+00 1.123736437875777483e-04
0.000000000000000000e+00 2.640902530401945114e-04
0.000000000000000000e+00 1.156818252638913691e-04
0.000000000000000000e+00 1.851065608207136393e-04
0.000000000000000000e+00 1.976970816031098366e-04
0.000000000000000000e+00 2.388443972449749708e-04
0.000000000000000000e+00 2.161041047656908631e-04
1.000000000000000000e+00 4.962414386682212353e-04
0.000000000000000000e+00 3.418662236072123051e-04
0.000000000000000000e+00 7.524545653723180294e-04
0.000000000000000000e+00 8.530143531970679760e-04
0.000000000000000000e+00 1.299734460189938545e-03
0.000000000000000000e+00 2.196174347773194313e-03
0.000000000000000000e+00 1.955778570845723152e-03
0.000000000000000000e+00 1.538607757538557053e-03
0.000000000000000000e+00 1.730031799525022507e-03
0.000000000000000000e+00 1.041645882651209831e-03
0.000000000000000000e+00 5.625801277346909046e-04
0.000000000000000000e+00 2.969494380522519350e-04
0.000000000000000000e+00 1.145561109296977520e-04
0.000000000000000000e+00 6.642786320298910141e-05
0.000000000000000000e+00 2.001110078708734363e-05
0.000000000000000000e+00 1.913685446197632700e-05
0.000000000000000000e+00 1.888427686935756356e-05
0.000000000000000000e+00 4.703927970695076510e-06
0.000000000000000000e+00 2.560361508585629053e-06
0.000000000000000000e+00 1.702841018413892016e-06
0.000000000000000000e+00 1.350538127553591039e-06
0.000000000000000000e+00 9.827111853155656718e-07
0.000000000000000000e+00 4.360831269423215417e-07
0.000000000000000000e+00 3.754904298602923518e-07
0.000000000000000000e+00 6.025636025697167497e-07
0.000000000000000000e+00 3.222198756702709943e-07
0.000000000000000000e+00 2.528418860947567737e-07
0.000000000000000000e+00 2.098245062143178075e-07
0.000000000000000000e+00 2.531982943310140399e-07
0.000000000000000000e+00 1.582746875783413998e-07
0.000000000000000000e+00 2.920757822266750736e-07
0.000000000000000000e+00 4.573081184844340896e-07
0.000000000000000000e+00 4.787016223417595029e-07
0.000000000000000000e+00 4.291647144327725982e-07
0.000000000000000000e+00 4.367599046872783219e-07
0.000000000000000000e+00 3.248313191761553753e-07
0.000000000000000000e+00 1.976419525817618705e-07
0.000000000000000000e+00 2.192245744936371921e-07
0.000000000000000000e+00 1.179818482910377497e-07
0.000000000000000000e+00 5.102496913877985207e-08
0.000000000000000000e+00 8.343592838855329319e-08
0.000000000000000000e+00 6.265747742872918025e-08
0.000000000000000000e+00 7.815866354121681070e-08
0.000000000000000000e+00 7.376816313353629084e-08
0.000000000000000000e+00 7.925059719582350226e-08
0.000000000000000000e+00 1.561155187346230377e-07
0.000000000000000000e+00 1.196281971260759747e-07
0.000000000000000000e+00 1.420797559603670379e-07
0.000000000000000000e+00 1.699730916016051196e-07
0.000000000000000000e+00 2.014491826685116393e-07
0.000000000000000000e+00 2.765779356650455156e-07
0.000000000000000000e+00 4.167937959209666587e-07
0.000000000000000000e+00 5.597009931079810485e-07
0.000000000000000000e+00 5.027151814829267096e-07
0.000000000000000000e+00 6.123760840637260117e-07
0.000000000000000000e+00 7.028032769085257314e-07
0.000000000000000000e+00 5.311401878316246439e-07
0.000000000000000000e+00 6.548155511154618580e-07
0.000000000000000000e+00 5.430978262666030787e-07
