0.000000000000000000e+00 5.024481415748596191e-01
1.000000000000000000e+00 5.020483136177062988e-01
1.000000000000000000e+00 5.850831866264343262e-01
1.000000000000000000e+00 5.790402889251708984e-01
0.000000000000000000e+00 6.176196932792663574e-01
0.000000000000000000e+00 5.684041976928710938e-01
0.000000000000000000e+00 5.785655379295349121e-01
0.000000000000000000e+00 6.346867680549621582e-01
0.000000000000000000e+00 6.920066475868225098e-01
0.000000000000000000e+00 7.072951197624206543e-01
0.000000000000000000e+00 6.911188960075378418e-01
0.000000000000000000e+00 7.167732715606689453e-01
0.000000000000000000e+00 7.003855109214782715e-01
1.000000000000000000e+00 7.267363071441650391e-01
1.000000000000000000e+00 7.640518546104431152e-01
1.000000000000000000e+00 7.539724707603454590e-01
1.000000000000000000e+00 7.656843662261962891e-01
1.000000000000000000e+00 7.571036219596862793e-01
1.000000000000000000e+00 8.348687887191772461e-01
1.000000000000000000e+00 7.814912796020507812e-01
1.000000000000000000e+00 8.143067359924316406e-01
1.000000000000000000e+00 8.270425200462341309e-01
1.000000000000000000e+00 7.797477841377258301e-01
1.000000000000000000e+00 7.839932441711425781e-01
1.000000000000000000e+00 6.597047448158264160e-01
1.000000000000000000e+00 6.479197740554809570e-01
1.000000000000000000e+00 4.911303222179412842e-01
1.000000000000000000e+00 3.239468634128570557e-01
0.000000000000000000e+00 1.698581874370574951e-01
0.000000000000000000e+00 1.182850748300552368e-01
0.000000000000000000e+00 7.127844542264938354e-02
0.000000000000000000e+00 4.034985229372978210e-02
0.000000000000000000e+00 2.607584372162818909e-02
0.000000000000000000e+00 1.844106428325176239e-02
0.000000000000000000e+00 1.454789843410253525e-02
0.000000000000000000e+00 1.250303350389003754e-02
0.000000000000000000e+00 8.065141737461090088e-03
0.000000000000000000e+00 6.747203413397073746e-03
1.000000000000000000e+00 4.154750145971775055e-03
1.000000000000000000e+00 3.895216621458530426e-03
1.000000000000000000e+00 2.474512672051787376e-03
1.000000000000000000e+00 2.102089347317814827e-03
1.000000000000000000e+00 1.624388503842055798e-03
1.000000000000000000e+00 1.893597072921693325e-03
1.000000000000000000e+00 1.507418463006615639e-03
1.000000000000000000e+00 2.745005488395690918e-01
0.000000000000000000e+00 1.635372638702392578e-01
0.000000000000000000e+00 1.176194772124290466e-01
0.000000000000000000e+00 9.401448816061019897e-02
0.000000000000000000e+00 9.509745985269546509e-02
0.000000000000000000e+00 8.296182006597518921e-02
0.000000000000000000e+00 8.057356625795364380e-02
0.000000000000000000e+00 5.667031928896903992e-02
0.000000000000000000e+00 3.172738477587699890e-02
0.000000000000000000e+00 3.278633952140808105e-02
0.000000000000000000e+00 3.383901715278625488e-02
0.000000000000000000e+00 3.798789158463478088e-02
0.000000000000000000e+00 1.976358704268932343e-02
0.000000000000000000e+00 1.871683262288570404e-02
0.000000000000000000e+00 1.100309472531080246e-02
0.000000000000000000e+00 7.300893776118755341e-03
0.000000000000000000e+00 5.939898081123828888e-03
0.000000000000000000e+00 4.417981952428817749e-03
0.000000000000000000e+00 1.473472802899777889e-03
0.000000000000000000e+00 1.776161603629589081e-03
0.000000000000000000e+00 2.175879199057817459e-03
0.000000000000000000e+00 1.344859600067138672e-03
0.000000000000000000e+00 7.816569413989782333e-04
0.000000000000000000e+00 3.267393622081726789e-04
0.000000000000000000e+00 9.814345976337790489e-04
0.000000000000000000e+00 1.155070844106376171e-03
0.000000000000000000e+00 8.332406287081539631e-04
0.000000000000000000e+00 1.076760701835155487e-03
0.000000000000000000e+00 9.634408634155988693e-04
0.000000000000000000e+00 2.443966921418905258e-03
0.000000000000000000e+00 1.248183078132569790e-03
0.000000000000000000e+00 1.311586005613207817e-03
0.000000000000000000e+00 3.513990202918648720e-03
0.000000000000000000e+00 2.067262539640069008e-03
0.000000000000000000e+00 3.148236777633428574e-03
0.000000000000000000e+00 2.263094298541545868e-03
0.000000000000000000e+00 1.130105811171233654e-03
0.000000000000000000e+00 1.576220267452299595e-03
0.000000000000000000e+00 2.051020739600062370e-03
0.000000000000000000e+00 3.092444268986582756e-03
0.000000000000000000e+00 2.810877282172441483e-03
0.000000000000000000e+00 2.278709085658192635e-03
0.000000000000000000e+00 3.049665596336126328e-03
0.000000000000000000e+00 5.654685664921998978e-03
0.000000000000000000e+00 7.321780081838369370e-03
0.000000000000000000e+00 2.698282003402709961e-01
0.000000000000000000e+00 1.801993250846862793e-01
0.000000000000000000e+00 1.818709224462509155e-01
0.000000000000000000e+00 1.413802653551101685e-01
0.000000000000000000e+00 1.402147561311721802e-01
0.000000000000000000e+00 1.750723421573638916e-01
0.000000000000000000e+00 1.191397085785865784e-01
0.000000000000000000e+00 1.180797144770622253e-01
0.000000000000000000e+00 1.355880647897720337e-01
0.000000000000000000e+00 1.524143517017364502e-01
0.000000000000000000e+00 1.138140335679054260e-01
0.000000000000000000e+00 1.030990108847618103e-01
0.000000000000000000e+00 1.025572046637535095e-01
0.000000000000000000e+00 9.148044139146804810e-02
0.000000000000000000e+00 1.034323647618293762e-01
0.000000000000000000e+00 9.207022190093994141e-02
0.000000000000000000e+00 1.363106071949005127e-01
0.000000000000000000e+00 1.085013002157211304e-01
0.000000000000000000e+00 7.318404316902160645e-02
0.000000000000000000e+00 7.804634422063827515e-02
0.000000000000000000e+00 6.266987323760986328e-02
0.000000000000000000e+00 4.024204239249229431e-02
0.000000000000000000e+00 2.477434091269969940e-02
0.000000000000000000e+00 5.525213852524757385e-02
0.000000000000000000e+00 3.466116636991500854e-02
0.000000000000000000e+00 1.574308611452579498e-02
0.000000000000000000e+00 1.884602010250091553e-02
0.000000000000000000e+00 2.027796395123004913e-02
0.000000000000000000e+00 1.280945073813199997e-02
0.000000000000000000e+00 1.621024683117866516e-02
0.000000000000000000e+00 7.336361333727836609e-03
0.000000000000000000e+00 1.819292455911636353e-02
0.000000000000000000e+00 1.028931047767400742e-02
0.000000000000000000e+00 1.008193567395210266e-02
0.000000000000000000e+00 8.240586146712303162e-03
0.000000000000000000e+00 9.824362583458423615e-03
0.000000000000000000e+00 7.920281961560249329e-03
0.000000000000000000e+00 1.003540027886629105e-02
0.000000000000000000e+00 7.945492863655090332e-03
0.000000000000000000e+00 1.027971133589744568e-02
0.000000000000000000e+00 1.198983844369649887e-02
0.000000000000000000e+00 7.930960506200790405e-03
0.000000000000000000e+00 1.180474553257226944e-02
0.000000000000000000e+00 2.180574648082256317e-02
0.000000000000000000e+00 1.407014857977628708e-02
0.000000000000000000e+00 1.851428300142288208e-02
0.000000000000000000e+00 9.087956510484218597e-03
0.000000000000000000e+00 6.311017554253339767e-03
0.000000000000000000e+00 4.188722930848598480e-03
0.000000000000000000e+00 5.463832989335060120e-03
0.000000000000000000e+00 6.269421428442001343e-03
0.000000000000000000e+00 4.103099927306175232e-03
0.000000000000000000e+00 2.459531184285879135e-03
0.000000000000000000e+00 3.029946004971861839e-03
0.000000000000000000e+00 2.658324781805276871e-03
0.000000000000000000e+00 2.609478542581200600e-03
0.000000000000000000e+00 2.464147284626960754e-03
0.000000000000000000e+00 2.437858376652002335e-03
0.000000000000000000e+00 3.237784607335925102e-03
0.000000000000000000e+00 3.625164506956934929e-03
0.000000000000000000e+00 4.191657993942499161e-03
0.000000000000000000e+00 6.175254471600055695e-03
0.000000000000000000e+00 7.842798717319965363e-03
0.000000000000000000e+00 5.222845356911420822e-03
0.000000000000000000e+00 1.286053843796253204e-02
0.000000000000000000e+00 5.844497121870517731e-03
0.000000000000000000e+00 3.722856286913156509e-03
0.000000000000000000e+00 6.686922628432512283e-03
0.000000000000000000e+00 6.227082107216119766e-03
0.000000000000000000e+00 3.845354076474905014e-03
0.000000000000000000e+00 4.922625143080949783e-03
0.000000000000000000e+00 2.477524103596806526e-03
0.000000000000000000e+00 2.262953203171491623e-03
0.000000000000000000e+00 3.323117969557642937e-03
0.000000000000000000e+00 5.469759460538625717e-03
0.000000000000000000e+00 3.821285907179117203e-03
0.000000000000000000e+00 5.421651527285575867e-03
0.000000000000000000e+00 4.394443240016698837e-03
0.000000000000000000e+00 6.890682037919759750e-03
0.000000000000000000e+00 8.489324711263179779e-03
0.000000000000000000e+00 4.704396706074476242e-03
0.000000000000000000e+00 3.761881031095981598e-03
0.000000000000000000e+00 7.928106002509593964e-03
0.000000000000000000e+00 8.631871081888675690e-03
0.000000000000000000e+00 5.311829503625631332e-03
0.000000000000000000e+00 9.463638067245483398e-03
0.000000000000000000e+00 1.607925258576869965e-02
0.000000000000000000e+00 2.724001929163932800e-02
0.000000000000000000e+00 1.704283244907855988e-02
0.000000000000000000e+00 2.605696395039558411e-02
0.000000000000000000e+00 6.936520934104919434e-01
0.000000000000000000e+00 5.747144818305969238e-01
0.000000000000000000e+00 5.524115562438964844e-01
0.000000000000000000e+00 5.752542614936828613e-01
0.000000000000000000e+00 4.915858507156372070e-01
0.000000000000000000e+00 4.635015130043029785e-01
0.000000000000000000e+00 4.433274269104003906e-01
0.000000000000000000e+00 3.821751177310943604e-01
0.000000000000000000e+00 3.428713977336883545e-01
0.000000000000000000e+00 3.368611633777618408e-01
0.000000000000000000e+00 2.872844934463500977e-01
0.000000000000000000e+00 2.426792979240417480e-01
0.000000000000000000e+00 1.584867537021636963e-01
0.000000000000000000e+00 2.930955886840820312e-01
0.000000000000000000e+00 2.989699542522430420e-01
0.000000000000000000e+00 2.442495524883270264e-01
0.000000000000000000e+00 1.886314153671264648e-01
0.000000000000000000e+00 2.245723009109497070e-01
0.000000000000000000e+00 2.114350497722625732e-01
0.000000000000000000e+00 1.851023286581039429e-01
0.000000000000000000e+00 5.603963509202003479e-02
0.000000000000000000e+00 4.094004631042480469e-02
0.000000000000000000e+00 5.051026865839958191e-02
0.000000000000000000e+00 3.535427898168563843e-02
0.000000000000000000e+00 1.806227304041385651e-02
0.000000000000000000e+00 1.268338691443204880e-02
0.000000000000000000e+00 1.428263168781995773e-02
0.000000000000000000e+00 1.214131806045770645e-02
0.000000000000000000e+00 1.583583094179630280e-02
0.000000000000000000e+00 1.052199397236108780e-02
0.000000000000000000e+00 1.553533971309661865e-02
0.000000000000000000e+00 1.982225291430950165e-02
0.000000000000000000e+00 7.681964430958032608e-03
0.000000000000000000e+00 1.206339616328477859e-02
0.000000000000000000e+00 8.803257718682289124e-03
0.000000000000000000e+00 8.618444204330444336e-03
0.000000000000000000e+00 6.290945690125226974e-03
0.000000000000000000e+00 1.125035155564546585e-02
0.000000000000000000e+00 6.956581026315689087e-03
0.000000000000000000e+00 5.069739650934934616e-03
0.000000000000000000e+00 5.384690128266811371e-03
0.000000000000000000e+00 5.116325803101062775e-03
0.000000000000000000e+00 8.822644129395484924e-03
0.000000000000000000e+00 5.219687242060899734e-03
0.000000000000000000e+00 4.027128685265779495e-03
0.000000000000000000e+00 1.867090910673141479e-01
1.000000000000000000e+00 1.781642436981201172e-01
0.000000000000000000e+00 1.253577619791030884e-01
0.000000000000000000e+00 1.405376940965652466e-01
0.000000000000000000e+00 1.098397225141525269e-01
0.000000000000000000e+00 1.092357784509658813e-01
0.000000000000000000e+00 8.418988436460494995e-02
0.000000000000000000e+00 9.610627591609954834e-02
0.000000000000000000e+00 8.316445350646972656e-02
0.000000000000000000e+00 8.150327950716018677e-02
0.000000000000000000e+00 9.766469150781631470e-02
0.000000000000000000e+00 8.028203994035720825e-02
0.000000000000000000e+00 7.112505286931991577e-02
1.000000000000000000e+00 8.753033727407455444e-02
1.000000000000000000e+00 7.893261313438415527e-02
1.000000000000000000e+00 8.651662617921829224e-02
1.000000000000000000e+00 8.639846742153167725e-02
1.000000000000000000e+00 4.914703220129013062e-02
1.000000000000000000e+00 1.155404746532440186e-01
1.000000000000000000e+00 5.861163511872291565e-02
1.000000000000000000e+00 6.811927258968353271e-02
1.000000000000000000e+00 6.393031030893325806e-02
1.000000000000000000e+00 7.557701319456100464e-02
1.000000000000000000e+00 6.624113768339157104e-02
1.000000000000000000e+00 5.860709026455879211e-02
1.000000000000000000e+00 6.820531934499740601e-02
0.000000000000000000e+00 7.397481799125671387e-02
0.000000000000000000e+00 8.516260981559753418e-02
0.000000000000000000e+00 7.555016130208969116e-02
0.000000000000000000e+00 1.066638976335525513e-01
0.000000000000000000e+00 7.375797629356384277e-02
0.000000000000000000e+00 9.093839675188064575e-02
0.000000000000000000e+00 1.351007521152496338e-01
0.000000000000000000e+00 1.583588272333145142e-01
0.000000000000000000e+00 1.842782348394393921e-01
0.000000000000000000e+00 1.955218017101287842e-01
0.000000000000000000e+00 3.210780620574951172e-01
0.000000000000000000e+00 2.499897480010986328e-01
0.000000000000000000e+00 2.653620243072509766e-01
0.000000000000000000e+00 2.909286320209503174e-01
0.000000000000000000e+00 3.781996369361877441e-01
0.000000000000000000e+00 3.221961259841918945e-01
0.000000000000000000e+00 3.009274303913116455e-01
0.000000000000000000e+00 2.613561153411865234e-01
0.000000000000000000e+00 2.282470315694808960e-01
0.000000000000000000e+00 2.625374589115381241e-03
0.000000000000000000e+00 8.458025404252111912e-04
0.000000000000000000e+00 1.756442827172577381e-03
0.000000000000000000e+00 8.766438695602118969e-04
0.000000000000000000e+00 6.272251484915614128e-04
0.000000000000000000e+00 1.652600127272307873e-03
0.000000000000000000e+00 9.074818226508796215e-04
0.000000000000000000e+00 9.061762248165905476e-04
0.000000000000000000e+00 5.317881586961448193e-04
0.000000000000000000e+00 5.462452536448836327e-04
0.000000000000000000e+00 4.785895871464163065e-04
1.000000000000000000e+00 4.642194544430822134e-04
0.000000000000000000e+00 4.226641613058745861e-04
1.000000000000000000e+00 4.918247577734291553e-04
1.000000000000000000e+00 4.994093324057757854e-04
1.000000000000000000e+00 5.411162856034934521e-04
1.000000000000000000e+00 1.643552532186731696e-04
1.000000000000000000e+00 2.620613668113946915e-04
1.000000000000000000e+00 1.543876715004444122e-04
1.000000000000000000e+00 1.582808472448959947e-04
1.000000000000000000e+00 1.272734079975634813e-04
1.000000000000000000e+00 9.455823601456359029e-05
1.000000000000000000e+00 1.053414380294270813e-04
1.000000000000000000e+00 3.502625986584462225e-05
1.000000000000000000e+00 2.479428258084226400e-05
0.000000000000000000e+00 2.516592576284892857e-05
0.000000000000000000e+00 1.439809511794010177e-05
0.000000000000000000e+00 1.284458903683116660e-05
0.000000000000000000e+00 7.820324753993190825e-06
0.000000000000000000e+00 9.342673365608789027e-06
0.000000000000000000e+00 7.970185833983123302e-06
0.000000000000000000e+00 6.363068678183481097e-06
0.000000000000000000e+00 5.728756605094531551e-06
1.000000000000000000e+00 5.754952780989697203e-06
0.000000000000000000e+00 5.623291144729591906e-06
0.000000000000000000e+00 8.720343430468346924e-06
0.000000000000000000e+00 4.100107162230415270e-06
0.000000000000000000e+00 9.721660717332269996e-06
0.000000000000000000e+00 1.135343700298108160e-05
0.000000000000000000e+00 1.853083085734397173e-05
0.000000000000000000e+00 1.995326601900160313e-05
0.000000000000000000e+00 5.664775380864739418e-05
0.000000000000000000e+00 2.138884337909985334e-05
0.000000000000000000e+00 4.543256000033579767e-05
0.000000000000000000e+00 9.338845848105847836e-05
0.000000000000000000e+00 6.368284225463867188e-01
0.000000000000000000e+00 7.164792418479919434e-01
1.000000000000000000e+00 7.726073265075683594e-01
0.000000000000000000e+00 8.098979592323303223e-01
0.000000000000000000e+00 8.335547447204589844e-01
0.000000000000000000e+00 9.160454869270324707e-01
0.000000000000000000e+00 8.757424950599670410e-01
0.000000000000000000e+00 9.369114041328430176e-01
0.000000000000000000e+00 8.839114904403686523e-01
0.000000000000000000e+00 8.937516212463378906e-01
0.000000000000000000e+00 9.568222761154174805e-01
1.000000000000000000e+00 9.373256564140319824e-01
1.000000000000000000e+00 9.472044110298156738e-01
1.000000000000000000e+00 9.510092139244079590e-01
1.000000000000000000e+00 9.716839790344238281e-01
1.000000000000000000e+00 9.687390923500061035e-01
1.000000000000000000e+00 9.803548455238342285e-01
1.000000000000000000e+00 9.867323040962219238e-01
1.000000000000000000e+00 9.880565404891967773e-01
1.000000000000000000e+00 9.936448335647583008e-01
1.000000000000000000e+00 9.961110949516296387e-01
1.000000000000000000e+00 9.934997558593750000e-01
1.000000000000000000e+00 9.959067106246948242e-01
1.000000000000000000e+00 9.949117302894592285e-01
1.000000000000000000e+00 9.964637160301208496e-01
1.000000000000000000e+00 9.935892820358276367e-01
0.000000000000000000e+00 9.900734424591064453e-01
0.000000000000000000e+00 9.843885898590087891e-01
0.000000000000000000e+00 9.219006299972534180e-01
0.000000000000000000e+00 8.579520583152770996e-01
0.000000000000000000e+00 8.145485520362854004e-01
0.000000000000000000e+00 7.561292052268981934e-01
0.000000000000000000e+00 6.947401762008666992e-01
0.000000000000000000e+00 5.811864137649536133e-01
0.000000000000000000e+00 6.408915519714355469e-01
0.000000000000000000e+00 5.513868331909179688e-01
0.000000000000000000e+00 6.138563752174377441e-01
0.000000000000000000e+00 4.577961862087249756e-01
0.000000000000000000e+00 5.908321738243103027e-01
0.000000000000000000e+00 4.479731917381286621e-01
0.000000000000000000e+00 4.528571963310241699e-01
0.000000000000000000e+00 2.825391292572021484e-01
0.000000000000000000e+00 2.372474819421768188e-01
0.000000000000000000e+00 1.361611187458038330e-01
0.000000000000000000e+00 1.130878627300262451e-01
