0.000000000000000000e+00 4.384300410747528076e-01
0.000000000000000000e+00 4.501731693744659424e-01
0.000000000000000000e+00 2.895216345787048340e-01
0.000000000000000000e+00 1.886787265539169312e-01
0.000000000000000000e+00 1.906531751155853271e-01
0.000000000000000000e+00 1.314077526330947876e-01
0.000000000000000000e+00 1.246370226144790649e-01
0.000000000000000000e+00 1.274417638778686523e-01
0.000000000000000000e+00 1.220084652304649353e-01
0.000000000000000000e+00 1.242262497544288635e-01
0.000000000000000000e+00 9.089238196611404419e-02
0.000000000000000000e+00 1.222683712840080261e-01
0.000000000000000000e+00 1.162151396274566650e-01
0.000000000000000000e+00 1.238230988383293152e-01
0.000000000000000000e+00 1.193521246314048767e-01
0.000000000000000000e+00 1.914339959621429443e-01
1.000000000000000000e+00 1.991909444332122803e-01
0.000000000000000000e+00 1.834275424480438232e-01
0.000000000000000000e+00 2.262821048498153687e-01
0.000000000000000000e+00 2.687141895294189453e-01
0.000000000000000000e+00 3.125342428684234619e-01
1.000000000000000000e+00 4.467927515506744385e-01
1.000000000000000000e+00 5.128093957901000977e-01
1.000000000000000000e+00 5.773193836212158203e-01
1.000000000000000000e+00 6.527766585350036621e-01
1.000000000000000000e+00 6.782327294349670410e-01
0.000000000000000000e+00 5.260443687438964844e-01
0.000000000000000000e+00 4.517844319343566895e-01
0.000000000000000000e+00 3.908609747886657715e-01
0.000000000000000000e+00 3.789132833480834961e-01
0.000000000000000000e+00 3.234536349773406982e-01
1.000000000000000000e+00 2.595754861831665039e-01
1.000000000000000000e+00 2.244240343570709229e-01
1.000000000000000000e+00 1.789158433675765991e-01
0.000000000000000000e+00 1.301478594541549683e-01
0.000000000000000000e+00 1.057568788528442383e-01
0.000000000000000000e+00 9.586362540721893311e-02
0.000000000000000000e+00 8.369231224060058594e-02
1.000000000000000000e+00 7.754927128553390503e-02
0.000000000000000000e+00 1.009143739938735962e-01
0.000000000000000000e+00 1.481551975011825562e-01
0.000000000000000000e+00 1.923398822546005249e-01
0.000000000000000000e+00 2.559866011142730713e-01
0.000000000000000000e+00 2.974988520145416260e-01
0.000000000000000000e+00 3.270276486873626709e-01
0.000000000000000000e+00 3.675177693367004395e-01
0.000000000000000000e+00 3.616813123226165771e-01
0.000000000000000000e+00 3.706736862659454346e-01
0.000000000000000000e+00 3.658010363578796387e-01
0.000000000000000000e+00 3.521555960178375244e-01
0.000000000000000000e+00 3.249802589416503906e-01
0.000000000000000000e+00 3.290994167327880859e-01
0.000000000000000000e+00 3.502900898456573486e-01
0.000000000000000000e+00 3.469259440898895264e-01
0.000000000000000000e+00 3.113813400268554688e-01
0.000000000000000000e+00 3.260815739631652832e-01
0.000000000000000000e+00 3.735642433166503906e-01
0.000000000000000000e+00 3.649850785732269287e-01
0.000000000000000000e+00 3.408202826976776123e-01
0.000000000000000000e+00 3.195927441120147705e-01
0.000000000000000000e+00 2.703291177749633789e-01
0.000000000000000000e+00 1.983816623687744141e-01
0.000000000000000000e+00 1.951971352100372314e-01
0.000000000000000000e+00 2.352441847324371338e-01
1.000000000000000000e+00 2.491464614868164062e-01
0.000000000000000000e+00 3.009053170680999756e-01
0.000000000000000000e+00 3.382511734962463379e-01
0.000000000000000000e+00 3.896878659725189209e-01
0.000000000000000000e+00 4.359848201274871826e-01
0.000000000000000000e+00 5.042430758476257324e-01
0.000000000000000000e+00 5.391303300857543945e-01
0.000000000000000000e+00 5.453483462333679199e-01
0.000000000000000000e+00 5.336277484893798828e-01
1.000000000000000000e+00 5.723068118095397949e-01
0.000000000000000000e+00 6.516133546829223633e-01
0.000000000000000000e+00 5.701119899749755859e-01
0.000000000000000000e+00 5.140268206596374512e-01
0.000000000000000000e+00 4.846107363700866699e-01
0.000000000000000000e+00 4.223092794418334961e-01
0.000000000000000000e+00 3.817371129989624023e-01
0.000000000000000000e+00 3.671444654464721680e-01
0.000000000000000000e+00 2.381504625082015991e-01
0.000000000000000000e+00 2.441337108612060547e-01
0.000000000000000000e+00 2.182144373655319214e-01
0.000000000000000000e+00 1.787185370922088623e-01
0.000000000000000000e+00 1.757507771253585815e-01
0.000000000000000000e+00 1.571326404809951782e-01
0.000000000000000000e+00 1.412286460399627686e-01
0.000000000000000000e+00 1.312216669321060181e-01
0.000000000000000000e+00 1.241329833865165710e-01
0.000000000000000000e+00 1.390119642019271851e-01
1.000000000000000000e+00 1.297646909952163696e-01
1.000000000000000000e+00 1.553485691547393799e-01
0.000000000000000000e+00 1.857310235500335693e-01
0.000000000000000000e+00 2.087225168943405151e-01
0.000000000000000000e+00 2.791009247303009033e-01
1.000000000000000000e+00 4.003919959068298340e-01
1.000000000000000000e+00 4.744113683700561523e-01
1.000000000000000000e+00 5.519884228706359863e-01
0.000000000000000000e+00 4.768385291099548340e-01
0.000000000000000000e+00 5.062734484672546387e-01
0.000000000000000000e+00 5.024193525314331055e-01
0.000000000000000000e+00 5.057099461555480957e-01
0.000000000000000000e+00 4.644731581211090088e-01
0.000000000000000000e+00 5.156164765357971191e-01
0.000000000000000000e+00 4.588111639022827148e-01
0.000000000000000000e+00 4.926179647445678711e-01
0.000000000000000000e+00 4.424753189086914062e-01
0.000000000000000000e+00 4.921585321426391602e-01
0.000000000000000000e+00 4.834896922111511230e-01
0.000000000000000000e+00 4.754352867603302002e-01
0.000000000000000000e+00 4.617150127887725830e-01
0.000000000000000000e+00 4.126907587051391602e-01
0.000000000000000000e+00 4.446275234222412109e-01
0.000000000000000000e+00 4.778746068477630615e-01
0.000000000000000000e+00 4.747473001480102539e-01
0.000000000000000000e+00 4.513042569160461426e-01
0.000000000000000000e+00 4.844291806221008301e-01
0.000000000000000000e+00 4.616779983043670654e-01
0.000000000000000000e+00 5.058054327964782715e-01
0.000000000000000000e+00 5.107248425483703613e-01
0.000000000000000000e+00 5.596986413002014160e-01
0.000000000000000000e+00 5.190234184265136719e-01
0.000000000000000000e+00 5.583482980728149414e-01
0.000000000000000000e+00 5.810994505882263184e-01
0.000000000000000000e+00 5.904345512390136719e-01
0.000000000000000000e+00 5.556659102439880371e-01
0.000000000000000000e+00 5.505985617637634277e-01
0.000000000000000000e+00 5.775035619735717773e-01
1.000000000000000000e+00 5.569761395454406738e-01
1.000000000000000000e+00 6.308251023292541504e-01
1.000000000000000000e+00 6.387332081794738770e-01
1.000000000000000000e+00 5.776199698448181152e-01
1.000000000000000000e+00 6.202712655067443848e-01
1.000000000000000000e+00 5.656611323356628418e-01
0.000000000000000000e+00 5.326193571090698242e-01
0.000000000000000000e+00 5.186365842819213867e-01
0.000000000000000000e+00 5.269487500190734863e-01
0.000000000000000000e+00 4.810490906238555908e-01
0.000000000000000000e+00 4.176681041717529297e-01
0.000000000000000000e+00 4.024361371994018555e-01
0.000000000000000000e+00 3.770712614059448242e-01
0.000000000000000000e+00 3.878712058067321777e-01
0.000000000000000000e+00 3.701736032962799072e-01
0.000000000000000000e+00 4.215451180934906006e-01
0.000000000000000000e+00 4.649379849433898926e-01
1.000000000000000000e+00 5.171882510185241699e-01
1.000000000000000000e+00 4.746005237102508545e-01
0.000000000000000000e+00 4.370217621326446533e-01
0.000000000000000000e+00 4.161813557147979736e-01
0.000000000000000000e+00 1.660466343164443970e-01
0.000000000000000000e+00 1.523472368717193604e-01
0.000000000000000000e+00 1.754575967788696289e-01
0.000000000000000000e+00 1.508749127388000488e-01
0.000000000000000000e+00 1.451987475156784058e-01
0.000000000000000000e+00 1.532474607229232788e-01
0.000000000000000000e+00 1.120838224887847900e-01
0.000000000000000000e+00 1.279276162385940552e-01
0.000000000000000000e+00 1.121500059962272644e-01
0.000000000000000000e+00 1.405426859855651855e-01
0.000000000000000000e+00 1.449898928403854370e-01
0.000000000000000000e+00 1.393476128578186035e-01
0.000000000000000000e+00 1.285567730665206909e-01
0.000000000000000000e+00 1.318043917417526245e-01
0.000000000000000000e+00 1.705358773469924927e-01
0.000000000000000000e+00 1.811447441577911377e-01
0.000000000000000000e+00 1.628096997737884521e-01
0.000000000000000000e+00 1.664247065782546997e-01
0.000000000000000000e+00 1.799329519271850586e-01
0.000000000000000000e+00 2.009934484958648682e-01
0.000000000000000000e+00 1.935120522975921631e-01
0.000000000000000000e+00 2.564453482627868652e-01
0.000000000000000000e+00 2.883610725402832031e-01
0.000000000000000000e+00 3.267287909984588623e-01
0.000000000000000000e+00 4.073795378208160400e-01
0.000000000000000000e+00 4.699080586433410645e-01
0.000000000000000000e+00 5.201478004455566406e-01
0.000000000000000000e+00 5.798716545104980469e-01
0.000000000000000000e+00 5.442051887512207031e-01
0.000000000000000000e+00 4.188167452812194824e-01
0.000000000000000000e+00 3.646236360073089600e-01
0.000000000000000000e+00 3.171331882476806641e-01
1.000000000000000000e+00 2.609424293041229248e-01
1.000000000000000000e+00 2.599388062953948975e-01
0.000000000000000000e+00 2.940569221973419189e-01
0.000000000000000000e+00 3.388383686542510986e-01
0.000000000000000000e+00 4.559080600738525391e-01
0.000000000000000000e+00 5.906968116760253906e-01
0.000000000000000000e+00 5.754455327987670898e-01
0.000000000000000000e+00 6.201149225234985352e-01
0.000000000000000000e+00 5.636421442031860352e-01
0.000000000000000000e+00 5.493307113647460938e-01
0.000000000000000000e+00 5.200790166854858398e-01
0.000000000000000000e+00 4.098800718784332275e-01
0.000000000000000000e+00 4.164089262485504150e-01
0.000000000000000000e+00 3.325520157814025879e-01
0.000000000000000000e+00 3.150241672992706299e-01
0.000000000000000000e+00 3.450424373149871826e-01
0.000000000000000000e+00 3.701267838478088379e-01
0.000000000000000000e+00 4.014851450920104980e-01
0.000000000000000000e+00 3.629210591316223145e-01
0.000000000000000000e+00 4.338114559650421143e-01
1.000000000000000000e+00 3.871686458587646484e-01
1.000000000000000000e+00 3.942728042602539062e-01
1.000000000000000000e+00 3.430676758289337158e-01
1.000000000000000000e+00 3.640943467617034912e-01
1.000000000000000000e+00 4.085191786289215088e-01
0.000000000000000000e+00 4.449955821037292480e-01
0.000000000000000000e+00 5.185223221778869629e-01
0.000000000000000000e+00 6.183111667633056641e-01
0.000000000000000000e+00 6.352459192276000977e-01
0.000000000000000000e+00 6.430667638778686523e-01
0.000000000000000000e+00 7.273775339126586914e-01
0.000000000000000000e+00 7.262907624244689941e-01
0.000000000000000000e+00 7.545263171195983887e-01
0.000000000000000000e+00 7.101423144340515137e-01
0.000000000000000000e+00 7.288449406623840332e-01
0.000000000000000000e+00 6.892426013946533203e-01
0.000000000000000000e+00 7.115814089775085449e-01
0.000000000000000000e+00 7.294479608535766602e-01
0.000000000000000000e+00 7.664335966110229492e-01
0.000000000000000000e+00 7.272970676422119141e-01
0.000000000000000000e+00 6.575481891632080078e-01
0.000000000000000000e+00 5.557054281234741211e-01
0.000000000000000000e+00 5.070198774337768555e-01
1.000000000000000000e+00 7.408112883567810059e-01
1.000000000000000000e+00 7.780954837799072266e-01
1.000000000000000000e+00 7.065489888191223145e-01
1.000000000000000000e+00 5.694047212600708008e-01
0.000000000000000000e+00 5.349431633949279785e-01
0.000000000000000000e+00 3.214204609394073486e-01
0.000000000000000000e+00 3.082397878170013428e-01
1.000000000000000000e+00 2.150338441133499146e-01
0.000000000000000000e+00 1.850804984569549561e-01
0.000000000000000000e+00 1.407809704542160034e-01
0.000000000000000000e+00 1.341704130172729492e-01
0.000000000000000000e+00 1.431979686021804810e-01
0.000000000000000000e+00 8.967193216085433960e-02
0.000000000000000000e+00 9.328844398260116577e-02
0.000000000000000000e+00 7.018519937992095947e-02
0.000000000000000000e+00 9.180360287427902222e-02
0.000000000000000000e+00 9.973596781492233276e-02
0.000000000000000000e+00 1.004152819514274597e-01
0.000000000000000000e+00 1.158284023404121399e-01
0.000000000000000000e+00 1.392202526330947876e-01
0.000000000000000000e+00 1.571295857429504395e-01
0.000000000000000000e+00 1.657834202051162720e-01
0.000000000000000000e+00 1.790303736925125122e-01
0.000000000000000000e+00 1.788347363471984863e-01
0.000000000000000000e+00 1.724821329116821289e-01
0.000000000000000000e+00 1.637529730796813965e-01
1.000000000000000000e+00 1.344998925924301147e-01
0.000000000000000000e+00 1.640791296958923340e-01
0.000000000000000000e+00 2.015173584222793579e-01
0.000000000000000000e+00 2.314134240150451660e-01
0.000000000000000000e+00 2.758775651454925537e-01
0.000000000000000000e+00 2.927520275115966797e-01
0.000000000000000000e+00 2.959142625331878662e-01
0.000000000000000000e+00 3.013623654842376709e-01
0.000000000000000000e+00 3.113974928855895996e-01
0.000000000000000000e+00 2.947496175765991211e-01
0.000000000000000000e+00 2.449552416801452637e-01
0.000000000000000000e+00 2.271501868963241577e-01
0.000000000000000000e+00 2.853681147098541260e-01
0.000000000000000000e+00 3.187848925590515137e-01
0.000000000000000000e+00 3.057974576950073242e-01
0.000000000000000000e+00 3.683246076107025146e-01
0.000000000000000000e+00 4.513209164142608643e-01
0.000000000000000000e+00 4.336737990379333496e-01
0.000000000000000000e+00 6.078865528106689453e-01
0.000000000000000000e+00 7.266492843627929688e-01
0.000000000000000000e+00 7.301236391067504883e-01
0.000000000000000000e+00 7.603961229324340820e-01
0.000000000000000000e+00 7.736393213272094727e-01
0.000000000000000000e+00 7.787417769432067871e-01
0.000000000000000000e+00 8.223855495452880859e-01
0.000000000000000000e+00 7.996631264686584473e-01
0.000000000000000000e+00 7.788945436477661133e-01
1.000000000000000000e+00 8.135489225387573242e-01
1.000000000000000000e+00 8.336273431777954102e-01
1.000000000000000000e+00 8.224065303802490234e-01
1.000000000000000000e+00 7.644875049591064453e-01
1.000000000000000000e+00 7.429790496826171875e-01
1.000000000000000000e+00 6.723841428756713867e-01
0.000000000000000000e+00 6.963580250740051270e-01
0.000000000000000000e+00 5.776383876800537109e-01
0.000000000000000000e+00 5.958366394042968750e-01
0.000000000000000000e+00 5.555068850517272949e-01
0.000000000000000000e+00 5.482377409934997559e-01
0.000000000000000000e+00 5.700627565383911133e-01
0.000000000000000000e+00 5.740343928337097168e-01
0.000000000000000000e+00 5.936681628227233887e-01
0.000000000000000000e+00 6.470248103141784668e-01
0.000000000000000000e+00 6.857668757438659668e-01
0.000000000000000000e+00 6.364526748657226562e-01
0.000000000000000000e+00 6.298043131828308105e-01
0.000000000000000000e+00 6.033402681350708008e-01
0.000000000000000000e+00 5.854529142379760742e-01
0.000000000000000000e+00 5.304713249206542969e-01
0.000000000000000000e+00 5.118860602378845215e-01
1.000000000000000000e+00 7.461935877799987793e-01
1.000000000000000000e+00 7.453014254570007324e-01
1.000000000000000000e+00 7.571787834167480469e-01
1.000000000000000000e+00 7.380699515342712402e-01
1.000000000000000000e+00 7.121104001998901367e-01
1.000000000000000000e+00 7.597548961639404297e-01
1.000000000000000000e+00 6.955340504646301270e-01
1.000000000000000000e+00 6.733634471893310547e-01
1.000000000000000000e+00 6.476936340332031250e-01
1.000000000000000000e+00 5.459459424018859863e-01
0.000000000000000000e+00 4.921467602252960205e-01
0.000000000000000000e+00 4.766802787780761719e-01
0.000000000000000000e+00 3.714812099933624268e-01
0.000000000000000000e+00 3.157382011413574219e-01
0.000000000000000000e+00 2.459685504436492920e-01
0.000000000000000000e+00 1.698614805936813354e-01
0.000000000000000000e+00 1.850518137216567993e-01
0.000000000000000000e+00 1.467056572437286377e-01
0.000000000000000000e+00 1.452166885137557983e-01
0.000000000000000000e+00 1.248286515474319458e-01
0.000000000000000000e+00 1.158563941717147827e-01
0.000000000000000000e+00 1.128199324011802673e-01
0.000000000000000000e+00 1.089294031262397766e-01
0.000000000000000000e+00 1.152929738163948059e-01
0.000000000000000000e+00 1.115648820996284485e-01
0.000000000000000000e+00 1.275447160005569458e-01
0.000000000000000000e+00 1.374683976173400879e-01
1.000000000000000000e+00 1.462528258562088013e-01
0.000000000000000000e+00 1.637309342622756958e-01
0.000000000000000000e+00 1.556182950735092163e-01
0.000000000000000000e+00 1.942465752363204956e-01
0.000000000000000000e+00 1.948920935392379761e-01
0.000000000000000000e+00 2.126232236623764038e-01
0.000000000000000000e+00 2.280632555484771729e-01
0.000000000000000000e+00 2.221761792898178101e-01
0.000000000000000000e+00 2.519707679748535156e-01
0.000000000000000000e+00 2.441286742687225342e-01
0.000000000000000000e+00 2.570173740386962891e-01
0.000000000000000000e+00 2.684776186943054199e-01
0.000000000000000000e+00 3.072214424610137939e-01
0.000000000000000000e+00 3.011116981506347656e-01
0.000000000000000000e+00 2.829651236534118652e-01
0.000000000000000000e+00 3.037562668323516846e-01
0.000000000000000000e+00 3.438442945480346680e-01
0.000000000000000000e+00 4.376787543296813965e-01
0.000000000000000000e+00 3.848974704742431641e-01
0.000000000000000000e+00 4.648258388042449951e-01
0.000000000000000000e+00 4.626605212688446045e-01
0.000000000000000000e+00 5.043798089027404785e-01
0.000000000000000000e+00 5.572070479393005371e-01
0.000000000000000000e+00 6.231316328048706055e-01
0.000000000000000000e+00 6.483362317085266113e-01
0.000000000000000000e+00 6.248380541801452637e-01
1.000000000000000000e+00 6.634786128997802734e-01
1.000000000000000000e+00 6.919940710067749023e-01
1.000000000000000000e+00 6.886029243469238281e-01
1.000000000000000000e+00 7.098755836486816406e-01
0.000000000000000000e+00 6.518958806991577148e-01
0.000000000000000000e+00 6.646910309791564941e-01
0.000000000000000000e+00 6.486756801605224609e-01
0.000000000000000000e+00 6.552889347076416016e-01
0.000000000000000000e+00 5.977214574813842773e-01
0.000000000000000000e+00 6.103733181953430176e-01
0.000000000000000000e+00 5.828463435173034668e-01
0.000000000000000000e+00 6.044266819953918457e-01
0.000000000000000000e+00 6.052700281143188477e-01
0.000000000000000000e+00 5.856770873069763184e-01
0.000000000000000000e+00 5.428955554962158203e-01
0.000000000000000000e+00 5.151188969612121582e-01
0.000000000000000000e+00 5.437912940979003906e-01
0.000000000000000000e+00 5.668053030967712402e-01
1.000000000000000000e+00 5.473395586013793945e-01
1.000000000000000000e+00 5.119737982749938965e-01
0.000000000000000000e+00 4.860908687114715576e-01
0.000000000000000000e+00 4.713305234909057617e-01
1.000000000000000000e+00 9.083046913146972656e-01
1.000000000000000000e+00 9.353044629096984863e-01
1.000000000000000000e+00 9.068507552146911621e-01
1.000000000000000000e+00 9.061131477355957031e-01
1.000000000000000000e+00 9.046009778976440430e-01
1.000000000000000000e+00 8.715088367462158203e-01
1.000000000000000000e+00 9.163194894790649414e-01
1.000000000000000000e+00 8.651589751243591309e-01
0.000000000000000000e+00 8.130190968513488770e-01
0.000000000000000000e+00 7.631371021270751953e-01
0.000000000000000000e+00 6.941803097724914551e-01
0.000000000000000000e+00 5.882951021194458008e-01
0.000000000000000000e+00 4.983604252338409424e-01
0.000000000000000000e+00 4.040730297565460205e-01
0.000000000000000000e+00 2.813715636730194092e-01
0.000000000000000000e+00 2.262576222419738770e-01
0.000000000000000000e+00 2.108892649412155151e-01
0.000000000000000000e+00 2.050610333681106567e-01
0.000000000000000000e+00 1.914748698472976685e-01
0.000000000000000000e+00 1.804133355617523193e-01
0.000000000000000000e+00 1.849234998226165771e-01
0.000000000000000000e+00 1.796730607748031616e-01
0.000000000000000000e+00 1.748654395341873169e-01
1.000000000000000000e+00 1.923116147518157959e-01
0.000000000000000000e+00 1.993415802717208862e-01
0.000000000000000000e+00 2.012573927640914917e-01
0.000000000000000000e+00 2.098877131938934326e-01
0.000000000000000000e+00 2.236736863851547241e-01
0.000000000000000000e+00 2.367703020572662354e-01
0.000000000000000000e+00 2.517765164375305176e-01
0.000000000000000000e+00 2.639461457729339600e-01
0.000000000000000000e+00 2.722848951816558838e-01
0.000000000000000000e+00 2.846023738384246826e-01
0.000000000000000000e+00 2.804121375083923340e-01
0.000000000000000000e+00 3.065451085567474365e-01
0.000000000000000000e+00 3.098408579826354980e-01
0.000000000000000000e+00 3.097077608108520508e-01
0.000000000000000000e+00 2.968248128890991211e-01
0.000000000000000000e+00 3.230065405368804932e-01
0.000000000000000000e+00 3.506253957748413086e-01
0.000000000000000000e+00 3.828661441802978516e-01
0.000000000000000000e+00 3.480602800846099854e-01
0.000000000000000000e+00 3.938377201557159424e-01
0.000000000000000000e+00 4.228412806987762451e-01
0.000000000000000000e+00 4.245494008064270020e-01
0.000000000000000000e+00 4.555253088474273682e-01
0.000000000000000000e+00 4.321583807468414307e-01
0.000000000000000000e+00 4.863119125366210938e-01
0.000000000000000000e+00 4.838500022888183594e-01
0.000000000000000000e+00 5.317233800888061523e-01
0.000000000000000000e+00 5.183756947517395020e-01
1.000000000000000000e+00 5.851989984512329102e-01
1.000000000000000000e+00 5.943593382835388184e-01
1.000000000000000000e+00 6.106361746788024902e-01
1.000000000000000000e+00 6.498973965644836426e-01
1.000000000000000000e+00 7.034463286399841309e-01
1.000000000000000000e+00 7.058098316192626953e-01
1.000000000000000000e+00 6.466601490974426270e-01
1.000000000000000000e+00 6.356626749038696289e-01
1.000000000000000000e+00 5.365671515464782715e-01
1.000000000000000000e+00 5.022908449172973633e-01
0.000000000000000000e+00 3.948503434658050537e-01
0.000000000000000000e+00 3.783804774284362793e-01
0.000000000000000000e+00 3.677442371845245361e-01
0.000000000000000000e+00 3.352118432521820068e-01
0.000000000000000000e+00 3.443541526794433594e-01
0.000000000000000000e+00 3.082290589809417725e-01
0.000000000000000000e+00 2.951032221317291260e-01
0.000000000000000000e+00 2.952346801757812500e-01
1.000000000000000000e+00 2.698048949241638184e-01
1.000000000000000000e+00 2.666179537773132324e-01
1.000000000000000000e+00 2.390090078115463257e-01
1.000000000000000000e+00 2.210103720426559448e-01
1.000000000000000000e+00 2.046004533767700195e-01
0.000000000000000000e+00 1.870218217372894287e-01
1.000000000000000000e+00 9.229038357734680176e-01
1.000000000000000000e+00 9.107241034507751465e-01
1.000000000000000000e+00 8.907056450843811035e-01
0.000000000000000000e+00 8.745856881141662598e-01
0.000000000000000000e+00 8.721551299095153809e-01
0.000000000000000000e+00 8.305503129959106445e-01
0.000000000000000000e+00 8.572111129760742188e-01
0.000000000000000000e+00 8.665241599082946777e-01
0.000000000000000000e+00 8.114106655120849609e-01
0.000000000000000000e+00 8.179358839988708496e-01
0.000000000000000000e+00 8.318092226982116699e-01
0.000000000000000000e+00 8.358904719352722168e-01
0.000000000000000000e+00 8.377208113670349121e-01
0.000000000000000000e+00 8.615490198135375977e-01
0.000000000000000000e+00 8.883213996887207031e-01
0.000000000000000000e+00 8.890348076820373535e-01
0.000000000000000000e+00 8.953483104705810547e-01
0.000000000000000000e+00 9.224497675895690918e-01
0.000000000000000000e+00 9.136523008346557617e-01
0.000000000000000000e+00 9.182097315788269043e-01
0.000000000000000000e+00 9.454042911529541016e-01
1.000000000000000000e+00 9.508509039878845215e-01
1.000000000000000000e+00 9.568536877632141113e-01
1.000000000000000000e+00 9.601477384567260742e-01
0.000000000000000000e+00 9.721637964248657227e-01
0.000000000000000000e+00 9.761585593223571777e-01
0.000000000000000000e+00 9.794310927391052246e-01
0.000000000000000000e+00 9.813402295112609863e-01
0.000000000000000000e+00 9.803804755210876465e-01
0.000000000000000000e+00 9.818175435066223145e-01
0.000000000000000000e+00 9.831938743591308594e-01
1.000000000000000000e+00 9.823498129844665527e-01
0.000000000000000000e+00 9.816555380821228027e-01
0.000000000000000000e+00 9.857021570205688477e-01
0.000000000000000000e+00 9.856186509132385254e-01
0.000000000000000000e+00 9.835581183433532715e-01
0.000000000000000000e+00 9.863408803939819336e-01
0.000000000000000000e+00 9.889506697654724121e-01
0.000000000000000000e+00 9.858873486518859863e-01
0.000000000000000000e+00 9.882887601852416992e-01
0.000000000000000000e+00 9.868614077568054199e-01
0.000000000000000000e+00 9.866247177124023438e-01
0.000000000000000000e+00 9.882552623748779297e-01
0.000000000000000000e+00 9.865924715995788574e-01
1.000000000000000000e+00 9.906535744667053223e-01
1.000000000000000000e+00 9.879382252693176270e-01
0.000000000000000000e+00 9.886220097541809082e-01
0.000000000000000000e+00 9.873982667922973633e-01
0.000000000000000000e+00 9.884262084960937500e-01
0.000000000000000000e+00 9.872768521308898926e-01
0.000000000000000000e+00 9.859008193016052246e-01
0.000000000000000000e+00 9.853089451789855957e-01
0.000000000000000000e+00 9.833403229713439941e-01
0.000000000000000000e+00 9.804219603538513184e-01
0.000000000000000000e+00 9.812005162239074707e-01
0.000000000000000000e+00 9.835240244865417480e-01
0.000000000000000000e+00 9.855468273162841797e-01
0.000000000000000000e+00 9.835458993911743164e-01
0.000000000000000000e+00 9.753667116165161133e-01
1.000000000000000000e+00 9.719390869140625000e-01
1.000000000000000000e+00 9.712213873863220215e-01
0.000000000000000000e+00 9.726809859275817871e-01
0.000000000000000000e+00 9.658975601196289062e-01
0.000000000000000000e+00 9.690778255462646484e-01
0.000000000000000000e+00 9.555080533027648926e-01
0.000000000000000000e+00 9.538435935974121094e-01
0.000000000000000000e+00 9.500696063041687012e-01
0.000000000000000000e+00 9.522254467010498047e-01
1.000000000000000000e+00 9.420580863952636719e-01
1.000000000000000000e+00 9.060675501823425293e-01
1.000000000000000000e+00 9.394594430923461914e-01
1.000000000000000000e+00 8.890763521194458008e-01
0.000000000000000000e+00 8.302450180053710938e-01
0.000000000000000000e+00 8.729469180107116699e-01
0.000000000000000000e+00 8.905348181724548340e-01
0.000000000000000000e+00 9.449884891510009766e-01
0.000000000000000000e+00 9.547548890113830566e-01
0.000000000000000000e+00 9.276920557022094727e-01
0.000000000000000000e+00 9.100837707519531250e-01
0.000000000000000000e+00 8.931353092193603516e-01
0.000000000000000000e+00 8.627594709396362305e-01
0.000000000000000000e+00 8.456152081489562988e-01
0.000000000000000000e+00 8.675242066383361816e-01
0.000000000000000000e+00 7.844918370246887207e-01
0.000000000000000000e+00 7.091995477676391602e-01
0.000000000000000000e+00 6.894353628158569336e-01
0.000000000000000000e+00 4.789964854717254639e-01
0.000000000000000000e+00 5.978782176971435547e-01
0.000000000000000000e+00 4.985147714614868164e-01
1.000000000000000000e+00 4.780998528003692627e-01
1.000000000000000000e+00 5.398574471473693848e-01
1.000000000000000000e+00 5.086196660995483398e-01
1.000000000000000000e+00 5.606949925422668457e-01
1.000000000000000000e+00 5.462279319763183594e-01
1.000000000000000000e+00 5.513368248939514160e-01
1.000000000000000000e+00 5.504415631294250488e-01
1.000000000000000000e+00 5.485840439796447754e-01
1.000000000000000000e+00 5.776059627532958984e-01
1.000000000000000000e+00 6.581649184226989746e-01
1.000000000000000000e+00 6.910178065299987793e-01
0.000000000000000000e+00 7.743126749992370605e-01
0.000000000000000000e+00 8.283070921897888184e-01
0.000000000000000000e+00 8.479655981063842773e-01
0.000000000000000000e+00 8.443611264228820801e-01
0.000000000000000000e+00 8.609310984611511230e-01
0.000000000000000000e+00 8.623932600021362305e-01
0.000000000000000000e+00 8.674598932266235352e-01
1.000000000000000000e+00 8.599988222122192383e-01
0.000000000000000000e+00 8.396894931793212891e-01
0.000000000000000000e+00 8.313363194465637207e-01
0.000000000000000000e+00 8.462626934051513672e-01
0.000000000000000000e+00 8.609032630920410156e-01
0.000000000000000000e+00 8.416171669960021973e-01
0.000000000000000000e+00 8.321198225021362305e-01
0.000000000000000000e+00 7.836002111434936523e-01
0.000000000000000000e+00 8.171277642250061035e-01
0.000000000000000000e+00 8.222163319587707520e-01
0.000000000000000000e+00 7.107942700386047363e-01
0.000000000000000000e+00 7.112366557121276855e-01
0.000000000000000000e+00 6.907299160957336426e-01
0.000000000000000000e+00 6.990165114402770996e-01
0.000000000000000000e+00 7.469832897186279297e-01
0.000000000000000000e+00 7.944030761718750000e-01
0.000000000000000000e+00 7.741331458091735840e-01
0.000000000000000000e+00 7.980050444602966309e-01
0.000000000000000000e+00 8.050752282142639160e-01
0.000000000000000000e+00 8.018006682395935059e-01
0.000000000000000000e+00 8.471211791038513184e-01
0.000000000000000000e+00 8.599149584770202637e-01
0.000000000000000000e+00 8.665359616279602051e-01
0.000000000000000000e+00 8.461836576461791992e-01
0.000000000000000000e+00 8.386161923408508301e-01
0.000000000000000000e+00 8.615120053291320801e-01
0.000000000000000000e+00 8.405606746673583984e-01
0.000000000000000000e+00 8.874697089195251465e-01
0.000000000000000000e+00 8.799732327461242676e-01
0.000000000000000000e+00 8.956958651542663574e-01
0.000000000000000000e+00 9.133473634719848633e-01
0.000000000000000000e+00 9.314725399017333984e-01
0.000000000000000000e+00 9.522172212600708008e-01
0.000000000000000000e+00 9.194508790969848633e-01
0.000000000000000000e+00 9.376673102378845215e-01
0.000000000000000000e+00 9.374934434890747070e-01
0.000000000000000000e+00 9.444547891616821289e-01
0.000000000000000000e+00 9.548663496971130371e-01
0.000000000000000000e+00 9.525795578956604004e-01
0.000000000000000000e+00 9.560673832893371582e-01
1.000000000000000000e+00 9.542375802993774414e-01
1.000000000000000000e+00 9.663738012313842773e-01
0.000000000000000000e+00 9.760034084320068359e-01
