0.000000000000000000e+00 3.951432406902313232e-01
0.000000000000000000e+00 3.735006153583526611e-01
0.000000000000000000e+00 3.540494441986083984e-01
0.000000000000000000e+00 3.443433642387390137e-01
0.000000000000000000e+00 3.054590821266174316e-01
0.000000000000000000e+00 2.909508347511291504e-01
0.000000000000000000e+00 3.195989131927490234e-01
0.000000000000000000e+00 3.387639224529266357e-01
0.000000000000000000e+00 4.013408422470092773e-01
0.000000000000000000e+00 4.504142105579376221e-01
0.000000000000000000e+00 4.667631685733795166e-01
0.000000000000000000e+00 5.335730910301208496e-01
0.000000000000000000e+00 5.345724821090698242e-01
0.000000000000000000e+00 5.180808901786804199e-01
0.000000000000000000e+00 4.969182312488555908e-01
1.000000000000000000e+00 4.251247346401214600e-01
1.000000000000000000e+00 4.123020172119140625e-01
1.000000000000000000e+00 4.038207232952117920e-01
0.000000000000000000e+00 3.931326568126678467e-01
0.000000000000000000e+00 3.963374793529510498e-01
0.000000000000000000e+00 4.058715403079986572e-01
0.000000000000000000e+00 4.470450878143310547e-01
0.000000000000000000e+00 4.981738030910491943e-01
0.000000000000000000e+00 5.521000623703002930e-01
0.000000000000000000e+00 5.818132758140563965e-01
0.000000000000000000e+00 5.922087430953979492e-01
0.000000000000000000e+00 6.203470826148986816e-01
1.000000000000000000e+00 6.334030628204345703e-01
0.000000000000000000e+00 6.039354801177978516e-01
0.000000000000000000e+00 5.789554119110107422e-01
0.000000000000000000e+00 5.480170845985412598e-01
0.000000000000000000e+00 5.551535487174987793e-01
1.000000000000000000e+00 5.497990250587463379e-01
0.000000000000000000e+00 5.702307224273681641e-01
0.000000000000000000e+00 5.721942782402038574e-01
0.000000000000000000e+00 5.637071728706359863e-01
0.000000000000000000e+00 5.843348503112792969e-01
1.000000000000000000e+00 5.793373584747314453e-01
1.000000000000000000e+00 5.558913350105285645e-01
0.000000000000000000e+00 5.479839444160461426e-01
0.000000000000000000e+00 5.252985954284667969e-01
0.000000000000000000e+00 5.038105845451354980e-01
0.000000000000000000e+00 4.616252481937408447e-01
0.000000000000000000e+00 4.086376130580902100e-01
0.000000000000000000e+00 3.701545298099517822e-01
0.000000000000000000e+00 3.291585147380828857e-01
0.000000000000000000e+00 3.125986456871032715e-01
0.000000000000000000e+00 2.947935760021209717e-01
0.000000000000000000e+00 2.717141509056091309e-01
0.000000000000000000e+00 2.444534748792648315e-01
0.000000000000000000e+00 2.349789440631866455e-01
0.000000000000000000e+00 2.245725542306900024e-01
0.000000000000000000e+00 2.126239836215972900e-01
0.000000000000000000e+00 2.180485427379608154e-01
0.000000000000000000e+00 2.007462829351425171e-01
0.000000000000000000e+00 1.721736788749694824e-01
0.000000000000000000e+00 1.530024558305740356e-01
0.000000000000000000e+00 1.479157358407974243e-01
0.000000000000000000e+00 1.498906314373016357e-01
0.000000000000000000e+00 1.535614132881164551e-01
0.000000000000000000e+00 1.539060771465301514e-01
0.000000000000000000e+00 1.747622042894363403e-01
0.000000000000000000e+00 1.995657086372375488e-01
0.000000000000000000e+00 1.929337382316589355e-01
0.000000000000000000e+00 2.018115371465682983e-01
0.000000000000000000e+00 2.075344324111938477e-01
0.000000000000000000e+00 1.914798468351364136e-01
0.000000000000000000e+00 2.071920782327651978e-01
0.000000000000000000e+00 2.088669985532760620e-01
0.000000000000000000e+00 2.324328571557998657e-01
0.000000000000000000e+00 2.344271987676620483e-01
0.000000000000000000e+00 2.659983932971954346e-01
0.000000000000000000e+00 2.515831887722015381e-01
1.000000000000000000e+00 2.770736217498779297e-01
0.000000000000000000e+00 2.608680725097656250e-01
0.000000000000000000e+00 3.663806021213531494e-01
0.000000000000000000e+00 3.443295061588287354e-01
0.000000000000000000e+00 3.334882557392120361e-01
0.000000000000000000e+00 3.502767086029052734e-01
0.000000000000000000e+00 3.595591187477111816e-01
0.000000000000000000e+00 3.859802484512329102e-01
0.000000000000000000e+00 3.956189751625061035e-01
0.000000000000000000e+00 4.431200325489044189e-01
0.000000000000000000e+00 4.632152616977691650e-01
0.000000000000000000e+00 5.259592533111572266e-01
0.000000000000000000e+00 5.183436870574951172e-01
0.000000000000000000e+00 5.228710770606994629e-01
0.000000000000000000e+00 5.211668014526367188e-01
0.000000000000000000e+00 5.265937447547912598e-01
0.000000000000000000e+00 5.163045525550842285e-01
0.000000000000000000e+00 4.535088241100311279e-01
0.000000000000000000e+00 4.669768512248992920e-01
0.000000000000000000e+00 5.039714574813842773e-01
0.000000000000000000e+00 5.240874290466308594e-01
0.000000000000000000e+00 5.331975221633911133e-01
1.000000000000000000e+00 5.710632205009460449e-01
1.000000000000000000e+00 6.021447777748107910e-01
1.000000000000000000e+00 6.847703456878662109e-01
1.000000000000000000e+00 6.803303360939025879e-01
1.000000000000000000e+00 7.204076051712036133e-01
1.000000000000000000e+00 7.243276238441467285e-01
1.000000000000000000e+00 7.297511696815490723e-01
0.000000000000000000e+00 7.317781448364257812e-01
0.000000000000000000e+00 7.303819656372070312e-01
0.000000000000000000e+00 7.279974818229675293e-01
0.000000000000000000e+00 7.261007428169250488e-01
1.000000000000000000e+00 7.191594243049621582e-01
1.000000000000000000e+00 7.260695099830627441e-01
1.000000000000000000e+00 7.205357551574707031e-01
1.000000000000000000e+00 6.653416752815246582e-01
1.000000000000000000e+00 6.117628812789916992e-01
1.000000000000000000e+00 5.412206053733825684e-01
1.000000000000000000e+00 4.482107162475585938e-01
0.000000000000000000e+00 3.252247273921966553e-01
0.000000000000000000e+00 2.653875350952148438e-01
0.000000000000000000e+00 2.041032761335372925e-01
0.000000000000000000e+00 1.948387920856475830e-01
0.000000000000000000e+00 1.917305290699005127e-01
0.000000000000000000e+00 2.316936552524566650e-01
0.000000000000000000e+00 2.616901695728302002e-01
0.000000000000000000e+00 2.910583615303039551e-01
0.000000000000000000e+00 3.912486732006072998e-01
0.000000000000000000e+00 5.153845548629760742e-01
0.000000000000000000e+00 4.976857602596282959e-01
0.000000000000000000e+00 4.689683616161346436e-01
0.000000000000000000e+00 3.826371729373931885e-01
0.000000000000000000e+00 3.322287201881408691e-01
0.000000000000000000e+00 3.389864563941955566e-01
0.000000000000000000e+00 3.095890283584594727e-01
0.000000000000000000e+00 3.284507691860198975e-01
0.000000000000000000e+00 3.451943993568420410e-01
0.000000000000000000e+00 3.669395148754119873e-01
1.000000000000000000e+00 3.668969571590423584e-01
1.000000000000000000e+00 3.973853588104248047e-01
0.000000000000000000e+00 4.098885953426361084e-01
0.000000000000000000e+00 4.197857081890106201e-01
0.000000000000000000e+00 4.861533939838409424e-01
0.000000000000000000e+00 4.586223363876342773e-01
1.000000000000000000e+00 5.177278518676757812e-01
1.000000000000000000e+00 5.478464365005493164e-01
0.000000000000000000e+00 5.757547020912170410e-01
0.000000000000000000e+00 5.952840447425842285e-01
0.000000000000000000e+00 6.039089560508728027e-01
0.000000000000000000e+00 6.096710562705993652e-01
0.000000000000000000e+00 6.071853637695312500e-01
0.000000000000000000e+00 6.074597239494323730e-01
0.000000000000000000e+00 5.994848608970642090e-01
0.000000000000000000e+00 5.845384597778320312e-01
0.000000000000000000e+00 6.042073965072631836e-01
0.000000000000000000e+00 5.980482697486877441e-01
0.000000000000000000e+00 3.427546620368957520e-01
0.000000000000000000e+00 3.255236744880676270e-01
0.000000000000000000e+00 2.712508141994476318e-01
0.000000000000000000e+00 2.589052319526672363e-01
0.000000000000000000e+00 2.341716736555099487e-01
0.000000000000000000e+00 2.551847100257873535e-01
0.000000000000000000e+00 2.712074220180511475e-01
0.000000000000000000e+00 3.088067770004272461e-01
0.000000000000000000e+00 3.389905393123626709e-01
0.000000000000000000e+00 4.190496504306793213e-01
0.000000000000000000e+00 4.578676521778106689e-01
0.000000000000000000e+00 4.892439544200897217e-01
0.000000000000000000e+00 5.055112838745117188e-01
0.000000000000000000e+00 5.206377506256103516e-01
0.000000000000000000e+00 4.832615256309509277e-01
0.000000000000000000e+00 4.930074214935302734e-01
0.000000000000000000e+00 4.751090407371520996e-01
0.000000000000000000e+00 4.776951670646667480e-01
0.000000000000000000e+00 4.737367928028106689e-01
0.000000000000000000e+00 4.643353521823883057e-01
0.000000000000000000e+00 5.026916265487670898e-01
0.000000000000000000e+00 5.589365363121032715e-01
0.000000000000000000e+00 5.955058336257934570e-01
0.000000000000000000e+00 6.473116874694824219e-01
0.000000000000000000e+00 7.461975216865539551e-01
0.000000000000000000e+00 7.438557147979736328e-01
0.000000000000000000e+00 7.840751409530639648e-01
0.000000000000000000e+00 8.119111061096191406e-01
0.000000000000000000e+00 8.117340207099914551e-01
0.000000000000000000e+00 8.022013306617736816e-01
0.000000000000000000e+00 8.260775804519653320e-01
0.000000000000000000e+00 8.078867197036743164e-01
0.000000000000000000e+00 7.949768304824829102e-01
0.000000000000000000e+00 7.754973769187927246e-01
0.000000000000000000e+00 7.571964263916015625e-01
0.000000000000000000e+00 7.310187816619873047e-01
0.000000000000000000e+00 6.793404817581176758e-01
0.000000000000000000e+00 6.367505192756652832e-01
0.000000000000000000e+00 5.745201110839843750e-01
0.000000000000000000e+00 5.498942136764526367e-01
0.000000000000000000e+00 5.149646997451782227e-01
0.000000000000000000e+00 5.062708258628845215e-01
0.000000000000000000e+00 4.965579807758331299e-01
0.000000000000000000e+00 4.672808349132537842e-01
1.000000000000000000e+00 3.713442385196685791e-01
1.000000000000000000e+00 4.203566908836364746e-01
0.000000000000000000e+00 4.545837640762329102e-01
0.000000000000000000e+00 5.888470411300659180e-01
0.000000000000000000e+00 6.391634941101074219e-01
0.000000000000000000e+00 6.709675192832946777e-01
0.000000000000000000e+00 7.212860584259033203e-01
0.000000000000000000e+00 7.185049057006835938e-01
0.000000000000000000e+00 7.005349993705749512e-01
0.000000000000000000e+00 7.498789429664611816e-01
0.000000000000000000e+00 7.159805893898010254e-01
0.000000000000000000e+00 7.311024665832519531e-01
0.000000000000000000e+00 7.381599545478820801e-01
0.000000000000000000e+00 7.524964213371276855e-01
0.000000000000000000e+00 7.620629668235778809e-01
0.000000000000000000e+00 7.586876749992370605e-01
0.000000000000000000e+00 7.717260122299194336e-01
0.000000000000000000e+00 7.743907570838928223e-01
0.000000000000000000e+00 7.426077127456665039e-01
0.000000000000000000e+00 7.018685340881347656e-01
0.000000000000000000e+00 6.394446492195129395e-01
1.000000000000000000e+00 6.277979016304016113e-01
1.000000000000000000e+00 5.942375063896179199e-01
1.000000000000000000e+00 5.972959399223327637e-01
0.000000000000000000e+00 6.087438464164733887e-01
0.000000000000000000e+00 5.801358819007873535e-01
0.000000000000000000e+00 5.504256486892700195e-01
0.000000000000000000e+00 5.345169901847839355e-01
0.000000000000000000e+00 4.773286879062652588e-01
0.000000000000000000e+00 4.640546739101409912e-01
0.000000000000000000e+00 4.483198523521423340e-01
0.000000000000000000e+00 6.040201783180236816e-01
0.000000000000000000e+00 6.488697528839111328e-01
0.000000000000000000e+00 6.339896321296691895e-01
0.000000000000000000e+00 5.856710672378540039e-01
0.000000000000000000e+00 5.320420265197753906e-01
0.000000000000000000e+00 4.916871190071105957e-01
0.000000000000000000e+00 4.390241801738739014e-01
0.000000000000000000e+00 4.030289649963378906e-01
0.000000000000000000e+00 4.406243562698364258e-01
1.000000000000000000e+00 4.359570145606994629e-01
0.000000000000000000e+00 3.639647960662841797e-01
0.000000000000000000e+00 3.301738202571868896e-01
0.000000000000000000e+00 3.595879077911376953e-01
0.000000000000000000e+00 4.217960834503173828e-01
1.000000000000000000e+00 4.101540148258209229e-01
0.000000000000000000e+00 4.197195768356323242e-01
0.000000000000000000e+00 4.178717732429504395e-01
0.000000000000000000e+00 4.200530052185058594e-01
0.000000000000000000e+00 3.875288069248199463e-01
0.000000000000000000e+00 3.472897708415985107e-01
0.000000000000000000e+00 3.068890273571014404e-01
0.000000000000000000e+00 3.631913959980010986e-01
0.000000000000000000e+00 3.879258632659912109e-01
0.000000000000000000e+00 4.394452869892120361e-01
1.000000000000000000e+00 4.147388041019439697e-01
1.000000000000000000e+00 5.181081891059875488e-01
1.000000000000000000e+00 5.957544445991516113e-01
1.000000000000000000e+00 6.025223731994628906e-01
0.000000000000000000e+00 6.357004642486572266e-01
0.000000000000000000e+00 6.555892229080200195e-01
0.000000000000000000e+00 6.680423021316528320e-01
0.000000000000000000e+00 6.239665150642395020e-01
0.000000000000000000e+00 6.651760339736938477e-01
0.000000000000000000e+00 6.628342270851135254e-01
0.000000000000000000e+00 6.540134549140930176e-01
0.000000000000000000e+00 7.016644477844238281e-01
0.000000000000000000e+00 7.149823904037475586e-01
0.000000000000000000e+00 7.418721318244934082e-01
0.000000000000000000e+00 6.822341084480285645e-01
0.000000000000000000e+00 6.763810515403747559e-01
0.000000000000000000e+00 5.772563219070434570e-01
0.000000000000000000e+00 5.703819990158081055e-01
0.000000000000000000e+00 4.696440994739532471e-01
0.000000000000000000e+00 4.437841773033142090e-01
1.000000000000000000e+00 4.266579747200012207e-01
1.000000000000000000e+00 4.136182367801666260e-01
1.000000000000000000e+00 4.886431992053985596e-01
0.000000000000000000e+00 5.086420774459838867e-01
0.000000000000000000e+00 5.337569713592529297e-01
0.000000000000000000e+00 5.342812538146972656e-01
0.000000000000000000e+00 5.401453375816345215e-01
0.000000000000000000e+00 4.889287948608398438e-01
0.000000000000000000e+00 4.729920029640197754e-01
0.000000000000000000e+00 4.497135281562805176e-01
0.000000000000000000e+00 5.178908705711364746e-01
0.000000000000000000e+00 5.750667452812194824e-01
0.000000000000000000e+00 5.521911978721618652e-01
0.000000000000000000e+00 5.761032104492187500e-01
0.000000000000000000e+00 5.971606373786926270e-01
0.000000000000000000e+00 6.149018406867980957e-01
0.000000000000000000e+00 6.097353696823120117e-01
0.000000000000000000e+00 5.029137134552001953e-01
0.000000000000000000e+00 5.025001764297485352e-01
0.000000000000000000e+00 4.866674542427062988e-01
0.000000000000000000e+00 5.127903223037719727e-01
0.000000000000000000e+00 5.100234150886535645e-01
1.000000000000000000e+00 5.236995220184326172e-01
0.000000000000000000e+00 5.185582041740417480e-01
0.000000000000000000e+00 5.008152723312377930e-01
0.000000000000000000e+00 5.443194508552551270e-01
0.000000000000000000e+00 5.778147578239440918e-01
0.000000000000000000e+00 5.655769109725952148e-01
0.000000000000000000e+00 6.042119860649108887e-01
0.000000000000000000e+00 5.155648589134216309e-01
0.000000000000000000e+00 5.075514912605285645e-01
0.000000000000000000e+00 4.156266152858734131e-01
0.000000000000000000e+00 3.855941891670227051e-01
0.000000000000000000e+00 3.572360277175903320e-01
0.000000000000000000e+00 3.372062742710113525e-01
0.000000000000000000e+00 3.289925158023834229e-01
0.000000000000000000e+00 3.281495273113250732e-01
0.000000000000000000e+00 3.359310328960418701e-01
0.000000000000000000e+00 3.186433911323547363e-01
0.000000000000000000e+00 3.384099304676055908e-01
0.000000000000000000e+00 3.324091434478759766e-01
0.000000000000000000e+00 3.526766300201416016e-01
0.000000000000000000e+00 3.662393987178802490e-01
0.000000000000000000e+00 3.869139254093170166e-01
0.000000000000000000e+00 3.813234567642211914e-01
0.000000000000000000e+00 3.740978240966796875e-01
0.000000000000000000e+00 3.675745427608489990e-01
1.000000000000000000e+00 3.627246320247650146e-01
0.000000000000000000e+00 3.531257212162017822e-01
0.000000000000000000e+00 3.390263319015502930e-01
0.000000000000000000e+00 3.203146457672119141e-01
1.000000000000000000e+00 3.209688365459442139e-01
1.000000000000000000e+00 3.301740288734436035e-01
1.000000000000000000e+00 3.615710735321044922e-01
1.000000000000000000e+00 4.124908745288848877e-01
1.000000000000000000e+00 4.686689972877502441e-01
1.000000000000000000e+00 5.731524825096130371e-01
1.000000000000000000e+00 6.774562001228332520e-01
1.000000000000000000e+00 7.276194095611572266e-01
1.000000000000000000e+00 7.853798270225524902e-01
1.000000000000000000e+00 7.877580523490905762e-01
0.000000000000000000e+00 8.308848142623901367e-01
0.000000000000000000e+00 8.500394225120544434e-01
0.000000000000000000e+00 8.667014837265014648e-01
1.000000000000000000e+00 8.971909284591674805e-01
0.000000000000000000e+00 9.088736772537231445e-01
0.000000000000000000e+00 9.317617416381835938e-01
0.000000000000000000e+00 9.162091016769409180e-01
1.000000000000000000e+00 9.170952439308166504e-01
0.000000000000000000e+00 9.092378020286560059e-01
0.000000000000000000e+00 9.358683228492736816e-01
0.000000000000000000e+00 9.149046540260314941e-01
0.000000000000000000e+00 8.562965989112854004e-01
0.000000000000000000e+00 7.853371500968933105e-01
0.000000000000000000e+00 7.422567009925842285e-01
0.000000000000000000e+00 6.479460597038269043e-01
0.000000000000000000e+00 6.586679220199584961e-01
0.000000000000000000e+00 5.882625579833984375e-01
0.000000000000000000e+00 6.630259156227111816e-01
1.000000000000000000e+00 6.549487113952636719e-01
1.000000000000000000e+00 6.516442894935607910e-01
1.000000000000000000e+00 5.938619375228881836e-01
1.000000000000000000e+00 5.580403208732604980e-01
0.000000000000000000e+00 5.450798869132995605e-01
0.000000000000000000e+00 5.545467138290405273e-01
0.000000000000000000e+00 5.125096440315246582e-01
0.000000000000000000e+00 5.251906514167785645e-01
0.000000000000000000e+00 5.203143954277038574e-01
0.000000000000000000e+00 4.763143956661224365e-01
0.000000000000000000e+00 4.641649425029754639e-01
0.000000000000000000e+00 4.289377629756927490e-01
0.000000000000000000e+00 4.086659848690032959e-01
0.000000000000000000e+00 3.912749588489532471e-01
0.000000000000000000e+00 4.210464656352996826e-01
0.000000000000000000e+00 4.067845344543457031e-01
0.000000000000000000e+00 3.922136127948760986e-01
0.000000000000000000e+00 3.910522758960723877e-01
0.000000000000000000e+00 4.038966894149780273e-01
0.000000000000000000e+00 4.113951623439788818e-01
0.000000000000000000e+00 4.324936866760253906e-01
0.000000000000000000e+00 4.432400166988372803e-01
0.000000000000000000e+00 4.759781360626220703e-01
0.000000000000000000e+00 4.620482921600341797e-01
0.000000000000000000e+00 4.836699366569519043e-01
0.000000000000000000e+00 5.074715614318847656e-01
0.000000000000000000e+00 5.014467239379882812e-01
0.000000000000000000e+00 2.683635056018829346e-01
0.000000000000000000e+00 2.688577473163604736e-01
0.000000000000000000e+00 2.610629200935363770e-01
0.000000000000000000e+00 2.484483420848846436e-01
0.000000000000000000e+00 2.687546312808990479e-01
0.000000000000000000e+00 2.831896543502807617e-01
0.000000000000000000e+00 2.844658792018890381e-01
0.000000000000000000e+00 2.881672084331512451e-01
0.000000000000000000e+00 2.919234037399291992e-01
0.000000000000000000e+00 2.949800193309783936e-01
0.000000000000000000e+00 3.193251490592956543e-01
0.000000000000000000e+00 3.337396085262298584e-01
0.000000000000000000e+00 3.832750022411346436e-01
0.000000000000000000e+00 3.833242356777191162e-01
0.000000000000000000e+00 3.817124068737030029e-01
1.000000000000000000e+00 4.400254786014556885e-01
1.000000000000000000e+00 4.127588868141174316e-01
0.000000000000000000e+00 3.727194368839263916e-01
0.000000000000000000e+00 3.891906738281250000e-01
0.000000000000000000e+00 3.510906696319580078e-01
1.000000000000000000e+00 3.582982420921325684e-01
1.000000000000000000e+00 3.371520638465881348e-01
0.000000000000000000e+00 3.819583058357238770e-01
0.000000000000000000e+00 3.856540620326995850e-01
0.000000000000000000e+00 3.968899846076965332e-01
0.000000000000000000e+00 3.883839845657348633e-01
0.000000000000000000e+00 3.765719830989837646e-01
1.000000000000000000e+00 4.304049611091613770e-01
0.000000000000000000e+00 3.650831580162048340e-01
0.000000000000000000e+00 2.768736183643341064e-01
0.000000000000000000e+00 2.640527486801147461e-01
0.000000000000000000e+00 2.167082726955413818e-01
1.000000000000000000e+00 1.478234529495239258e-01
0.000000000000000000e+00 1.607680916786193848e-01
0.000000000000000000e+00 1.713318675756454468e-01
0.000000000000000000e+00 2.295772582292556763e-01
0.000000000000000000e+00 2.560991644859313965e-01
1.000000000000000000e+00 2.616586685180664062e-01
1.000000000000000000e+00 2.443652600049972534e-01
0.000000000000000000e+00 2.190014272928237915e-01
0.000000000000000000e+00 1.749362796545028687e-01
0.000000000000000000e+00 1.358985453844070435e-01
0.000000000000000000e+00 1.157108396291732788e-01
0.000000000000000000e+00 1.258649975061416626e-01
1.000000000000000000e+00 1.296554356813430786e-01
0.000000000000000000e+00 1.898677945137023926e-01
0.000000000000000000e+00 1.943641602993011475e-01
0.000000000000000000e+00 1.671039760112762451e-01
0.000000000000000000e+00 1.208768263459205627e-01
0.000000000000000000e+00 9.510853141546249390e-02
0.000000000000000000e+00 6.681184470653533936e-02
0.000000000000000000e+00 5.334872379899024963e-02
0.000000000000000000e+00 6.134179979562759399e-02
0.000000000000000000e+00 7.508613169193267822e-02
0.000000000000000000e+00 8.113817870616912842e-02
0.000000000000000000e+00 8.708038926124572754e-02
0.000000000000000000e+00 7.992857694625854492e-02
0.000000000000000000e+00 8.004505932331085205e-02
0.000000000000000000e+00 7.650372385978698730e-02
0.000000000000000000e+00 6.398934870958328247e-02
0.000000000000000000e+00 5.501777306199073792e-02
0.000000000000000000e+00 7.429226487874984741e-02
0.000000000000000000e+00 8.862677216529846191e-02
0.000000000000000000e+00 9.195137023925781250e-02
0.000000000000000000e+00 9.389839321374893188e-02
0.000000000000000000e+00 8.600671589374542236e-02
0.000000000000000000e+00 6.602141261100769043e-02
0.000000000000000000e+00 5.043651163578033447e-02
0.000000000000000000e+00 5.025653168559074402e-02
0.000000000000000000e+00 4.641200229525566101e-02
0.000000000000000000e+00 5.153640732169151306e-02
0.000000000000000000e+00 5.692718550562858582e-02
0.000000000000000000e+00 7.748597115278244019e-02
0.000000000000000000e+00 7.732248306274414062e-02
0.000000000000000000e+00 7.379752397537231445e-02
0.000000000000000000e+00 2.649361193180084229e-01
0.000000000000000000e+00 2.372170239686965942e-01
0.000000000000000000e+00 1.875656843185424805e-01
0.000000000000000000e+00 1.649001538753509521e-01
0.000000000000000000e+00 1.750759482383728027e-01
0.000000000000000000e+00 1.975304335355758667e-01
0.000000000000000000e+00 2.606173753738403320e-01
0.000000000000000000e+00 2.757263779640197754e-01
0.000000000000000000e+00 4.151438176631927490e-01
0.000000000000000000e+00 3.885088264942169189e-01
0.000000000000000000e+00 3.568294048309326172e-01
0.000000000000000000e+00 4.025318622589111328e-01
0.000000000000000000e+00 4.122128784656524658e-01
0.000000000000000000e+00 3.653691411018371582e-01
1.000000000000000000e+00 2.620745301246643066e-01
1.000000000000000000e+00 1.963587403297424316e-01
1.000000000000000000e+00 1.737278848886489868e-01
1.000000000000000000e+00 1.696846634149551392e-01
1.000000000000000000e+00 1.545026004314422607e-01
0.000000000000000000e+00 2.118978351354598999e-01
0.000000000000000000e+00 2.858498096466064453e-01
0.000000000000000000e+00 4.834510087966918945e-01
0.000000000000000000e+00 5.685588121414184570e-01
0.000000000000000000e+00 7.005707621574401855e-01
0.000000000000000000e+00 7.599706053733825684e-01
0.000000000000000000e+00 8.088319301605224609e-01
0.000000000000000000e+00 7.787533402442932129e-01
0.000000000000000000e+00 7.498357892036437988e-01
0.000000000000000000e+00 5.298579931259155273e-01
0.000000000000000000e+00 4.198612272739410400e-01
0.000000000000000000e+00 3.231335282325744629e-01
1.000000000000000000e+00 3.024804890155792236e-01
1.000000000000000000e+00 3.143866360187530518e-01
1.000000000000000000e+00 3.419022858142852783e-01
0.000000000000000000e+00 4.073096811771392822e-01
0.000000000000000000e+00 4.391895830631256104e-01
0.000000000000000000e+00 4.176983833312988281e-01
1.000000000000000000e+00 4.557134807109832764e-01
1.000000000000000000e+00 4.764574468135833740e-01
0.000000000000000000e+00 4.517999589443206787e-01
0.000000000000000000e+00 4.350337684154510498e-01
0.000000000000000000e+00 4.519718289375305176e-01
0.000000000000000000e+00 5.170207023620605469e-01
0.000000000000000000e+00 5.653899908065795898e-01
0.000000000000000000e+00 5.568655729293823242e-01
0.000000000000000000e+00 5.604178309440612793e-01
0.000000000000000000e+00 5.897467732429504395e-01
0.000000000000000000e+00 6.255301237106323242e-01
0.000000000000000000e+00 6.623786091804504395e-01
0.000000000000000000e+00 6.790321469306945801e-01
1.000000000000000000e+00 5.821711421012878418e-01
1.000000000000000000e+00 5.489045977592468262e-01
1.000000000000000000e+00 4.785295724868774414e-01
1.000000000000000000e+00 4.704373776912689209e-01
0.000000000000000000e+00 3.416734635829925537e-01
0.000000000000000000e+00 2.525965273380279541e-01
0.000000000000000000e+00 2.848834991455078125e-01
0.000000000000000000e+00 2.677935063838958740e-01
0.000000000000000000e+00 2.922288477420806885e-01
0.000000000000000000e+00 4.067450761795043945e-01
0.000000000000000000e+00 4.072991311550140381e-01
0.000000000000000000e+00 4.842392504215240479e-01
0.000000000000000000e+00 5.899635553359985352e-01
0.000000000000000000e+00 6.763807535171508789e-01
0.000000000000000000e+00 6.268423199653625488e-01
0.000000000000000000e+00 6.089445352554321289e-01
0.000000000000000000e+00 5.683795213699340820e-01
0.000000000000000000e+00 6.084661483764648438e-01
0.000000000000000000e+00 6.444597840309143066e-01
0.000000000000000000e+00 6.117715835571289062e-01
0.000000000000000000e+00 5.307956933975219727e-01
0.000000000000000000e+00 5.119286179542541504e-01
0.000000000000000000e+00 3.875279426574707031e-01
0.000000000000000000e+00 2.959779202938079834e-01
0.000000000000000000e+00 3.361225128173828125e-01
0.000000000000000000e+00 5.120452642440795898e-01
0.000000000000000000e+00 5.486890673637390137e-01
0.000000000000000000e+00 5.492546558380126953e-01
1.000000000000000000e+00 5.597472190856933594e-01
1.000000000000000000e+00 5.741774439811706543e-01
0.000000000000000000e+00 5.672581791877746582e-01
0.000000000000000000e+00 5.187057852745056152e-01
0.000000000000000000e+00 4.681161642074584961e-01
0.000000000000000000e+00 4.588446915149688721e-01
0.000000000000000000e+00 4.346532225608825684e-01
0.000000000000000000e+00 3.679822385311126709e-01
0.000000000000000000e+00 3.430714011192321777e-01
0.000000000000000000e+00 2.951234877109527588e-01
0.000000000000000000e+00 2.738147377967834473e-01
1.000000000000000000e+00 2.521095871925354004e-01
1.000000000000000000e+00 2.773292064666748047e-01
1.000000000000000000e+00 2.994275987148284912e-01
1.000000000000000000e+00 3.500526249408721924e-01
0.000000000000000000e+00 3.879929184913635254e-01
0.000000000000000000e+00 4.887686967849731445e-01
0.000000000000000000e+00 5.363892316818237305e-01
0.000000000000000000e+00 6.051380634307861328e-01
0.000000000000000000e+00 6.014308333396911621e-01
0.000000000000000000e+00 6.130399107933044434e-01
0.000000000000000000e+00 6.089418530464172363e-01
0.000000000000000000e+00 6.292533874511718750e-01
0.000000000000000000e+00 6.283590197563171387e-01
0.000000000000000000e+00 6.288928985595703125e-01
0.000000000000000000e+00 6.076100468635559082e-01
0.000000000000000000e+00 6.038249731063842773e-01
0.000000000000000000e+00 5.879940986633300781e-01
0.000000000000000000e+00 5.942745208740234375e-01
1.000000000000000000e+00 6.118978261947631836e-01
0.000000000000000000e+00 6.289272904396057129e-01
0.000000000000000000e+00 6.068813800811767578e-01
0.000000000000000000e+00 5.709843635559082031e-01
0.000000000000000000e+00 5.820636153221130371e-01
1.000000000000000000e+00 5.629334449768066406e-01
0.000000000000000000e+00 5.134636163711547852e-01
0.000000000000000000e+00 4.194060862064361572e-01
0.000000000000000000e+00 4.237730503082275391e-01
0.000000000000000000e+00 3.920767605304718018e-01
0.000000000000000000e+00 3.596815466880798340e-01
0.000000000000000000e+00 3.783563077449798584e-01
0.000000000000000000e+00 3.758985698223114014e-01
0.000000000000000000e+00 3.839647769927978516e-01
0.000000000000000000e+00 3.609385192394256592e-01
0.000000000000000000e+00 4.002526104450225830e-01
0.000000000000000000e+00 3.866156637668609619e-01
0.000000000000000000e+00 3.672205209732055664e-01
0.000000000000000000e+00 2.889982163906097412e-01
0.000000000000000000e+00 2.875622808933258057e-01
0.000000000000000000e+00 3.251854181289672852e-01
0.000000000000000000e+00 3.366711139678955078e-01
0.000000000000000000e+00 3.369097411632537842e-01
0.000000000000000000e+00 2.869489490985870361e-01
0.000000000000000000e+00 2.666442692279815674e-01
0.000000000000000000e+00 2.367495894432067871e-01
0.000000000000000000e+00 2.262564450502395630e-01
0.000000000000000000e+00 2.022789567708969116e-01
0.000000000000000000e+00 2.170467525720596313e-01
1.000000000000000000e+00 1.704006940126419067e-01
0.000000000000000000e+00 1.834698915481567383e-01
0.000000000000000000e+00 1.780510991811752319e-01
0.000000000000000000e+00 1.721255481243133545e-01
0.000000000000000000e+00 1.851827055215835571e-01
0.000000000000000000e+00 1.696843504905700684e-01
0.000000000000000000e+00 2.133906036615371704e-01
0.000000000000000000e+00 2.407577335834503174e-01
0.000000000000000000e+00 2.954120934009552002e-01
0.000000000000000000e+00 3.291686773300170898e-01
0.000000000000000000e+00 3.771254122257232666e-01
0.000000000000000000e+00 3.751322329044342041e-01
0.000000000000000000e+00 3.505677580833435059e-01
0.000000000000000000e+00 3.448771238327026367e-01
