0.000000000000000000e+00 3.228604197502136230e-01
1.000000000000000000e+00 3.229032456874847412e-01
1.000000000000000000e+00 4.140762984752655029e-01
1.000000000000000000e+00 3.875449895858764648e-01
0.000000000000000000e+00 4.172381162643432617e-01
0.000000000000000000e+00 5.973439216613769531e-01
0.000000000000000000e+00 6.569710969924926758e-01
0.000000000000000000e+00 5.194686055183410645e-01
0.000000000000000000e+00 7.623832821846008301e-01
0.000000000000000000e+00 7.687023878097534180e-01
0.000000000000000000e+00 7.387899160385131836e-01
0.000000000000000000e+00 8.500141501426696777e-01
0.000000000000000000e+00 7.860349416732788086e-01
1.000000000000000000e+00 8.717893958091735840e-01
1.000000000000000000e+00 8.337427973747253418e-01
1.000000000000000000e+00 8.895183205604553223e-01
1.000000000000000000e+00 9.071807861328125000e-01
1.000000000000000000e+00 9.347198605537414551e-01
1.000000000000000000e+00 9.171046614646911621e-01
1.000000000000000000e+00 8.798304796218872070e-01
1.000000000000000000e+00 9.073495268821716309e-01
1.000000000000000000e+00 8.632462024688720703e-01
1.000000000000000000e+00 8.606812357902526855e-01
1.000000000000000000e+00 8.773042559623718262e-01
1.000000000000000000e+00 7.976978421211242676e-01
1.000000000000000000e+00 5.849934220314025879e-01
1.000000000000000000e+00 6.356157660484313965e-01
1.000000000000000000e+00 3.057670295238494873e-01
0.000000000000000000e+00 1.759060174226760864e-01
0.000000000000000000e+00 6.616094708442687988e-02
0.000000000000000000e+00 2.924961410462856293e-02
0.000000000000000000e+00 2.473941072821617126e-02
0.000000000000000000e+00 1.018515415489673615e-02
0.000000000000000000e+00 1.273456122726202011e-02
0.000000000000000000e+00 7.003851700574159622e-03
0.000000000000000000e+00 5.478580947965383530e-03
0.000000000000000000e+00 4.186653066426515579e-03
0.000000000000000000e+00 3.684859955683350563e-03
1.000000000000000000e+00 2.657811623066663742e-03
1.000000000000000000e+00 1.951850135810673237e-03
1.000000000000000000e+00 1.281592412851750851e-03
1.000000000000000000e+00 1.257439376786351204e-03
1.000000000000000000e+00 9.785136207938194275e-04
1.000000000000000000e+00 8.031555335037410259e-04
1.000000000000000000e+00 7.077394402585923672e-04
1.000000000000000000e+00 1.752449274063110352e-01
0.000000000000000000e+00 1.070516556501388550e-01
0.000000000000000000e+00 9.405917674303054810e-02
0.000000000000000000e+00 7.448501884937286377e-02
0.000000000000000000e+00 6.321331113576889038e-02
0.000000000000000000e+00 3.937942907214164734e-02
0.000000000000000000e+00 3.978844732046127319e-02
0.000000000000000000e+00 3.171717375516891479e-02
0.000000000000000000e+00 2.741862833499908447e-02
0.000000000000000000e+00 2.500395849347114563e-02
0.000000000000000000e+00 2.297543734312057495e-02
0.000000000000000000e+00 1.830515824258327484e-02
0.000000000000000000e+00 2.151305042207241058e-02
0.000000000000000000e+00 2.071497030556201935e-02
0.000000000000000000e+00 2.020915970206260681e-02
0.000000000000000000e+00 2.267168276011943817e-02
0.000000000000000000e+00 1.549955829977989197e-02
0.000000000000000000e+00 1.370070315897464752e-02
0.000000000000000000e+00 1.550329849123954773e-02
0.000000000000000000e+00 6.932027172297239304e-03
0.000000000000000000e+00 4.509480204433202744e-03
0.000000000000000000e+00 4.228765610605478287e-03
0.000000000000000000e+00 4.125913605093955994e-03
0.000000000000000000e+00 4.138290882110595703e-03
0.000000000000000000e+00 2.212252467870712280e-03
0.000000000000000000e+00 3.656231565400958061e-03
0.000000000000000000e+00 2.500388305634260178e-03
0.000000000000000000e+00 3.055085195228457451e-03
0.000000000000000000e+00 2.270858734846115112e-03
0.000000000000000000e+00 2.771511208266019821e-03
0.000000000000000000e+00 2.880830084905028343e-03
0.000000000000000000e+00 4.226220306009054184e-03
0.000000000000000000e+00 4.599152132868766785e-03
0.000000000000000000e+00 3.588785650208592415e-03
0.000000000000000000e+00 1.866019912995398045e-03
0.000000000000000000e+00 3.139273496344685555e-03
0.000000000000000000e+00 2.787999343127012253e-03
0.000000000000000000e+00 3.550830064341425896e-03
0.000000000000000000e+00 2.221093513071537018e-03
0.000000000000000000e+00 2.892796415835618973e-03
0.000000000000000000e+00 3.135452745482325554e-03
0.000000000000000000e+00 3.948993515223264694e-03
0.000000000000000000e+00 4.319510888308286667e-03
0.000000000000000000e+00 4.283948801457881927e-03
0.000000000000000000e+00 3.614960471168160439e-03
0.000000000000000000e+00 3.946358561515808105e-01
0.000000000000000000e+00 3.153669238090515137e-01
0.000000000000000000e+00 3.167642056941986084e-01
0.000000000000000000e+00 2.068770080804824829e-01
0.000000000000000000e+00 1.788081675767898560e-01
0.000000000000000000e+00 1.765482425689697266e-01
0.000000000000000000e+00 1.746352612972259521e-01
0.000000000000000000e+00 1.286786347627639771e-01
0.000000000000000000e+00 1.367591619491577148e-01
0.000000000000000000e+00 1.158497259020805359e-01
0.000000000000000000e+00 9.125830978155136108e-02
0.000000000000000000e+00 1.150754466652870178e-01
0.000000000000000000e+00 1.006428748369216919e-01
0.000000000000000000e+00 9.214539080858230591e-02
0.000000000000000000e+00 9.133414924144744873e-02
0.000000000000000000e+00 7.790851593017578125e-02
0.000000000000000000e+00 5.219077691435813904e-02
0.000000000000000000e+00 5.947452038526535034e-02
0.000000000000000000e+00 5.208817496895790100e-02
0.000000000000000000e+00 4.009873047471046448e-02
0.000000000000000000e+00 3.072710521519184113e-02
0.000000000000000000e+00 3.151197358965873718e-02
0.000000000000000000e+00 2.488225325942039490e-02
0.000000000000000000e+00 2.945186384022235870e-02
0.000000000000000000e+00 2.164755575358867645e-02
0.000000000000000000e+00 1.688464917242527008e-02
0.000000000000000000e+00 2.248163521289825439e-02
0.000000000000000000e+00 1.244771294295787811e-02
0.000000000000000000e+00 2.652927301824092865e-02
0.000000000000000000e+00 1.563787087798118591e-02
0.000000000000000000e+00 1.296054385602474213e-02
0.000000000000000000e+00 1.164392568171024323e-02
0.000000000000000000e+00 1.556041091680526733e-02
0.000000000000000000e+00 6.447286810725927353e-03
0.000000000000000000e+00 1.013629976660013199e-02
0.000000000000000000e+00 9.611521847546100616e-03
0.000000000000000000e+00 8.762543089687824249e-03
0.000000000000000000e+00 1.335787493735551834e-02
0.000000000000000000e+00 8.577489294111728668e-03
0.000000000000000000e+00 7.602570112794637680e-03
0.000000000000000000e+00 1.439397409558296204e-02
0.000000000000000000e+00 1.477278582751750946e-02
0.000000000000000000e+00 1.506622321903705597e-02
0.000000000000000000e+00 1.436888426542282104e-02
0.000000000000000000e+00 1.838614232838153839e-02
0.000000000000000000e+00 3.589650988578796387e-02
0.000000000000000000e+00 2.218468859791755676e-02
0.000000000000000000e+00 1.622008904814720154e-02
0.000000000000000000e+00 1.547568198293447495e-02
0.000000000000000000e+00 1.168996281921863556e-02
0.000000000000000000e+00 9.726662188768386841e-03
0.000000000000000000e+00 6.889021024107933044e-03
0.000000000000000000e+00 5.454981233924627304e-03
0.000000000000000000e+00 5.674625281244516373e-03
0.000000000000000000e+00 4.287939053028821945e-03
0.000000000000000000e+00 4.997615702450275421e-03
0.000000000000000000e+00 4.684969782829284668e-03
0.000000000000000000e+00 3.470311174169182777e-03
0.000000000000000000e+00 4.823842085897922516e-03
0.000000000000000000e+00 4.273518919944763184e-03
0.000000000000000000e+00 4.799087066203355789e-03
0.000000000000000000e+00 6.143429782241582870e-03
0.000000000000000000e+00 6.408768706023693085e-03
0.000000000000000000e+00 6.557918619364500046e-03
0.000000000000000000e+00 9.581148624420166016e-03
0.000000000000000000e+00 1.900239102542400360e-02
0.000000000000000000e+00 1.690327748656272888e-02
0.000000000000000000e+00 1.995437033474445343e-02
0.000000000000000000e+00 2.094174735248088837e-02
0.000000000000000000e+00 1.622590422630310059e-02
0.000000000000000000e+00 2.116122841835021973e-02
0.000000000000000000e+00 2.936798334121704102e-02
0.000000000000000000e+00 2.938026189804077148e-02
0.000000000000000000e+00 3.727287426590919495e-02
0.000000000000000000e+00 4.317472502589225769e-02
0.000000000000000000e+00 3.129284456372261047e-02
0.000000000000000000e+00 6.089974939823150635e-02
0.000000000000000000e+00 4.524843767285346985e-02
0.000000000000000000e+00 4.379879310727119446e-02
0.000000000000000000e+00 2.959648147225379944e-02
0.000000000000000000e+00 5.204002559185028076e-02
0.000000000000000000e+00 4.573004320263862610e-02
0.000000000000000000e+00 3.468116372823715210e-02
0.000000000000000000e+00 5.661807209253311157e-02
0.000000000000000000e+00 6.379012018442153931e-02
0.000000000000000000e+00 5.158126726746559143e-02
0.000000000000000000e+00 7.851631194353103638e-02
0.000000000000000000e+00 4.749895632266998291e-02
0.000000000000000000e+00 5.362424626946449280e-02
0.000000000000000000e+00 4.438291862607002258e-02
0.000000000000000000e+00 7.463037371635437012e-01
0.000000000000000000e+00 7.301613688468933105e-01
0.000000000000000000e+00 7.026422619819641113e-01
0.000000000000000000e+00 6.704706549644470215e-01
0.000000000000000000e+00 6.263470649719238281e-01
0.000000000000000000e+00 5.838566422462463379e-01
0.000000000000000000e+00 5.632482171058654785e-01
0.000000000000000000e+00 5.575297474861145020e-01
0.000000000000000000e+00 5.617621541023254395e-01
0.000000000000000000e+00 4.778268635272979736e-01
0.000000000000000000e+00 5.122634768486022949e-01
0.000000000000000000e+00 4.738040566444396973e-01
0.000000000000000000e+00 4.243318438529968262e-01
0.000000000000000000e+00 3.346925973892211914e-01
0.000000000000000000e+00 3.950012326240539551e-01
0.000000000000000000e+00 3.944697082042694092e-01
0.000000000000000000e+00 3.034856319427490234e-01
0.000000000000000000e+00 3.663969933986663818e-01
0.000000000000000000e+00 1.741614639759063721e-01
0.000000000000000000e+00 1.219474524259567261e-01
0.000000000000000000e+00 8.035775274038314819e-02
0.000000000000000000e+00 3.671654686331748962e-02
0.000000000000000000e+00 2.903524041175842285e-02
0.000000000000000000e+00 2.437175996601581573e-02
0.000000000000000000e+00 1.605552062392234802e-02
0.000000000000000000e+00 9.405527263879776001e-03
0.000000000000000000e+00 1.026957109570503235e-02
0.000000000000000000e+00 1.242226921021938324e-02
0.000000000000000000e+00 1.272720657289028168e-02
0.000000000000000000e+00 9.870273992419242859e-03
0.000000000000000000e+00 1.325039472430944443e-02
0.000000000000000000e+00 1.135586667805910110e-02
0.000000000000000000e+00 1.139646302908658981e-02
0.000000000000000000e+00 1.446931716054677963e-02
0.000000000000000000e+00 1.698971353471279144e-02
0.000000000000000000e+00 1.272535044699907303e-02
0.000000000000000000e+00 1.602037250995635986e-02
0.000000000000000000e+00 1.558432728052139282e-02
0.000000000000000000e+00 2.027215622365474701e-02
0.000000000000000000e+00 1.610366068780422211e-02
0.000000000000000000e+00 1.554072182625532150e-02
0.000000000000000000e+00 1.381101459264755249e-02
0.000000000000000000e+00 1.715623401105403900e-02
0.000000000000000000e+00 1.778707839548587799e-02
0.000000000000000000e+00 1.483106985688209534e-02
0.000000000000000000e+00 7.628547549247741699e-01
1.000000000000000000e+00 7.641653418540954590e-01
0.000000000000000000e+00 6.971322894096374512e-01
0.000000000000000000e+00 7.749256491661071777e-01
0.000000000000000000e+00 6.924762725830078125e-01
0.000000000000000000e+00 7.592983245849609375e-01
0.000000000000000000e+00 7.826332449913024902e-01
0.000000000000000000e+00 7.162910699844360352e-01
0.000000000000000000e+00 6.926795244216918945e-01
0.000000000000000000e+00 6.305457353591918945e-01
0.000000000000000000e+00 6.061128377914428711e-01
0.000000000000000000e+00 6.760338544845581055e-01
0.000000000000000000e+00 6.024786829948425293e-01
1.000000000000000000e+00 5.998681783676147461e-01
1.000000000000000000e+00 6.079510450363159180e-01
1.000000000000000000e+00 6.256815791130065918e-01
1.000000000000000000e+00 6.040054559707641602e-01
1.000000000000000000e+00 5.852786302566528320e-01
1.000000000000000000e+00 6.461451649665832520e-01
1.000000000000000000e+00 5.458038449287414551e-01
1.000000000000000000e+00 6.223652958869934082e-01
1.000000000000000000e+00 6.787627935409545898e-01
1.000000000000000000e+00 6.542493104934692383e-01
1.000000000000000000e+00 7.065296769142150879e-01
1.000000000000000000e+00 7.140461802482604980e-01
1.000000000000000000e+00 6.406374573707580566e-01
0.000000000000000000e+00 7.471396923065185547e-01
0.000000000000000000e+00 6.760617494583129883e-01
0.000000000000000000e+00 7.513913512229919434e-01
0.000000000000000000e+00 7.188350558280944824e-01
0.000000000000000000e+00 7.057862281799316406e-01
0.000000000000000000e+00 7.412711977958679199e-01
0.000000000000000000e+00 8.246358036994934082e-01
0.000000000000000000e+00 7.723098397254943848e-01
0.000000000000000000e+00 8.063897490501403809e-01
0.000000000000000000e+00 8.126915693283081055e-01
0.000000000000000000e+00 8.476986289024353027e-01
0.000000000000000000e+00 8.400617241859436035e-01
0.000000000000000000e+00 7.954089641571044922e-01
0.000000000000000000e+00 8.006696701049804688e-01
0.000000000000000000e+00 8.491874933242797852e-01
0.000000000000000000e+00 8.584202527999877930e-01
0.000000000000000000e+00 7.589116096496582031e-01
0.000000000000000000e+00 7.942360043525695801e-01
0.000000000000000000e+00 8.288003206253051758e-01
0.000000000000000000e+00 8.494090870954096317e-04
0.000000000000000000e+00 7.420268375426530838e-04
0.000000000000000000e+00 3.572496352717280388e-04
0.000000000000000000e+00 3.280437085777521133e-04
0.000000000000000000e+00 5.779661005362868309e-04
0.000000000000000000e+00 1.827222004067152739e-04
0.000000000000000000e+00 2.429429150652140379e-04
0.000000000000000000e+00 1.576588983880355954e-04
0.000000000000000000e+00 8.694572170497849584e-05
0.000000000000000000e+00 1.949939469341188669e-04
0.000000000000000000e+00 1.493512827437371016e-04
1.000000000000000000e+00 1.886777899926528335e-04
0.000000000000000000e+00 1.029027334880083799e-04
1.000000000000000000e+00 1.462409709347411990e-04
1.000000000000000000e+00 2.056451194221153855e-04
1.000000000000000000e+00 6.850996578577905893e-05
1.000000000000000000e+00 7.644863217137753963e-05
1.000000000000000000e+00 4.398029341246001422e-05
1.000000000000000000e+00 3.238379576941952109e-05
1.000000000000000000e+00 3.439073407207615674e-05
1.000000000000000000e+00 1.630029510124586523e-05
1.000000000000000000e+00 2.114613380399532616e-05
1.000000000000000000e+00 3.358029425726272166e-05
1.000000000000000000e+00 1.041913492372259498e-05
1.000000000000000000e+00 1.029371469485340640e-05
0.000000000000000000e+00 6.274995939747896045e-06
0.000000000000000000e+00 5.527380380954127759e-06
0.000000000000000000e+00 5.338074515748303384e-06
0.000000000000000000e+00 3.895362169714644551e-06
0.000000000000000000e+00 3.216581490050884895e-06
0.000000000000000000e+00 4.820141384698217735e-06
0.000000000000000000e+00 2.634438260429305956e-06
0.000000000000000000e+00 3.992353867943165824e-06
1.000000000000000000e+00 2.846263214451028034e-06
0.000000000000000000e+00 4.387501576275099069e-06
0.000000000000000000e+00 7.392404313577571884e-06
0.000000000000000000e+00 5.949150818196358159e-06
0.000000000000000000e+00 7.080303021211875603e-06
0.000000000000000000e+00 2.121685247402638197e-05
0.000000000000000000e+00 4.530030491878278553e-05
0.000000000000000000e+00 4.695256575359962881e-05
0.000000000000000000e+00 1.459072373108938336e-04
0.000000000000000000e+00 1.000567499431781471e-04
0.000000000000000000e+00 1.503413077443838120e-04
0.000000000000000000e+00 6.154375732876360416e-04
0.000000000000000000e+00 5.451403856277465820e-01
0.000000000000000000e+00 4.549391269683837891e-01
1.000000000000000000e+00 5.214362144470214844e-01
0.000000000000000000e+00 6.035383939743041992e-01
0.000000000000000000e+00 5.529804229736328125e-01
0.000000000000000000e+00 5.225313901901245117e-01
0.000000000000000000e+00 5.069309473037719727e-01
0.000000000000000000e+00 5.612850785255432129e-01
0.000000000000000000e+00 5.237754583358764648e-01
0.000000000000000000e+00 4.679769277572631836e-01
0.000000000000000000e+00 3.702219128608703613e-01
1.000000000000000000e+00 5.110479593276977539e-01
1.000000000000000000e+00 6.035106182098388672e-01
1.000000000000000000e+00 6.976041793823242188e-01
1.000000000000000000e+00 6.172562837600708008e-01
1.000000000000000000e+00 6.961894631385803223e-01
1.000000000000000000e+00 6.336583495140075684e-01
1.000000000000000000e+00 7.932068109512329102e-01
1.000000000000000000e+00 7.475695610046386719e-01
1.000000000000000000e+00 7.413165569305419922e-01
1.000000000000000000e+00 8.623586297035217285e-01
1.000000000000000000e+00 8.595262169837951660e-01
1.000000000000000000e+00 8.402360081672668457e-01
1.000000000000000000e+00 8.913058638572692871e-01
1.000000000000000000e+00 8.625584840774536133e-01
1.000000000000000000e+00 8.138558268547058105e-01
0.000000000000000000e+00 7.992317676544189453e-01
0.000000000000000000e+00 7.349023818969726562e-01
0.000000000000000000e+00 6.535652279853820801e-01
0.000000000000000000e+00 6.564083099365234375e-01
0.000000000000000000e+00 5.244657397270202637e-01
0.000000000000000000e+00 5.028384923934936523e-01
0.000000000000000000e+00 4.205408692359924316e-01
0.000000000000000000e+00 4.435950517654418945e-01
0.000000000000000000e+00 3.921048343181610107e-01
0.000000000000000000e+00 3.453037738800048828e-01
0.000000000000000000e+00 3.494980633258819580e-01
0.000000000000000000e+00 3.080798685550689697e-01
0.000000000000000000e+00 2.607274949550628662e-01
0.000000000000000000e+00 2.295104861259460449e-01
0.000000000000000000e+00 3.546550869941711426e-01
0.000000000000000000e+00 2.621207535266876221e-01
0.000000000000000000e+00 1.431553661823272705e-01
0.000000000000000000e+00 5.406032875180244446e-02
0.000000000000000000e+00 5.426353216171264648e-02
