0.000000000000000000e+00 7.618681341409683228e-02
0.000000000000000000e+00 2.856191433966159821e-02
0.000000000000000000e+00 1.506937202066183090e-02
0.000000000000000000e+00 1.114291604608297348e-02
0.000000000000000000e+00 3.787490073591470718e-03
0.000000000000000000e+00 3.378355409950017929e-03
0.000000000000000000e+00 2.825644798576831818e-03
0.000000000000000000e+00 1.897120615467429161e-03
0.000000000000000000e+00 1.884579192847013474e-03
0.000000000000000000e+00 9.493003017269074917e-04
0.000000000000000000e+00 2.132098423317074776e-03
0.000000000000000000e+00 1.774533884599804878e-03
0.000000000000000000e+00 1.731044962070882320e-03
0.000000000000000000e+00 2.125269500538706779e-03
0.000000000000000000e+00 1.891257124952971935e-03
0.000000000000000000e+00 4.090973176062107086e-03
0.000000000000000000e+00 8.534545078873634338e-03
0.000000000000000000e+00 8.487241342663764954e-03
0.000000000000000000e+00 1.471668947488069534e-02
0.000000000000000000e+00 6.815128773450851440e-02
0.000000000000000000e+00 1.570583581924438477e-01
0.000000000000000000e+00 2.083085477352142334e-01
0.000000000000000000e+00 3.783428668975830078e-01
0.000000000000000000e+00 4.762382805347442627e-01
0.000000000000000000e+00 6.038230657577514648e-01
0.000000000000000000e+00 5.728874206542968750e-01
0.000000000000000000e+00 6.232618093490600586e-01
0.000000000000000000e+00 5.885991454124450684e-01
0.000000000000000000e+00 6.035043001174926758e-01
0.000000000000000000e+00 5.938364863395690918e-01
0.000000000000000000e+00 5.242335200309753418e-01
0.000000000000000000e+00 5.664516091346740723e-01
1.000000000000000000e+00 5.481662750244140625e-01
1.000000000000000000e+00 4.580390751361846924e-01
0.000000000000000000e+00 3.135375082492828369e-01
0.000000000000000000e+00 2.441655993461608887e-01
0.000000000000000000e+00 1.663268208503723145e-01
0.000000000000000000e+00 1.370064616203308105e-01
0.000000000000000000e+00 1.081340834498405457e-01
0.000000000000000000e+00 1.074989661574363708e-01
0.000000000000000000e+00 1.380546987056732178e-01
0.000000000000000000e+00 1.727816164493560791e-01
0.000000000000000000e+00 1.383651793003082275e-01
0.000000000000000000e+00 1.118765324354171753e-01
0.000000000000000000e+00 1.236702874302864075e-01
0.000000000000000000e+00 8.340361714363098145e-02
0.000000000000000000e+00 7.039715349674224854e-02
0.000000000000000000e+00 4.905446991324424744e-02
0.000000000000000000e+00 3.182383999228477478e-02
0.000000000000000000e+00 2.034196630120277405e-02
0.000000000000000000e+00 1.138678099960088730e-02
0.000000000000000000e+00 5.593881476670503616e-03
0.000000000000000000e+00 4.424246959388256073e-03
0.000000000000000000e+00 2.051599556580185890e-03
0.000000000000000000e+00 1.514725852757692337e-03
0.000000000000000000e+00 1.267971238121390343e-03
0.000000000000000000e+00 7.764750043861567974e-04
0.000000000000000000e+00 8.221947355195879936e-04
0.000000000000000000e+00 5.085887969471514225e-04
0.000000000000000000e+00 3.426689072512090206e-04
0.000000000000000000e+00 2.161055454052984715e-04
0.000000000000000000e+00 9.004145977087318897e-05
0.000000000000000000e+00 7.289805216714739799e-05
0.000000000000000000e+00 7.791492680553346872e-05
0.000000000000000000e+00 6.213487358763813972e-05
0.000000000000000000e+00 8.508549217367544770e-05
0.000000000000000000e+00 9.792780474526807666e-05
0.000000000000000000e+00 7.743975584162399173e-05
0.000000000000000000e+00 6.710811430821195245e-05
0.000000000000000000e+00 7.258769619511440396e-05
0.000000000000000000e+00 5.127021358930505812e-05
0.000000000000000000e+00 3.192443182342685759e-05
0.000000000000000000e+00 4.135250856052152812e-05
0.000000000000000000e+00 3.700547313201241195e-05
0.000000000000000000e+00 4.897178951068781316e-05
0.000000000000000000e+00 3.881013691425323486e-01
0.000000000000000000e+00 2.599741220474243164e-01
0.000000000000000000e+00 3.309976458549499512e-01
0.000000000000000000e+00 2.608127593994140625e-01
0.000000000000000000e+00 1.297058910131454468e-01
0.000000000000000000e+00 4.828309267759323120e-02
0.000000000000000000e+00 3.348408639430999756e-02
0.000000000000000000e+00 4.140465334057807922e-02
0.000000000000000000e+00 1.752342656254768372e-02
0.000000000000000000e+00 1.235675346106290817e-02
0.000000000000000000e+00 5.098727066069841385e-03
0.000000000000000000e+00 5.587902851402759552e-03
0.000000000000000000e+00 4.535487387329339981e-03
0.000000000000000000e+00 3.366230055689811707e-03
0.000000000000000000e+00 1.685175229795277119e-03
0.000000000000000000e+00 3.745545167475938797e-03
0.000000000000000000e+00 3.897200804203748703e-03
0.000000000000000000e+00 9.022057056427001953e-03
0.000000000000000000e+00 1.569326035678386688e-02
0.000000000000000000e+00 3.879707306623458862e-02
0.000000000000000000e+00 1.316846311092376709e-01
0.000000000000000000e+00 1.961023509502410889e-01
0.000000000000000000e+00 2.794652879238128662e-01
0.000000000000000000e+00 3.674984574317932129e-01
0.000000000000000000e+00 2.755278646945953369e-01
0.000000000000000000e+00 2.267641425132751465e-01
0.000000000000000000e+00 1.929344087839126587e-01
0.000000000000000000e+00 2.114578932523727417e-01
0.000000000000000000e+00 1.491860747337341309e-01
0.000000000000000000e+00 1.560224443674087524e-01
0.000000000000000000e+00 1.393971145153045654e-01
0.000000000000000000e+00 1.646242439746856689e-01
0.000000000000000000e+00 1.730268001556396484e-01
0.000000000000000000e+00 1.788611859083175659e-01
0.000000000000000000e+00 1.990324556827545166e-01
0.000000000000000000e+00 1.247460022568702698e-01
0.000000000000000000e+00 1.616874933242797852e-01
0.000000000000000000e+00 8.669364452362060547e-02
0.000000000000000000e+00 1.363601237535476685e-01
0.000000000000000000e+00 2.022215574979782104e-01
0.000000000000000000e+00 2.200357168912887573e-01
0.000000000000000000e+00 1.998984217643737793e-01
0.000000000000000000e+00 1.057094261050224304e-01
0.000000000000000000e+00 1.828715503215789795e-01
0.000000000000000000e+00 1.910284310579299927e-01
0.000000000000000000e+00 2.124635875225067139e-01
0.000000000000000000e+00 1.802536249160766602e-01
0.000000000000000000e+00 2.730678617954254150e-01
0.000000000000000000e+00 2.711934447288513184e-01
0.000000000000000000e+00 3.895751535892486572e-01
0.000000000000000000e+00 4.744583666324615479e-01
0.000000000000000000e+00 4.595195353031158447e-01
0.000000000000000000e+00 3.664522171020507812e-01
0.000000000000000000e+00 3.657450377941131592e-01
0.000000000000000000e+00 3.434626460075378418e-01
1.000000000000000000e+00 4.510803222656250000e-01
1.000000000000000000e+00 5.613101720809936523e-01
0.000000000000000000e+00 6.726551055908203125e-01
0.000000000000000000e+00 6.319568753242492676e-01
0.000000000000000000e+00 6.899498701095581055e-01
0.000000000000000000e+00 6.187829375267028809e-01
0.000000000000000000e+00 5.742013454437255859e-01
0.000000000000000000e+00 5.536758899688720703e-01
0.000000000000000000e+00 5.652786493301391602e-01
0.000000000000000000e+00 4.732318520545959473e-01
0.000000000000000000e+00 4.673709273338317871e-01
0.000000000000000000e+00 4.482668638229370117e-01
0.000000000000000000e+00 4.351638853549957275e-01
0.000000000000000000e+00 4.235752820968627930e-01
0.000000000000000000e+00 4.206134080886840820e-01
0.000000000000000000e+00 3.606370389461517334e-01
0.000000000000000000e+00 3.046967685222625732e-01
0.000000000000000000e+00 2.422652542591094971e-01
0.000000000000000000e+00 1.712402552366256714e-01
0.000000000000000000e+00 1.325563639402389526e-01
0.000000000000000000e+00 2.871645847335457802e-03
0.000000000000000000e+00 2.943288302049040794e-03
0.000000000000000000e+00 9.249252616427838802e-04
0.000000000000000000e+00 7.430819678120315075e-04
0.000000000000000000e+00 3.583592479117214680e-04
0.000000000000000000e+00 1.229300978593528271e-04
0.000000000000000000e+00 1.060174181475304067e-04
0.000000000000000000e+00 9.995442815124988556e-05
0.000000000000000000e+00 3.227003326173871756e-04
0.000000000000000000e+00 2.875084755942225456e-04
0.000000000000000000e+00 4.458433541003614664e-04
0.000000000000000000e+00 7.132401224225759506e-04
0.000000000000000000e+00 8.055534563027322292e-04
0.000000000000000000e+00 2.331481780856847763e-03
0.000000000000000000e+00 4.724085330963134766e-03
0.000000000000000000e+00 5.024698562920093536e-03
0.000000000000000000e+00 7.023931015282869339e-03
0.000000000000000000e+00 2.396103739738464355e-02
0.000000000000000000e+00 1.645843125879764557e-02
0.000000000000000000e+00 1.607115939259529114e-02
0.000000000000000000e+00 2.378075383603572845e-02
0.000000000000000000e+00 1.823195628821849823e-02
0.000000000000000000e+00 1.194145809859037399e-02
0.000000000000000000e+00 1.008855365216732025e-02
0.000000000000000000e+00 2.266421355307102203e-02
0.000000000000000000e+00 3.666265308856964111e-02
0.000000000000000000e+00 3.483806923031806946e-02
0.000000000000000000e+00 3.850657120347023010e-02
0.000000000000000000e+00 6.295090168714523315e-02
0.000000000000000000e+00 4.672499001026153564e-02
0.000000000000000000e+00 4.736066609621047974e-02
0.000000000000000000e+00 4.813514649868011475e-02
0.000000000000000000e+00 6.135701388120651245e-02
0.000000000000000000e+00 3.516402095556259155e-02
0.000000000000000000e+00 5.218313634395599365e-02
0.000000000000000000e+00 3.580210357904434204e-02
0.000000000000000000e+00 4.685805365443229675e-02
0.000000000000000000e+00 7.366901636123657227e-02
0.000000000000000000e+00 8.858792483806610107e-02
0.000000000000000000e+00 1.034728139638900757e-01
0.000000000000000000e+00 1.026112139225006104e-01
0.000000000000000000e+00 8.426882326602935791e-02
0.000000000000000000e+00 1.106927245855331421e-01
0.000000000000000000e+00 1.689514070749282837e-01
0.000000000000000000e+00 2.633368074893951416e-01
0.000000000000000000e+00 2.670287787914276123e-01
0.000000000000000000e+00 1.583447158336639404e-01
0.000000000000000000e+00 1.358328163623809814e-01
0.000000000000000000e+00 9.277774393558502197e-02
0.000000000000000000e+00 1.110360249876976013e-01
0.000000000000000000e+00 8.294334262609481812e-02
0.000000000000000000e+00 3.772598877549171448e-02
0.000000000000000000e+00 3.554461523890495300e-02
0.000000000000000000e+00 5.095441266894340515e-02
0.000000000000000000e+00 8.620452135801315308e-02
0.000000000000000000e+00 1.466094255447387695e-01
0.000000000000000000e+00 1.229481995105743408e-01
0.000000000000000000e+00 4.391200244426727295e-01
0.000000000000000000e+00 3.183445930480957031e-01
0.000000000000000000e+00 3.402150571346282959e-01
0.000000000000000000e+00 3.354953527450561523e-01
0.000000000000000000e+00 2.670783400535583496e-01
0.000000000000000000e+00 2.590536475181579590e-01
0.000000000000000000e+00 3.475414216518402100e-01
0.000000000000000000e+00 4.204218387603759766e-01
0.000000000000000000e+00 6.069689393043518066e-01
0.000000000000000000e+00 6.638227105140686035e-01
0.000000000000000000e+00 7.691739201545715332e-01
0.000000000000000000e+00 8.021256327629089355e-01
0.000000000000000000e+00 8.267406821250915527e-01
0.000000000000000000e+00 8.445572257041931152e-01
0.000000000000000000e+00 8.018812537193298340e-01
0.000000000000000000e+00 8.034306168556213379e-01
0.000000000000000000e+00 7.973501086235046387e-01
0.000000000000000000e+00 7.216819524765014648e-01
0.000000000000000000e+00 6.174439191818237305e-01
0.000000000000000000e+00 6.683567762374877930e-01
0.000000000000000000e+00 3.158203661441802979e-01
0.000000000000000000e+00 2.239240258932113647e-01
0.000000000000000000e+00 1.122144088149070740e-01
0.000000000000000000e+00 5.969981476664543152e-02
0.000000000000000000e+00 2.971759252250194550e-02
0.000000000000000000e+00 1.585826091468334198e-02
0.000000000000000000e+00 6.429567933082580566e-03
0.000000000000000000e+00 2.865425078198313713e-03
0.000000000000000000e+00 1.293164677917957306e-03
0.000000000000000000e+00 1.148580922745168209e-03
0.000000000000000000e+00 3.571697743609547615e-04
0.000000000000000000e+00 2.296119928359985352e-04
0.000000000000000000e+00 1.701509172562509775e-04
0.000000000000000000e+00 1.730426447466015816e-04
0.000000000000000000e+00 1.345418422715738416e-04
0.000000000000000000e+00 9.618860349291935563e-05
0.000000000000000000e+00 7.274090603459626436e-05
0.000000000000000000e+00 1.211916896863840520e-04
0.000000000000000000e+00 1.314085529884323478e-04
0.000000000000000000e+00 2.903916756622493267e-04
0.000000000000000000e+00 6.439426797442138195e-04
0.000000000000000000e+00 4.827287048101425171e-04
0.000000000000000000e+00 5.090798367746174335e-04
0.000000000000000000e+00 4.531826707534492016e-04
0.000000000000000000e+00 5.823858082294464111e-04
0.000000000000000000e+00 8.978692349046468735e-04
0.000000000000000000e+00 2.162996912375092506e-03
0.000000000000000000e+00 3.645758377388119698e-03
0.000000000000000000e+00 4.909932613372802734e-03
0.000000000000000000e+00 3.766576526686549187e-03
0.000000000000000000e+00 7.517565507441759109e-03
0.000000000000000000e+00 5.753028206527233124e-03
0.000000000000000000e+00 6.733368150889873505e-03
0.000000000000000000e+00 9.627358056604862213e-03
0.000000000000000000e+00 7.382292766124010086e-03
0.000000000000000000e+00 9.965536184608936310e-03
0.000000000000000000e+00 7.664982695132493973e-03
0.000000000000000000e+00 1.033254526555538177e-02
0.000000000000000000e+00 1.784765161573886871e-02
0.000000000000000000e+00 2.878435887396335602e-02
0.000000000000000000e+00 3.223253041505813599e-02
0.000000000000000000e+00 2.646744437515735626e-02
0.000000000000000000e+00 8.526854962110519409e-02
0.000000000000000000e+00 3.919074535369873047e-01
0.000000000000000000e+00 6.748726963996887207e-01
0.000000000000000000e+00 7.272683978080749512e-01
0.000000000000000000e+00 8.810724616050720215e-01
0.000000000000000000e+00 8.979402184486389160e-01
0.000000000000000000e+00 9.014042615890502930e-01
0.000000000000000000e+00 9.237875342369079590e-01
0.000000000000000000e+00 9.287161231040954590e-01
0.000000000000000000e+00 9.179736971855163574e-01
1.000000000000000000e+00 9.254608750343322754e-01
1.000000000000000000e+00 9.281265139579772949e-01
1.000000000000000000e+00 9.206159114837646484e-01
0.000000000000000000e+00 8.369984626770019531e-01
0.000000000000000000e+00 7.969426512718200684e-01
0.000000000000000000e+00 7.389846444129943848e-01
0.000000000000000000e+00 5.931805968284606934e-01
0.000000000000000000e+00 5.885522961616516113e-01
0.000000000000000000e+00 5.306040644645690918e-01
0.000000000000000000e+00 4.698075354099273682e-01
0.000000000000000000e+00 5.167086124420166016e-01
0.000000000000000000e+00 5.075597167015075684e-01
0.000000000000000000e+00 5.349349975585937500e-01
0.000000000000000000e+00 5.541564822196960449e-01
0.000000000000000000e+00 4.937884211540222168e-01
0.000000000000000000e+00 4.512702226638793945e-01
0.000000000000000000e+00 4.134705960750579834e-01
0.000000000000000000e+00 4.521123468875885010e-01
0.000000000000000000e+00 4.876697361469268799e-01
0.000000000000000000e+00 3.216637969017028809e-01
0.000000000000000000e+00 2.736180424690246582e-01
1.000000000000000000e+00 5.746599435806274414e-01
1.000000000000000000e+00 5.726377964019775391e-01
1.000000000000000000e+00 3.438873589038848877e-01
1.000000000000000000e+00 1.824390143156051636e-01
1.000000000000000000e+00 8.879347145557403564e-02
1.000000000000000000e+00 1.328613758087158203e-01
0.000000000000000000e+00 9.444588422775268555e-02
0.000000000000000000e+00 2.431266754865646362e-02
0.000000000000000000e+00 1.114375144243240356e-02
0.000000000000000000e+00 9.839003905653953552e-03
0.000000000000000000e+00 1.804565894417464733e-03
0.000000000000000000e+00 9.170508710667490959e-04
0.000000000000000000e+00 6.850697682239115238e-04
0.000000000000000000e+00 2.424213744234293699e-04
0.000000000000000000e+00 3.409876953810453415e-04
0.000000000000000000e+00 2.399152726866304874e-04
0.000000000000000000e+00 7.514093158533796668e-05
0.000000000000000000e+00 5.596839037025347352e-05
0.000000000000000000e+00 6.773742643417790532e-05
0.000000000000000000e+00 6.949492671992629766e-05
0.000000000000000000e+00 4.892576544079929590e-05
0.000000000000000000e+00 7.895939052104949951e-05
0.000000000000000000e+00 7.398340676445513964e-05
0.000000000000000000e+00 1.148171504610218108e-04
0.000000000000000000e+00 2.921553095802664757e-04
0.000000000000000000e+00 4.445746308192610741e-04
0.000000000000000000e+00 1.109756762161850929e-03
0.000000000000000000e+00 8.899074164219200611e-04
0.000000000000000000e+00 1.648090663366019726e-03
0.000000000000000000e+00 3.042533760890364647e-03
0.000000000000000000e+00 2.418512944132089615e-03
0.000000000000000000e+00 3.318905364722013474e-03
0.000000000000000000e+00 2.887877868488430977e-03
0.000000000000000000e+00 7.201911881566047668e-03
0.000000000000000000e+00 5.800944752991199493e-03
0.000000000000000000e+00 7.780691143125295639e-03
0.000000000000000000e+00 1.213071402162313461e-02
0.000000000000000000e+00 2.021653391420841217e-02
0.000000000000000000e+00 1.676575653254985809e-02
0.000000000000000000e+00 2.389014326035976410e-02
0.000000000000000000e+00 1.860121265053749084e-02
0.000000000000000000e+00 9.529814124107360840e-03
0.000000000000000000e+00 6.130519323050975800e-03
0.000000000000000000e+00 1.159626897424459457e-02
0.000000000000000000e+00 1.400894764810800552e-02
0.000000000000000000e+00 1.836206577718257904e-02
0.000000000000000000e+00 9.631869383156299591e-03
0.000000000000000000e+00 1.531463675200939178e-02
0.000000000000000000e+00 2.052645571529865265e-02
0.000000000000000000e+00 3.893703967332839966e-02
0.000000000000000000e+00 7.734905928373336792e-02
0.000000000000000000e+00 9.701827168464660645e-02
0.000000000000000000e+00 1.406298726797103882e-01
0.000000000000000000e+00 3.822022974491119385e-01
0.000000000000000000e+00 5.808740258216857910e-01
0.000000000000000000e+00 6.027835011482238770e-01
0.000000000000000000e+00 8.411980867385864258e-01
0.000000000000000000e+00 8.646155595779418945e-01
0.000000000000000000e+00 8.480079174041748047e-01
0.000000000000000000e+00 8.611677885055541992e-01
0.000000000000000000e+00 8.114880323410034180e-01
0.000000000000000000e+00 8.262305259704589844e-01
0.000000000000000000e+00 8.021388053894042969e-01
0.000000000000000000e+00 8.138925433158874512e-01
0.000000000000000000e+00 7.809872031211853027e-01
0.000000000000000000e+00 7.734839916229248047e-01
0.000000000000000000e+00 8.141508102416992188e-01
0.000000000000000000e+00 8.163176774978637695e-01
0.000000000000000000e+00 7.758215665817260742e-01
0.000000000000000000e+00 7.788289189338684082e-01
0.000000000000000000e+00 7.490033507347106934e-01
0.000000000000000000e+00 6.580150127410888672e-01
0.000000000000000000e+00 6.283348202705383301e-01
0.000000000000000000e+00 5.248932242393493652e-01
0.000000000000000000e+00 4.404857158660888672e-01
0.000000000000000000e+00 9.413872957229614258e-01
0.000000000000000000e+00 9.338827133178710938e-01
1.000000000000000000e+00 9.363347291946411133e-01
0.000000000000000000e+00 9.026922583580017090e-01
0.000000000000000000e+00 8.951257467269897461e-01
0.000000000000000000e+00 8.039556145668029785e-01
0.000000000000000000e+00 7.881675362586975098e-01
0.000000000000000000e+00 6.605640053749084473e-01
0.000000000000000000e+00 2.993262410163879395e-01
0.000000000000000000e+00 1.419290155172348022e-01
0.000000000000000000e+00 5.590169131755828857e-02
0.000000000000000000e+00 4.324332997202873230e-02
0.000000000000000000e+00 2.654433809220790863e-02
0.000000000000000000e+00 9.715089574456214905e-03
0.000000000000000000e+00 6.560633424669504166e-03
0.000000000000000000e+00 4.248196259140968323e-03
0.000000000000000000e+00 4.142691381275653839e-03
0.000000000000000000e+00 1.690666307695209980e-03
0.000000000000000000e+00 1.744034467265009880e-03
0.000000000000000000e+00 1.369925448670983315e-03
0.000000000000000000e+00 1.003923127427697182e-03
0.000000000000000000e+00 1.626010285690426826e-03
0.000000000000000000e+00 1.445928472094237804e-03
0.000000000000000000e+00 2.019480802118778229e-03
0.000000000000000000e+00 2.278057858347892761e-03
0.000000000000000000e+00 1.776439719833433628e-03
0.000000000000000000e+00 1.713036792352795601e-03
0.000000000000000000e+00 2.387509215623140335e-03
0.000000000000000000e+00 3.422573907300829887e-03
0.000000000000000000e+00 6.065643858164548874e-03
0.000000000000000000e+00 8.762725628912448883e-03
0.000000000000000000e+00 1.103857625275850296e-02
0.000000000000000000e+00 9.810058400034904480e-03
0.000000000000000000e+00 1.283250469714403152e-02
0.000000000000000000e+00 1.995522715151309967e-02
0.000000000000000000e+00 1.924854889512062073e-02
0.000000000000000000e+00 3.653481602668762207e-02
0.000000000000000000e+00 3.325336426496505737e-02
0.000000000000000000e+00 3.370328247547149658e-02
0.000000000000000000e+00 6.585624068975448608e-02
0.000000000000000000e+00 5.707168951630592346e-02
0.000000000000000000e+00 6.587786227464675903e-02
0.000000000000000000e+00 5.517635121941566467e-02
0.000000000000000000e+00 6.949021667242050171e-02
0.000000000000000000e+00 7.797557860612869263e-02
0.000000000000000000e+00 1.071945279836654663e-01
0.000000000000000000e+00 1.445889770984649658e-01
0.000000000000000000e+00 1.528645902872085571e-01
0.000000000000000000e+00 2.911805808544158936e-01
0.000000000000000000e+00 2.439389526844024658e-01
0.000000000000000000e+00 3.360112309455871582e-01
0.000000000000000000e+00 4.205750226974487305e-01
1.000000000000000000e+00 4.915569424629211426e-01
1.000000000000000000e+00 6.663478612899780273e-01
1.000000000000000000e+00 7.423256039619445801e-01
1.000000000000000000e+00 7.703148126602172852e-01
1.000000000000000000e+00 8.576308488845825195e-01
1.000000000000000000e+00 7.204508781433105469e-01
1.000000000000000000e+00 6.277475357055664062e-01
0.000000000000000000e+00 4.150448739528656006e-01
0.000000000000000000e+00 2.126815915107727051e-01
0.000000000000000000e+00 6.094501912593841553e-02
0.000000000000000000e+00 1.183114200830459595e-02
0.000000000000000000e+00 2.061384497210383415e-03
0.000000000000000000e+00 5.279300967231392860e-04
0.000000000000000000e+00 1.693379163043573499e-04
0.000000000000000000e+00 4.911363794235512614e-05
0.000000000000000000e+00 3.371734783286228776e-05
0.000000000000000000e+00 1.358024746878072619e-05
0.000000000000000000e+00 5.270976089377654716e-06
0.000000000000000000e+00 4.697893473348813131e-06
1.000000000000000000e+00 1.860435077105648816e-06
0.000000000000000000e+00 1.430300699212239124e-06
0.000000000000000000e+00 1.333083901045029052e-06
0.000000000000000000e+00 1.150462480836722534e-06
0.000000000000000000e+00 9.029358625411987305e-01
0.000000000000000000e+00 8.951909542083740234e-01
0.000000000000000000e+00 8.765135407447814941e-01
0.000000000000000000e+00 8.878932595252990723e-01
0.000000000000000000e+00 8.983647823333740234e-01
0.000000000000000000e+00 8.579681515693664551e-01
0.000000000000000000e+00 8.477199673652648926e-01
0.000000000000000000e+00 8.834047317504882812e-01
0.000000000000000000e+00 8.344090580940246582e-01
0.000000000000000000e+00 8.583599328994750977e-01
0.000000000000000000e+00 9.081644415855407715e-01
0.000000000000000000e+00 8.736556172370910645e-01
0.000000000000000000e+00 8.064263463020324707e-01
0.000000000000000000e+00 7.479426264762878418e-01
0.000000000000000000e+00 5.606831908226013184e-01
0.000000000000000000e+00 6.580600738525390625e-01
0.000000000000000000e+00 7.792906761169433594e-01
0.000000000000000000e+00 7.528945207595825195e-01
0.000000000000000000e+00 7.505962252616882324e-01
0.000000000000000000e+00 8.077767491340637207e-01
0.000000000000000000e+00 9.051592946052551270e-01
0.000000000000000000e+00 9.337801933288574219e-01
0.000000000000000000e+00 9.453772902488708496e-01
0.000000000000000000e+00 9.630457162857055664e-01
0.000000000000000000e+00 9.676178097724914551e-01
0.000000000000000000e+00 9.873312115669250488e-01
0.000000000000000000e+00 9.867180585861206055e-01
0.000000000000000000e+00 9.888383150100708008e-01
0.000000000000000000e+00 9.895120263099670410e-01
0.000000000000000000e+00 9.921529889106750488e-01
0.000000000000000000e+00 9.911963939666748047e-01
0.000000000000000000e+00 9.930939674377441406e-01
0.000000000000000000e+00 9.933604598045349121e-01
0.000000000000000000e+00 9.928652048110961914e-01
0.000000000000000000e+00 9.927298426628112793e-01
0.000000000000000000e+00 9.930644631385803223e-01
0.000000000000000000e+00 9.922770261764526367e-01
0.000000000000000000e+00 9.925507307052612305e-01
0.000000000000000000e+00 9.933098554611206055e-01
0.000000000000000000e+00 9.922820925712585449e-01
0.000000000000000000e+00 9.913933277130126953e-01
0.000000000000000000e+00 9.922979474067687988e-01
0.000000000000000000e+00 9.931259155273437500e-01
0.000000000000000000e+00 9.933996200561523438e-01
0.000000000000000000e+00 9.942366480827331543e-01
0.000000000000000000e+00 9.943189024925231934e-01
0.000000000000000000e+00 9.942777752876281738e-01
0.000000000000000000e+00 9.952928423881530762e-01
0.000000000000000000e+00 9.950435161590576172e-01
0.000000000000000000e+00 9.945089221000671387e-01
0.000000000000000000e+00 9.947490096092224121e-01
0.000000000000000000e+00 9.940935969352722168e-01
0.000000000000000000e+00 9.927300810813903809e-01
0.000000000000000000e+00 9.945113658905029297e-01
0.000000000000000000e+00 9.942352175712585449e-01
0.000000000000000000e+00 9.947853684425354004e-01
0.000000000000000000e+00 9.945093989372253418e-01
0.000000000000000000e+00 9.920005798339843750e-01
0.000000000000000000e+00 9.889113903045654297e-01
0.000000000000000000e+00 9.873515367507934570e-01
0.000000000000000000e+00 9.809620976448059082e-01
0.000000000000000000e+00 9.856089949607849121e-01
0.000000000000000000e+00 9.714178442955017090e-01
0.000000000000000000e+00 9.871084094047546387e-01
0.000000000000000000e+00 9.773567318916320801e-01
0.000000000000000000e+00 9.686270952224731445e-01
0.000000000000000000e+00 9.651682376861572266e-01
0.000000000000000000e+00 9.470021128654479980e-01
0.000000000000000000e+00 9.561543464660644531e-01
0.000000000000000000e+00 8.883280754089355469e-01
0.000000000000000000e+00 9.317398071289062500e-01
0.000000000000000000e+00 8.985672593116760254e-01
0.000000000000000000e+00 7.674684524536132812e-01
0.000000000000000000e+00 7.123123407363891602e-01
0.000000000000000000e+00 6.395193338394165039e-01
0.000000000000000000e+00 9.128240346908569336e-01
0.000000000000000000e+00 9.140839576721191406e-01
0.000000000000000000e+00 8.808346986770629883e-01
0.000000000000000000e+00 8.553131818771362305e-01
0.000000000000000000e+00 7.610945701599121094e-01
0.000000000000000000e+00 7.672402262687683105e-01
0.000000000000000000e+00 6.882032155990600586e-01
0.000000000000000000e+00 5.988843441009521484e-01
0.000000000000000000e+00 5.725888609886169434e-01
0.000000000000000000e+00 5.545364022254943848e-01
0.000000000000000000e+00 4.183342754840850830e-01
0.000000000000000000e+00 3.397866487503051758e-01
0.000000000000000000e+00 3.342687785625457764e-01
0.000000000000000000e+00 2.343058884143829346e-01
0.000000000000000000e+00 1.924599409103393555e-01
0.000000000000000000e+00 1.176189631223678589e-01
1.000000000000000000e+00 1.581798493862152100e-01
1.000000000000000000e+00 1.434324532747268677e-01
1.000000000000000000e+00 1.731632798910140991e-01
1.000000000000000000e+00 9.317385405302047729e-02
1.000000000000000000e+00 4.165683314204216003e-02
1.000000000000000000e+00 7.403589785099029541e-02
1.000000000000000000e+00 8.022388070821762085e-02
0.000000000000000000e+00 2.224987559020519257e-02
0.000000000000000000e+00 2.017839811742305756e-02
0.000000000000000000e+00 2.293540723621845245e-02
0.000000000000000000e+00 1.168574392795562744e-02
0.000000000000000000e+00 8.580697700381278992e-03
0.000000000000000000e+00 4.468888975679874420e-03
0.000000000000000000e+00 3.613277338445186615e-03
0.000000000000000000e+00 4.094409290701150894e-03
0.000000000000000000e+00 2.689139917492866516e-03
0.000000000000000000e+00 1.705461065284907818e-03
0.000000000000000000e+00 1.641098409891128540e-03
0.000000000000000000e+00 2.770951017737388611e-03
0.000000000000000000e+00 1.743858447298407555e-03
0.000000000000000000e+00 1.363553921692073345e-03
0.000000000000000000e+00 7.128331344574689865e-04
0.000000000000000000e+00 6.081376923248171806e-04
0.000000000000000000e+00 5.262671038508415222e-04
0.000000000000000000e+00 3.842611331492662430e-04
0.000000000000000000e+00 2.410042943665757775e-04
0.000000000000000000e+00 3.373147046659141779e-04
0.000000000000000000e+00 3.510793030727654696e-04
0.000000000000000000e+00 2.048992319032549858e-04
0.000000000000000000e+00 4.042377113364636898e-04
0.000000000000000000e+00 3.198838676325976849e-04
0.000000000000000000e+00 3.556950541678816080e-04
0.000000000000000000e+00 4.058267513755708933e-04
0.000000000000000000e+00 2.349733549635857344e-04
0.000000000000000000e+00 2.077988756354898214e-04
0.000000000000000000e+00 1.597319496795535088e-04
0.000000000000000000e+00 1.412970450473949313e-04
0.000000000000000000e+00 1.515426702098920941e-04
0.000000000000000000e+00 1.356758148176595569e-04
0.000000000000000000e+00 6.866988405818119645e-05
0.000000000000000000e+00 9.307818254455924034e-05
0.000000000000000000e+00 9.410254278918728232e-05
0.000000000000000000e+00 6.965701322769746184e-05
0.000000000000000000e+00 3.869489228236488998e-05
0.000000000000000000e+00 3.599681076593697071e-05
0.000000000000000000e+00 4.040667772642336786e-05
0.000000000000000000e+00 2.025296817009802908e-05
0.000000000000000000e+00 2.804355244734324515e-05
0.000000000000000000e+00 5.558160410146228969e-05
0.000000000000000000e+00 3.626034595072269440e-05
0.000000000000000000e+00 2.746213249338325113e-05
0.000000000000000000e+00 3.094154089922085404e-05
0.000000000000000000e+00 4.591139077092520893e-05
0.000000000000000000e+00 3.289308733656071126e-05
0.000000000000000000e+00 5.124679955770261586e-05
0.000000000000000000e+00 8.759691991144791245e-05
0.000000000000000000e+00 7.498260674765333533e-05
0.000000000000000000e+00 7.069620914990082383e-05
0.000000000000000000e+00 8.321965287905186415e-05
