0.000000000000000000e+00 4.965781867504119873e-01
0.000000000000000000e+00 3.603794872760772705e-01
0.000000000000000000e+00 3.595896363258361816e-01
0.000000000000000000e+00 2.852757871150970459e-01
0.000000000000000000e+00 2.334164977073669434e-01
0.000000000000000000e+00 3.412021100521087646e-01
0.000000000000000000e+00 2.826294302940368652e-01
0.000000000000000000e+00 3.591254949569702148e-01
0.000000000000000000e+00 4.297706484794616699e-01
0.000000000000000000e+00 5.153114199638366699e-01
0.000000000000000000e+00 4.777108430862426758e-01
0.000000000000000000e+00 6.394288539886474609e-01
0.000000000000000000e+00 6.524199247360229492e-01
0.000000000000000000e+00 5.561435818672180176e-01
0.000000000000000000e+00 6.980111598968505859e-01
1.000000000000000000e+00 7.000171542167663574e-01
1.000000000000000000e+00 7.299519181251525879e-01
1.000000000000000000e+00 6.813476085662841797e-01
0.000000000000000000e+00 7.113204002380371094e-01
0.000000000000000000e+00 6.246424317359924316e-01
0.000000000000000000e+00 5.680429935455322266e-01
0.000000000000000000e+00 5.867022275924682617e-01
0.000000000000000000e+00 5.716578364372253418e-01
0.000000000000000000e+00 5.671173930168151855e-01
0.000000000000000000e+00 5.558173060417175293e-01
0.000000000000000000e+00 5.875757932662963867e-01
0.000000000000000000e+00 6.047204732894897461e-01
1.000000000000000000e+00 6.691877245903015137e-01
0.000000000000000000e+00 5.672813057899475098e-01
0.000000000000000000e+00 5.536621212959289551e-01
0.000000000000000000e+00 4.924283325672149658e-01
0.000000000000000000e+00 4.748921990394592285e-01
1.000000000000000000e+00 4.047899544239044189e-01
0.000000000000000000e+00 3.601584732532501221e-01
0.000000000000000000e+00 3.066901862621307373e-01
0.000000000000000000e+00 3.331886231899261475e-01
0.000000000000000000e+00 4.127425551414489746e-01
1.000000000000000000e+00 5.383151173591613770e-01
1.000000000000000000e+00 5.427833795547485352e-01
0.000000000000000000e+00 5.606207251548767090e-01
0.000000000000000000e+00 5.952136516571044922e-01
0.000000000000000000e+00 6.068502068519592285e-01
0.000000000000000000e+00 5.455639958381652832e-01
0.000000000000000000e+00 5.936019420623779297e-01
0.000000000000000000e+00 5.257763266563415527e-01
0.000000000000000000e+00 4.779530763626098633e-01
0.000000000000000000e+00 4.484821856021881104e-01
0.000000000000000000e+00 4.539877176284790039e-01
0.000000000000000000e+00 4.060795903205871582e-01
0.000000000000000000e+00 4.354394078254699707e-01
0.000000000000000000e+00 3.828261494636535645e-01
0.000000000000000000e+00 3.593589663505554199e-01
0.000000000000000000e+00 4.152011573314666748e-01
0.000000000000000000e+00 4.359526634216308594e-01
0.000000000000000000e+00 3.936753571033477783e-01
0.000000000000000000e+00 3.294868171215057373e-01
0.000000000000000000e+00 2.853709757328033447e-01
0.000000000000000000e+00 2.978145778179168701e-01
0.000000000000000000e+00 2.636495828628540039e-01
0.000000000000000000e+00 3.130204379558563232e-01
0.000000000000000000e+00 2.569355964660644531e-01
0.000000000000000000e+00 2.972519993782043457e-01
0.000000000000000000e+00 3.205251395702362061e-01
0.000000000000000000e+00 3.377249538898468018e-01
0.000000000000000000e+00 3.090456128120422363e-01
0.000000000000000000e+00 3.281109631061553955e-01
0.000000000000000000e+00 2.541288733482360840e-01
0.000000000000000000e+00 2.083459645509719849e-01
0.000000000000000000e+00 2.318862378597259521e-01
0.000000000000000000e+00 2.650146484375000000e-01
0.000000000000000000e+00 2.606927752494812012e-01
0.000000000000000000e+00 2.213944196701049805e-01
0.000000000000000000e+00 2.091905474662780762e-01
1.000000000000000000e+00 2.211088985204696655e-01
0.000000000000000000e+00 2.265387922525405884e-01
0.000000000000000000e+00 2.743569016456604004e-01
0.000000000000000000e+00 2.285402417182922363e-01
0.000000000000000000e+00 2.156748622655868530e-01
0.000000000000000000e+00 2.087839394807815552e-01
0.000000000000000000e+00 1.859820783138275146e-01
0.000000000000000000e+00 2.931511998176574707e-01
0.000000000000000000e+00 2.607235312461853027e-01
0.000000000000000000e+00 2.777821719646453857e-01
0.000000000000000000e+00 2.411265671253204346e-01
0.000000000000000000e+00 2.657705843448638916e-01
0.000000000000000000e+00 2.679853737354278564e-01
0.000000000000000000e+00 2.648972570896148682e-01
0.000000000000000000e+00 3.138782382011413574e-01
0.000000000000000000e+00 3.151181042194366455e-01
0.000000000000000000e+00 3.575773239135742188e-01
0.000000000000000000e+00 2.736471593379974365e-01
0.000000000000000000e+00 4.570464193820953369e-01
0.000000000000000000e+00 4.407725036144256592e-01
0.000000000000000000e+00 4.780456721782684326e-01
0.000000000000000000e+00 4.368607997894287109e-01
1.000000000000000000e+00 5.693397521972656250e-01
1.000000000000000000e+00 5.917236208915710449e-01
1.000000000000000000e+00 4.556872844696044922e-01
1.000000000000000000e+00 4.159182310104370117e-01
1.000000000000000000e+00 5.516322255134582520e-01
1.000000000000000000e+00 5.398147702217102051e-01
1.000000000000000000e+00 5.960877537727355957e-01
0.000000000000000000e+00 6.241102218627929688e-01
0.000000000000000000e+00 6.527725458145141602e-01
0.000000000000000000e+00 6.160324215888977051e-01
0.000000000000000000e+00 5.454019904136657715e-01
1.000000000000000000e+00 5.255405306816101074e-01
1.000000000000000000e+00 5.366373658180236816e-01
1.000000000000000000e+00 5.270888209342956543e-01
1.000000000000000000e+00 5.428692102432250977e-01
1.000000000000000000e+00 6.318553686141967773e-01
1.000000000000000000e+00 6.859521269798278809e-01
1.000000000000000000e+00 6.304409503936767578e-01
0.000000000000000000e+00 5.310208201408386230e-01
0.000000000000000000e+00 3.977745175361633301e-01
0.000000000000000000e+00 3.067171871662139893e-01
0.000000000000000000e+00 2.491752356290817261e-01
0.000000000000000000e+00 2.543832659721374512e-01
0.000000000000000000e+00 3.309871554374694824e-01
0.000000000000000000e+00 3.449638187885284424e-01
0.000000000000000000e+00 3.128828406333923340e-01
0.000000000000000000e+00 2.722738981246948242e-01
0.000000000000000000e+00 2.271642237901687622e-01
0.000000000000000000e+00 2.513852119445800781e-01
0.000000000000000000e+00 1.296675503253936768e-01
0.000000000000000000e+00 1.255177855491638184e-01
0.000000000000000000e+00 1.068645715713500977e-01
0.000000000000000000e+00 1.048994362354278564e-01
0.000000000000000000e+00 1.099368929862976074e-01
0.000000000000000000e+00 1.230019629001617432e-01
0.000000000000000000e+00 1.336473822593688965e-01
0.000000000000000000e+00 1.785689145326614380e-01
1.000000000000000000e+00 2.745087444782257080e-01
1.000000000000000000e+00 3.675619065761566162e-01
0.000000000000000000e+00 4.422591030597686768e-01
0.000000000000000000e+00 3.848083317279815674e-01
0.000000000000000000e+00 5.159965157508850098e-01
0.000000000000000000e+00 5.928973555564880371e-01
1.000000000000000000e+00 5.445775985717773438e-01
1.000000000000000000e+00 5.490972399711608887e-01
0.000000000000000000e+00 6.741955280303955078e-01
0.000000000000000000e+00 6.550199985504150391e-01
0.000000000000000000e+00 6.429623365402221680e-01
0.000000000000000000e+00 6.184528470039367676e-01
0.000000000000000000e+00 6.852778196334838867e-01
0.000000000000000000e+00 6.915251016616821289e-01
0.000000000000000000e+00 6.228771209716796875e-01
0.000000000000000000e+00 6.816632151603698730e-01
0.000000000000000000e+00 6.760593652725219727e-01
0.000000000000000000e+00 6.842805147171020508e-01
0.000000000000000000e+00 7.023750804364681244e-03
0.000000000000000000e+00 8.471093140542507172e-03
0.000000000000000000e+00 7.699201814830303192e-03
0.000000000000000000e+00 1.933350414037704468e-02
0.000000000000000000e+00 3.716305270791053772e-02
0.000000000000000000e+00 8.215856552124023438e-02
0.000000000000000000e+00 1.307176798582077026e-01
0.000000000000000000e+00 2.240849882364273071e-01
0.000000000000000000e+00 3.609673976898193359e-01
0.000000000000000000e+00 4.309770464897155762e-01
0.000000000000000000e+00 4.536495506763458252e-01
0.000000000000000000e+00 5.090255737304687500e-01
0.000000000000000000e+00 5.359699726104736328e-01
0.000000000000000000e+00 5.644999146461486816e-01
0.000000000000000000e+00 3.419221937656402588e-01
0.000000000000000000e+00 4.541388750076293945e-01
0.000000000000000000e+00 4.655383527278900146e-01
0.000000000000000000e+00 4.866035878658294678e-01
0.000000000000000000e+00 4.530867636203765869e-01
0.000000000000000000e+00 4.740622937679290771e-01
0.000000000000000000e+00 6.913490295410156250e-01
0.000000000000000000e+00 7.884652018547058105e-01
0.000000000000000000e+00 7.688055038452148438e-01
0.000000000000000000e+00 8.354434967041015625e-01
0.000000000000000000e+00 8.339450955390930176e-01
0.000000000000000000e+00 8.612817525863647461e-01
0.000000000000000000e+00 8.826426863670349121e-01
0.000000000000000000e+00 8.590707778930664062e-01
0.000000000000000000e+00 9.177329540252685547e-01
0.000000000000000000e+00 8.987727165222167969e-01
0.000000000000000000e+00 8.662221431732177734e-01
0.000000000000000000e+00 8.471770286560058594e-01
0.000000000000000000e+00 8.234702348709106445e-01
0.000000000000000000e+00 7.784082889556884766e-01
0.000000000000000000e+00 7.401040792465209961e-01
0.000000000000000000e+00 6.323007941246032715e-01
0.000000000000000000e+00 5.922006964683532715e-01
0.000000000000000000e+00 3.620785772800445557e-01
0.000000000000000000e+00 2.906800508499145508e-01
0.000000000000000000e+00 2.164599150419235229e-01
0.000000000000000000e+00 2.729523181915283203e-01
0.000000000000000000e+00 2.189651876688003540e-01
0.000000000000000000e+00 1.882586628198623657e-01
0.000000000000000000e+00 1.264136880636215210e-01
1.000000000000000000e+00 1.067062094807624817e-01
1.000000000000000000e+00 1.403912752866744995e-01
0.000000000000000000e+00 1.101662963628768921e-01
0.000000000000000000e+00 2.245075106620788574e-01
0.000000000000000000e+00 3.102304339408874512e-01
0.000000000000000000e+00 6.058374047279357910e-01
0.000000000000000000e+00 6.815142631530761719e-01
0.000000000000000000e+00 7.951938509941101074e-01
0.000000000000000000e+00 8.339622020721435547e-01
0.000000000000000000e+00 8.621635437011718750e-01
0.000000000000000000e+00 8.216913938522338867e-01
0.000000000000000000e+00 7.706154584884643555e-01
0.000000000000000000e+00 8.146790266036987305e-01
0.000000000000000000e+00 8.496281504631042480e-01
0.000000000000000000e+00 8.480593562126159668e-01
0.000000000000000000e+00 8.904961943626403809e-01
0.000000000000000000e+00 8.723592162132263184e-01
0.000000000000000000e+00 8.785741329193115234e-01
0.000000000000000000e+00 8.760267496109008789e-01
0.000000000000000000e+00 8.609250187873840332e-01
0.000000000000000000e+00 8.224472999572753906e-01
1.000000000000000000e+00 7.518046498298645020e-01
1.000000000000000000e+00 6.810805201530456543e-01
1.000000000000000000e+00 6.570832133293151855e-01
0.000000000000000000e+00 6.063540577888488770e-01
0.000000000000000000e+00 6.559154987335205078e-01
0.000000000000000000e+00 5.059930682182312012e-01
0.000000000000000000e+00 5.215306282043457031e-01
0.000000000000000000e+00 4.968021214008331299e-01
0.000000000000000000e+00 5.184680819511413574e-01
0.000000000000000000e+00 3.928947150707244873e-01
0.000000000000000000e+00 6.224304437637329102e-01
0.000000000000000000e+00 6.461895704269409180e-01
0.000000000000000000e+00 6.906733512878417969e-01
0.000000000000000000e+00 7.226664423942565918e-01
0.000000000000000000e+00 6.624255776405334473e-01
0.000000000000000000e+00 6.272498965263366699e-01
0.000000000000000000e+00 5.926607251167297363e-01
0.000000000000000000e+00 5.884985923767089844e-01
0.000000000000000000e+00 5.888393521308898926e-01
1.000000000000000000e+00 5.262511968612670898e-01
0.000000000000000000e+00 4.607245326042175293e-01
0.000000000000000000e+00 4.386035203933715820e-01
0.000000000000000000e+00 4.627790153026580811e-01
0.000000000000000000e+00 4.420407414436340332e-01
1.000000000000000000e+00 4.515412747859954834e-01
0.000000000000000000e+00 4.088065028190612793e-01
0.000000000000000000e+00 5.250537991523742676e-01
0.000000000000000000e+00 4.545705318450927734e-01
0.000000000000000000e+00 3.639971613883972168e-01
0.000000000000000000e+00 3.881711065769195557e-01
0.000000000000000000e+00 3.642348945140838623e-01
0.000000000000000000e+00 4.321752786636352539e-01
0.000000000000000000e+00 4.813799560070037842e-01
0.000000000000000000e+00 4.747503995895385742e-01
1.000000000000000000e+00 3.645288944244384766e-01
1.000000000000000000e+00 4.206919670104980469e-01
1.000000000000000000e+00 5.567243099212646484e-01
1.000000000000000000e+00 4.465807080268859863e-01
0.000000000000000000e+00 5.030543804168701172e-01
0.000000000000000000e+00 6.149149537086486816e-01
0.000000000000000000e+00 5.663273930549621582e-01
0.000000000000000000e+00 5.687927603721618652e-01
0.000000000000000000e+00 6.268233060836791992e-01
0.000000000000000000e+00 6.170890927314758301e-01
0.000000000000000000e+00 5.426710247993469238e-01
0.000000000000000000e+00 6.015542745590209961e-01
0.000000000000000000e+00 6.413279175758361816e-01
0.000000000000000000e+00 6.319563388824462891e-01
0.000000000000000000e+00 5.905132293701171875e-01
0.000000000000000000e+00 5.782898068428039551e-01
0.000000000000000000e+00 5.993604660034179688e-01
0.000000000000000000e+00 5.898653864860534668e-01
0.000000000000000000e+00 5.903188586235046387e-01
0.000000000000000000e+00 3.289412558078765869e-01
1.000000000000000000e+00 2.966658174991607666e-01
1.000000000000000000e+00 2.748303711414337158e-01
1.000000000000000000e+00 2.799519896507263184e-01
0.000000000000000000e+00 2.826798558235168457e-01
0.000000000000000000e+00 2.274664491415023804e-01
0.000000000000000000e+00 1.193648874759674072e-01
0.000000000000000000e+00 9.965287894010543823e-02
0.000000000000000000e+00 1.141207069158554077e-01
0.000000000000000000e+00 1.028297394514083862e-01
0.000000000000000000e+00 1.584883183240890503e-01
0.000000000000000000e+00 1.836880743503570557e-01
0.000000000000000000e+00 1.692719906568527222e-01
0.000000000000000000e+00 2.252935320138931274e-01
0.000000000000000000e+00 2.107852101325988770e-01
0.000000000000000000e+00 2.580617070198059082e-01
0.000000000000000000e+00 2.969745397567749023e-01
0.000000000000000000e+00 3.157310485839843750e-01
0.000000000000000000e+00 3.624357283115386963e-01
0.000000000000000000e+00 3.922077417373657227e-01
0.000000000000000000e+00 3.589989542961120605e-01
0.000000000000000000e+00 3.436249494552612305e-01
0.000000000000000000e+00 1.988427788019180298e-01
1.000000000000000000e+00 1.986598968505859375e-01
0.000000000000000000e+00 1.234126389026641846e-01
0.000000000000000000e+00 1.605171263217926025e-01
0.000000000000000000e+00 1.052130907773971558e-01
0.000000000000000000e+00 1.681269556283950806e-01
0.000000000000000000e+00 2.215286642313003540e-01
0.000000000000000000e+00 2.743917107582092285e-01
0.000000000000000000e+00 2.499081194400787354e-01
0.000000000000000000e+00 2.273304462432861328e-01
0.000000000000000000e+00 2.781699001789093018e-01
0.000000000000000000e+00 2.886812388896942139e-01
0.000000000000000000e+00 2.929130494594573975e-01
0.000000000000000000e+00 3.412918150424957275e-01
0.000000000000000000e+00 3.264105618000030518e-01
0.000000000000000000e+00 4.112657904624938965e-01
0.000000000000000000e+00 3.568509817123413086e-01
0.000000000000000000e+00 3.652073740959167480e-01
0.000000000000000000e+00 3.053263127803802490e-01
0.000000000000000000e+00 2.945120036602020264e-01
0.000000000000000000e+00 2.647280693054199219e-01
0.000000000000000000e+00 2.871936261653900146e-01
0.000000000000000000e+00 3.158171772956848145e-01
0.000000000000000000e+00 3.869362771511077881e-01
0.000000000000000000e+00 2.647737264633178711e-01
0.000000000000000000e+00 3.813507258892059326e-01
1.000000000000000000e+00 2.945201992988586426e-01
0.000000000000000000e+00 3.853775262832641602e-01
0.000000000000000000e+00 4.024128913879394531e-01
0.000000000000000000e+00 4.048763811588287354e-01
1.000000000000000000e+00 4.486510455608367920e-01
1.000000000000000000e+00 4.613055586814880371e-01
1.000000000000000000e+00 5.123654603958129883e-01
1.000000000000000000e+00 5.128594040870666504e-01
1.000000000000000000e+00 5.587800145149230957e-01
1.000000000000000000e+00 6.805048584938049316e-01
1.000000000000000000e+00 7.008597254753112793e-01
1.000000000000000000e+00 7.823312878608703613e-01
1.000000000000000000e+00 8.209213614463806152e-01
1.000000000000000000e+00 8.666371107101440430e-01
0.000000000000000000e+00 9.059048295021057129e-01
0.000000000000000000e+00 9.198766350746154785e-01
0.000000000000000000e+00 9.397177100181579590e-01
1.000000000000000000e+00 9.556331634521484375e-01
0.000000000000000000e+00 9.737347364425659180e-01
0.000000000000000000e+00 9.744142889976501465e-01
0.000000000000000000e+00 9.638835191726684570e-01
1.000000000000000000e+00 9.572044014930725098e-01
0.000000000000000000e+00 9.150801301002502441e-01
0.000000000000000000e+00 8.072120547294616699e-01
0.000000000000000000e+00 7.168005704879760742e-01
0.000000000000000000e+00 5.673972964286804199e-01
0.000000000000000000e+00 4.618164598941802979e-01
0.000000000000000000e+00 3.286091685295104980e-01
0.000000000000000000e+00 3.629971742630004883e-01
0.000000000000000000e+00 4.783511161804199219e-01
0.000000000000000000e+00 4.613428413867950439e-01
0.000000000000000000e+00 3.047964572906494141e-01
1.000000000000000000e+00 1.185847595334053040e-01
1.000000000000000000e+00 7.768473029136657715e-02
1.000000000000000000e+00 2.280190400779247284e-02
1.000000000000000000e+00 1.335871778428554535e-02
0.000000000000000000e+00 1.941865868866443634e-02
0.000000000000000000e+00 4.846056923270225525e-02
0.000000000000000000e+00 9.313227981328964233e-02
0.000000000000000000e+00 5.995977297425270081e-02
0.000000000000000000e+00 6.854084134101867676e-02
0.000000000000000000e+00 4.603027924895286560e-02
0.000000000000000000e+00 3.089956194162368774e-02
0.000000000000000000e+00 3.069900535047054291e-02
0.000000000000000000e+00 2.583005838096141815e-02
0.000000000000000000e+00 3.722635284066200256e-02
0.000000000000000000e+00 4.119189083576202393e-02
0.000000000000000000e+00 5.358481779694557190e-02
0.000000000000000000e+00 5.331924185156822205e-02
0.000000000000000000e+00 3.886263445019721985e-02
0.000000000000000000e+00 4.350372776389122009e-02
0.000000000000000000e+00 4.051201790571212769e-02
0.000000000000000000e+00 4.512668401002883911e-02
0.000000000000000000e+00 5.881606042385101318e-02
0.000000000000000000e+00 8.798190206289291382e-02
0.000000000000000000e+00 8.344405144453048706e-02
0.000000000000000000e+00 1.236127987504005432e-01
0.000000000000000000e+00 1.479103267192840576e-01
0.000000000000000000e+00 1.540436595678329468e-01
0.000000000000000000e+00 1.255073547363281250e-01
0.000000000000000000e+00 1.414410173892974854e-01
0.000000000000000000e+00 1.539576351642608643e-01
0.000000000000000000e+00 1.645082235336303711e-01
0.000000000000000000e+00 1.847485452890396118e-01
0.000000000000000000e+00 2.284104526042938232e-01
0.000000000000000000e+00 2.117214351892471313e-01
0.000000000000000000e+00 1.821235865354537964e-01
0.000000000000000000e+00 2.146053463220596313e-01
0.000000000000000000e+00 2.164143025875091553e-01
0.000000000000000000e+00 2.958463430404663086e-01
0.000000000000000000e+00 2.368252277374267578e-01
0.000000000000000000e+00 3.317764699459075928e-01
0.000000000000000000e+00 3.327299356460571289e-01
0.000000000000000000e+00 3.822777569293975830e-01
1.000000000000000000e+00 3.797239661216735840e-01
1.000000000000000000e+00 4.235543906688690186e-01
0.000000000000000000e+00 4.265673458576202393e-01
0.000000000000000000e+00 4.375584125518798828e-01
0.000000000000000000e+00 4.218485951423645020e-01
1.000000000000000000e+00 4.498970806598663330e-01
1.000000000000000000e+00 3.507303297519683838e-01
0.000000000000000000e+00 4.118179082870483398e-01
0.000000000000000000e+00 3.184598088264465332e-01
0.000000000000000000e+00 3.104462325572967529e-01
0.000000000000000000e+00 3.590265810489654541e-01
0.000000000000000000e+00 3.157985508441925049e-01
1.000000000000000000e+00 3.647833764553070068e-01
0.000000000000000000e+00 2.935025393962860107e-01
0.000000000000000000e+00 2.194173038005828857e-01
0.000000000000000000e+00 2.057411819696426392e-01
0.000000000000000000e+00 1.904110461473464966e-01
1.000000000000000000e+00 1.432992368936538696e-01
0.000000000000000000e+00 1.640037000179290771e-01
0.000000000000000000e+00 1.603916436433792114e-01
0.000000000000000000e+00 1.653338670730590820e-01
0.000000000000000000e+00 1.639889180660247803e-01
1.000000000000000000e+00 1.966863721609115601e-01
1.000000000000000000e+00 1.863693743944168091e-01
0.000000000000000000e+00 2.258049547672271729e-01
0.000000000000000000e+00 1.952663660049438477e-01
0.000000000000000000e+00 1.944770514965057373e-01
0.000000000000000000e+00 1.834737658500671387e-01
0.000000000000000000e+00 1.896010041236877441e-01
1.000000000000000000e+00 1.957740634679794312e-01
0.000000000000000000e+00 2.086576372385025024e-01
0.000000000000000000e+00 1.707665026187896729e-01
0.000000000000000000e+00 1.678531616926193237e-01
0.000000000000000000e+00 1.550273895263671875e-01
0.000000000000000000e+00 1.361050009727478027e-01
0.000000000000000000e+00 1.128995940089225769e-01
0.000000000000000000e+00 1.128337755799293518e-01
0.000000000000000000e+00 1.189314872026443481e-01
0.000000000000000000e+00 1.283377856016159058e-01
0.000000000000000000e+00 1.576768159866333008e-01
0.000000000000000000e+00 1.169385984539985657e-01
0.000000000000000000e+00 1.528310924768447876e-01
0.000000000000000000e+00 1.427003890275955200e-01
0.000000000000000000e+00 1.372443586587905884e-01
0.000000000000000000e+00 1.231650486588478088e-01
0.000000000000000000e+00 1.190434619784355164e-01
0.000000000000000000e+00 1.140574738383293152e-01
0.000000000000000000e+00 1.252823024988174438e-01
0.000000000000000000e+00 1.227915212512016296e-01
0.000000000000000000e+00 1.247279942035675049e-01
0.000000000000000000e+00 1.245272681117057800e-01
0.000000000000000000e+00 1.198869124054908752e-01
0.000000000000000000e+00 1.149323657155036926e-01
0.000000000000000000e+00 1.000175923109054565e-01
0.000000000000000000e+00 9.095465391874313354e-02
0.000000000000000000e+00 1.015700846910476685e-01
0.000000000000000000e+00 1.061849221587181091e-01
0.000000000000000000e+00 1.191275939345359802e-01
0.000000000000000000e+00 1.174917221069335938e-01
0.000000000000000000e+00 1.347609013319015503e-01
0.000000000000000000e+00 2.047550529241561890e-01
0.000000000000000000e+00 1.759280562400817871e-01
0.000000000000000000e+00 1.942933350801467896e-01
0.000000000000000000e+00 1.425363570451736450e-01
0.000000000000000000e+00 1.815908998250961304e-01
0.000000000000000000e+00 2.043888121843338013e-01
0.000000000000000000e+00 1.973760575056076050e-01
0.000000000000000000e+00 2.565607428550720215e-01
0.000000000000000000e+00 3.112010061740875244e-01
0.000000000000000000e+00 3.469547927379608154e-01
0.000000000000000000e+00 4.236542284488677979e-01
0.000000000000000000e+00 3.707197010517120361e-01
0.000000000000000000e+00 4.625161886215209961e-01
0.000000000000000000e+00 5.255465507507324219e-01
1.000000000000000000e+00 4.834409356117248535e-01
1.000000000000000000e+00 3.378708660602569580e-01
1.000000000000000000e+00 3.388609290122985840e-01
1.000000000000000000e+00 3.153658211231231689e-01
1.000000000000000000e+00 4.199974238872528076e-01
0.000000000000000000e+00 3.747563660144805908e-01
0.000000000000000000e+00 4.600551128387451172e-01
0.000000000000000000e+00 5.677844882011413574e-01
0.000000000000000000e+00 6.406509280204772949e-01
0.000000000000000000e+00 6.782166361808776855e-01
0.000000000000000000e+00 7.321102619171142578e-01
0.000000000000000000e+00 7.649359107017517090e-01
0.000000000000000000e+00 8.157119750976562500e-01
0.000000000000000000e+00 8.222270607948303223e-01
0.000000000000000000e+00 7.578759789466857910e-01
0.000000000000000000e+00 7.007188200950622559e-01
0.000000000000000000e+00 4.435468316078186035e-01
1.000000000000000000e+00 3.551449477672576904e-01
1.000000000000000000e+00 2.369352430105209351e-01
1.000000000000000000e+00 2.812372744083404541e-01
0.000000000000000000e+00 2.999761104583740234e-01
0.000000000000000000e+00 4.173215925693511963e-01
0.000000000000000000e+00 4.301725029945373535e-01
1.000000000000000000e+00 4.965540170669555664e-01
1.000000000000000000e+00 5.491005778312683105e-01
0.000000000000000000e+00 5.680124163627624512e-01
0.000000000000000000e+00 5.742628574371337891e-01
0.000000000000000000e+00 6.977857947349548340e-01
0.000000000000000000e+00 6.396634578704833984e-01
0.000000000000000000e+00 5.641146898269653320e-01
0.000000000000000000e+00 5.089455842971801758e-01
0.000000000000000000e+00 4.192301630973815918e-01
0.000000000000000000e+00 6.034820675849914551e-01
0.000000000000000000e+00 7.076003551483154297e-01
0.000000000000000000e+00 8.277886509895324707e-01
0.000000000000000000e+00 8.139192461967468262e-01
1.000000000000000000e+00 7.969490885734558105e-01
1.000000000000000000e+00 7.824423313140869141e-01
1.000000000000000000e+00 7.361229062080383301e-01
1.000000000000000000e+00 6.578502655029296875e-01
0.000000000000000000e+00 5.881032347679138184e-01
0.000000000000000000e+00 4.314838051795959473e-01
0.000000000000000000e+00 3.756507039070129395e-01
0.000000000000000000e+00 5.925263166427612305e-01
0.000000000000000000e+00 6.186597943305969238e-01
0.000000000000000000e+00 6.720213294029235840e-01
0.000000000000000000e+00 7.580868601799011230e-01
0.000000000000000000e+00 7.777795195579528809e-01
0.000000000000000000e+00 8.230053782463073730e-01
0.000000000000000000e+00 8.487026095390319824e-01
0.000000000000000000e+00 8.476868271827697754e-01
0.000000000000000000e+00 8.417556881904602051e-01
0.000000000000000000e+00 8.256754875183105469e-01
0.000000000000000000e+00 8.582153320312500000e-01
0.000000000000000000e+00 8.495789170265197754e-01
0.000000000000000000e+00 8.343718647956848145e-01
0.000000000000000000e+00 8.212182521820068359e-01
0.000000000000000000e+00 8.322535157203674316e-01
0.000000000000000000e+00 7.920451760292053223e-01
0.000000000000000000e+00 7.572865486145019531e-01
0.000000000000000000e+00 7.159835696220397949e-01
0.000000000000000000e+00 2.393206506967544556e-01
0.000000000000000000e+00 2.871696650981903076e-01
0.000000000000000000e+00 3.118495345115661621e-01
1.000000000000000000e+00 3.545965552330017090e-01
1.000000000000000000e+00 3.397718369960784912e-01
0.000000000000000000e+00 5.052376389503479004e-01
0.000000000000000000e+00 4.585546553134918213e-01
0.000000000000000000e+00 5.320809483528137207e-01
0.000000000000000000e+00 5.376536250114440918e-01
0.000000000000000000e+00 5.588731765747070312e-01
0.000000000000000000e+00 6.123429536819458008e-01
0.000000000000000000e+00 6.312919855117797852e-01
0.000000000000000000e+00 6.256095170974731445e-01
0.000000000000000000e+00 6.513278484344482422e-01
1.000000000000000000e+00 5.391140580177307129e-01
1.000000000000000000e+00 6.084476113319396973e-01
1.000000000000000000e+00 5.553454756736755371e-01
1.000000000000000000e+00 5.640423893928527832e-01
0.000000000000000000e+00 6.230465173721313477e-01
0.000000000000000000e+00 5.188423991203308105e-01
0.000000000000000000e+00 5.243177413940429688e-01
0.000000000000000000e+00 6.272929906845092773e-01
0.000000000000000000e+00 6.015352010726928711e-01
0.000000000000000000e+00 6.890653371810913086e-01
0.000000000000000000e+00 7.849678397178649902e-01
0.000000000000000000e+00 8.096858263015747070e-01
0.000000000000000000e+00 7.329677939414978027e-01
0.000000000000000000e+00 7.678379416465759277e-01
0.000000000000000000e+00 7.369939684867858887e-01
0.000000000000000000e+00 6.001619696617126465e-01
0.000000000000000000e+00 6.007761359214782715e-01
0.000000000000000000e+00 6.039282083511352539e-01
1.000000000000000000e+00 5.219788551330566406e-01
0.000000000000000000e+00 5.420471429824829102e-01
0.000000000000000000e+00 4.591566324234008789e-01
0.000000000000000000e+00 5.070155262947082520e-01
0.000000000000000000e+00 3.936339020729064941e-01
1.000000000000000000e+00 4.142940938472747803e-01
0.000000000000000000e+00 4.674858450889587402e-01
0.000000000000000000e+00 5.412535667419433594e-01
0.000000000000000000e+00 4.553708136081695557e-01
0.000000000000000000e+00 4.025538265705108643e-01
0.000000000000000000e+00 3.327386379241943359e-01
0.000000000000000000e+00 3.497986197471618652e-01
0.000000000000000000e+00 3.880357742309570312e-01
0.000000000000000000e+00 4.555929899215698242e-01
0.000000000000000000e+00 4.809673428535461426e-01
0.000000000000000000e+00 4.910899400711059570e-01
0.000000000000000000e+00 4.787858724594116211e-01
0.000000000000000000e+00 4.877656996250152588e-01
0.000000000000000000e+00 3.932318389415740967e-01
0.000000000000000000e+00 3.670334219932556152e-01
0.000000000000000000e+00 3.755022883415222168e-01
0.000000000000000000e+00 3.060581088066101074e-01
0.000000000000000000e+00 3.036546707153320312e-01
0.000000000000000000e+00 2.258588671684265137e-01
0.000000000000000000e+00 2.679407000541687012e-01
0.000000000000000000e+00 2.284618467092514038e-01
0.000000000000000000e+00 2.584600746631622314e-01
0.000000000000000000e+00 2.408168911933898926e-01
0.000000000000000000e+00 2.283492535352706909e-01
1.000000000000000000e+00 2.523291110992431641e-01
0.000000000000000000e+00 2.417939901351928711e-01
0.000000000000000000e+00 2.763139903545379639e-01
0.000000000000000000e+00 2.767323851585388184e-01
0.000000000000000000e+00 2.778344452381134033e-01
0.000000000000000000e+00 3.563353121280670166e-01
0.000000000000000000e+00 3.043614625930786133e-01
0.000000000000000000e+00 3.891353905200958252e-01
0.000000000000000000e+00 4.283260405063629150e-01
0.000000000000000000e+00 4.189548790454864502e-01
0.000000000000000000e+00 4.520499110221862793e-01
0.000000000000000000e+00 3.597084879875183105e-01
0.000000000000000000e+00 3.224508464336395264e-01
0.000000000000000000e+00 3.439716696739196777e-01
