0.000000000000000000e+00 3.944836854934692383e-01
0.000000000000000000e+00 3.709389269351959229e-01
0.000000000000000000e+00 2.752050459384918213e-01
0.000000000000000000e+00 1.508716791868209839e-01
0.000000000000000000e+00 6.094737723469734192e-02
0.000000000000000000e+00 9.915631264448165894e-03
0.000000000000000000e+00 1.251331064850091934e-02
0.000000000000000000e+00 2.277383813634514809e-03
0.000000000000000000e+00 2.460985677316784859e-03
0.000000000000000000e+00 8.739195764064788818e-04
0.000000000000000000e+00 1.269216299988329411e-03
0.000000000000000000e+00 1.523262704722583294e-03
0.000000000000000000e+00 8.983351290225982666e-04
0.000000000000000000e+00 7.797546568326652050e-04
0.000000000000000000e+00 6.492339889518916607e-04
0.000000000000000000e+00 8.152941591106355190e-04
0.000000000000000000e+00 1.436912105418741703e-03
0.000000000000000000e+00 1.744394656270742416e-03
0.000000000000000000e+00 4.801822826266288757e-03
0.000000000000000000e+00 1.204143557697534561e-02
0.000000000000000000e+00 5.370298400521278381e-02
0.000000000000000000e+00 1.101310923695564270e-01
0.000000000000000000e+00 1.543198078870773315e-01
0.000000000000000000e+00 2.173294275999069214e-01
0.000000000000000000e+00 1.502416133880615234e-01
0.000000000000000000e+00 3.405334055423736572e-01
0.000000000000000000e+00 5.917815566062927246e-01
0.000000000000000000e+00 7.200156450271606445e-01
0.000000000000000000e+00 7.090569734573364258e-01
0.000000000000000000e+00 7.069115638732910156e-01
0.000000000000000000e+00 6.990802884101867676e-01
0.000000000000000000e+00 6.986119747161865234e-01
1.000000000000000000e+00 7.078107595443725586e-01
1.000000000000000000e+00 7.002763152122497559e-01
0.000000000000000000e+00 6.717771291732788086e-01
0.000000000000000000e+00 6.615905165672302246e-01
0.000000000000000000e+00 6.452556848526000977e-01
0.000000000000000000e+00 6.366968154907226562e-01
0.000000000000000000e+00 6.270648837089538574e-01
0.000000000000000000e+00 6.280825734138488770e-01
0.000000000000000000e+00 6.194904446601867676e-01
0.000000000000000000e+00 6.330263018608093262e-01
0.000000000000000000e+00 6.278498768806457520e-01
0.000000000000000000e+00 6.206903457641601562e-01
0.000000000000000000e+00 6.120969653129577637e-01
0.000000000000000000e+00 6.159554719924926758e-01
0.000000000000000000e+00 6.036893129348754883e-01
0.000000000000000000e+00 6.120901703834533691e-01
0.000000000000000000e+00 6.030492782592773438e-01
0.000000000000000000e+00 5.986644029617309570e-01
0.000000000000000000e+00 5.796839594841003418e-01
0.000000000000000000e+00 5.782365798950195312e-01
0.000000000000000000e+00 5.765953660011291504e-01
0.000000000000000000e+00 5.823048353195190430e-01
0.000000000000000000e+00 5.762933492660522461e-01
0.000000000000000000e+00 5.768659114837646484e-01
0.000000000000000000e+00 5.820241570472717285e-01
0.000000000000000000e+00 5.852165818214416504e-01
0.000000000000000000e+00 5.823749303817749023e-01
0.000000000000000000e+00 5.884540677070617676e-01
0.000000000000000000e+00 5.795366168022155762e-01
0.000000000000000000e+00 5.912227034568786621e-01
0.000000000000000000e+00 5.814405083656311035e-01
0.000000000000000000e+00 5.828123688697814941e-01
0.000000000000000000e+00 5.718498229980468750e-01
0.000000000000000000e+00 5.922420620918273926e-01
0.000000000000000000e+00 6.073694825172424316e-01
0.000000000000000000e+00 6.251708269119262695e-01
0.000000000000000000e+00 6.255098581314086914e-01
0.000000000000000000e+00 6.362946629524230957e-01
0.000000000000000000e+00 6.221487522125244141e-01
0.000000000000000000e+00 6.367353796958923340e-01
0.000000000000000000e+00 6.264106035232543945e-01
0.000000000000000000e+00 6.267666220664978027e-01
0.000000000000000000e+00 6.177751421928405762e-01
0.000000000000000000e+00 3.920449614524841309e-01
0.000000000000000000e+00 3.200708031654357910e-01
0.000000000000000000e+00 2.479837536811828613e-01
0.000000000000000000e+00 1.477816700935363770e-01
0.000000000000000000e+00 1.404140144586563110e-01
0.000000000000000000e+00 6.088624149560928345e-02
0.000000000000000000e+00 5.637770146131515503e-02
0.000000000000000000e+00 2.224841341376304626e-02
0.000000000000000000e+00 1.314275152981281281e-02
0.000000000000000000e+00 5.721689667552709579e-03
0.000000000000000000e+00 5.127300973981618881e-03
0.000000000000000000e+00 3.486940171569585800e-03
0.000000000000000000e+00 1.159293227829039097e-03
0.000000000000000000e+00 5.936883389949798584e-04
0.000000000000000000e+00 5.587203195318579674e-04
0.000000000000000000e+00 5.744255613535642624e-04
0.000000000000000000e+00 1.187066198326647282e-03
0.000000000000000000e+00 1.151364995166659355e-03
0.000000000000000000e+00 2.780824434012174606e-03
0.000000000000000000e+00 1.016314141452312469e-02
0.000000000000000000e+00 6.657149642705917358e-02
0.000000000000000000e+00 1.889137327671051025e-01
0.000000000000000000e+00 3.081382215023040771e-01
0.000000000000000000e+00 3.043059706687927246e-01
0.000000000000000000e+00 2.282287478446960449e-01
0.000000000000000000e+00 1.655443310737609863e-01
0.000000000000000000e+00 1.336101740598678589e-01
0.000000000000000000e+00 7.175617665052413940e-02
0.000000000000000000e+00 4.896025359630584717e-02
0.000000000000000000e+00 1.325515955686569214e-01
0.000000000000000000e+00 1.240053102374076843e-01
0.000000000000000000e+00 1.218650639057159424e-01
0.000000000000000000e+00 1.208841577172279358e-01
0.000000000000000000e+00 1.473522335290908813e-01
0.000000000000000000e+00 1.289352625608444214e-01
0.000000000000000000e+00 7.896704226732254028e-02
0.000000000000000000e+00 1.221133098006248474e-01
0.000000000000000000e+00 6.824000924825668335e-02
0.000000000000000000e+00 5.698363855481147766e-02
0.000000000000000000e+00 7.173074036836624146e-02
0.000000000000000000e+00 1.033690348267555237e-01
0.000000000000000000e+00 8.358208090066909790e-02
0.000000000000000000e+00 7.184748351573944092e-02
0.000000000000000000e+00 1.107968762516975403e-01
0.000000000000000000e+00 1.129979640245437622e-01
0.000000000000000000e+00 1.739421486854553223e-01
0.000000000000000000e+00 1.307285130023956299e-01
0.000000000000000000e+00 1.172220632433891296e-01
0.000000000000000000e+00 2.593671083450317383e-01
0.000000000000000000e+00 2.610888183116912842e-01
0.000000000000000000e+00 3.879677057266235352e-01
0.000000000000000000e+00 6.529921889305114746e-01
0.000000000000000000e+00 5.714663267135620117e-01
0.000000000000000000e+00 5.423278808593750000e-01
0.000000000000000000e+00 5.575057864189147949e-01
1.000000000000000000e+00 5.697248578071594238e-01
1.000000000000000000e+00 7.173451185226440430e-01
0.000000000000000000e+00 7.370413541793823242e-01
0.000000000000000000e+00 7.484560608863830566e-01
0.000000000000000000e+00 7.510147690773010254e-01
0.000000000000000000e+00 7.419694066047668457e-01
0.000000000000000000e+00 7.238187193870544434e-01
0.000000000000000000e+00 6.962335109710693359e-01
0.000000000000000000e+00 6.910225152969360352e-01
0.000000000000000000e+00 6.616931557655334473e-01
0.000000000000000000e+00 6.582694649696350098e-01
0.000000000000000000e+00 6.552575230598449707e-01
0.000000000000000000e+00 6.237549185752868652e-01
0.000000000000000000e+00 5.745964050292968750e-01
0.000000000000000000e+00 5.533988475799560547e-01
0.000000000000000000e+00 5.189022421836853027e-01
0.000000000000000000e+00 4.723923802375793457e-01
0.000000000000000000e+00 4.564249217510223389e-01
0.000000000000000000e+00 4.434447884559631348e-01
0.000000000000000000e+00 3.962767422199249268e-01
0.000000000000000000e+00 1.617518216371536255e-01
0.000000000000000000e+00 1.350400745868682861e-01
0.000000000000000000e+00 7.174962013959884644e-02
0.000000000000000000e+00 1.676067151129245758e-02
0.000000000000000000e+00 3.187106922268867493e-03
0.000000000000000000e+00 8.904524147510528564e-04
0.000000000000000000e+00 9.686964913271367550e-04
0.000000000000000000e+00 4.360046586953103542e-04
0.000000000000000000e+00 1.724426983855664730e-03
0.000000000000000000e+00 2.831446938216686249e-03
0.000000000000000000e+00 8.423016406595706940e-03
0.000000000000000000e+00 6.455768831074237823e-03
0.000000000000000000e+00 1.250314526259899139e-02
0.000000000000000000e+00 6.245439127087593079e-02
0.000000000000000000e+00 1.210360378026962280e-01
0.000000000000000000e+00 1.719440370798110962e-01
0.000000000000000000e+00 1.645900160074234009e-01
0.000000000000000000e+00 1.267364025115966797e-01
0.000000000000000000e+00 5.821545794606208801e-02
0.000000000000000000e+00 2.961174771189689636e-02
0.000000000000000000e+00 2.233788743615150452e-02
0.000000000000000000e+00 7.838781923055648804e-03
0.000000000000000000e+00 8.294837549328804016e-03
0.000000000000000000e+00 7.863292470574378967e-03
0.000000000000000000e+00 9.467299096286296844e-03
0.000000000000000000e+00 1.964465528726577759e-02
0.000000000000000000e+00 9.980397671461105347e-02
0.000000000000000000e+00 8.846376091241836548e-02
0.000000000000000000e+00 1.121261566877365112e-01
0.000000000000000000e+00 9.343992173671722412e-02
0.000000000000000000e+00 9.451686590909957886e-02
0.000000000000000000e+00 1.636952459812164307e-01
0.000000000000000000e+00 8.037155121564865112e-02
0.000000000000000000e+00 8.956341445446014404e-02
0.000000000000000000e+00 9.762969613075256348e-02
0.000000000000000000e+00 1.045435741543769836e-01
0.000000000000000000e+00 1.552339494228363037e-01
0.000000000000000000e+00 2.847647368907928467e-01
0.000000000000000000e+00 5.401611924171447754e-01
0.000000000000000000e+00 4.373623430728912354e-01
0.000000000000000000e+00 3.726538419723510742e-01
0.000000000000000000e+00 2.481625229120254517e-01
0.000000000000000000e+00 3.597758114337921143e-01
0.000000000000000000e+00 5.259415507316589355e-01
0.000000000000000000e+00 6.069740056991577148e-01
0.000000000000000000e+00 6.579980850219726562e-01
0.000000000000000000e+00 5.690770149230957031e-01
0.000000000000000000e+00 3.171808421611785889e-01
0.000000000000000000e+00 2.128508538007736206e-01
0.000000000000000000e+00 2.158435583114624023e-01
0.000000000000000000e+00 1.040127575397491455e-01
0.000000000000000000e+00 1.274844408035278320e-01
0.000000000000000000e+00 1.265174895524978638e-01
0.000000000000000000e+00 1.101408451795578003e-01
0.000000000000000000e+00 1.687617003917694092e-01
0.000000000000000000e+00 2.380254417657852173e-01
0.000000000000000000e+00 5.606455802917480469e-01
0.000000000000000000e+00 8.392132520675659180e-01
0.000000000000000000e+00 8.190893530845642090e-01
0.000000000000000000e+00 7.878147363662719727e-01
0.000000000000000000e+00 6.173830628395080566e-01
0.000000000000000000e+00 5.773421525955200195e-01
0.000000000000000000e+00 4.054299592971801758e-01
0.000000000000000000e+00 5.915012359619140625e-01
0.000000000000000000e+00 6.587235331535339355e-01
0.000000000000000000e+00 5.906211733818054199e-01
0.000000000000000000e+00 4.851928651332855225e-01
0.000000000000000000e+00 4.460161626338958740e-01
0.000000000000000000e+00 4.176138639450073242e-01
0.000000000000000000e+00 4.132233858108520508e-01
0.000000000000000000e+00 3.950843811035156250e-01
0.000000000000000000e+00 3.874427378177642822e-01
0.000000000000000000e+00 3.880025744438171387e-01
0.000000000000000000e+00 3.932616710662841797e-01
0.000000000000000000e+00 4.206434488296508789e-01
0.000000000000000000e+00 6.311045885086059570e-01
0.000000000000000000e+00 5.223082304000854492e-01
0.000000000000000000e+00 3.096360862255096436e-01
0.000000000000000000e+00 2.635927796363830566e-01
0.000000000000000000e+00 1.858288943767547607e-01
0.000000000000000000e+00 4.319373145699501038e-02
0.000000000000000000e+00 1.734429039061069489e-02
0.000000000000000000e+00 8.135202340781688690e-03
0.000000000000000000e+00 5.154707934707403183e-03
0.000000000000000000e+00 1.794025767594575882e-03
0.000000000000000000e+00 1.567413448356091976e-03
0.000000000000000000e+00 5.746900569647550583e-04
0.000000000000000000e+00 3.958501911256462336e-04
0.000000000000000000e+00 1.527095009805634618e-04
0.000000000000000000e+00 3.800566628342494369e-05
0.000000000000000000e+00 6.076290083001367748e-05
0.000000000000000000e+00 1.843814425228629261e-05
0.000000000000000000e+00 1.762004103511571884e-05
0.000000000000000000e+00 1.748135764501057565e-05
0.000000000000000000e+00 2.505288102838676423e-05
0.000000000000000000e+00 2.012838740483857691e-05
0.000000000000000000e+00 4.224556323606520891e-05
0.000000000000000000e+00 4.327217902755364776e-05
0.000000000000000000e+00 8.846954733598977327e-05
0.000000000000000000e+00 6.052925891708582640e-05
0.000000000000000000e+00 7.122632814571261406e-05
0.000000000000000000e+00 9.755098290042951703e-05
0.000000000000000000e+00 1.775000710040330887e-04
0.000000000000000000e+00 4.312593082431703806e-04
0.000000000000000000e+00 9.802911663427948952e-04
0.000000000000000000e+00 1.421051798388361931e-03
0.000000000000000000e+00 1.007177517749369144e-03
0.000000000000000000e+00 2.404139377176761627e-03
0.000000000000000000e+00 4.151241388171911240e-03
0.000000000000000000e+00 3.635074710473418236e-03
0.000000000000000000e+00 6.658297963440418243e-03
0.000000000000000000e+00 1.095920987427234650e-02
0.000000000000000000e+00 1.089761871844530106e-02
0.000000000000000000e+00 8.330628275871276855e-03
0.000000000000000000e+00 3.633782267570495605e-02
0.000000000000000000e+00 4.596050083637237549e-02
0.000000000000000000e+00 5.792396515607833862e-02
0.000000000000000000e+00 3.174331039190292358e-02
0.000000000000000000e+00 4.406283423304557800e-02
0.000000000000000000e+00 7.079558819532394409e-02
0.000000000000000000e+00 2.243559956550598145e-01
0.000000000000000000e+00 3.002937436103820801e-01
0.000000000000000000e+00 4.223072528839111328e-01
0.000000000000000000e+00 6.166332364082336426e-01
0.000000000000000000e+00 6.667605638504028320e-01
0.000000000000000000e+00 6.524614691734313965e-01
0.000000000000000000e+00 6.335595846176147461e-01
0.000000000000000000e+00 6.350425481796264648e-01
0.000000000000000000e+00 6.361450552940368652e-01
1.000000000000000000e+00 6.458442211151123047e-01
1.000000000000000000e+00 6.538176536560058594e-01
1.000000000000000000e+00 6.514756679534912109e-01
0.000000000000000000e+00 6.381561756134033203e-01
0.000000000000000000e+00 6.201772689819335938e-01
0.000000000000000000e+00 6.067905426025390625e-01
0.000000000000000000e+00 5.914410352706909180e-01
0.000000000000000000e+00 5.818995833396911621e-01
0.000000000000000000e+00 5.736249685287475586e-01
0.000000000000000000e+00 5.845718383789062500e-01
0.000000000000000000e+00 5.940830707550048828e-01
0.000000000000000000e+00 5.969288945198059082e-01
0.000000000000000000e+00 5.914226174354553223e-01
0.000000000000000000e+00 5.837116837501525879e-01
0.000000000000000000e+00 5.861066579818725586e-01
0.000000000000000000e+00 5.926755070686340332e-01
0.000000000000000000e+00 5.936534404754638672e-01
0.000000000000000000e+00 5.890223383903503418e-01
0.000000000000000000e+00 6.014369726181030273e-01
0.000000000000000000e+00 6.023162007331848145e-01
0.000000000000000000e+00 5.530281662940979004e-01
1.000000000000000000e+00 5.351641178131103516e-01
1.000000000000000000e+00 5.245912075042724609e-01
1.000000000000000000e+00 5.042161941528320312e-01
1.000000000000000000e+00 5.151301026344299316e-01
1.000000000000000000e+00 3.827303946018218994e-01
1.000000000000000000e+00 3.635515868663787842e-01
0.000000000000000000e+00 2.846706509590148926e-01
0.000000000000000000e+00 8.714351058006286621e-02
0.000000000000000000e+00 5.889735370874404907e-02
0.000000000000000000e+00 4.178090766072273254e-02
0.000000000000000000e+00 3.554036095738410950e-02
0.000000000000000000e+00 1.960247009992599487e-02
0.000000000000000000e+00 1.114900130778551102e-02
0.000000000000000000e+00 5.770118907094001770e-03
0.000000000000000000e+00 3.167786868289113045e-03
0.000000000000000000e+00 1.557854237034916878e-03
0.000000000000000000e+00 1.535883056931197643e-03
0.000000000000000000e+00 5.399104557000100613e-04
0.000000000000000000e+00 4.166871076449751854e-04
0.000000000000000000e+00 4.174005007371306419e-04
0.000000000000000000e+00 3.788919420912861824e-04
0.000000000000000000e+00 3.245367261115461588e-04
0.000000000000000000e+00 3.032537060789763927e-04
0.000000000000000000e+00 3.435992693994194269e-04
0.000000000000000000e+00 4.231212951708585024e-04
0.000000000000000000e+00 5.763161461800336838e-04
0.000000000000000000e+00 6.476534181274473667e-04
0.000000000000000000e+00 5.026180879212915897e-04
0.000000000000000000e+00 8.428808068856596947e-04
0.000000000000000000e+00 7.413903367705643177e-04
0.000000000000000000e+00 6.751109613105654716e-04
0.000000000000000000e+00 5.806260742247104645e-04
0.000000000000000000e+00 6.362235872074961662e-04
0.000000000000000000e+00 5.746410461142659187e-04
0.000000000000000000e+00 6.663205567747354507e-04
0.000000000000000000e+00 8.071358897723257542e-04
0.000000000000000000e+00 8.950364426709711552e-04
0.000000000000000000e+00 2.015671227127313614e-03
0.000000000000000000e+00 2.540697576478123665e-03
0.000000000000000000e+00 2.239302499219775200e-03
0.000000000000000000e+00 3.034697379916906357e-03
0.000000000000000000e+00 1.431881915777921677e-03
0.000000000000000000e+00 2.343312837183475494e-03
0.000000000000000000e+00 3.400121815502643585e-03
0.000000000000000000e+00 3.196083009243011475e-03
0.000000000000000000e+00 4.609791096299886703e-03
0.000000000000000000e+00 5.636200308799743652e-03
0.000000000000000000e+00 1.008908636868000031e-02
0.000000000000000000e+00 2.027060836553573608e-02
0.000000000000000000e+00 3.874548524618148804e-02
0.000000000000000000e+00 7.229419052600860596e-02
0.000000000000000000e+00 9.957535564899444580e-02
0.000000000000000000e+00 1.827991008758544922e-01
0.000000000000000000e+00 2.364481687545776367e-01
0.000000000000000000e+00 5.316830873489379883e-01
0.000000000000000000e+00 7.458046078681945801e-01
0.000000000000000000e+00 7.741537690162658691e-01
0.000000000000000000e+00 7.776603102684020996e-01
0.000000000000000000e+00 7.740962505340576172e-01
0.000000000000000000e+00 7.738528847694396973e-01
0.000000000000000000e+00 7.665232419967651367e-01
0.000000000000000000e+00 7.609608173370361328e-01
0.000000000000000000e+00 7.606260776519775391e-01
0.000000000000000000e+00 7.518456578254699707e-01
0.000000000000000000e+00 7.428403496742248535e-01
0.000000000000000000e+00 7.272068858146667480e-01
0.000000000000000000e+00 7.042827606201171875e-01
0.000000000000000000e+00 6.837884187698364258e-01
0.000000000000000000e+00 6.525540947914123535e-01
0.000000000000000000e+00 6.485633850097656250e-01
0.000000000000000000e+00 6.387252807617187500e-01
0.000000000000000000e+00 6.276891827583312988e-01
0.000000000000000000e+00 6.069707870483398438e-01
0.000000000000000000e+00 5.976045727729797363e-01
0.000000000000000000e+00 5.716720819473266602e-01
0.000000000000000000e+00 6.895212531089782715e-01
0.000000000000000000e+00 6.908341050148010254e-01
1.000000000000000000e+00 6.992829442024230957e-01
0.000000000000000000e+00 6.832566261291503906e-01
0.000000000000000000e+00 7.418140769004821777e-01
0.000000000000000000e+00 7.058551907539367676e-01
0.000000000000000000e+00 7.295568585395812988e-01
0.000000000000000000e+00 6.129688024520874023e-01
0.000000000000000000e+00 4.604814350605010986e-01
0.000000000000000000e+00 3.341471552848815918e-01
0.000000000000000000e+00 1.917906552553176880e-01
0.000000000000000000e+00 1.460280716419219971e-01
0.000000000000000000e+00 5.685226619243621826e-02
0.000000000000000000e+00 2.910101972520351410e-02
0.000000000000000000e+00 3.116596862673759460e-02
0.000000000000000000e+00 7.690445519983768463e-03
0.000000000000000000e+00 4.483820870518684387e-03
0.000000000000000000e+00 6.430710200220346451e-03
0.000000000000000000e+00 1.696900697425007820e-03
0.000000000000000000e+00 2.638582838699221611e-03
0.000000000000000000e+00 9.780531981959939003e-04
0.000000000000000000e+00 1.204935251735150814e-03
0.000000000000000000e+00 1.092489692382514477e-03
0.000000000000000000e+00 1.275739865377545357e-03
0.000000000000000000e+00 1.097039319574832916e-03
0.000000000000000000e+00 8.593233651481568813e-04
0.000000000000000000e+00 8.566827164031565189e-04
0.000000000000000000e+00 7.821128820069134235e-04
0.000000000000000000e+00 1.382934977300465107e-03
0.000000000000000000e+00 2.005350543186068535e-03
0.000000000000000000e+00 2.342021325603127480e-03
0.000000000000000000e+00 2.768339356407523155e-03
0.000000000000000000e+00 4.785742145031690598e-03
0.000000000000000000e+00 4.938362631946802139e-03
0.000000000000000000e+00 8.628488518297672272e-03
0.000000000000000000e+00 8.634715341031551361e-03
0.000000000000000000e+00 1.217352505773305893e-02
0.000000000000000000e+00 1.234068535268306732e-02
0.000000000000000000e+00 1.330811250954866409e-02
0.000000000000000000e+00 2.356085740029811859e-02
0.000000000000000000e+00 2.868851833045482635e-02
0.000000000000000000e+00 3.312128037214279175e-02
0.000000000000000000e+00 3.184559941291809082e-02
0.000000000000000000e+00 2.801168896257877350e-02
0.000000000000000000e+00 3.076083213090896606e-02
0.000000000000000000e+00 4.852037504315376282e-02
0.000000000000000000e+00 5.667464807629585266e-02
0.000000000000000000e+00 8.742294460535049438e-02
0.000000000000000000e+00 1.425459533929824829e-01
0.000000000000000000e+00 1.537705361843109131e-01
0.000000000000000000e+00 1.889561563730239868e-01
0.000000000000000000e+00 2.851200699806213379e-01
1.000000000000000000e+00 4.475936293601989746e-01
1.000000000000000000e+00 4.733141958713531494e-01
1.000000000000000000e+00 5.865707993507385254e-01
1.000000000000000000e+00 5.993612408638000488e-01
1.000000000000000000e+00 6.000644564628601074e-01
1.000000000000000000e+00 5.829113125801086426e-01
1.000000000000000000e+00 5.634286999702453613e-01
0.000000000000000000e+00 5.247728824615478516e-01
0.000000000000000000e+00 5.128405094146728516e-01
0.000000000000000000e+00 4.914506673812866211e-01
0.000000000000000000e+00 4.740006327629089355e-01
0.000000000000000000e+00 4.696770012378692627e-01
0.000000000000000000e+00 4.533943533897399902e-01
0.000000000000000000e+00 4.305362403392791748e-01
0.000000000000000000e+00 4.033326804637908936e-01
0.000000000000000000e+00 3.968938887119293213e-01
0.000000000000000000e+00 3.801153600215911865e-01
0.000000000000000000e+00 3.666707277297973633e-01
0.000000000000000000e+00 3.558993339538574219e-01
1.000000000000000000e+00 3.492514491081237793e-01
0.000000000000000000e+00 3.445835411548614502e-01
0.000000000000000000e+00 3.594762384891510010e-01
0.000000000000000000e+00 3.623284101486206055e-01
0.000000000000000000e+00 7.343339323997497559e-01
0.000000000000000000e+00 7.454128861427307129e-01
0.000000000000000000e+00 7.476381063461303711e-01
0.000000000000000000e+00 7.296301722526550293e-01
0.000000000000000000e+00 7.587542533874511719e-01
0.000000000000000000e+00 7.616066336631774902e-01
0.000000000000000000e+00 7.658468484878540039e-01
0.000000000000000000e+00 7.606545686721801758e-01
0.000000000000000000e+00 7.681674361228942871e-01
0.000000000000000000e+00 7.587867975234985352e-01
0.000000000000000000e+00 7.600650787353515625e-01
0.000000000000000000e+00 7.467133998870849609e-01
0.000000000000000000e+00 7.532327175140380859e-01
0.000000000000000000e+00 7.590841054916381836e-01
0.000000000000000000e+00 7.582720518112182617e-01
0.000000000000000000e+00 7.555229663848876953e-01
0.000000000000000000e+00 7.532053589820861816e-01
0.000000000000000000e+00 7.393925189971923828e-01
0.000000000000000000e+00 7.521533966064453125e-01
0.000000000000000000e+00 7.542652487754821777e-01
0.000000000000000000e+00 7.503393888473510742e-01
0.000000000000000000e+00 7.471333742141723633e-01
0.000000000000000000e+00 7.588508725166320801e-01
0.000000000000000000e+00 7.441962361335754395e-01
0.000000000000000000e+00 7.443968653678894043e-01
0.000000000000000000e+00 7.339227795600891113e-01
0.000000000000000000e+00 7.316725254058837891e-01
0.000000000000000000e+00 7.227572202682495117e-01
0.000000000000000000e+00 7.168922424316406250e-01
0.000000000000000000e+00 7.322557568550109863e-01
0.000000000000000000e+00 7.284530997276306152e-01
0.000000000000000000e+00 7.052932381629943848e-01
0.000000000000000000e+00 7.234438061714172363e-01
0.000000000000000000e+00 7.203896641731262207e-01
0.000000000000000000e+00 7.165370583534240723e-01
0.000000000000000000e+00 7.189425230026245117e-01
0.000000000000000000e+00 7.014837861061096191e-01
0.000000000000000000e+00 7.173784971237182617e-01
0.000000000000000000e+00 7.084276080131530762e-01
0.000000000000000000e+00 7.165209054946899414e-01
0.000000000000000000e+00 7.128099799156188965e-01
0.000000000000000000e+00 7.197281122207641602e-01
0.000000000000000000e+00 7.058249711990356445e-01
0.000000000000000000e+00 7.328161597251892090e-01
0.000000000000000000e+00 7.246671915054321289e-01
0.000000000000000000e+00 7.525073885917663574e-01
0.000000000000000000e+00 7.002920508384704590e-01
0.000000000000000000e+00 7.337276339530944824e-01
0.000000000000000000e+00 7.125526070594787598e-01
0.000000000000000000e+00 7.096558213233947754e-01
0.000000000000000000e+00 7.496180534362792969e-01
0.000000000000000000e+00 7.626481652259826660e-01
0.000000000000000000e+00 7.578583359718322754e-01
0.000000000000000000e+00 7.553252577781677246e-01
0.000000000000000000e+00 7.529131174087524414e-01
0.000000000000000000e+00 7.610887885093688965e-01
0.000000000000000000e+00 7.450466752052307129e-01
0.000000000000000000e+00 7.278641462326049805e-01
0.000000000000000000e+00 7.620398402214050293e-01
0.000000000000000000e+00 7.502129673957824707e-01
0.000000000000000000e+00 7.509108781814575195e-01
0.000000000000000000e+00 7.432090044021606445e-01
0.000000000000000000e+00 7.580410838127136230e-01
0.000000000000000000e+00 7.713027596473693848e-01
0.000000000000000000e+00 7.360254526138305664e-01
0.000000000000000000e+00 7.559195160865783691e-01
0.000000000000000000e+00 7.497807145118713379e-01
0.000000000000000000e+00 7.616044282913208008e-01
0.000000000000000000e+00 7.598670125007629395e-01
0.000000000000000000e+00 7.435423731803894043e-01
0.000000000000000000e+00 7.442125082015991211e-01
0.000000000000000000e+00 7.479051947593688965e-01
0.000000000000000000e+00 7.412025332450866699e-01
0.000000000000000000e+00 7.265588045120239258e-01
0.000000000000000000e+00 7.526006102561950684e-01
0.000000000000000000e+00 6.458350419998168945e-01
0.000000000000000000e+00 6.781393885612487793e-01
0.000000000000000000e+00 6.666085124015808105e-01
0.000000000000000000e+00 6.271393895149230957e-01
0.000000000000000000e+00 6.548959612846374512e-01
0.000000000000000000e+00 6.346964836120605469e-01
0.000000000000000000e+00 6.722648143768310547e-01
0.000000000000000000e+00 6.611719131469726562e-01
0.000000000000000000e+00 6.511136293411254883e-01
0.000000000000000000e+00 6.565785408020019531e-01
0.000000000000000000e+00 6.554460525512695312e-01
0.000000000000000000e+00 6.606326699256896973e-01
0.000000000000000000e+00 6.660837531089782715e-01
0.000000000000000000e+00 6.901453733444213867e-01
0.000000000000000000e+00 6.753378510475158691e-01
0.000000000000000000e+00 6.684485077857971191e-01
1.000000000000000000e+00 6.481900811195373535e-01
1.000000000000000000e+00 6.492951512336730957e-01
1.000000000000000000e+00 6.760388612747192383e-01
1.000000000000000000e+00 6.571639180183410645e-01
1.000000000000000000e+00 6.793801188468933105e-01
1.000000000000000000e+00 6.603964567184448242e-01
1.000000000000000000e+00 6.696502566337585449e-01
0.000000000000000000e+00 6.691240072250366211e-01
0.000000000000000000e+00 6.438663005828857422e-01
0.000000000000000000e+00 6.384831666946411133e-01
0.000000000000000000e+00 6.679212450981140137e-01
0.000000000000000000e+00 6.274907588958740234e-01
0.000000000000000000e+00 6.533665060997009277e-01
0.000000000000000000e+00 6.778640151023864746e-01
0.000000000000000000e+00 6.246555447578430176e-01
0.000000000000000000e+00 6.262520551681518555e-01
0.000000000000000000e+00 6.371238827705383301e-01
0.000000000000000000e+00 6.264377832412719727e-01
0.000000000000000000e+00 6.527705192565917969e-01
0.000000000000000000e+00 6.331331729888916016e-01
0.000000000000000000e+00 6.478025913238525391e-01
0.000000000000000000e+00 6.503846645355224609e-01
0.000000000000000000e+00 6.502365469932556152e-01
0.000000000000000000e+00 6.478850841522216797e-01
0.000000000000000000e+00 6.280295252799987793e-01
0.000000000000000000e+00 6.322319507598876953e-01
0.000000000000000000e+00 6.632793545722961426e-01
0.000000000000000000e+00 6.533650159835815430e-01
0.000000000000000000e+00 6.620992422103881836e-01
0.000000000000000000e+00 6.501197218894958496e-01
0.000000000000000000e+00 6.728442907333374023e-01
0.000000000000000000e+00 6.050534844398498535e-01
0.000000000000000000e+00 6.760375499725341797e-01
0.000000000000000000e+00 6.367703676223754883e-01
0.000000000000000000e+00 6.554898023605346680e-01
0.000000000000000000e+00 6.391080021858215332e-01
0.000000000000000000e+00 6.531840562820434570e-01
0.000000000000000000e+00 6.618606448173522949e-01
0.000000000000000000e+00 6.512729525566101074e-01
0.000000000000000000e+00 6.406629681587219238e-01
0.000000000000000000e+00 6.750483512878417969e-01
0.000000000000000000e+00 6.605529785156250000e-01
0.000000000000000000e+00 6.684519648551940918e-01
0.000000000000000000e+00 6.294449567794799805e-01
0.000000000000000000e+00 6.451234221458435059e-01
0.000000000000000000e+00 6.539397239685058594e-01
0.000000000000000000e+00 6.649239063262939453e-01
0.000000000000000000e+00 6.365110278129577637e-01
0.000000000000000000e+00 6.426613330841064453e-01
0.000000000000000000e+00 6.714602112770080566e-01
0.000000000000000000e+00 6.549980640411376953e-01
0.000000000000000000e+00 6.449626684188842773e-01
0.000000000000000000e+00 6.416682004928588867e-01
0.000000000000000000e+00 6.586806774139404297e-01
0.000000000000000000e+00 6.578320860862731934e-01
0.000000000000000000e+00 6.604480147361755371e-01
0.000000000000000000e+00 6.299507021903991699e-01
0.000000000000000000e+00 6.432226896286010742e-01
0.000000000000000000e+00 6.403979063034057617e-01
