0.000000000000000000e+00 1.250899285078048706e-01
0.000000000000000000e+00 1.716899126768112183e-01
0.000000000000000000e+00 2.147853821516036987e-01
0.000000000000000000e+00 2.399909198284149170e-01
0.000000000000000000e+00 3.667291402816772461e-01
0.000000000000000000e+00 3.871862888336181641e-01
0.000000000000000000e+00 6.016942262649536133e-01
0.000000000000000000e+00 5.567676424980163574e-01
0.000000000000000000e+00 7.611104249954223633e-01
0.000000000000000000e+00 7.854270935058593750e-01
0.000000000000000000e+00 7.876124978065490723e-01
0.000000000000000000e+00 7.712945342063903809e-01
0.000000000000000000e+00 8.443762063980102539e-01
0.000000000000000000e+00 8.621311783790588379e-01
0.000000000000000000e+00 8.542030453681945801e-01
1.000000000000000000e+00 6.381606459617614746e-01
1.000000000000000000e+00 6.760938167572021484e-01
1.000000000000000000e+00 5.658360719680786133e-01
0.000000000000000000e+00 5.247032046318054199e-01
0.000000000000000000e+00 4.472919404506683350e-01
0.000000000000000000e+00 5.656755566596984863e-01
0.000000000000000000e+00 6.403639912605285645e-01
0.000000000000000000e+00 7.108418941497802734e-01
0.000000000000000000e+00 6.854065060615539551e-01
0.000000000000000000e+00 6.408867239952087402e-01
0.000000000000000000e+00 6.159415245056152344e-01
0.000000000000000000e+00 6.913329958915710449e-01
1.000000000000000000e+00 7.549497485160827637e-01
0.000000000000000000e+00 6.889356374740600586e-01
0.000000000000000000e+00 5.028117299079895020e-01
0.000000000000000000e+00 5.431901216506958008e-01
0.000000000000000000e+00 4.566375911235809326e-01
1.000000000000000000e+00 3.418409824371337891e-01
0.000000000000000000e+00 3.498399257659912109e-01
0.000000000000000000e+00 3.479692637920379639e-01
0.000000000000000000e+00 3.246300816535949707e-01
0.000000000000000000e+00 4.706736207008361816e-01
1.000000000000000000e+00 5.525692701339721680e-01
1.000000000000000000e+00 6.156298518180847168e-01
0.000000000000000000e+00 7.418907880783081055e-01
0.000000000000000000e+00 7.156200408935546875e-01
0.000000000000000000e+00 5.709637999534606934e-01
0.000000000000000000e+00 5.422357916831970215e-01
0.000000000000000000e+00 3.665277957916259766e-01
0.000000000000000000e+00 4.052599966526031494e-01
0.000000000000000000e+00 4.062019884586334229e-01
0.000000000000000000e+00 5.364869236946105957e-01
0.000000000000000000e+00 5.105634927749633789e-01
0.000000000000000000e+00 5.012242794036865234e-01
0.000000000000000000e+00 2.752312719821929932e-01
0.000000000000000000e+00 2.547180056571960449e-01
0.000000000000000000e+00 1.366415321826934814e-01
0.000000000000000000e+00 1.186373010277748108e-01
0.000000000000000000e+00 1.533738225698471069e-01
0.000000000000000000e+00 1.566579788923263550e-01
0.000000000000000000e+00 1.753958016633987427e-01
0.000000000000000000e+00 2.000454813241958618e-01
0.000000000000000000e+00 1.292238384485244751e-01
0.000000000000000000e+00 1.926812231540679932e-01
0.000000000000000000e+00 1.064379513263702393e-01
0.000000000000000000e+00 7.979073375463485718e-02
0.000000000000000000e+00 2.252659797668457031e-01
0.000000000000000000e+00 2.202556431293487549e-01
0.000000000000000000e+00 1.391215175390243530e-01
0.000000000000000000e+00 3.598244786262512207e-01
0.000000000000000000e+00 1.100973188877105713e-01
0.000000000000000000e+00 1.476382613182067871e-01
0.000000000000000000e+00 1.487120389938354492e-01
0.000000000000000000e+00 1.481308639049530029e-01
0.000000000000000000e+00 1.864031106233596802e-01
0.000000000000000000e+00 1.160537749528884888e-01
0.000000000000000000e+00 1.407465040683746338e-01
0.000000000000000000e+00 1.974927186965942383e-01
1.000000000000000000e+00 1.392423808574676514e-01
0.000000000000000000e+00 1.293990314006805420e-01
0.000000000000000000e+00 1.385744428262114525e-03
0.000000000000000000e+00 2.662879880517721176e-03
0.000000000000000000e+00 2.585988258942961693e-03
0.000000000000000000e+00 2.387397922575473785e-03
0.000000000000000000e+00 2.687971340492367744e-03
0.000000000000000000e+00 7.931928150355815887e-03
0.000000000000000000e+00 7.000658661127090454e-03
0.000000000000000000e+00 5.015473812818527222e-03
0.000000000000000000e+00 5.680377595126628876e-03
0.000000000000000000e+00 4.137235693633556366e-03
0.000000000000000000e+00 1.263141725212335587e-02
0.000000000000000000e+00 2.325614169239997864e-02
0.000000000000000000e+00 2.988441288471221924e-02
0.000000000000000000e+00 1.101803481578826904e-01
0.000000000000000000e+00 1.735326349735260010e-01
0.000000000000000000e+00 2.735205292701721191e-01
0.000000000000000000e+00 3.226146399974822998e-01
0.000000000000000000e+00 4.056991934776306152e-01
0.000000000000000000e+00 6.583553552627563477e-01
0.000000000000000000e+00 7.746899127960205078e-01
1.000000000000000000e+00 8.284226059913635254e-01
1.000000000000000000e+00 7.864434123039245605e-01
1.000000000000000000e+00 6.209549903869628906e-01
1.000000000000000000e+00 6.267818212509155273e-01
1.000000000000000000e+00 5.903990864753723145e-01
1.000000000000000000e+00 5.202314853668212891e-01
1.000000000000000000e+00 6.750586032867431641e-01
0.000000000000000000e+00 6.567567586898803711e-01
0.000000000000000000e+00 6.670147776603698730e-01
0.000000000000000000e+00 6.833487749099731445e-01
0.000000000000000000e+00 5.877298116683959961e-01
1.000000000000000000e+00 5.305441021919250488e-01
1.000000000000000000e+00 4.335750937461853027e-01
1.000000000000000000e+00 3.664928674697875977e-01
1.000000000000000000e+00 6.553542613983154297e-01
1.000000000000000000e+00 7.012943625450134277e-01
1.000000000000000000e+00 7.211203575134277344e-01
1.000000000000000000e+00 6.982389092445373535e-01
0.000000000000000000e+00 6.893883347511291504e-01
0.000000000000000000e+00 7.544227838516235352e-01
0.000000000000000000e+00 6.865204572677612305e-01
0.000000000000000000e+00 6.618697047233581543e-01
0.000000000000000000e+00 6.696961522102355957e-01
0.000000000000000000e+00 5.979547500610351562e-01
0.000000000000000000e+00 7.166481018066406250e-01
0.000000000000000000e+00 5.651595592498779297e-01
0.000000000000000000e+00 5.325794816017150879e-01
0.000000000000000000e+00 2.801993787288665771e-01
0.000000000000000000e+00 8.612300455570220947e-02
0.000000000000000000e+00 4.778546839952468872e-02
0.000000000000000000e+00 1.302126236259937286e-02
0.000000000000000000e+00 1.702141482383012772e-03
0.000000000000000000e+00 2.968994900584220886e-03
0.000000000000000000e+00 2.773125888779759407e-03
0.000000000000000000e+00 1.127160037867724895e-03
0.000000000000000000e+00 1.249333960004150867e-03
0.000000000000000000e+00 3.150112228468060493e-03
1.000000000000000000e+00 3.549816086888313293e-03
1.000000000000000000e+00 5.722047761082649231e-03
0.000000000000000000e+00 1.487814355641603470e-02
0.000000000000000000e+00 2.166036516427993774e-02
0.000000000000000000e+00 6.597971916198730469e-02
0.000000000000000000e+00 1.253581047058105469e-01
1.000000000000000000e+00 2.047522068023681641e-01
1.000000000000000000e+00 3.045821785926818848e-01
0.000000000000000000e+00 4.206802546977996826e-01
0.000000000000000000e+00 3.739822208881378174e-01
0.000000000000000000e+00 2.147712409496307373e-01
0.000000000000000000e+00 3.998037874698638916e-01
0.000000000000000000e+00 2.815402448177337646e-01
0.000000000000000000e+00 3.281649351119995117e-01
0.000000000000000000e+00 4.013403058052062988e-01
0.000000000000000000e+00 2.596808373928070068e-01
0.000000000000000000e+00 5.317007899284362793e-01
0.000000000000000000e+00 4.609335064888000488e-01
0.000000000000000000e+00 3.655122593045234680e-02
0.000000000000000000e+00 3.870007768273353577e-02
0.000000000000000000e+00 4.548894986510276794e-02
0.000000000000000000e+00 6.309170275926589966e-02
0.000000000000000000e+00 4.482390731573104858e-02
0.000000000000000000e+00 5.584038421511650085e-02
0.000000000000000000e+00 7.722463458776473999e-02
0.000000000000000000e+00 7.356452941894531250e-02
0.000000000000000000e+00 1.254979521036148071e-01
0.000000000000000000e+00 1.172007918357849121e-01
0.000000000000000000e+00 2.641275525093078613e-01
0.000000000000000000e+00 2.213670760393142700e-01
0.000000000000000000e+00 3.536932468414306641e-01
0.000000000000000000e+00 3.342812955379486084e-01
0.000000000000000000e+00 3.166895508766174316e-01
0.000000000000000000e+00 2.172678261995315552e-01
0.000000000000000000e+00 3.585129976272583008e-01
0.000000000000000000e+00 3.334456384181976318e-01
0.000000000000000000e+00 5.237131714820861816e-01
0.000000000000000000e+00 5.169091820716857910e-01
0.000000000000000000e+00 5.776411890983581543e-01
0.000000000000000000e+00 6.123307347297668457e-01
0.000000000000000000e+00 7.269010543823242188e-01
0.000000000000000000e+00 6.517344117164611816e-01
0.000000000000000000e+00 7.786779999732971191e-01
0.000000000000000000e+00 8.242956399917602539e-01
0.000000000000000000e+00 8.957767486572265625e-01
0.000000000000000000e+00 8.090325593948364258e-01
0.000000000000000000e+00 8.772332668304443359e-01
0.000000000000000000e+00 7.943984866142272949e-01
0.000000000000000000e+00 8.252384066581726074e-01
0.000000000000000000e+00 7.643622756004333496e-01
0.000000000000000000e+00 6.822586655616760254e-01
0.000000000000000000e+00 7.550796270370483398e-01
0.000000000000000000e+00 5.402179956436157227e-01
0.000000000000000000e+00 5.783663988113403320e-01
0.000000000000000000e+00 6.153112053871154785e-01
0.000000000000000000e+00 5.945196747779846191e-01
0.000000000000000000e+00 3.928118944168090820e-01
0.000000000000000000e+00 3.472173511981964111e-01
0.000000000000000000e+00 4.567474424839019775e-01
0.000000000000000000e+00 2.512126863002777100e-01
0.000000000000000000e+00 1.461888253688812256e-01
0.000000000000000000e+00 7.692091166973114014e-02
1.000000000000000000e+00 1.034846901893615723e-01
1.000000000000000000e+00 9.527485817670822144e-02
0.000000000000000000e+00 1.203116849064826965e-01
0.000000000000000000e+00 1.638329029083251953e-01
0.000000000000000000e+00 2.877773344516754150e-01
0.000000000000000000e+00 2.663095593452453613e-01
0.000000000000000000e+00 3.907724618911743164e-01
0.000000000000000000e+00 3.887621164321899414e-01
0.000000000000000000e+00 4.223282039165496826e-01
0.000000000000000000e+00 4.141230285167694092e-01
0.000000000000000000e+00 4.350481033325195312e-01
0.000000000000000000e+00 4.365187585353851318e-01
0.000000000000000000e+00 4.463394880294799805e-01
0.000000000000000000e+00 6.378930211067199707e-01
0.000000000000000000e+00 7.210634350776672363e-01
0.000000000000000000e+00 8.617693185806274414e-01
0.000000000000000000e+00 7.830069065093994141e-01
0.000000000000000000e+00 7.312133312225341797e-01
0.000000000000000000e+00 7.777395248413085938e-01
0.000000000000000000e+00 5.055435895919799805e-01
0.000000000000000000e+00 3.939002752304077148e-01
1.000000000000000000e+00 2.819775938987731934e-01
1.000000000000000000e+00 1.195593625307083130e-01
1.000000000000000000e+00 1.521422713994979858e-01
0.000000000000000000e+00 1.246998980641365051e-01
0.000000000000000000e+00 1.324488520622253418e-01
0.000000000000000000e+00 1.334784030914306641e-01
0.000000000000000000e+00 1.606956273317337036e-01
0.000000000000000000e+00 2.873110473155975342e-01
0.000000000000000000e+00 4.074520170688629150e-01
0.000000000000000000e+00 3.612731397151947021e-01
0.000000000000000000e+00 3.263102471828460693e-01
0.000000000000000000e+00 4.607860445976257324e-01
0.000000000000000000e+00 3.099814057350158691e-01
0.000000000000000000e+00 6.167333126068115234e-01
0.000000000000000000e+00 6.691608428955078125e-01
0.000000000000000000e+00 5.617485642433166504e-01
0.000000000000000000e+00 6.987241506576538086e-01
0.000000000000000000e+00 4.438426196575164795e-01
0.000000000000000000e+00 4.076082110404968262e-01
1.000000000000000000e+00 3.281181752681732178e-01
0.000000000000000000e+00 4.243980646133422852e-01
0.000000000000000000e+00 4.803991019725799561e-01
0.000000000000000000e+00 5.807438492774963379e-01
0.000000000000000000e+00 6.799113154411315918e-01
1.000000000000000000e+00 7.986079454421997070e-01
0.000000000000000000e+00 8.059963583946228027e-01
0.000000000000000000e+00 7.050853967666625977e-01
0.000000000000000000e+00 6.464836597442626953e-01
0.000000000000000000e+00 6.306540966033935547e-01
0.000000000000000000e+00 3.336604535579681396e-01
0.000000000000000000e+00 1.702026426792144775e-01
0.000000000000000000e+00 2.559025585651397705e-01
0.000000000000000000e+00 1.963394135236740112e-01
0.000000000000000000e+00 3.232471644878387451e-01
1.000000000000000000e+00 3.649146258831024170e-01
1.000000000000000000e+00 4.529647827148437500e-01
1.000000000000000000e+00 3.493868708610534668e-01
1.000000000000000000e+00 3.987083435058593750e-01
0.000000000000000000e+00 4.247439503669738770e-01
0.000000000000000000e+00 1.693810224533081055e-01
0.000000000000000000e+00 2.399357855319976807e-01
0.000000000000000000e+00 1.232822537422180176e-01
0.000000000000000000e+00 9.426224231719970703e-02
0.000000000000000000e+00 1.291976869106292725e-01
0.000000000000000000e+00 1.846871823072433472e-01
0.000000000000000000e+00 3.550140261650085449e-01
0.000000000000000000e+00 4.553320705890655518e-01
0.000000000000000000e+00 5.810602903366088867e-01
0.000000000000000000e+00 5.381246805191040039e-01
0.000000000000000000e+00 4.242665767669677734e-01
0.000000000000000000e+00 2.847112417221069336e-01
0.000000000000000000e+00 3.907077610492706299e-01
0.000000000000000000e+00 3.679425418376922607e-01
0.000000000000000000e+00 2.582341432571411133e-01
1.000000000000000000e+00 1.432466208934783936e-01
1.000000000000000000e+00 2.080963104963302612e-01
1.000000000000000000e+00 2.565627396106719971e-01
0.000000000000000000e+00 2.303401529788970947e-01
0.000000000000000000e+00 7.768621295690536499e-02
0.000000000000000000e+00 1.170688420534133911e-01
0.000000000000000000e+00 9.306611120700836182e-02
0.000000000000000000e+00 1.200452148914337158e-01
0.000000000000000000e+00 6.870488077402114868e-02
0.000000000000000000e+00 1.587522029876708984e-01
0.000000000000000000e+00 1.524289697408676147e-01
0.000000000000000000e+00 8.487439155578613281e-02
0.000000000000000000e+00 1.698188334703445435e-01
0.000000000000000000e+00 1.413385123014450073e-01
0.000000000000000000e+00 2.630088925361633301e-01
0.000000000000000000e+00 2.239594906568527222e-01
0.000000000000000000e+00 1.510244905948638916e-01
0.000000000000000000e+00 1.673885583877563477e-01
0.000000000000000000e+00 1.040816605091094971e-01
0.000000000000000000e+00 1.673893630504608154e-01
0.000000000000000000e+00 2.066331058740615845e-01
0.000000000000000000e+00 1.149245575070381165e-01
1.000000000000000000e+00 2.202248126268386841e-01
0.000000000000000000e+00 2.257157564163208008e-01
0.000000000000000000e+00 3.272605538368225098e-01
0.000000000000000000e+00 1.806541979312896729e-01
0.000000000000000000e+00 4.282315075397491455e-01
0.000000000000000000e+00 3.609180748462677002e-01
0.000000000000000000e+00 4.067258238792419434e-01
0.000000000000000000e+00 3.631233870983123779e-01
0.000000000000000000e+00 3.230660855770111084e-01
0.000000000000000000e+00 2.155048251152038574e-01
0.000000000000000000e+00 3.526392579078674316e-01
0.000000000000000000e+00 3.951934576034545898e-01
0.000000000000000000e+00 2.819702923297882080e-01
0.000000000000000000e+00 5.530390143394470215e-01
0.000000000000000000e+00 6.608392000198364258e-01
0.000000000000000000e+00 4.823834002017974854e-01
0.000000000000000000e+00 3.248266577720642090e-01
0.000000000000000000e+00 2.767876088619232178e-01
0.000000000000000000e+00 1.650342345237731934e-01
0.000000000000000000e+00 2.610330581665039062e-01
0.000000000000000000e+00 1.618063896894454956e-01
0.000000000000000000e+00 2.343034744262695312e-01
0.000000000000000000e+00 1.892841458320617676e-01
0.000000000000000000e+00 2.575469613075256348e-01
0.000000000000000000e+00 2.685869038105010986e-01
1.000000000000000000e+00 3.693633377552032471e-01
0.000000000000000000e+00 2.907658517360687256e-01
0.000000000000000000e+00 5.055104494094848633e-01
0.000000000000000000e+00 5.105581283569335938e-01
1.000000000000000000e+00 4.268683195114135742e-01
1.000000000000000000e+00 3.999942839145660400e-01
1.000000000000000000e+00 3.996960520744323730e-01
1.000000000000000000e+00 4.081091582775115967e-01
1.000000000000000000e+00 3.601526618003845215e-01
1.000000000000000000e+00 4.724765717983245850e-01
1.000000000000000000e+00 5.270543694496154785e-01
1.000000000000000000e+00 5.396206974983215332e-01
1.000000000000000000e+00 6.968614459037780762e-01
1.000000000000000000e+00 7.026548981666564941e-01
0.000000000000000000e+00 7.007528543472290039e-01
0.000000000000000000e+00 7.357721924781799316e-01
0.000000000000000000e+00 5.473430752754211426e-01
1.000000000000000000e+00 6.912761926651000977e-01
0.000000000000000000e+00 6.654081940650939941e-01
0.000000000000000000e+00 7.759464979171752930e-01
0.000000000000000000e+00 8.051971197128295898e-01
1.000000000000000000e+00 6.749772429466247559e-01
0.000000000000000000e+00 4.446099996566772461e-01
0.000000000000000000e+00 7.334986925125122070e-01
0.000000000000000000e+00 3.848469853401184082e-01
0.000000000000000000e+00 3.042082488536834717e-01
0.000000000000000000e+00 1.585534512996673584e-01
0.000000000000000000e+00 2.278777360916137695e-01
0.000000000000000000e+00 1.944340616464614868e-01
0.000000000000000000e+00 1.053956225514411926e-01
0.000000000000000000e+00 1.604191809892654419e-01
0.000000000000000000e+00 1.474026311188936234e-02
1.000000000000000000e+00 4.657025914639234543e-03
1.000000000000000000e+00 2.575995167717337608e-03
1.000000000000000000e+00 9.954661363735795021e-04
1.000000000000000000e+00 1.989985117688775063e-03
0.000000000000000000e+00 1.915580010972917080e-03
0.000000000000000000e+00 2.195928944274783134e-03
0.000000000000000000e+00 4.314456600695848465e-03
0.000000000000000000e+00 6.919882725924253464e-03
0.000000000000000000e+00 5.819170735776424408e-03
0.000000000000000000e+00 1.861054915934801102e-03
0.000000000000000000e+00 1.093011233024299145e-03
0.000000000000000000e+00 9.972497355192899704e-04
0.000000000000000000e+00 7.706867181695997715e-04
0.000000000000000000e+00 7.151894969865679741e-04
0.000000000000000000e+00 1.335522276349365711e-03
0.000000000000000000e+00 2.513442421332001686e-03
0.000000000000000000e+00 2.013316610828042030e-03
0.000000000000000000e+00 9.427960612811148167e-04
0.000000000000000000e+00 7.213242352008819580e-04
0.000000000000000000e+00 5.236551514826714993e-04
0.000000000000000000e+00 5.885361460968852043e-04
0.000000000000000000e+00 9.849533671513199806e-04
0.000000000000000000e+00 1.114669139496982098e-03
0.000000000000000000e+00 2.880112500861287117e-03
0.000000000000000000e+00 3.496103221550583839e-03
0.000000000000000000e+00 6.189709994941949844e-03
0.000000000000000000e+00 7.290330249816179276e-03
0.000000000000000000e+00 3.494765982031822205e-02
0.000000000000000000e+00 6.105359643697738647e-02
0.000000000000000000e+00 9.642144292593002319e-02
0.000000000000000000e+00 1.458213627338409424e-01
0.000000000000000000e+00 1.705700755119323730e-01
0.000000000000000000e+00 2.185217589139938354e-01
0.000000000000000000e+00 2.895746827125549316e-01
0.000000000000000000e+00 4.493989348411560059e-01
0.000000000000000000e+00 3.513442873954772949e-01
0.000000000000000000e+00 2.468418478965759277e-01
0.000000000000000000e+00 2.785522639751434326e-01
0.000000000000000000e+00 1.528862118721008301e-01
0.000000000000000000e+00 2.773851454257965088e-01
0.000000000000000000e+00 3.381640017032623291e-01
0.000000000000000000e+00 2.140689492225646973e-01
1.000000000000000000e+00 4.294450581073760986e-01
1.000000000000000000e+00 4.802470207214355469e-01
0.000000000000000000e+00 3.050283789634704590e-01
0.000000000000000000e+00 1.963692456483840942e-01
0.000000000000000000e+00 1.429110020399093628e-01
1.000000000000000000e+00 1.041397005319595337e-01
1.000000000000000000e+00 6.830713152885437012e-02
0.000000000000000000e+00 7.214068621397018433e-02
0.000000000000000000e+00 7.173500955104827881e-02
0.000000000000000000e+00 3.448129445314407349e-02
0.000000000000000000e+00 4.284079372882843018e-02
0.000000000000000000e+00 8.423357456922531128e-02
1.000000000000000000e+00 1.605106890201568604e-01
0.000000000000000000e+00 6.309518218040466309e-02
0.000000000000000000e+00 9.282883256673812866e-02
0.000000000000000000e+00 4.473371803760528564e-02
0.000000000000000000e+00 2.806014381349086761e-02
1.000000000000000000e+00 1.805629953742027283e-02
0.000000000000000000e+00 1.252266578376293182e-02
0.000000000000000000e+00 1.259436272084712982e-02
0.000000000000000000e+00 2.531677111983299255e-02
0.000000000000000000e+00 6.402575969696044922e-02
1.000000000000000000e+00 6.720758229494094849e-02
1.000000000000000000e+00 8.562089502811431885e-02
0.000000000000000000e+00 6.810829788446426392e-02
0.000000000000000000e+00 5.322017893195152283e-02
0.000000000000000000e+00 3.399522602558135986e-02
0.000000000000000000e+00 2.253765612840652466e-02
0.000000000000000000e+00 2.535396814346313477e-02
1.000000000000000000e+00 5.070358514785766602e-02
0.000000000000000000e+00 3.312397375702857971e-02
0.000000000000000000e+00 5.317152291536331177e-02
0.000000000000000000e+00 3.421152383089065552e-02
0.000000000000000000e+00 1.465972140431404114e-02
0.000000000000000000e+00 1.418428961187601089e-02
0.000000000000000000e+00 8.367596194148063660e-03
0.000000000000000000e+00 6.232056301087141037e-03
0.000000000000000000e+00 1.028232648968696594e-02
0.000000000000000000e+00 1.583931595087051392e-02
0.000000000000000000e+00 3.032545931637287140e-02
0.000000000000000000e+00 1.684354804456233978e-02
0.000000000000000000e+00 1.111961621791124344e-02
0.000000000000000000e+00 1.482094451785087585e-02
0.000000000000000000e+00 1.541077159345149994e-02
0.000000000000000000e+00 1.063420809805393219e-02
0.000000000000000000e+00 1.264332421123981476e-02
0.000000000000000000e+00 8.059346117079257965e-03
0.000000000000000000e+00 1.416846923530101776e-02
0.000000000000000000e+00 1.013040728867053986e-02
0.000000000000000000e+00 1.397395692765712738e-02
0.000000000000000000e+00 5.758190527558326721e-03
0.000000000000000000e+00 5.861382931470870972e-03
0.000000000000000000e+00 6.366421002894639969e-03
0.000000000000000000e+00 5.772044882178306580e-03
0.000000000000000000e+00 9.124236181378364563e-03
0.000000000000000000e+00 7.961584255099296570e-03
0.000000000000000000e+00 6.555598229169845581e-03
0.000000000000000000e+00 2.053347788751125336e-02
0.000000000000000000e+00 1.850582659244537354e-02
0.000000000000000000e+00 1.245299540460109711e-02
0.000000000000000000e+00 2.401169575750827789e-02
0.000000000000000000e+00 3.826477006077766418e-02
0.000000000000000000e+00 4.913727939128875732e-02
0.000000000000000000e+00 6.024897098541259766e-02
0.000000000000000000e+00 3.964492678642272949e-02
0.000000000000000000e+00 3.658624738454818726e-02
0.000000000000000000e+00 4.502145573496818542e-02
0.000000000000000000e+00 7.265900075435638428e-02
0.000000000000000000e+00 3.668369352817535400e-02
0.000000000000000000e+00 4.594640806317329407e-02
0.000000000000000000e+00 6.414129585027694702e-02
0.000000000000000000e+00 5.990618094801902771e-02
0.000000000000000000e+00 7.214991003274917603e-02
0.000000000000000000e+00 5.671197175979614258e-02
1.000000000000000000e+00 7.784580439329147339e-02
1.000000000000000000e+00 6.572622060775756836e-02
1.000000000000000000e+00 6.775454431772232056e-02
1.000000000000000000e+00 8.148343861103057861e-02
1.000000000000000000e+00 7.011099904775619507e-02
0.000000000000000000e+00 4.405772686004638672e-02
0.000000000000000000e+00 6.354729831218719482e-02
0.000000000000000000e+00 1.091784909367561340e-01
0.000000000000000000e+00 2.716826498508453369e-01
0.000000000000000000e+00 2.773662507534027100e-01
0.000000000000000000e+00 3.325347006320953369e-01
0.000000000000000000e+00 2.521476745605468750e-01
0.000000000000000000e+00 3.481299579143524170e-01
0.000000000000000000e+00 2.641433179378509521e-01
0.000000000000000000e+00 1.702975183725357056e-01
0.000000000000000000e+00 3.401577845215797424e-02
0.000000000000000000e+00 3.428200259804725647e-02
1.000000000000000000e+00 5.534282699227333069e-02
1.000000000000000000e+00 4.884546995162963867e-02
1.000000000000000000e+00 8.055236190557479858e-02
0.000000000000000000e+00 9.874693304300308228e-02
0.000000000000000000e+00 1.260638236999511719e-01
0.000000000000000000e+00 1.931390613317489624e-01
1.000000000000000000e+00 3.651211857795715332e-01
1.000000000000000000e+00 3.560151457786560059e-01
0.000000000000000000e+00 3.357217013835906982e-01
0.000000000000000000e+00 3.429093062877655029e-01
0.000000000000000000e+00 3.978738486766815186e-01
0.000000000000000000e+00 3.274952173233032227e-01
0.000000000000000000e+00 2.721571326255798340e-01
0.000000000000000000e+00 1.784043312072753906e-01
0.000000000000000000e+00 1.342171728610992432e-01
0.000000000000000000e+00 1.184589937329292297e-01
0.000000000000000000e+00 2.790561318397521973e-01
0.000000000000000000e+00 3.590172827243804932e-01
0.000000000000000000e+00 4.556326568126678467e-01
1.000000000000000000e+00 3.126924932003021240e-01
1.000000000000000000e+00 2.617993354797363281e-01
1.000000000000000000e+00 2.791119515895843506e-01
1.000000000000000000e+00 1.870222091674804688e-01
0.000000000000000000e+00 1.023661941289901733e-01
0.000000000000000000e+00 7.284978777170181274e-02
0.000000000000000000e+00 7.468687742948532104e-02
0.000000000000000000e+00 6.660290062427520752e-02
0.000000000000000000e+00 1.130985617637634277e-01
0.000000000000000000e+00 2.080830782651901245e-01
0.000000000000000000e+00 2.025011032819747925e-01
0.000000000000000000e+00 4.206764101982116699e-01
0.000000000000000000e+00 4.061356186866760254e-01
0.000000000000000000e+00 6.169777512550354004e-01
0.000000000000000000e+00 5.059554576873779297e-01
0.000000000000000000e+00 6.542461514472961426e-01
0.000000000000000000e+00 4.028504490852355957e-01
0.000000000000000000e+00 4.540974795818328857e-01
0.000000000000000000e+00 4.367921948432922363e-01
0.000000000000000000e+00 4.558485150337219238e-01
0.000000000000000000e+00 4.108148813247680664e-01
0.000000000000000000e+00 4.095394909381866455e-01
0.000000000000000000e+00 2.370173782110214233e-01
0.000000000000000000e+00 2.578170001506805420e-01
0.000000000000000000e+00 9.574742615222930908e-02
0.000000000000000000e+00 1.562089473009109497e-01
0.000000000000000000e+00 2.731159925460815430e-01
0.000000000000000000e+00 3.453180789947509766e-01
1.000000000000000000e+00 3.975349068641662598e-01
1.000000000000000000e+00 4.307058155536651611e-01
0.000000000000000000e+00 4.394282102584838867e-01
0.000000000000000000e+00 5.991339087486267090e-01
0.000000000000000000e+00 4.240051209926605225e-01
0.000000000000000000e+00 5.226860046386718750e-01
0.000000000000000000e+00 5.269575119018554688e-01
0.000000000000000000e+00 4.714044332504272461e-01
0.000000000000000000e+00 5.713041424751281738e-01
0.000000000000000000e+00 3.978264629840850830e-01
0.000000000000000000e+00 3.905168473720550537e-01
1.000000000000000000e+00 4.857684373855590820e-01
1.000000000000000000e+00 3.234381377696990967e-01
1.000000000000000000e+00 4.694343507289886475e-01
1.000000000000000000e+00 3.655734360218048096e-01
0.000000000000000000e+00 5.449899435043334961e-01
0.000000000000000000e+00 6.065014004707336426e-01
0.000000000000000000e+00 6.223068237304687500e-01
0.000000000000000000e+00 7.354158759117126465e-01
0.000000000000000000e+00 7.166356444358825684e-01
0.000000000000000000e+00 6.075905561447143555e-01
0.000000000000000000e+00 6.841548085212707520e-01
0.000000000000000000e+00 6.489645838737487793e-01
0.000000000000000000e+00 5.870864391326904297e-01
0.000000000000000000e+00 5.128828287124633789e-01
0.000000000000000000e+00 5.284471511840820312e-01
0.000000000000000000e+00 3.461681008338928223e-01
0.000000000000000000e+00 3.803722560405731201e-01
0.000000000000000000e+00 3.937154710292816162e-01
1.000000000000000000e+00 4.527372419834136963e-01
0.000000000000000000e+00 4.063529968261718750e-01
0.000000000000000000e+00 4.881494343280792236e-01
0.000000000000000000e+00 3.901040256023406982e-01
0.000000000000000000e+00 4.321382939815521240e-01
1.000000000000000000e+00 3.956367969512939453e-01
0.000000000000000000e+00 4.193919301033020020e-01
0.000000000000000000e+00 3.036098480224609375e-01
0.000000000000000000e+00 2.825593650341033936e-01
0.000000000000000000e+00 2.686036229133605957e-01
0.000000000000000000e+00 2.166253477334976196e-01
0.000000000000000000e+00 2.112903445959091187e-01
0.000000000000000000e+00 1.968371719121932983e-01
0.000000000000000000e+00 2.145345211029052734e-01
0.000000000000000000e+00 2.092279642820358276e-01
0.000000000000000000e+00 1.639126092195510864e-01
0.000000000000000000e+00 1.505222469568252563e-01
0.000000000000000000e+00 1.902317702770233154e-01
0.000000000000000000e+00 1.669285446405410767e-01
0.000000000000000000e+00 1.307326853275299072e-01
0.000000000000000000e+00 1.269408464431762695e-01
0.000000000000000000e+00 1.590774059295654297e-01
0.000000000000000000e+00 1.019396185874938965e-01
0.000000000000000000e+00 8.922995626926422119e-02
0.000000000000000000e+00 8.403543382883071899e-02
0.000000000000000000e+00 1.253472864627838135e-01
0.000000000000000000e+00 1.135013923048973083e-01
0.000000000000000000e+00 1.380369514226913452e-01
0.000000000000000000e+00 9.426967054605484009e-02
1.000000000000000000e+00 1.074914187192916870e-01
0.000000000000000000e+00 1.330776661634445190e-01
0.000000000000000000e+00 1.253320723772048950e-01
0.000000000000000000e+00 1.464232355356216431e-01
0.000000000000000000e+00 1.458290368318557739e-01
0.000000000000000000e+00 1.416620463132858276e-01
0.000000000000000000e+00 1.237434744834899902e-01
0.000000000000000000e+00 1.764418780803680420e-01
0.000000000000000000e+00 1.615644097328186035e-01
0.000000000000000000e+00 1.528230756521224976e-01
0.000000000000000000e+00 1.477111577987670898e-01
0.000000000000000000e+00 1.795794814825057983e-01
0.000000000000000000e+00 1.664038598537445068e-01
0.000000000000000000e+00 9.556770324707031250e-02
