0.000000000000000000e+00 5.875593423843383789e-02
0.000000000000000000e+00 2.920607477426528931e-02
0.000000000000000000e+00 2.216577343642711639e-02
0.000000000000000000e+00 1.991375908255577087e-02
0.000000000000000000e+00 1.163767650723457336e-02
0.000000000000000000e+00 1.284704077988862991e-02
0.000000000000000000e+00 2.254995889961719513e-02
0.000000000000000000e+00 2.098187059164047241e-02
0.000000000000000000e+00 1.751651428639888763e-02
0.000000000000000000e+00 2.730669267475605011e-02
0.000000000000000000e+00 4.156554490327835083e-02
0.000000000000000000e+00 9.542389959096908569e-02
0.000000000000000000e+00 1.498215198516845703e-01
0.000000000000000000e+00 2.381256073713302612e-01
0.000000000000000000e+00 3.888680934906005859e-01
0.000000000000000000e+00 3.163215517997741699e-01
0.000000000000000000e+00 4.227393865585327148e-01
0.000000000000000000e+00 2.884457707405090332e-01
0.000000000000000000e+00 2.785639762878417969e-01
0.000000000000000000e+00 2.176252752542495728e-01
0.000000000000000000e+00 2.550384402275085449e-01
0.000000000000000000e+00 2.911074459552764893e-01
0.000000000000000000e+00 2.139958888292312622e-01
0.000000000000000000e+00 2.339061498641967773e-01
0.000000000000000000e+00 1.946844458580017090e-01
0.000000000000000000e+00 2.004789412021636963e-01
0.000000000000000000e+00 1.100097075104713440e-01
0.000000000000000000e+00 6.649491190910339355e-02
0.000000000000000000e+00 4.607651382684707642e-02
0.000000000000000000e+00 3.157074749469757080e-02
0.000000000000000000e+00 1.031711418181657791e-02
0.000000000000000000e+00 8.220610208809375763e-03
0.000000000000000000e+00 4.188448656350374222e-03
0.000000000000000000e+00 3.468774491921067238e-03
0.000000000000000000e+00 2.044628141447901726e-03
0.000000000000000000e+00 3.097556764259934425e-03
0.000000000000000000e+00 3.276817733421921730e-03
0.000000000000000000e+00 4.752158652991056442e-03
0.000000000000000000e+00 3.994969651103019714e-03
0.000000000000000000e+00 3.071851562708616257e-03
0.000000000000000000e+00 3.934033680707216263e-03
0.000000000000000000e+00 2.194597152993083000e-03
0.000000000000000000e+00 2.531140344217419624e-03
0.000000000000000000e+00 3.688666038215160370e-03
0.000000000000000000e+00 4.432948771864175797e-03
0.000000000000000000e+00 6.207525264471769333e-03
0.000000000000000000e+00 1.325427833944559097e-02
0.000000000000000000e+00 1.351030729711055756e-02
0.000000000000000000e+00 1.359478477388620377e-02
0.000000000000000000e+00 1.139639411121606827e-02
0.000000000000000000e+00 1.096902880817651749e-02
0.000000000000000000e+00 5.816269200295209885e-03
0.000000000000000000e+00 6.584541872143745422e-03
0.000000000000000000e+00 8.049775846302509308e-03
0.000000000000000000e+00 1.236729137599468231e-02
0.000000000000000000e+00 1.337021030485630035e-02
0.000000000000000000e+00 1.090336125344038010e-02
0.000000000000000000e+00 9.906600229442119598e-03
0.000000000000000000e+00 9.640419855713844299e-03
0.000000000000000000e+00 6.778156384825706482e-03
0.000000000000000000e+00 6.898700725287199020e-03
0.000000000000000000e+00 1.237878203392028809e-02
0.000000000000000000e+00 1.135297678411006927e-02
0.000000000000000000e+00 1.000294089317321777e-02
0.000000000000000000e+00 1.383501291275024414e-02
0.000000000000000000e+00 1.629474200308322906e-02
0.000000000000000000e+00 2.029286511242389679e-02
0.000000000000000000e+00 2.144727110862731934e-02
0.000000000000000000e+00 2.051618136465549469e-02
0.000000000000000000e+00 2.587526105344295502e-02
0.000000000000000000e+00 2.398508600890636444e-02
0.000000000000000000e+00 2.430559508502483368e-02
0.000000000000000000e+00 2.056485228240489960e-02
0.000000000000000000e+00 2.610473334789276123e-02
0.000000000000000000e+00 2.211611345410346985e-02
0.000000000000000000e+00 4.624566063284873962e-03
0.000000000000000000e+00 1.362877618521451950e-02
0.000000000000000000e+00 2.010984160006046295e-02
0.000000000000000000e+00 3.949019685387611389e-02
0.000000000000000000e+00 9.950853884220123291e-02
0.000000000000000000e+00 1.219180971384048462e-01
0.000000000000000000e+00 1.751380562782287598e-01
0.000000000000000000e+00 1.390476822853088379e-01
0.000000000000000000e+00 1.378261297941207886e-01
0.000000000000000000e+00 1.310824006795883179e-01
0.000000000000000000e+00 1.388105005025863647e-01
0.000000000000000000e+00 1.501099318265914917e-01
0.000000000000000000e+00 9.411639720201492310e-02
0.000000000000000000e+00 1.690439730882644653e-01
0.000000000000000000e+00 1.149629876017570496e-01
0.000000000000000000e+00 1.000438034534454346e-01
0.000000000000000000e+00 7.842335104942321777e-02
0.000000000000000000e+00 9.619379043579101562e-02
0.000000000000000000e+00 1.010188609361648560e-01
0.000000000000000000e+00 6.891459971666336060e-02
0.000000000000000000e+00 6.531320512294769287e-02
1.000000000000000000e+00 5.628308281302452087e-02
1.000000000000000000e+00 3.461511805653572083e-02
0.000000000000000000e+00 3.760546818375587463e-02
0.000000000000000000e+00 3.697146475315093994e-02
0.000000000000000000e+00 3.156270086765289307e-02
0.000000000000000000e+00 1.943210512399673462e-02
0.000000000000000000e+00 1.677238382399082184e-02
0.000000000000000000e+00 1.080074626952409744e-02
0.000000000000000000e+00 7.195794489234685898e-03
0.000000000000000000e+00 2.973098307847976685e-03
0.000000000000000000e+00 1.131620490923523903e-03
1.000000000000000000e+00 4.916934994980692863e-04
1.000000000000000000e+00 3.073445986956357956e-04
1.000000000000000000e+00 1.628057798370718956e-04
1.000000000000000000e+00 8.522011921741068363e-05
0.000000000000000000e+00 6.244994438020512462e-05
0.000000000000000000e+00 7.024884689599275589e-05
0.000000000000000000e+00 5.026427606935612857e-05
0.000000000000000000e+00 2.498066351108718663e-05
0.000000000000000000e+00 1.246697647729888558e-04
0.000000000000000000e+00 1.293718814849853516e-04
0.000000000000000000e+00 3.333159547764807940e-04
0.000000000000000000e+00 4.936612094752490520e-04
0.000000000000000000e+00 1.487215631641447544e-03
0.000000000000000000e+00 2.546633128076791763e-03
0.000000000000000000e+00 1.870143692940473557e-03
0.000000000000000000e+00 1.655938569456338882e-03
0.000000000000000000e+00 2.045595552772283554e-03
0.000000000000000000e+00 2.336911857128143311e-03
0.000000000000000000e+00 4.029434174299240112e-03
0.000000000000000000e+00 5.993411410599946976e-03
0.000000000000000000e+00 1.092855166643857956e-02
0.000000000000000000e+00 1.373754628002643585e-02
0.000000000000000000e+00 2.395748533308506012e-02
0.000000000000000000e+00 2.014505118131637573e-02
0.000000000000000000e+00 3.467311710119247437e-02
0.000000000000000000e+00 4.171382635831832886e-02
0.000000000000000000e+00 9.219350665807723999e-02
0.000000000000000000e+00 1.055615767836570740e-01
0.000000000000000000e+00 2.051683813333511353e-01
0.000000000000000000e+00 2.945328950881958008e-01
0.000000000000000000e+00 4.177983999252319336e-01
0.000000000000000000e+00 3.540850579738616943e-01
0.000000000000000000e+00 3.020776808261871338e-01
0.000000000000000000e+00 1.512074619531631470e-01
0.000000000000000000e+00 7.623878121376037598e-02
0.000000000000000000e+00 3.156675770878791809e-02
0.000000000000000000e+00 1.183563005179166794e-02
0.000000000000000000e+00 4.942737054079771042e-03
0.000000000000000000e+00 1.197889912873506546e-03
0.000000000000000000e+00 1.085598953068256378e-03
0.000000000000000000e+00 4.052364092785865068e-04
0.000000000000000000e+00 9.059836884262040257e-05
0.000000000000000000e+00 3.596774695324711502e-05
0.000000000000000000e+00 2.003157511353492737e-02
0.000000000000000000e+00 5.011904984712600708e-02
0.000000000000000000e+00 3.173119947314262390e-02
0.000000000000000000e+00 5.106949433684349060e-02
0.000000000000000000e+00 9.248822927474975586e-02
0.000000000000000000e+00 2.430483549833297729e-01
0.000000000000000000e+00 3.041606247425079346e-01
0.000000000000000000e+00 3.139284253120422363e-01
0.000000000000000000e+00 4.711396694183349609e-01
0.000000000000000000e+00 4.226790666580200195e-01
0.000000000000000000e+00 6.222385168075561523e-01
0.000000000000000000e+00 6.748673319816589355e-01
0.000000000000000000e+00 7.435003519058227539e-01
0.000000000000000000e+00 8.301664590835571289e-01
0.000000000000000000e+00 7.965340018272399902e-01
0.000000000000000000e+00 8.229827284812927246e-01
0.000000000000000000e+00 8.595070242881774902e-01
0.000000000000000000e+00 8.099189996719360352e-01
0.000000000000000000e+00 8.718898296356201172e-01
0.000000000000000000e+00 8.480354547500610352e-01
0.000000000000000000e+00 8.488366007804870605e-01
0.000000000000000000e+00 8.695455193519592285e-01
0.000000000000000000e+00 8.868528604507446289e-01
0.000000000000000000e+00 9.346532225608825684e-01
0.000000000000000000e+00 9.232870936393737793e-01
0.000000000000000000e+00 9.200926423072814941e-01
0.000000000000000000e+00 9.366674423217773438e-01
0.000000000000000000e+00 9.437550306320190430e-01
0.000000000000000000e+00 9.515022039413452148e-01
0.000000000000000000e+00 9.274464845657348633e-01
0.000000000000000000e+00 9.289063811302185059e-01
0.000000000000000000e+00 8.732448816299438477e-01
0.000000000000000000e+00 8.688431978225708008e-01
0.000000000000000000e+00 8.329911828041076660e-01
0.000000000000000000e+00 8.267191052436828613e-01
0.000000000000000000e+00 7.829965949058532715e-01
0.000000000000000000e+00 5.686460733413696289e-01
0.000000000000000000e+00 5.517107248306274414e-01
0.000000000000000000e+00 3.226878643035888672e-01
0.000000000000000000e+00 2.165094017982482910e-01
0.000000000000000000e+00 2.255274653434753418e-01
0.000000000000000000e+00 1.051599159836769104e-01
0.000000000000000000e+00 1.793958842754364014e-01
0.000000000000000000e+00 1.252937763929367065e-01
0.000000000000000000e+00 1.558430790901184082e-01
0.000000000000000000e+00 1.837895810604095459e-01
0.000000000000000000e+00 2.244854420423507690e-01
0.000000000000000000e+00 2.221448272466659546e-01
0.000000000000000000e+00 2.398374378681182861e-01
0.000000000000000000e+00 2.884179055690765381e-01
0.000000000000000000e+00 3.973286449909210205e-01
0.000000000000000000e+00 4.062247276306152344e-01
0.000000000000000000e+00 4.731027185916900635e-01
0.000000000000000000e+00 6.528307795524597168e-01
0.000000000000000000e+00 4.243751466274261475e-01
0.000000000000000000e+00 3.641435801982879639e-01
0.000000000000000000e+00 4.021300077438354492e-01
0.000000000000000000e+00 4.873730838298797607e-01
0.000000000000000000e+00 4.399177134037017822e-01
0.000000000000000000e+00 5.482243895530700684e-01
0.000000000000000000e+00 6.051829457283020020e-01
0.000000000000000000e+00 6.341841816902160645e-01
0.000000000000000000e+00 5.960780382156372070e-01
0.000000000000000000e+00 4.649667441844940186e-01
0.000000000000000000e+00 3.536214530467987061e-01
0.000000000000000000e+00 2.178408354520797729e-01
0.000000000000000000e+00 1.590974032878875732e-01
0.000000000000000000e+00 8.121164143085479736e-02
0.000000000000000000e+00 7.151507586240768433e-02
0.000000000000000000e+00 4.470100253820419312e-02
0.000000000000000000e+00 4.015773162245750427e-02
0.000000000000000000e+00 1.417867653071880341e-02
0.000000000000000000e+00 1.891523972153663635e-02
0.000000000000000000e+00 1.798280701041221619e-02
0.000000000000000000e+00 1.857897639274597168e-02
0.000000000000000000e+00 8.362618088722229004e-02
0.000000000000000000e+00 8.209722489118576050e-02
0.000000000000000000e+00 8.500298112630844116e-02
0.000000000000000000e+00 7.423877716064453125e-02
0.000000000000000000e+00 5.337850376963615417e-02
0.000000000000000000e+00 5.501201748847961426e-02
0.000000000000000000e+00 5.272377282381057739e-02
0.000000000000000000e+00 5.307478830218315125e-02
0.000000000000000000e+00 5.693620070815086365e-02
0.000000000000000000e+00 5.500795319676399231e-02
0.000000000000000000e+00 6.933934986591339111e-02
0.000000000000000000e+00 7.258539646863937378e-02
0.000000000000000000e+00 9.836492687463760376e-02
0.000000000000000000e+00 1.120531111955642700e-01
0.000000000000000000e+00 1.131221726536750793e-01
0.000000000000000000e+00 1.801223754882812500e-01
0.000000000000000000e+00 1.493844389915466309e-01
0.000000000000000000e+00 2.037170380353927612e-01
0.000000000000000000e+00 1.809832453727722168e-01
0.000000000000000000e+00 2.351555824279785156e-01
0.000000000000000000e+00 2.388179898262023926e-01
0.000000000000000000e+00 1.790627241134643555e-01
0.000000000000000000e+00 1.703871041536331177e-01
0.000000000000000000e+00 1.544790863990783691e-01
0.000000000000000000e+00 1.837545782327651978e-01
0.000000000000000000e+00 1.813926845788955688e-01
0.000000000000000000e+00 2.278129011392593384e-01
0.000000000000000000e+00 2.124597579240798950e-01
0.000000000000000000e+00 1.824684292078018188e-01
0.000000000000000000e+00 1.487869769334793091e-01
0.000000000000000000e+00 1.568408906459808350e-01
0.000000000000000000e+00 1.288878172636032104e-01
0.000000000000000000e+00 1.507196724414825439e-01
0.000000000000000000e+00 1.097434312105178833e-01
0.000000000000000000e+00 1.494972556829452515e-01
0.000000000000000000e+00 1.199812367558479309e-01
0.000000000000000000e+00 1.391959637403488159e-01
0.000000000000000000e+00 1.250132918357849121e-01
0.000000000000000000e+00 1.133472770452499390e-01
0.000000000000000000e+00 1.077178791165351868e-01
0.000000000000000000e+00 1.160546690225601196e-01
0.000000000000000000e+00 8.590745180845260620e-02
0.000000000000000000e+00 9.522509574890136719e-02
0.000000000000000000e+00 1.466252505779266357e-01
0.000000000000000000e+00 1.096943393349647522e-01
0.000000000000000000e+00 1.225481629371643066e-01
0.000000000000000000e+00 1.468292027711868286e-01
0.000000000000000000e+00 1.077762469649314880e-01
0.000000000000000000e+00 1.169353723526000977e-01
0.000000000000000000e+00 1.003917828202247620e-01
0.000000000000000000e+00 1.034396812319755554e-01
0.000000000000000000e+00 1.123600602149963379e-01
0.000000000000000000e+00 1.015900596976280212e-01
0.000000000000000000e+00 1.088108643889427185e-01
0.000000000000000000e+00 1.870964616537094116e-01
0.000000000000000000e+00 1.269600987434387207e-01
0.000000000000000000e+00 1.595301926136016846e-01
0.000000000000000000e+00 1.218963712453842163e-01
0.000000000000000000e+00 1.477821767330169678e-01
0.000000000000000000e+00 1.310279816389083862e-01
0.000000000000000000e+00 1.983177214860916138e-01
0.000000000000000000e+00 1.457698643207550049e-01
0.000000000000000000e+00 1.466510891914367676e-01
0.000000000000000000e+00 1.293812841176986694e-01
0.000000000000000000e+00 1.440155059099197388e-01
0.000000000000000000e+00 1.536094248294830322e-01
0.000000000000000000e+00 1.678350269794464111e-01
0.000000000000000000e+00 1.500337272882461548e-01
0.000000000000000000e+00 1.471648812294006348e-01
0.000000000000000000e+00 1.501875519752502441e-01
0.000000000000000000e+00 2.148637622594833374e-01
0.000000000000000000e+00 2.017213404178619385e-01
0.000000000000000000e+00 2.183164507150650024e-01
0.000000000000000000e+00 1.983638107776641846e-01
0.000000000000000000e+00 2.532202601432800293e-01
0.000000000000000000e+00 7.333792001008987427e-02
0.000000000000000000e+00 8.528011292219161987e-02
0.000000000000000000e+00 1.074621900916099548e-01
0.000000000000000000e+00 1.050679385662078857e-01
0.000000000000000000e+00 1.281116902828216553e-01
0.000000000000000000e+00 1.381765604019165039e-01
0.000000000000000000e+00 1.524647325277328491e-01
0.000000000000000000e+00 1.861725002527236938e-01
0.000000000000000000e+00 2.099558860063552856e-01
0.000000000000000000e+00 2.141859084367752075e-01
0.000000000000000000e+00 2.061361819505691528e-01
0.000000000000000000e+00 2.309173345565795898e-01
0.000000000000000000e+00 2.306428998708724976e-01
0.000000000000000000e+00 2.463011145591735840e-01
0.000000000000000000e+00 2.400708645582199097e-01
0.000000000000000000e+00 2.186321616172790527e-01
0.000000000000000000e+00 2.286781072616577148e-01
0.000000000000000000e+00 2.631738185882568359e-01
0.000000000000000000e+00 2.414771169424057007e-01
0.000000000000000000e+00 2.721840441226959229e-01
0.000000000000000000e+00 2.771030366420745850e-01
0.000000000000000000e+00 2.952956259250640869e-01
0.000000000000000000e+00 2.818123102188110352e-01
0.000000000000000000e+00 3.311572670936584473e-01
0.000000000000000000e+00 3.505512773990631104e-01
0.000000000000000000e+00 2.596428394317626953e-01
1.000000000000000000e+00 1.999554038047790527e-01
1.000000000000000000e+00 2.006696909666061401e-01
1.000000000000000000e+00 2.248362898826599121e-01
0.000000000000000000e+00 1.858689934015274048e-01
0.000000000000000000e+00 2.606459558010101318e-01
0.000000000000000000e+00 2.618137896060943604e-01
0.000000000000000000e+00 3.441447913646697998e-01
0.000000000000000000e+00 2.882377505302429199e-01
0.000000000000000000e+00 2.472560852766036987e-01
0.000000000000000000e+00 1.007640883326530457e-01
0.000000000000000000e+00 3.384455665946006775e-02
0.000000000000000000e+00 1.460929866880178452e-02
0.000000000000000000e+00 7.327147293835878372e-03
0.000000000000000000e+00 5.201078951358795166e-03
0.000000000000000000e+00 8.425067178905010223e-03
0.000000000000000000e+00 7.962201721966266632e-03
0.000000000000000000e+00 1.027171872556209564e-02
0.000000000000000000e+00 1.204946450889110565e-02
0.000000000000000000e+00 1.403388567268848419e-02
0.000000000000000000e+00 1.201840396970510483e-02
0.000000000000000000e+00 2.348987758159637451e-02
0.000000000000000000e+00 4.161266237497329712e-02
0.000000000000000000e+00 6.749717891216278076e-02
0.000000000000000000e+00 9.916760027408599854e-02
0.000000000000000000e+00 1.277791857719421387e-01
0.000000000000000000e+00 1.284319013357162476e-01
0.000000000000000000e+00 1.673688739538192749e-01
0.000000000000000000e+00 1.392487138509750366e-01
0.000000000000000000e+00 1.466258317232131958e-01
0.000000000000000000e+00 1.136590093374252319e-01
0.000000000000000000e+00 1.211495175957679749e-01
0.000000000000000000e+00 1.157441958785057068e-01
0.000000000000000000e+00 9.643698483705520630e-02
0.000000000000000000e+00 9.942385554313659668e-02
0.000000000000000000e+00 1.136783584952354431e-01
0.000000000000000000e+00 1.217242181301116943e-01
0.000000000000000000e+00 1.697238534688949585e-01
0.000000000000000000e+00 1.934997886419296265e-01
0.000000000000000000e+00 2.054338753223419189e-01
0.000000000000000000e+00 2.172579467296600342e-01
0.000000000000000000e+00 2.129576057195663452e-01
0.000000000000000000e+00 2.446611225605010986e-01
0.000000000000000000e+00 2.227468788623809814e-01
0.000000000000000000e+00 2.248934209346771240e-01
0.000000000000000000e+00 2.308723181486129761e-01
0.000000000000000000e+00 2.461369782686233521e-01
0.000000000000000000e+00 2.310750633478164673e-01
0.000000000000000000e+00 2.182484120130538940e-01
0.000000000000000000e+00 2.384214252233505249e-01
0.000000000000000000e+00 7.988494471646845341e-04
0.000000000000000000e+00 1.101611065678298473e-03
0.000000000000000000e+00 1.175186596810817719e-03
0.000000000000000000e+00 1.146848662756383419e-03
0.000000000000000000e+00 2.271927427500486374e-03
0.000000000000000000e+00 5.858999677002429962e-03
0.000000000000000000e+00 2.775953384116292000e-03
0.000000000000000000e+00 5.203552078455686569e-03
0.000000000000000000e+00 6.669370457530021667e-03
0.000000000000000000e+00 1.511855423450469971e-02
0.000000000000000000e+00 1.004171650856733322e-02
0.000000000000000000e+00 3.429929912090301514e-02
0.000000000000000000e+00 3.826639428734779358e-02
0.000000000000000000e+00 9.189437329769134521e-02
0.000000000000000000e+00 8.818500488996505737e-02
0.000000000000000000e+00 1.009935960173606873e-01
0.000000000000000000e+00 1.054898127913475037e-01
0.000000000000000000e+00 1.558049619197845459e-01
0.000000000000000000e+00 1.097654700279235840e-01
0.000000000000000000e+00 6.520225852727890015e-02
0.000000000000000000e+00 5.843139812350273132e-02
0.000000000000000000e+00 3.344705328345298767e-02
0.000000000000000000e+00 1.985633373260498047e-02
0.000000000000000000e+00 2.422498539090156555e-02
0.000000000000000000e+00 1.570764556527137756e-02
0.000000000000000000e+00 1.646702550351619720e-02
0.000000000000000000e+00 1.108779385685920715e-02
0.000000000000000000e+00 8.688108995556831360e-03
0.000000000000000000e+00 8.702264167368412018e-03
0.000000000000000000e+00 6.345628760755062103e-03
0.000000000000000000e+00 4.497498273849487305e-03
0.000000000000000000e+00 3.700605127960443497e-03
0.000000000000000000e+00 2.798070199787616730e-03
0.000000000000000000e+00 2.730302046984434128e-03
0.000000000000000000e+00 1.811960828490555286e-03
0.000000000000000000e+00 2.733734436333179474e-03
0.000000000000000000e+00 3.738260595127940178e-03
0.000000000000000000e+00 3.837491152808070183e-03
0.000000000000000000e+00 4.061894491314888000e-03
0.000000000000000000e+00 5.076685454696416855e-03
0.000000000000000000e+00 4.387997090816497803e-03
0.000000000000000000e+00 6.565804593265056610e-03
0.000000000000000000e+00 9.273387491703033447e-03
0.000000000000000000e+00 1.263820473104715347e-02
0.000000000000000000e+00 2.386259846389293671e-02
0.000000000000000000e+00 3.711147233843803406e-02
0.000000000000000000e+00 2.189644239842891693e-02
0.000000000000000000e+00 1.245647389441728592e-02
0.000000000000000000e+00 7.666364312171936035e-03
0.000000000000000000e+00 2.795910462737083435e-03
0.000000000000000000e+00 1.615845016203820705e-03
0.000000000000000000e+00 1.039688359014689922e-03
0.000000000000000000e+00 2.186878584325313568e-03
0.000000000000000000e+00 3.242169041186571121e-03
0.000000000000000000e+00 3.247284563258290291e-03
0.000000000000000000e+00 3.827018896117806435e-03
0.000000000000000000e+00 4.391356837004423141e-03
0.000000000000000000e+00 3.771853400394320488e-03
0.000000000000000000e+00 3.439465072005987167e-03
0.000000000000000000e+00 2.572251250967383385e-03
0.000000000000000000e+00 2.345949644222855568e-03
0.000000000000000000e+00 1.908256905153393745e-03
0.000000000000000000e+00 3.617155831307172775e-03
0.000000000000000000e+00 4.182260017842054367e-03
0.000000000000000000e+00 4.568218719214200974e-03
0.000000000000000000e+00 4.447125364094972610e-03
0.000000000000000000e+00 2.213801490142941475e-03
0.000000000000000000e+00 3.046173602342605591e-03
0.000000000000000000e+00 1.544891856610774994e-03
0.000000000000000000e+00 1.907049329020082951e-03
0.000000000000000000e+00 1.095143728889524937e-03
0.000000000000000000e+00 8.919885149225592613e-04
0.000000000000000000e+00 9.221257641911506653e-04
0.000000000000000000e+00 2.455215668305754662e-03
0.000000000000000000e+00 2.521114656701683998e-03
0.000000000000000000e+00 8.001948148012161255e-02
0.000000000000000000e+00 9.534116089344024658e-02
0.000000000000000000e+00 8.810921013355255127e-02
0.000000000000000000e+00 5.692602321505546570e-02
0.000000000000000000e+00 7.258883118629455566e-02
0.000000000000000000e+00 1.133991628885269165e-01
0.000000000000000000e+00 1.150744631886482239e-01
0.000000000000000000e+00 8.862067013978958130e-02
0.000000000000000000e+00 1.468531340360641479e-01
0.000000000000000000e+00 1.010459065437316895e-01
0.000000000000000000e+00 1.336769312620162964e-01
0.000000000000000000e+00 1.497822850942611694e-01
0.000000000000000000e+00 1.599325388669967651e-01
0.000000000000000000e+00 1.689545363187789917e-01
0.000000000000000000e+00 1.555374562740325928e-01
0.000000000000000000e+00 1.449658870697021484e-01
1.000000000000000000e+00 1.399449855089187622e-01
0.000000000000000000e+00 1.242509633302688599e-01
0.000000000000000000e+00 1.425190120935440063e-01
0.000000000000000000e+00 2.239770442247390747e-01
0.000000000000000000e+00 2.466181516647338867e-01
0.000000000000000000e+00 3.597699701786041260e-01
0.000000000000000000e+00 6.677162647247314453e-01
0.000000000000000000e+00 6.188374757766723633e-01
0.000000000000000000e+00 7.284396290779113770e-01
0.000000000000000000e+00 8.103846311569213867e-01
0.000000000000000000e+00 8.149161934852600098e-01
0.000000000000000000e+00 7.504875063896179199e-01
0.000000000000000000e+00 6.991091966629028320e-01
0.000000000000000000e+00 5.717226862907409668e-01
0.000000000000000000e+00 2.204519659280776978e-01
0.000000000000000000e+00 9.998691082000732422e-02
0.000000000000000000e+00 1.100589632987976074e-01
0.000000000000000000e+00 6.904280185699462891e-02
0.000000000000000000e+00 5.958459898829460144e-02
0.000000000000000000e+00 4.900239035487174988e-02
0.000000000000000000e+00 5.896590277552604675e-02
0.000000000000000000e+00 7.848639041185379028e-02
0.000000000000000000e+00 9.733688831329345703e-02
0.000000000000000000e+00 1.059795394539833069e-01
0.000000000000000000e+00 1.385403871536254883e-01
0.000000000000000000e+00 1.465335488319396973e-01
0.000000000000000000e+00 1.541654169559478760e-01
0.000000000000000000e+00 1.252029985189437866e-01
0.000000000000000000e+00 2.091076970100402832e-01
0.000000000000000000e+00 1.917170137166976929e-01
0.000000000000000000e+00 1.866754889488220215e-01
0.000000000000000000e+00 4.272983372211456299e-01
0.000000000000000000e+00 6.064040660858154297e-01
0.000000000000000000e+00 6.910459399223327637e-01
0.000000000000000000e+00 7.424012422561645508e-01
0.000000000000000000e+00 7.082468271255493164e-01
0.000000000000000000e+00 5.425673127174377441e-01
0.000000000000000000e+00 4.162129163742065430e-01
0.000000000000000000e+00 2.334368675947189331e-01
0.000000000000000000e+00 1.694017350673675537e-01
0.000000000000000000e+00 1.082038134336471558e-01
0.000000000000000000e+00 1.058736518025398254e-01
0.000000000000000000e+00 1.601461023092269897e-01
0.000000000000000000e+00 1.555750072002410889e-01
0.000000000000000000e+00 2.110826820135116577e-01
0.000000000000000000e+00 1.978208124637603760e-01
0.000000000000000000e+00 1.918383836746215820e-01
0.000000000000000000e+00 2.518339157104492188e-01
0.000000000000000000e+00 3.170458376407623291e-01
0.000000000000000000e+00 3.218395411968231201e-01
0.000000000000000000e+00 5.590929388999938965e-01
0.000000000000000000e+00 6.722555756568908691e-01
0.000000000000000000e+00 6.539486646652221680e-01
0.000000000000000000e+00 7.635732293128967285e-01
0.000000000000000000e+00 7.664960026741027832e-01
0.000000000000000000e+00 7.300546169281005859e-01
0.000000000000000000e+00 6.801033020019531250e-01
0.000000000000000000e+00 5.373942852020263672e-01
0.000000000000000000e+00 5.136513710021972656e-01
0.000000000000000000e+00 1.576847571413964033e-04
0.000000000000000000e+00 2.261146582895889878e-04
0.000000000000000000e+00 2.551348297856748104e-04
0.000000000000000000e+00 3.731953329406678677e-04
0.000000000000000000e+00 5.786371766589581966e-04
0.000000000000000000e+00 1.003536861389875412e-03
0.000000000000000000e+00 1.344698248431086540e-03
0.000000000000000000e+00 1.227421453222632408e-03
0.000000000000000000e+00 1.572399283759295940e-03
0.000000000000000000e+00 2.393554197624325752e-03
0.000000000000000000e+00 2.428148407489061356e-03
0.000000000000000000e+00 3.445298178121447563e-03
0.000000000000000000e+00 4.911605734378099442e-03
0.000000000000000000e+00 6.376449018716812134e-03
0.000000000000000000e+00 8.040224201977252960e-03
0.000000000000000000e+00 7.094677537679672241e-03
1.000000000000000000e+00 7.960043847560882568e-03
0.000000000000000000e+00 1.147795282304286957e-02
0.000000000000000000e+00 7.500862237066030502e-03
0.000000000000000000e+00 9.800955653190612793e-03
0.000000000000000000e+00 9.166231378912925720e-03
0.000000000000000000e+00 1.034081820398569107e-02
0.000000000000000000e+00 1.018701959401369095e-02
0.000000000000000000e+00 1.137521397322416306e-02
0.000000000000000000e+00 1.080552581697702408e-02
0.000000000000000000e+00 7.464881986379623413e-03
0.000000000000000000e+00 4.369294270873069763e-03
0.000000000000000000e+00 4.337980877608060837e-03
0.000000000000000000e+00 3.257677424699068069e-03
0.000000000000000000e+00 2.199780195951461792e-03
0.000000000000000000e+00 1.291676540859043598e-03
0.000000000000000000e+00 7.160474197007715702e-04
0.000000000000000000e+00 3.188553382642567158e-04
0.000000000000000000e+00 1.810548419598490000e-04
0.000000000000000000e+00 1.273173547815531492e-04
0.000000000000000000e+00 5.493195203598588705e-05
0.000000000000000000e+00 3.784909131354652345e-05
0.000000000000000000e+00 3.988216849393211305e-05
0.000000000000000000e+00 3.082294642808847129e-05
0.000000000000000000e+00 1.933783096319530159e-05
0.000000000000000000e+00 1.626625635253731161e-05
0.000000000000000000e+00 1.360350142931565642e-05
0.000000000000000000e+00 1.026704740070272237e-05
0.000000000000000000e+00 8.423081453656777740e-06
0.000000000000000000e+00 9.315777788287959993e-06
0.000000000000000000e+00 9.130239959631580859e-06
0.000000000000000000e+00 1.175449506263248622e-05
0.000000000000000000e+00 1.368349512631539255e-05
0.000000000000000000e+00 1.697951120149809867e-05
0.000000000000000000e+00 1.759730366757139564e-05
0.000000000000000000e+00 1.384610914101358503e-05
0.000000000000000000e+00 1.371300641039852053e-05
0.000000000000000000e+00 1.068080109689617530e-05
0.000000000000000000e+00 1.071718543244060129e-05
0.000000000000000000e+00 8.828202226141002029e-06
0.000000000000000000e+00 5.572362624661764130e-06
0.000000000000000000e+00 3.993473001173697412e-06
0.000000000000000000e+00 5.207858521316666156e-06
0.000000000000000000e+00 5.594748472503852099e-06
0.000000000000000000e+00 5.147205229150131345e-06
0.000000000000000000e+00 6.164047135825967416e-06
0.000000000000000000e+00 6.508207206934457645e-06
0.000000000000000000e+00 7.459881999238859862e-06
0.000000000000000000e+00 4.315349997341400012e-06
0.000000000000000000e+00 6.329852567432681099e-06
0.000000000000000000e+00 7.660449227842036635e-06
0.000000000000000000e+00 8.956079909694381058e-06
0.000000000000000000e+00 1.186596455227117985e-05
0.000000000000000000e+00 1.317896203545387834e-05
0.000000000000000000e+00 1.024515768222045153e-05
0.000000000000000000e+00 1.030395833367947489e-05
0.000000000000000000e+00 1.138863717642379925e-05
0.000000000000000000e+00 1.503674593550385907e-05
0.000000000000000000e+00 1.911010076582897455e-05
0.000000000000000000e+00 2.248592500109225512e-05
