0.000000000000000000e+00 4.500136971473693848e-01
0.000000000000000000e+00 4.497974812984466553e-01
0.000000000000000000e+00 3.698638975620269775e-01
0.000000000000000000e+00 3.706615567207336426e-01
0.000000000000000000e+00 3.515038788318634033e-01
0.000000000000000000e+00 3.690438866615295410e-01
0.000000000000000000e+00 3.879670202732086182e-01
0.000000000000000000e+00 3.209818303585052490e-01
0.000000000000000000e+00 3.355738818645477295e-01
0.000000000000000000e+00 2.997130453586578369e-01
0.000000000000000000e+00 3.250102698802947998e-01
0.000000000000000000e+00 2.996736764907836914e-01
0.000000000000000000e+00 2.569574713706970215e-01
0.000000000000000000e+00 1.807961910963058472e-01
0.000000000000000000e+00 1.501670330762863159e-01
0.000000000000000000e+00 1.343668848276138306e-01
1.000000000000000000e+00 1.567440032958984375e-01
0.000000000000000000e+00 1.399163305759429932e-01
0.000000000000000000e+00 1.575969159603118896e-01
0.000000000000000000e+00 2.175930291414260864e-01
0.000000000000000000e+00 2.771268188953399658e-01
1.000000000000000000e+00 3.719238042831420898e-01
1.000000000000000000e+00 3.435211479663848877e-01
1.000000000000000000e+00 5.015370845794677734e-01
1.000000000000000000e+00 5.287282466888427734e-01
1.000000000000000000e+00 4.219682812690734863e-01
0.000000000000000000e+00 3.561135828495025635e-01
0.000000000000000000e+00 2.136999815702438354e-01
0.000000000000000000e+00 2.194427847862243652e-01
0.000000000000000000e+00 1.494075506925582886e-01
0.000000000000000000e+00 1.105406135320663452e-01
1.000000000000000000e+00 9.772139042615890503e-02
1.000000000000000000e+00 5.229756981134414673e-02
1.000000000000000000e+00 6.986094266176223755e-02
0.000000000000000000e+00 3.097840026021003723e-02
0.000000000000000000e+00 2.803843095898628235e-02
0.000000000000000000e+00 3.047505021095275879e-02
0.000000000000000000e+00 2.722056768834590912e-02
1.000000000000000000e+00 1.921245269477367401e-02
0.000000000000000000e+00 3.102752566337585449e-02
0.000000000000000000e+00 3.878970444202423096e-02
0.000000000000000000e+00 5.212781578302383423e-02
0.000000000000000000e+00 6.635169684886932373e-02
0.000000000000000000e+00 5.665374919772148132e-02
0.000000000000000000e+00 5.651487037539482117e-02
0.000000000000000000e+00 1.019584089517593384e-01
0.000000000000000000e+00 7.836719602346420288e-02
0.000000000000000000e+00 1.175346672534942627e-01
0.000000000000000000e+00 1.890811324119567871e-01
0.000000000000000000e+00 1.470518261194229126e-01
0.000000000000000000e+00 8.704196661710739136e-02
0.000000000000000000e+00 1.800981014966964722e-01
0.000000000000000000e+00 1.843442767858505249e-01
0.000000000000000000e+00 2.141508013010025024e-01
0.000000000000000000e+00 2.306005507707595825e-01
0.000000000000000000e+00 2.756073176860809326e-01
0.000000000000000000e+00 2.923005521297454834e-01
0.000000000000000000e+00 4.345296025276184082e-01
0.000000000000000000e+00 3.250693678855895996e-01
0.000000000000000000e+00 2.781059741973876953e-01
0.000000000000000000e+00 1.928910911083221436e-01
0.000000000000000000e+00 1.655446290969848633e-01
0.000000000000000000e+00 1.805643141269683838e-01
0.000000000000000000e+00 2.300374954938888550e-01
1.000000000000000000e+00 2.211999893188476562e-01
0.000000000000000000e+00 2.545377612113952637e-01
0.000000000000000000e+00 4.563378095626831055e-01
0.000000000000000000e+00 5.811415910720825195e-01
0.000000000000000000e+00 5.460379123687744141e-01
0.000000000000000000e+00 4.759097099304199219e-01
0.000000000000000000e+00 5.252724885940551758e-01
0.000000000000000000e+00 4.996526241302490234e-01
0.000000000000000000e+00 4.242876470088958740e-01
1.000000000000000000e+00 4.339446425437927246e-01
0.000000000000000000e+00 4.182171821594238281e-01
0.000000000000000000e+00 6.132112145423889160e-01
0.000000000000000000e+00 7.161821126937866211e-01
0.000000000000000000e+00 5.741700530052185059e-01
0.000000000000000000e+00 3.867243528366088867e-01
0.000000000000000000e+00 3.706885576248168945e-01
0.000000000000000000e+00 3.068890869617462158e-01
0.000000000000000000e+00 3.632873296737670898e-01
0.000000000000000000e+00 1.827846318483352661e-01
0.000000000000000000e+00 1.298888474702835083e-01
0.000000000000000000e+00 9.759806096553802490e-02
0.000000000000000000e+00 8.999051898717880249e-02
0.000000000000000000e+00 8.009854704141616821e-02
0.000000000000000000e+00 5.731978267431259155e-02
0.000000000000000000e+00 5.108096823096275330e-02
0.000000000000000000e+00 4.838652163743972778e-02
0.000000000000000000e+00 4.703070968389511108e-02
1.000000000000000000e+00 5.909786373376846313e-02
1.000000000000000000e+00 7.978509366512298584e-02
0.000000000000000000e+00 9.733022749423980713e-02
0.000000000000000000e+00 1.523973941802978516e-01
0.000000000000000000e+00 2.307295352220535278e-01
1.000000000000000000e+00 3.476883172988891602e-01
1.000000000000000000e+00 4.130125045776367188e-01
1.000000000000000000e+00 5.019317269325256348e-01
0.000000000000000000e+00 5.546576380729675293e-01
0.000000000000000000e+00 5.344875454902648926e-01
0.000000000000000000e+00 5.022711753845214844e-01
0.000000000000000000e+00 4.710664451122283936e-01
0.000000000000000000e+00 3.743480145931243896e-01
0.000000000000000000e+00 3.701058924198150635e-01
0.000000000000000000e+00 3.675551414489746094e-01
0.000000000000000000e+00 3.744955956935882568e-01
0.000000000000000000e+00 3.028863668441772461e-01
0.000000000000000000e+00 3.284333944320678711e-01
0.000000000000000000e+00 3.533242642879486084e-01
0.000000000000000000e+00 2.584679126739501953e-01
0.000000000000000000e+00 3.015173673629760742e-01
0.000000000000000000e+00 2.584255039691925049e-01
0.000000000000000000e+00 2.867670953273773193e-01
0.000000000000000000e+00 2.497974783182144165e-01
0.000000000000000000e+00 3.574556112289428711e-01
0.000000000000000000e+00 3.191979229450225830e-01
0.000000000000000000e+00 3.006862103939056396e-01
0.000000000000000000e+00 3.228306770324707031e-01
0.000000000000000000e+00 3.849701881408691406e-01
0.000000000000000000e+00 3.578175604343414307e-01
0.000000000000000000e+00 3.988420069217681885e-01
0.000000000000000000e+00 4.613904356956481934e-01
0.000000000000000000e+00 4.853686094284057617e-01
0.000000000000000000e+00 5.610836744308471680e-01
0.000000000000000000e+00 5.086174607276916504e-01
0.000000000000000000e+00 5.569160580635070801e-01
0.000000000000000000e+00 5.085018873214721680e-01
0.000000000000000000e+00 6.094957590103149414e-01
1.000000000000000000e+00 6.500836610794067383e-01
1.000000000000000000e+00 6.089075207710266113e-01
1.000000000000000000e+00 5.950993299484252930e-01
1.000000000000000000e+00 5.977355241775512695e-01
1.000000000000000000e+00 6.200807094573974609e-01
1.000000000000000000e+00 5.791404247283935547e-01
0.000000000000000000e+00 4.544167518615722656e-01
0.000000000000000000e+00 4.514433443546295166e-01
0.000000000000000000e+00 4.962871074676513672e-01
0.000000000000000000e+00 4.896672368049621582e-01
0.000000000000000000e+00 4.129208326339721680e-01
0.000000000000000000e+00 4.628306925296783447e-01
0.000000000000000000e+00 3.778500556945800781e-01
0.000000000000000000e+00 3.520849347114562988e-01
0.000000000000000000e+00 4.140907526016235352e-01
0.000000000000000000e+00 3.578443825244903564e-01
0.000000000000000000e+00 3.845741748809814453e-01
1.000000000000000000e+00 3.991152346134185791e-01
1.000000000000000000e+00 5.794901847839355469e-01
0.000000000000000000e+00 4.019469022750854492e-01
0.000000000000000000e+00 4.086415767669677734e-01
0.000000000000000000e+00 4.680340588092803955e-01
0.000000000000000000e+00 4.432648420333862305e-01
0.000000000000000000e+00 4.494504630565643311e-01
0.000000000000000000e+00 2.951168119907379150e-01
0.000000000000000000e+00 2.868168950080871582e-01
0.000000000000000000e+00 2.052953988313674927e-01
0.000000000000000000e+00 2.431061714887619019e-01
0.000000000000000000e+00 2.219018936157226562e-01
0.000000000000000000e+00 2.480937689542770386e-01
0.000000000000000000e+00 2.296409159898757935e-01
0.000000000000000000e+00 2.523586153984069824e-01
0.000000000000000000e+00 3.164263367652893066e-01
0.000000000000000000e+00 1.652885973453521729e-01
0.000000000000000000e+00 2.976221740245819092e-01
0.000000000000000000e+00 2.860646545886993408e-01
0.000000000000000000e+00 2.489809691905975342e-01
0.000000000000000000e+00 3.988081812858581543e-01
0.000000000000000000e+00 3.884695768356323242e-01
0.000000000000000000e+00 3.243503272533416748e-01
0.000000000000000000e+00 3.626300394535064697e-01
0.000000000000000000e+00 4.908837974071502686e-01
0.000000000000000000e+00 4.252887666225433350e-01
0.000000000000000000e+00 3.804726898670196533e-01
0.000000000000000000e+00 2.897302806377410889e-01
0.000000000000000000e+00 3.177096247673034668e-01
0.000000000000000000e+00 4.236431121826171875e-01
0.000000000000000000e+00 4.521951377391815186e-01
0.000000000000000000e+00 6.740639209747314453e-01
0.000000000000000000e+00 6.219606995582580566e-01
0.000000000000000000e+00 4.226770699024200439e-01
0.000000000000000000e+00 6.329222321510314941e-01
0.000000000000000000e+00 6.397808790206909180e-01
1.000000000000000000e+00 5.118197798728942871e-01
1.000000000000000000e+00 5.567749738693237305e-01
0.000000000000000000e+00 4.633061289787292480e-01
0.000000000000000000e+00 6.486354470252990723e-01
0.000000000000000000e+00 5.745953917503356934e-01
0.000000000000000000e+00 7.315889596939086914e-01
0.000000000000000000e+00 8.081575036048889160e-01
0.000000000000000000e+00 7.882213592529296875e-01
0.000000000000000000e+00 8.127876520156860352e-01
0.000000000000000000e+00 6.894930601119995117e-01
0.000000000000000000e+00 4.727557301521301270e-01
0.000000000000000000e+00 7.685354948043823242e-01
0.000000000000000000e+00 7.276242375373840332e-01
0.000000000000000000e+00 6.766478419303894043e-01
0.000000000000000000e+00 6.946884989738464355e-01
0.000000000000000000e+00 6.160700321197509766e-01
0.000000000000000000e+00 7.037218213081359863e-01
0.000000000000000000e+00 7.162352204322814941e-01
0.000000000000000000e+00 6.681981682777404785e-01
0.000000000000000000e+00 7.190384864807128906e-01
1.000000000000000000e+00 7.044643759727478027e-01
1.000000000000000000e+00 6.834329962730407715e-01
1.000000000000000000e+00 5.649514198303222656e-01
1.000000000000000000e+00 6.786065101623535156e-01
1.000000000000000000e+00 7.039046883583068848e-01
0.000000000000000000e+00 4.848964512348175049e-01
0.000000000000000000e+00 5.473693609237670898e-01
0.000000000000000000e+00 6.899203062057495117e-01
0.000000000000000000e+00 6.347464919090270996e-01
0.000000000000000000e+00 6.412494778633117676e-01
0.000000000000000000e+00 6.267374753952026367e-01
0.000000000000000000e+00 6.413399577140808105e-01
0.000000000000000000e+00 7.071226835250854492e-01
0.000000000000000000e+00 5.803633332252502441e-01
0.000000000000000000e+00 7.705076336860656738e-01
0.000000000000000000e+00 6.196664571762084961e-01
0.000000000000000000e+00 6.537008285522460938e-01
0.000000000000000000e+00 6.485092043876647949e-01
0.000000000000000000e+00 6.565755605697631836e-01
0.000000000000000000e+00 6.907261610031127930e-01
0.000000000000000000e+00 6.872348785400390625e-01
0.000000000000000000e+00 7.051231861114501953e-01
0.000000000000000000e+00 6.327224969863891602e-01
1.000000000000000000e+00 8.337772488594055176e-01
1.000000000000000000e+00 7.739942073822021484e-01
1.000000000000000000e+00 7.433918714523315430e-01
1.000000000000000000e+00 7.689406871795654297e-01
0.000000000000000000e+00 7.774330377578735352e-01
0.000000000000000000e+00 6.190183758735656738e-01
0.000000000000000000e+00 5.623883605003356934e-01
1.000000000000000000e+00 4.256061911582946777e-01
0.000000000000000000e+00 3.063167035579681396e-01
0.000000000000000000e+00 2.069479376077651978e-01
0.000000000000000000e+00 1.467451900243759155e-01
0.000000000000000000e+00 1.320901215076446533e-01
0.000000000000000000e+00 9.913218021392822266e-02
0.000000000000000000e+00 7.871671766042709351e-02
0.000000000000000000e+00 6.395675241947174072e-02
0.000000000000000000e+00 7.643240690231323242e-02
0.000000000000000000e+00 8.826663345098495483e-02
0.000000000000000000e+00 9.966559708118438721e-02
0.000000000000000000e+00 1.031274124979972839e-01
0.000000000000000000e+00 1.033882275223731995e-01
0.000000000000000000e+00 1.261039376258850098e-01
0.000000000000000000e+00 1.697413325309753418e-01
0.000000000000000000e+00 2.142037302255630493e-01
0.000000000000000000e+00 2.627689242362976074e-01
0.000000000000000000e+00 2.323546260595321655e-01
0.000000000000000000e+00 1.791376918554306030e-01
1.000000000000000000e+00 1.917169690132141113e-01
0.000000000000000000e+00 1.866749227046966553e-01
0.000000000000000000e+00 1.933966428041458130e-01
0.000000000000000000e+00 2.559022307395935059e-01
0.000000000000000000e+00 2.514918446540832520e-01
0.000000000000000000e+00 2.094517499208450317e-01
0.000000000000000000e+00 1.790194213390350342e-01
0.000000000000000000e+00 2.020043283700942993e-01
0.000000000000000000e+00 1.921375393867492676e-01
0.000000000000000000e+00 2.034187018871307373e-01
0.000000000000000000e+00 1.994575709104537964e-01
0.000000000000000000e+00 1.906231641769409180e-01
0.000000000000000000e+00 2.019868940114974976e-01
0.000000000000000000e+00 1.708072125911712646e-01
0.000000000000000000e+00 1.791890859603881836e-01
0.000000000000000000e+00 1.933338344097137451e-01
0.000000000000000000e+00 1.687054485082626343e-01
0.000000000000000000e+00 2.378037124872207642e-01
0.000000000000000000e+00 3.068655431270599365e-01
0.000000000000000000e+00 6.042020916938781738e-01
0.000000000000000000e+00 6.826083064079284668e-01
0.000000000000000000e+00 7.046737074851989746e-01
0.000000000000000000e+00 7.563120126724243164e-01
0.000000000000000000e+00 7.598052024841308594e-01
0.000000000000000000e+00 6.872553825378417969e-01
0.000000000000000000e+00 8.170397877693176270e-01
0.000000000000000000e+00 7.309700846672058105e-01
1.000000000000000000e+00 7.843120694160461426e-01
1.000000000000000000e+00 8.036255240440368652e-01
1.000000000000000000e+00 7.340994477272033691e-01
1.000000000000000000e+00 6.832429170608520508e-01
1.000000000000000000e+00 6.330403685569763184e-01
1.000000000000000000e+00 5.502079725265502930e-01
0.000000000000000000e+00 5.053648948669433594e-01
0.000000000000000000e+00 3.882198631763458252e-01
0.000000000000000000e+00 3.468691408634185791e-01
0.000000000000000000e+00 3.124099969863891602e-01
0.000000000000000000e+00 3.226081430912017822e-01
0.000000000000000000e+00 3.590164780616760254e-01
0.000000000000000000e+00 4.224494695663452148e-01
0.000000000000000000e+00 3.599403202533721924e-01
0.000000000000000000e+00 5.177141427993774414e-01
0.000000000000000000e+00 5.679290890693664551e-01
0.000000000000000000e+00 5.898193717002868652e-01
0.000000000000000000e+00 5.407512187957763672e-01
0.000000000000000000e+00 6.051002740859985352e-01
0.000000000000000000e+00 5.328073501586914062e-01
0.000000000000000000e+00 6.428070068359375000e-01
0.000000000000000000e+00 6.081190109252929688e-01
1.000000000000000000e+00 4.965080022811889648e-01
1.000000000000000000e+00 6.271782517433166504e-01
1.000000000000000000e+00 5.215395689010620117e-01
1.000000000000000000e+00 5.773331522941589355e-01
1.000000000000000000e+00 6.049373745918273926e-01
1.000000000000000000e+00 3.422056138515472412e-01
1.000000000000000000e+00 3.458250164985656738e-01
1.000000000000000000e+00 2.908120751380920410e-01
1.000000000000000000e+00 1.593793928623199463e-01
1.000000000000000000e+00 1.073820218443870544e-01
0.000000000000000000e+00 7.687218487262725830e-02
0.000000000000000000e+00 6.897263228893280029e-02
0.000000000000000000e+00 4.942131415009498596e-02
0.000000000000000000e+00 4.086925089359283447e-02
0.000000000000000000e+00 3.555173054337501526e-02
0.000000000000000000e+00 2.635964751243591309e-02
0.000000000000000000e+00 3.032435663044452667e-02
0.000000000000000000e+00 2.347228303551673889e-02
0.000000000000000000e+00 2.959643118083477020e-02
0.000000000000000000e+00 2.560004219412803650e-02
0.000000000000000000e+00 2.373575791716575623e-02
0.000000000000000000e+00 2.695685625076293945e-02
0.000000000000000000e+00 3.104763850569725037e-02
0.000000000000000000e+00 3.628264367580413818e-02
0.000000000000000000e+00 4.821472242474555969e-02
0.000000000000000000e+00 5.683133006095886230e-02
0.000000000000000000e+00 6.928554177284240723e-02
1.000000000000000000e+00 9.030348062515258789e-02
0.000000000000000000e+00 9.497345238924026489e-02
0.000000000000000000e+00 1.248422786593437195e-01
0.000000000000000000e+00 1.631025969982147217e-01
0.000000000000000000e+00 1.984809935092926025e-01
0.000000000000000000e+00 1.858607083559036255e-01
0.000000000000000000e+00 2.240406572818756104e-01
0.000000000000000000e+00 2.427700161933898926e-01
0.000000000000000000e+00 3.686288595199584961e-01
0.000000000000000000e+00 3.401672840118408203e-01
0.000000000000000000e+00 3.747549355030059814e-01
0.000000000000000000e+00 3.067833483219146729e-01
0.000000000000000000e+00 3.716632723808288574e-01
0.000000000000000000e+00 4.524607956409454346e-01
0.000000000000000000e+00 3.655867874622344971e-01
0.000000000000000000e+00 4.467031061649322510e-01
0.000000000000000000e+00 5.313668847084045410e-01
0.000000000000000000e+00 5.692238211631774902e-01
0.000000000000000000e+00 5.060057044029235840e-01
0.000000000000000000e+00 6.115352511405944824e-01
0.000000000000000000e+00 5.717571973800659180e-01
0.000000000000000000e+00 7.389574646949768066e-01
0.000000000000000000e+00 6.588381528854370117e-01
0.000000000000000000e+00 6.845640540122985840e-01
0.000000000000000000e+00 7.044140100479125977e-01
0.000000000000000000e+00 7.566507458686828613e-01
1.000000000000000000e+00 7.281835079193115234e-01
1.000000000000000000e+00 7.617408037185668945e-01
1.000000000000000000e+00 6.962903738021850586e-01
1.000000000000000000e+00 7.733581662178039551e-01
0.000000000000000000e+00 5.720857977867126465e-01
0.000000000000000000e+00 6.645457744598388672e-01
0.000000000000000000e+00 6.256526112556457520e-01
0.000000000000000000e+00 6.360321044921875000e-01
0.000000000000000000e+00 6.403120756149291992e-01
0.000000000000000000e+00 5.778812766075134277e-01
0.000000000000000000e+00 6.240866184234619141e-01
0.000000000000000000e+00 5.895230174064636230e-01
0.000000000000000000e+00 5.701477527618408203e-01
0.000000000000000000e+00 5.792868733406066895e-01
0.000000000000000000e+00 6.141756772994995117e-01
0.000000000000000000e+00 6.579934954643249512e-01
0.000000000000000000e+00 6.172451376914978027e-01
0.000000000000000000e+00 6.969680786132812500e-01
1.000000000000000000e+00 7.557796835899353027e-01
1.000000000000000000e+00 7.344855666160583496e-01
0.000000000000000000e+00 7.474628090858459473e-01
0.000000000000000000e+00 6.967341899871826172e-01
1.000000000000000000e+00 8.198670148849487305e-01
1.000000000000000000e+00 9.357471466064453125e-01
1.000000000000000000e+00 8.981685042381286621e-01
1.000000000000000000e+00 9.811503887176513672e-01
1.000000000000000000e+00 9.478904604911804199e-01
1.000000000000000000e+00 9.148443937301635742e-01
1.000000000000000000e+00 9.400514960289001465e-01
1.000000000000000000e+00 9.302298426628112793e-01
0.000000000000000000e+00 9.283165335655212402e-01
0.000000000000000000e+00 8.623532652854919434e-01
0.000000000000000000e+00 8.354831933975219727e-01
0.000000000000000000e+00 8.199823498725891113e-01
0.000000000000000000e+00 6.924281716346740723e-01
0.000000000000000000e+00 5.682438015937805176e-01
0.000000000000000000e+00 5.256081819534301758e-01
0.000000000000000000e+00 4.935178458690643311e-01
0.000000000000000000e+00 2.682567834854125977e-01
0.000000000000000000e+00 3.569867014884948730e-01
0.000000000000000000e+00 3.769817948341369629e-01
0.000000000000000000e+00 3.004799485206604004e-01
0.000000000000000000e+00 2.769593298435211182e-01
0.000000000000000000e+00 2.537131607532501221e-01
0.000000000000000000e+00 2.713879346847534180e-01
1.000000000000000000e+00 2.717839479446411133e-01
0.000000000000000000e+00 2.418277263641357422e-01
0.000000000000000000e+00 1.999672502279281616e-01
0.000000000000000000e+00 1.907670348882675171e-01
0.000000000000000000e+00 1.828745454549789429e-01
0.000000000000000000e+00 1.895245909690856934e-01
0.000000000000000000e+00 2.150581926107406616e-01
0.000000000000000000e+00 2.067317664623260498e-01
0.000000000000000000e+00 2.329094707965850830e-01
0.000000000000000000e+00 2.222798764705657959e-01
0.000000000000000000e+00 1.911680400371551514e-01
0.000000000000000000e+00 2.204152196645736694e-01
0.000000000000000000e+00 2.016785442829132080e-01
0.000000000000000000e+00 1.791628599166870117e-01
0.000000000000000000e+00 1.903364658355712891e-01
0.000000000000000000e+00 1.840497106313705444e-01
0.000000000000000000e+00 1.986644864082336426e-01
0.000000000000000000e+00 2.178824394941329956e-01
0.000000000000000000e+00 2.092930823564529419e-01
0.000000000000000000e+00 2.032477110624313354e-01
0.000000000000000000e+00 2.354256063699722290e-01
0.000000000000000000e+00 2.095209509134292603e-01
0.000000000000000000e+00 2.322764694690704346e-01
0.000000000000000000e+00 2.365534156560897827e-01
0.000000000000000000e+00 3.056679069995880127e-01
0.000000000000000000e+00 2.767213582992553711e-01
0.000000000000000000e+00 3.234506845474243164e-01
0.000000000000000000e+00 4.411250054836273193e-01
1.000000000000000000e+00 4.906478226184844971e-01
1.000000000000000000e+00 5.620115995407104492e-01
1.000000000000000000e+00 6.349408626556396484e-01
1.000000000000000000e+00 7.548401355743408203e-01
1.000000000000000000e+00 7.940838336944580078e-01
1.000000000000000000e+00 8.097554445266723633e-01
1.000000000000000000e+00 8.436970114707946777e-01
1.000000000000000000e+00 7.139136791229248047e-01
1.000000000000000000e+00 7.415185570716857910e-01
1.000000000000000000e+00 6.143641471862792969e-01
0.000000000000000000e+00 5.811243057250976562e-01
0.000000000000000000e+00 3.360432684421539307e-01
0.000000000000000000e+00 4.164721071720123291e-01
0.000000000000000000e+00 2.912706136703491211e-01
0.000000000000000000e+00 3.946432173252105713e-01
0.000000000000000000e+00 2.577287554740905762e-01
0.000000000000000000e+00 2.296151965856552124e-01
0.000000000000000000e+00 2.325550019741058350e-01
1.000000000000000000e+00 2.355425357818603516e-01
1.000000000000000000e+00 2.797389328479766846e-01
1.000000000000000000e+00 2.131550610065460205e-01
1.000000000000000000e+00 2.335579842329025269e-01
1.000000000000000000e+00 2.385574132204055786e-01
0.000000000000000000e+00 2.194197922945022583e-01
1.000000000000000000e+00 9.925081133842468262e-01
1.000000000000000000e+00 9.885879755020141602e-01
1.000000000000000000e+00 9.920405745506286621e-01
0.000000000000000000e+00 9.921669960021972656e-01
0.000000000000000000e+00 9.824836850166320801e-01
0.000000000000000000e+00 9.871122241020202637e-01
0.000000000000000000e+00 9.777185320854187012e-01
0.000000000000000000e+00 9.798658490180969238e-01
0.000000000000000000e+00 9.781671762466430664e-01
0.000000000000000000e+00 9.826327562332153320e-01
0.000000000000000000e+00 9.813263416290283203e-01
0.000000000000000000e+00 9.749643802642822266e-01
0.000000000000000000e+00 9.731098413467407227e-01
0.000000000000000000e+00 9.801821708679199219e-01
0.000000000000000000e+00 9.827846884727478027e-01
0.000000000000000000e+00 9.884665012359619141e-01
0.000000000000000000e+00 9.877076745033264160e-01
0.000000000000000000e+00 9.875152111053466797e-01
0.000000000000000000e+00 9.857342243194580078e-01
0.000000000000000000e+00 9.925580024719238281e-01
0.000000000000000000e+00 9.910502433776855469e-01
1.000000000000000000e+00 9.923855066299438477e-01
1.000000000000000000e+00 9.947115182876586914e-01
1.000000000000000000e+00 9.935910701751708984e-01
0.000000000000000000e+00 9.940104484558105469e-01
0.000000000000000000e+00 9.975122213363647461e-01
0.000000000000000000e+00 9.984020590782165527e-01
0.000000000000000000e+00 9.984246492385864258e-01
0.000000000000000000e+00 9.986540079116821289e-01
0.000000000000000000e+00 9.976893663406372070e-01
0.000000000000000000e+00 9.985472559928894043e-01
1.000000000000000000e+00 9.987341761589050293e-01
0.000000000000000000e+00 9.988225102424621582e-01
0.000000000000000000e+00 9.987043142318725586e-01
0.000000000000000000e+00 9.989416003227233887e-01
0.000000000000000000e+00 9.994314312934875488e-01
0.000000000000000000e+00 9.992184638977050781e-01
0.000000000000000000e+00 9.993767142295837402e-01
0.000000000000000000e+00 9.994070529937744141e-01
0.000000000000000000e+00 9.996102452278137207e-01
0.000000000000000000e+00 9.996768236160278320e-01
0.000000000000000000e+00 9.996764659881591797e-01
0.000000000000000000e+00 9.996604919433593750e-01
0.000000000000000000e+00 9.997238516807556152e-01
1.000000000000000000e+00 9.997084736824035645e-01
1.000000000000000000e+00 9.997226595878601074e-01
0.000000000000000000e+00 9.996981620788574219e-01
0.000000000000000000e+00 9.996345043182373047e-01
0.000000000000000000e+00 9.997041821479797363e-01
0.000000000000000000e+00 9.996403455734252930e-01
0.000000000000000000e+00 9.996166229248046875e-01
0.000000000000000000e+00 9.996958971023559570e-01
0.000000000000000000e+00 9.996594190597534180e-01
0.000000000000000000e+00 9.997418522834777832e-01
0.000000000000000000e+00 9.996517896652221680e-01
0.000000000000000000e+00 9.995410442352294922e-01
0.000000000000000000e+00 9.995627999305725098e-01
0.000000000000000000e+00 9.992182254791259766e-01
0.000000000000000000e+00 9.992249011993408203e-01
1.000000000000000000e+00 9.991686344146728516e-01
1.000000000000000000e+00 9.990240335464477539e-01
0.000000000000000000e+00 9.989280104637145996e-01
0.000000000000000000e+00 9.986737966537475586e-01
0.000000000000000000e+00 9.978190660476684570e-01
0.000000000000000000e+00 9.977019429206848145e-01
0.000000000000000000e+00 9.964886903762817383e-01
0.000000000000000000e+00 9.959451556205749512e-01
0.000000000000000000e+00 9.967752099037170410e-01
1.000000000000000000e+00 9.948415160179138184e-01
1.000000000000000000e+00 9.957928657531738281e-01
1.000000000000000000e+00 9.931831955909729004e-01
1.000000000000000000e+00 9.931426048278808594e-01
0.000000000000000000e+00 9.902832508087158203e-01
0.000000000000000000e+00 9.898391962051391602e-01
0.000000000000000000e+00 9.886581301689147949e-01
0.000000000000000000e+00 9.215116500854492188e-01
0.000000000000000000e+00 9.318708181381225586e-01
0.000000000000000000e+00 9.312832355499267578e-01
0.000000000000000000e+00 9.591865539550781250e-01
0.000000000000000000e+00 9.619332551956176758e-01
0.000000000000000000e+00 9.599493741989135742e-01
0.000000000000000000e+00 9.565809965133666992e-01
0.000000000000000000e+00 9.617059230804443359e-01
0.000000000000000000e+00 9.664561152458190918e-01
0.000000000000000000e+00 9.808469414710998535e-01
0.000000000000000000e+00 9.774367809295654297e-01
0.000000000000000000e+00 9.772675037384033203e-01
0.000000000000000000e+00 9.699066281318664551e-01
0.000000000000000000e+00 9.737942218780517578e-01
1.000000000000000000e+00 9.850320816040039062e-01
1.000000000000000000e+00 9.836311340332031250e-01
1.000000000000000000e+00 9.846825599670410156e-01
1.000000000000000000e+00 9.815187454223632812e-01
1.000000000000000000e+00 9.722957611083984375e-01
1.000000000000000000e+00 9.711279273033142090e-01
1.000000000000000000e+00 9.759896993637084961e-01
1.000000000000000000e+00 9.707815647125244141e-01
1.000000000000000000e+00 9.447595477104187012e-01
1.000000000000000000e+00 9.584559798240661621e-01
1.000000000000000000e+00 9.416033625602722168e-01
0.000000000000000000e+00 8.927556276321411133e-01
0.000000000000000000e+00 9.360884428024291992e-01
0.000000000000000000e+00 9.281805157661437988e-01
0.000000000000000000e+00 9.175644516944885254e-01
0.000000000000000000e+00 8.946480751037597656e-01
0.000000000000000000e+00 8.930537104606628418e-01
0.000000000000000000e+00 8.856143951416015625e-01
1.000000000000000000e+00 8.713005185127258301e-01
0.000000000000000000e+00 8.199366331100463867e-01
0.000000000000000000e+00 7.511197328567504883e-01
0.000000000000000000e+00 7.028965353965759277e-01
0.000000000000000000e+00 7.010114789009094238e-01
0.000000000000000000e+00 6.031346917152404785e-01
0.000000000000000000e+00 5.515331625938415527e-01
0.000000000000000000e+00 5.919767618179321289e-01
0.000000000000000000e+00 4.801209568977355957e-01
0.000000000000000000e+00 4.294054508209228516e-01
0.000000000000000000e+00 4.819666743278503418e-01
0.000000000000000000e+00 4.933336675167083740e-01
0.000000000000000000e+00 5.405431985855102539e-01
0.000000000000000000e+00 6.312394738197326660e-01
0.000000000000000000e+00 7.057090401649475098e-01
0.000000000000000000e+00 7.173802256584167480e-01
0.000000000000000000e+00 7.977078557014465332e-01
0.000000000000000000e+00 8.007225394248962402e-01
0.000000000000000000e+00 8.252246379852294922e-01
0.000000000000000000e+00 7.544199824333190918e-01
0.000000000000000000e+00 8.204285502433776855e-01
0.000000000000000000e+00 6.671321988105773926e-01
0.000000000000000000e+00 8.016484975814819336e-01
0.000000000000000000e+00 7.553229928016662598e-01
0.000000000000000000e+00 8.296990394592285156e-01
0.000000000000000000e+00 6.988953948020935059e-01
0.000000000000000000e+00 7.120750546455383301e-01
0.000000000000000000e+00 5.332154631614685059e-01
0.000000000000000000e+00 6.521191596984863281e-01
0.000000000000000000e+00 7.073441743850708008e-01
0.000000000000000000e+00 7.554743289947509766e-01
0.000000000000000000e+00 7.161306738853454590e-01
0.000000000000000000e+00 6.966194510459899902e-01
0.000000000000000000e+00 7.032446861267089844e-01
0.000000000000000000e+00 7.752164006233215332e-01
0.000000000000000000e+00 7.513474822044372559e-01
0.000000000000000000e+00 7.756001949310302734e-01
0.000000000000000000e+00 8.605394959449768066e-01
0.000000000000000000e+00 8.484975099563598633e-01
0.000000000000000000e+00 8.915109634399414062e-01
1.000000000000000000e+00 9.223352670669555664e-01
1.000000000000000000e+00 8.223293423652648926e-01
0.000000000000000000e+00 9.255949854850769043e-01
