0.000000000000000000e+00 2.102187722921371460e-01
0.000000000000000000e+00 1.650380790233612061e-01
0.000000000000000000e+00 1.531586199998855591e-01
0.000000000000000000e+00 1.252705901861190796e-01
0.000000000000000000e+00 1.316624879837036133e-01
0.000000000000000000e+00 1.248518377542495728e-01
0.000000000000000000e+00 1.047540679574012756e-01
0.000000000000000000e+00 1.174780577421188354e-01
0.000000000000000000e+00 1.263695955276489258e-01
0.000000000000000000e+00 1.376307457685470581e-01
0.000000000000000000e+00 1.632169485092163086e-01
0.000000000000000000e+00 1.621933281421661377e-01
0.000000000000000000e+00 1.758754253387451172e-01
0.000000000000000000e+00 2.036997228860855103e-01
0.000000000000000000e+00 1.934119462966918945e-01
0.000000000000000000e+00 2.151821553707122803e-01
0.000000000000000000e+00 2.185289263725280762e-01
0.000000000000000000e+00 2.240539789199829102e-01
0.000000000000000000e+00 1.955545991659164429e-01
0.000000000000000000e+00 1.562705188989639282e-01
0.000000000000000000e+00 1.442136317491531372e-01
0.000000000000000000e+00 1.280727237462997437e-01
0.000000000000000000e+00 1.055998280644416809e-01
0.000000000000000000e+00 9.124279767274856567e-02
0.000000000000000000e+00 1.037362813949584961e-01
0.000000000000000000e+00 8.332194387912750244e-02
0.000000000000000000e+00 6.099175661802291870e-02
0.000000000000000000e+00 5.874418094754219055e-02
0.000000000000000000e+00 3.591676428914070129e-02
0.000000000000000000e+00 2.267821319401264191e-02
0.000000000000000000e+00 1.461751665920019150e-02
0.000000000000000000e+00 1.192854717373847961e-02
0.000000000000000000e+00 8.453948423266410828e-03
0.000000000000000000e+00 7.286528591066598892e-03
0.000000000000000000e+00 4.349694587290287018e-03
0.000000000000000000e+00 6.113679613918066025e-03
0.000000000000000000e+00 7.321416866034269333e-03
0.000000000000000000e+00 7.259557023644447327e-03
0.000000000000000000e+00 7.196897640824317932e-03
0.000000000000000000e+00 7.302017416805028915e-03
0.000000000000000000e+00 5.031814333051443100e-03
0.000000000000000000e+00 3.569727065041661263e-03
0.000000000000000000e+00 3.484953893348574638e-03
0.000000000000000000e+00 2.158476505428552628e-03
0.000000000000000000e+00 2.196170156821608543e-03
0.000000000000000000e+00 1.842184108681976795e-03
0.000000000000000000e+00 1.976634608581662178e-03
0.000000000000000000e+00 1.914618303999304771e-03
0.000000000000000000e+00 1.466259360313415527e-03
0.000000000000000000e+00 1.199811231344938278e-03
0.000000000000000000e+00 8.387495181523263454e-04
0.000000000000000000e+00 7.828417583368718624e-04
0.000000000000000000e+00 5.764647503383457661e-04
0.000000000000000000e+00 6.723425467498600483e-04
0.000000000000000000e+00 6.302981637418270111e-04
0.000000000000000000e+00 5.465564318001270294e-04
0.000000000000000000e+00 4.637570236809551716e-04
0.000000000000000000e+00 4.717905248980969191e-04
0.000000000000000000e+00 3.339371178299188614e-04
0.000000000000000000e+00 3.227086563128978014e-04
0.000000000000000000e+00 2.889260940719395876e-04
0.000000000000000000e+00 3.057736612390726805e-04
0.000000000000000000e+00 3.674420586321502924e-04
0.000000000000000000e+00 3.162734210491180420e-04
0.000000000000000000e+00 4.018373438157141209e-04
0.000000000000000000e+00 4.723523452412337065e-04
0.000000000000000000e+00 5.459919921122491360e-04
0.000000000000000000e+00 4.601236432790756226e-04
0.000000000000000000e+00 4.337152058724313974e-04
0.000000000000000000e+00 4.552798636723309755e-04
0.000000000000000000e+00 4.570940800476819277e-04
0.000000000000000000e+00 4.475965106394141912e-04
0.000000000000000000e+00 4.910129937343299389e-04
0.000000000000000000e+00 4.886848619207739830e-04
0.000000000000000000e+00 6.056766724213957787e-04
0.000000000000000000e+00 9.973973780870437622e-02
0.000000000000000000e+00 1.452204436063766479e-01
0.000000000000000000e+00 3.096605539321899414e-01
0.000000000000000000e+00 2.686985731124877930e-01
0.000000000000000000e+00 3.580808639526367188e-01
0.000000000000000000e+00 3.422617912292480469e-01
0.000000000000000000e+00 2.879830300807952881e-01
0.000000000000000000e+00 3.477736413478851318e-01
0.000000000000000000e+00 2.972366213798522949e-01
0.000000000000000000e+00 2.514379620552062988e-01
0.000000000000000000e+00 2.098708003759384155e-01
0.000000000000000000e+00 2.026163339614868164e-01
0.000000000000000000e+00 1.929051429033279419e-01
0.000000000000000000e+00 1.991596519947052002e-01
0.000000000000000000e+00 1.440696418285369873e-01
0.000000000000000000e+00 1.406554877758026123e-01
0.000000000000000000e+00 1.361678093671798706e-01
0.000000000000000000e+00 1.693558990955352783e-01
0.000000000000000000e+00 1.341710537672042847e-01
0.000000000000000000e+00 1.210241764783859253e-01
0.000000000000000000e+00 1.082144901156425476e-01
1.000000000000000000e+00 4.420611262321472168e-02
1.000000000000000000e+00 4.069175198674201965e-02
0.000000000000000000e+00 3.849318623542785645e-02
0.000000000000000000e+00 6.562954187393188477e-02
0.000000000000000000e+00 7.684270292520523071e-02
0.000000000000000000e+00 4.427397996187210083e-02
0.000000000000000000e+00 1.786815077066421509e-01
0.000000000000000000e+00 3.996060416102409363e-02
0.000000000000000000e+00 3.831101581454277039e-02
0.000000000000000000e+00 2.038622461259365082e-02
0.000000000000000000e+00 1.229685358703136444e-02
1.000000000000000000e+00 5.182126536965370178e-03
1.000000000000000000e+00 4.047891125082969666e-03
1.000000000000000000e+00 3.154322737827897072e-03
1.000000000000000000e+00 2.099351258948445320e-03
0.000000000000000000e+00 2.307774033397436142e-03
0.000000000000000000e+00 2.356138546019792557e-03
0.000000000000000000e+00 1.382916001603007317e-03
0.000000000000000000e+00 1.170248026028275490e-03
0.000000000000000000e+00 1.892719417810440063e-03
0.000000000000000000e+00 2.803787821903824806e-03
0.000000000000000000e+00 5.655707325786352158e-03
0.000000000000000000e+00 6.343446671962738037e-03
0.000000000000000000e+00 1.962366886436939240e-02
0.000000000000000000e+00 2.957834862172603607e-02
0.000000000000000000e+00 2.774184383451938629e-02
0.000000000000000000e+00 2.484596148133277893e-02
0.000000000000000000e+00 2.767162956297397614e-02
0.000000000000000000e+00 3.897365182638168335e-02
0.000000000000000000e+00 8.428087085485458374e-02
0.000000000000000000e+00 1.105155050754547119e-01
0.000000000000000000e+00 1.560275852680206299e-01
0.000000000000000000e+00 2.533220052719116211e-01
0.000000000000000000e+00 3.104742169380187988e-01
0.000000000000000000e+00 3.147618472576141357e-01
0.000000000000000000e+00 2.787279188632965088e-01
0.000000000000000000e+00 3.428118228912353516e-01
0.000000000000000000e+00 3.557416200637817383e-01
0.000000000000000000e+00 3.852916061878204346e-01
0.000000000000000000e+00 4.314898550510406494e-01
0.000000000000000000e+00 4.297309517860412598e-01
0.000000000000000000e+00 5.008379220962524414e-01
0.000000000000000000e+00 4.046524763107299805e-01
0.000000000000000000e+00 4.834412038326263428e-01
0.000000000000000000e+00 2.711179256439208984e-01
0.000000000000000000e+00 1.792265325784683228e-01
0.000000000000000000e+00 8.600626885890960693e-02
0.000000000000000000e+00 5.939726904034614563e-02
0.000000000000000000e+00 3.582675382494926453e-02
0.000000000000000000e+00 1.306714396923780441e-02
0.000000000000000000e+00 7.295906078070402145e-03
0.000000000000000000e+00 3.522290149703621864e-03
0.000000000000000000e+00 7.152965408749878407e-04
0.000000000000000000e+00 4.323401954025030136e-04
0.000000000000000000e+00 2.814740538597106934e-01
0.000000000000000000e+00 2.831126153469085693e-01
0.000000000000000000e+00 2.682374417781829834e-01
0.000000000000000000e+00 2.816807627677917480e-01
0.000000000000000000e+00 2.266876250505447388e-01
0.000000000000000000e+00 2.335068136453628540e-01
0.000000000000000000e+00 2.615468800067901611e-01
0.000000000000000000e+00 2.545160651206970215e-01
0.000000000000000000e+00 2.342394590377807617e-01
0.000000000000000000e+00 2.318209260702133179e-01
0.000000000000000000e+00 3.553925156593322754e-01
0.000000000000000000e+00 4.062190949916839600e-01
0.000000000000000000e+00 5.156565904617309570e-01
0.000000000000000000e+00 5.076851844787597656e-01
0.000000000000000000e+00 5.405148863792419434e-01
0.000000000000000000e+00 5.361949205398559570e-01
0.000000000000000000e+00 5.837849378585815430e-01
0.000000000000000000e+00 6.249082684516906738e-01
0.000000000000000000e+00 6.205677986145019531e-01
0.000000000000000000e+00 6.660284996032714844e-01
0.000000000000000000e+00 6.539734601974487305e-01
0.000000000000000000e+00 6.934376358985900879e-01
0.000000000000000000e+00 7.473404407501220703e-01
0.000000000000000000e+00 7.896332740783691406e-01
0.000000000000000000e+00 8.541858196258544922e-01
0.000000000000000000e+00 8.704306483268737793e-01
0.000000000000000000e+00 8.674884438514709473e-01
0.000000000000000000e+00 8.849770426750183105e-01
0.000000000000000000e+00 9.101780056953430176e-01
0.000000000000000000e+00 9.124724864959716797e-01
0.000000000000000000e+00 9.213123321533203125e-01
0.000000000000000000e+00 9.133242964744567871e-01
0.000000000000000000e+00 9.031361937522888184e-01
0.000000000000000000e+00 9.071545600891113281e-01
0.000000000000000000e+00 8.996914625167846680e-01
0.000000000000000000e+00 8.636413216590881348e-01
0.000000000000000000e+00 8.436678647994995117e-01
0.000000000000000000e+00 8.420034646987915039e-01
0.000000000000000000e+00 8.128579854965209961e-01
0.000000000000000000e+00 7.657918334007263184e-01
0.000000000000000000e+00 7.404501438140869141e-01
0.000000000000000000e+00 6.560660004615783691e-01
0.000000000000000000e+00 6.117284893989562988e-01
0.000000000000000000e+00 4.686821401119232178e-01
0.000000000000000000e+00 4.889949262142181396e-01
0.000000000000000000e+00 4.528001546859741211e-01
0.000000000000000000e+00 4.183696210384368896e-01
0.000000000000000000e+00 4.330065548419952393e-01
0.000000000000000000e+00 2.769231498241424561e-01
0.000000000000000000e+00 3.429396450519561768e-01
0.000000000000000000e+00 2.629406750202178955e-01
0.000000000000000000e+00 3.761537373065948486e-01
0.000000000000000000e+00 3.542051315307617188e-01
0.000000000000000000e+00 4.804634153842926025e-01
0.000000000000000000e+00 5.288380980491638184e-01
0.000000000000000000e+00 6.308410167694091797e-01
0.000000000000000000e+00 7.238876819610595703e-01
0.000000000000000000e+00 8.058806061744689941e-01
0.000000000000000000e+00 7.874362468719482422e-01
0.000000000000000000e+00 8.342774510383605957e-01
0.000000000000000000e+00 8.722018599510192871e-01
0.000000000000000000e+00 8.973904252052307129e-01
0.000000000000000000e+00 8.184618949890136719e-01
0.000000000000000000e+00 7.764304280281066895e-01
0.000000000000000000e+00 7.235019207000732422e-01
0.000000000000000000e+00 5.432819724082946777e-01
0.000000000000000000e+00 3.899323940277099609e-01
0.000000000000000000e+00 2.726438641548156738e-01
0.000000000000000000e+00 1.736167967319488525e-01
0.000000000000000000e+00 6.995803117752075195e-02
0.000000000000000000e+00 5.142490938305854797e-02
0.000000000000000000e+00 3.362285345792770386e-02
0.000000000000000000e+00 2.602352015674114227e-02
0.000000000000000000e+00 2.738145180046558380e-02
0.000000000000000000e+00 3.329193964600563049e-02
0.000000000000000000e+00 1.471064537763595581e-01
0.000000000000000000e+00 2.005616426467895508e-01
0.000000000000000000e+00 2.332692593336105347e-01
0.000000000000000000e+00 2.030472904443740845e-01
0.000000000000000000e+00 1.773194372653961182e-01
0.000000000000000000e+00 2.010121047496795654e-01
0.000000000000000000e+00 1.736784428358078003e-01
0.000000000000000000e+00 1.740076392889022827e-01
0.000000000000000000e+00 1.586931347846984863e-01
0.000000000000000000e+00 1.228264719247817993e-01
0.000000000000000000e+00 6.678769737482070923e-02
0.000000000000000000e+00 8.866747468709945679e-02
0.000000000000000000e+00 1.206410303711891174e-01
0.000000000000000000e+00 1.246866136789321899e-01
0.000000000000000000e+00 1.276589781045913696e-01
0.000000000000000000e+00 1.787135452032089233e-01
0.000000000000000000e+00 2.708765566349029541e-01
0.000000000000000000e+00 3.105854690074920654e-01
0.000000000000000000e+00 2.817203700542449951e-01
0.000000000000000000e+00 2.936688661575317383e-01
0.000000000000000000e+00 2.325183153152465820e-01
0.000000000000000000e+00 2.018089294433593750e-01
0.000000000000000000e+00 2.229635119438171387e-01
0.000000000000000000e+00 3.158242404460906982e-01
0.000000000000000000e+00 3.003272116184234619e-01
0.000000000000000000e+00 3.491885364055633545e-01
0.000000000000000000e+00 4.238755106925964355e-01
0.000000000000000000e+00 4.298433661460876465e-01
0.000000000000000000e+00 4.049776494503021240e-01
0.000000000000000000e+00 4.268130660057067871e-01
0.000000000000000000e+00 2.616157531738281250e-01
0.000000000000000000e+00 3.153413534164428711e-01
0.000000000000000000e+00 2.698582410812377930e-01
0.000000000000000000e+00 2.827538251876831055e-01
0.000000000000000000e+00 3.336876332759857178e-01
0.000000000000000000e+00 6.271297335624694824e-01
0.000000000000000000e+00 6.822408437728881836e-01
0.000000000000000000e+00 6.628876328468322754e-01
0.000000000000000000e+00 6.678431630134582520e-01
0.000000000000000000e+00 6.403770446777343750e-01
0.000000000000000000e+00 5.417775511741638184e-01
0.000000000000000000e+00 4.669844508171081543e-01
0.000000000000000000e+00 3.883579671382904053e-01
0.000000000000000000e+00 2.527041733264923096e-01
0.000000000000000000e+00 2.978710830211639404e-01
0.000000000000000000e+00 2.433767020702362061e-01
0.000000000000000000e+00 3.062172234058380127e-01
0.000000000000000000e+00 3.613376319408416748e-01
0.000000000000000000e+00 4.306983649730682373e-01
0.000000000000000000e+00 3.473820984363555908e-01
0.000000000000000000e+00 3.451201617717742920e-01
0.000000000000000000e+00 2.835768163204193115e-01
0.000000000000000000e+00 3.428221940994262695e-01
0.000000000000000000e+00 2.927453219890594482e-01
0.000000000000000000e+00 3.056620955467224121e-01
0.000000000000000000e+00 2.644913196563720703e-01
0.000000000000000000e+00 2.572454810142517090e-01
0.000000000000000000e+00 2.853841781616210938e-01
0.000000000000000000e+00 2.934063673019409180e-01
0.000000000000000000e+00 3.769887685775756836e-01
0.000000000000000000e+00 3.882507085800170898e-01
0.000000000000000000e+00 3.341236114501953125e-01
0.000000000000000000e+00 3.030360341072082520e-01
0.000000000000000000e+00 3.042691648006439209e-01
0.000000000000000000e+00 3.082731962203979492e-01
0.000000000000000000e+00 2.409861385822296143e-01
0.000000000000000000e+00 2.379666268825531006e-01
0.000000000000000000e+00 2.200277745723724365e-01
0.000000000000000000e+00 2.657441794872283936e-01
0.000000000000000000e+00 3.170800209045410156e-01
0.000000000000000000e+00 3.295252323150634766e-01
0.000000000000000000e+00 3.292522132396697998e-01
0.000000000000000000e+00 3.394047915935516357e-01
0.000000000000000000e+00 4.067369401454925537e-01
0.000000000000000000e+00 3.030059337615966797e-01
0.000000000000000000e+00 2.121930569410324097e-01
0.000000000000000000e+00 2.396673411130905151e-01
0.000000000000000000e+00 2.518353760242462158e-01
0.000000000000000000e+00 2.614801228046417236e-01
0.000000000000000000e+00 2.716996669769287109e-01
0.000000000000000000e+00 2.616318762302398682e-01
0.000000000000000000e+00 2.564046978950500488e-01
0.000000000000000000e+00 2.696553468704223633e-01
0.000000000000000000e+00 2.247786521911621094e-01
0.000000000000000000e+00 2.566069662570953369e-01
0.000000000000000000e+00 2.367530018091201782e-01
0.000000000000000000e+00 2.665640711784362793e-01
0.000000000000000000e+00 2.378235161304473877e-01
0.000000000000000000e+00 2.738267779350280762e-01
0.000000000000000000e+00 2.678322494029998779e-01
0.000000000000000000e+00 2.600103616714477539e-01
0.000000000000000000e+00 2.901206910610198975e-01
0.000000000000000000e+00 2.862261235713958740e-01
0.000000000000000000e+00 2.736340761184692383e-01
0.000000000000000000e+00 3.027897477149963379e-01
0.000000000000000000e+00 3.026012480258941650e-01
0.000000000000000000e+00 3.684949576854705811e-01
0.000000000000000000e+00 4.345384240150451660e-01
0.000000000000000000e+00 4.172136485576629639e-01
0.000000000000000000e+00 4.164015054702758789e-01
0.000000000000000000e+00 4.595170021057128906e-01
1.000000000000000000e+00 5.201082825660705566e-01
1.000000000000000000e+00 4.745147228240966797e-01
1.000000000000000000e+00 4.681950807571411133e-01
0.000000000000000000e+00 5.047901868820190430e-01
0.000000000000000000e+00 6.015834212303161621e-01
0.000000000000000000e+00 6.886491775512695312e-01
0.000000000000000000e+00 7.939111590385437012e-01
0.000000000000000000e+00 8.915410637855529785e-01
0.000000000000000000e+00 9.229758381843566895e-01
0.000000000000000000e+00 8.966103196144104004e-01
0.000000000000000000e+00 7.733695507049560547e-01
0.000000000000000000e+00 6.169275045394897461e-01
0.000000000000000000e+00 5.627780556678771973e-01
0.000000000000000000e+00 5.617246031761169434e-01
0.000000000000000000e+00 5.258273482322692871e-01
0.000000000000000000e+00 4.471520781517028809e-01
0.000000000000000000e+00 2.483587265014648438e-01
0.000000000000000000e+00 3.342612981796264648e-01
0.000000000000000000e+00 2.157666832208633423e-01
0.000000000000000000e+00 2.348989993333816528e-01
0.000000000000000000e+00 1.964254677295684814e-01
0.000000000000000000e+00 1.900673806667327881e-01
0.000000000000000000e+00 1.637525409460067749e-01
0.000000000000000000e+00 1.723185181617736816e-01
0.000000000000000000e+00 1.701595038175582886e-01
0.000000000000000000e+00 1.835257112979888916e-01
0.000000000000000000e+00 2.133396714925765991e-01
0.000000000000000000e+00 2.183600366115570068e-01
0.000000000000000000e+00 2.455450892448425293e-01
0.000000000000000000e+00 2.467763125896453857e-01
0.000000000000000000e+00 2.274103611707687378e-01
0.000000000000000000e+00 2.777704894542694092e-01
0.000000000000000000e+00 2.486849278211593628e-01
0.000000000000000000e+00 2.655254304409027100e-01
0.000000000000000000e+00 2.755979299545288086e-01
0.000000000000000000e+00 3.109125494956970215e-01
0.000000000000000000e+00 3.040989637374877930e-01
0.000000000000000000e+00 3.243199586868286133e-01
0.000000000000000000e+00 3.064433634281158447e-01
0.000000000000000000e+00 2.861437797546386719e-01
0.000000000000000000e+00 2.540523409843444824e-01
0.000000000000000000e+00 2.364634275436401367e-01
0.000000000000000000e+00 2.298069149255752563e-01
0.000000000000000000e+00 2.374917566776275635e-01
0.000000000000000000e+00 2.440509200096130371e-01
0.000000000000000000e+00 2.015677094459533691e-01
0.000000000000000000e+00 2.267473191022872925e-01
0.000000000000000000e+00 1.942347288131713867e-01
0.000000000000000000e+00 2.315269857645034790e-01
0.000000000000000000e+00 4.178957641124725342e-02
0.000000000000000000e+00 4.912615567445755005e-02
0.000000000000000000e+00 5.214221030473709106e-02
0.000000000000000000e+00 5.983905121684074402e-02
0.000000000000000000e+00 6.715038418769836426e-02
0.000000000000000000e+00 7.094874233007431030e-02
0.000000000000000000e+00 6.603748351335525513e-02
0.000000000000000000e+00 6.842958182096481323e-02
0.000000000000000000e+00 7.090902328491210938e-02
0.000000000000000000e+00 7.646876573562622070e-02
0.000000000000000000e+00 7.581716030836105347e-02
0.000000000000000000e+00 8.254975080490112305e-02
0.000000000000000000e+00 9.756547957658767700e-02
0.000000000000000000e+00 9.873224794864654541e-02
0.000000000000000000e+00 1.081594228744506836e-01
0.000000000000000000e+00 9.276700764894485474e-02
0.000000000000000000e+00 8.252067118883132935e-02
0.000000000000000000e+00 9.691180288791656494e-02
0.000000000000000000e+00 8.173591643571853638e-02
0.000000000000000000e+00 7.065226137638092041e-02
0.000000000000000000e+00 6.820404529571533203e-02
0.000000000000000000e+00 5.609637126326560974e-02
0.000000000000000000e+00 5.879049748182296753e-02
0.000000000000000000e+00 4.745480045676231384e-02
0.000000000000000000e+00 4.574888944625854492e-02
0.000000000000000000e+00 4.427193105220794678e-02
0.000000000000000000e+00 3.190746903419494629e-02
0.000000000000000000e+00 3.315589204430580139e-02
0.000000000000000000e+00 3.197791427373886108e-02
0.000000000000000000e+00 2.805991470813751221e-02
0.000000000000000000e+00 2.401729486882686615e-02
0.000000000000000000e+00 2.280869893729686737e-02
0.000000000000000000e+00 1.857526786625385284e-02
0.000000000000000000e+00 2.135019935667514801e-02
0.000000000000000000e+00 2.061499841511249542e-02
0.000000000000000000e+00 2.531583979725837708e-02
0.000000000000000000e+00 2.287769690155982971e-02
0.000000000000000000e+00 2.462901175022125244e-02
0.000000000000000000e+00 3.079616092145442963e-02
0.000000000000000000e+00 3.595352917909622192e-02
0.000000000000000000e+00 4.027478769421577454e-02
0.000000000000000000e+00 3.507360816001892090e-02
0.000000000000000000e+00 3.274809569120407104e-02
0.000000000000000000e+00 3.615482151508331299e-02
0.000000000000000000e+00 3.699509799480438232e-02
0.000000000000000000e+00 3.668840974569320679e-02
0.000000000000000000e+00 3.191683068871498108e-02
0.000000000000000000e+00 2.834667451679706573e-02
0.000000000000000000e+00 2.882606722414493561e-02
0.000000000000000000e+00 2.075465954840183258e-02
0.000000000000000000e+00 1.777665875852108002e-02
0.000000000000000000e+00 1.886500604450702667e-02
0.000000000000000000e+00 1.579828560352325439e-02
0.000000000000000000e+00 1.571590453386306763e-02
0.000000000000000000e+00 1.369817182421684265e-02
0.000000000000000000e+00 1.261841785162687302e-02
0.000000000000000000e+00 1.300247386097908020e-02
0.000000000000000000e+00 1.060340460389852524e-02
0.000000000000000000e+00 1.019404176622629166e-02
0.000000000000000000e+00 1.114724576473236084e-02
0.000000000000000000e+00 9.840387850999832153e-03
0.000000000000000000e+00 9.162282571196556091e-03
0.000000000000000000e+00 9.386554360389709473e-03
0.000000000000000000e+00 8.288693614304065704e-03
0.000000000000000000e+00 1.006131246685981750e-02
0.000000000000000000e+00 1.030958443880081177e-02
0.000000000000000000e+00 1.255908142775297165e-02
0.000000000000000000e+00 1.161677669733762741e-02
0.000000000000000000e+00 1.044297683984041214e-02
0.000000000000000000e+00 9.900339879095554352e-03
0.000000000000000000e+00 9.810863994061946869e-03
0.000000000000000000e+00 1.157357078045606613e-02
0.000000000000000000e+00 9.906104765832424164e-03
0.000000000000000000e+00 1.196058001369237900e-02
0.000000000000000000e+00 1.170406863093376160e-02
0.000000000000000000e+00 5.060238763689994812e-02
0.000000000000000000e+00 4.168970137834548950e-02
0.000000000000000000e+00 3.968400880694389343e-02
0.000000000000000000e+00 4.421150311827659607e-02
0.000000000000000000e+00 4.594534263014793396e-02
0.000000000000000000e+00 3.791417926549911499e-02
0.000000000000000000e+00 4.161125421524047852e-02
0.000000000000000000e+00 5.323779210448265076e-02
0.000000000000000000e+00 6.309711188077926636e-02
0.000000000000000000e+00 7.949425280094146729e-02
0.000000000000000000e+00 6.490880995988845825e-02
0.000000000000000000e+00 7.827269285917282104e-02
0.000000000000000000e+00 6.399287283420562744e-02
0.000000000000000000e+00 5.949854850769042969e-02
0.000000000000000000e+00 4.958969727158546448e-02
0.000000000000000000e+00 5.109672248363494873e-02
1.000000000000000000e+00 5.686976015567779541e-02
0.000000000000000000e+00 5.171746760606765747e-02
0.000000000000000000e+00 5.943449959158897400e-02
0.000000000000000000e+00 9.955065697431564331e-02
0.000000000000000000e+00 1.875231862068176270e-01
0.000000000000000000e+00 3.348406851291656494e-01
0.000000000000000000e+00 4.440102875232696533e-01
0.000000000000000000e+00 4.434281885623931885e-01
0.000000000000000000e+00 4.473991990089416504e-01
0.000000000000000000e+00 3.763411343097686768e-01
0.000000000000000000e+00 4.459238946437835693e-01
0.000000000000000000e+00 4.558421969413757324e-01
0.000000000000000000e+00 3.525905013084411621e-01
0.000000000000000000e+00 3.817899227142333984e-01
0.000000000000000000e+00 3.354271054267883301e-01
0.000000000000000000e+00 2.362376749515533447e-01
0.000000000000000000e+00 2.450975030660629272e-01
0.000000000000000000e+00 1.936245411634445190e-01
0.000000000000000000e+00 1.623460203409194946e-01
0.000000000000000000e+00 9.553354233503341675e-02
0.000000000000000000e+00 7.126642018556594849e-02
0.000000000000000000e+00 6.381744891405105591e-02
0.000000000000000000e+00 8.920719474554061890e-02
0.000000000000000000e+00 6.294512003660202026e-02
0.000000000000000000e+00 1.098471805453300476e-01
0.000000000000000000e+00 1.088290810585021973e-01
0.000000000000000000e+00 1.435440480709075928e-01
0.000000000000000000e+00 1.155015528202056885e-01
0.000000000000000000e+00 9.829605370759963989e-02
0.000000000000000000e+00 7.292341440916061401e-02
0.000000000000000000e+00 1.137442588806152344e-01
0.000000000000000000e+00 1.081440523266792297e-01
0.000000000000000000e+00 2.565881609916687012e-01
0.000000000000000000e+00 3.357736170291900635e-01
0.000000000000000000e+00 5.110561251640319824e-01
0.000000000000000000e+00 5.696076154708862305e-01
0.000000000000000000e+00 4.164427518844604492e-01
0.000000000000000000e+00 1.835535615682601929e-01
0.000000000000000000e+00 1.077940165996551514e-01
0.000000000000000000e+00 7.899679988622665405e-02
0.000000000000000000e+00 5.018053203821182251e-02
0.000000000000000000e+00 7.003240287303924561e-02
0.000000000000000000e+00 7.993495464324951172e-02
0.000000000000000000e+00 1.077056601643562317e-01
0.000000000000000000e+00 1.073582321405410767e-01
0.000000000000000000e+00 1.255155354738235474e-01
0.000000000000000000e+00 1.054374724626541138e-01
0.000000000000000000e+00 1.274660974740982056e-01
0.000000000000000000e+00 1.528728157281875610e-01
0.000000000000000000e+00 1.901794075965881348e-01
0.000000000000000000e+00 2.672001719474792480e-01
0.000000000000000000e+00 4.034326076507568359e-01
0.000000000000000000e+00 5.023564100265502930e-01
0.000000000000000000e+00 5.545315146446228027e-01
0.000000000000000000e+00 5.535525083541870117e-01
0.000000000000000000e+00 5.216131806373596191e-01
0.000000000000000000e+00 4.417939186096191406e-01
0.000000000000000000e+00 2.646749317646026611e-01
0.000000000000000000e+00 3.739835917949676514e-01
0.000000000000000000e+00 2.098047174513339996e-03
0.000000000000000000e+00 1.999926054850220680e-03
0.000000000000000000e+00 2.066693268716335297e-03
0.000000000000000000e+00 1.903070951811969280e-03
0.000000000000000000e+00 2.102984581142663956e-03
0.000000000000000000e+00 2.417774405330419540e-03
0.000000000000000000e+00 2.760336734354496002e-03
0.000000000000000000e+00 2.318601356819272041e-03
0.000000000000000000e+00 2.142885234206914902e-03
0.000000000000000000e+00 2.310885349288582802e-03
0.000000000000000000e+00 3.052916144952178001e-03
0.000000000000000000e+00 2.742583164945244789e-03
0.000000000000000000e+00 4.278834443539381027e-03
0.000000000000000000e+00 3.922499250620603561e-03
0.000000000000000000e+00 3.705923212692141533e-03
0.000000000000000000e+00 3.719910979270935059e-03
1.000000000000000000e+00 4.340384621173143387e-03
0.000000000000000000e+00 4.253015387803316116e-03
0.000000000000000000e+00 4.962774924933910370e-03
0.000000000000000000e+00 4.125870298594236374e-03
0.000000000000000000e+00 4.489643964916467667e-03
0.000000000000000000e+00 5.859188735485076904e-03
0.000000000000000000e+00 6.733077578246593475e-03
0.000000000000000000e+00 6.287342403084039688e-03
0.000000000000000000e+00 7.048834115266799927e-03
0.000000000000000000e+00 6.523760501295328140e-03
0.000000000000000000e+00 4.786986391991376877e-03
0.000000000000000000e+00 3.804002888500690460e-03
0.000000000000000000e+00 3.240520367398858070e-03
0.000000000000000000e+00 2.786941593512892723e-03
0.000000000000000000e+00 1.882516429759562016e-03
0.000000000000000000e+00 1.000132178887724876e-03
0.000000000000000000e+00 8.731579291634261608e-04
0.000000000000000000e+00 7.156991632655262947e-04
0.000000000000000000e+00 5.970217753201723099e-04
0.000000000000000000e+00 3.468930954113602638e-04
0.000000000000000000e+00 2.852980687748640776e-04
0.000000000000000000e+00 2.338027697987854481e-04
0.000000000000000000e+00 1.770848757587373257e-04
0.000000000000000000e+00 1.425139053026214242e-04
0.000000000000000000e+00 9.971974941436201334e-05
0.000000000000000000e+00 7.332592213060706854e-05
0.000000000000000000e+00 6.637935439357534051e-05
0.000000000000000000e+00 4.425620136316865683e-05
0.000000000000000000e+00 4.180899122729897499e-05
0.000000000000000000e+00 4.661683851736597717e-05
0.000000000000000000e+00 4.809195525012910366e-05
0.000000000000000000e+00 4.145888669881969690e-05
0.000000000000000000e+00 3.976352672907523811e-05
0.000000000000000000e+00 3.625813405960798264e-05
0.000000000000000000e+00 2.495951957826036960e-05
0.000000000000000000e+00 2.035582656390033662e-05
0.000000000000000000e+00 1.956879896169994026e-05
0.000000000000000000e+00 1.881912430690135807e-05
0.000000000000000000e+00 1.706206603557802737e-05
0.000000000000000000e+00 1.129165229940554127e-05
0.000000000000000000e+00 9.776943443284835666e-06
0.000000000000000000e+00 9.381198651681188494e-06
0.000000000000000000e+00 9.900032637233380228e-06
0.000000000000000000e+00 1.008437993732513860e-05
0.000000000000000000e+00 9.977222362067550421e-06
0.000000000000000000e+00 1.009561856335494667e-05
0.000000000000000000e+00 9.471091289015021175e-06
0.000000000000000000e+00 8.171223271347116679e-06
0.000000000000000000e+00 7.859284778533037752e-06
0.000000000000000000e+00 8.089700713753700256e-06
0.000000000000000000e+00 8.465342943964060396e-06
0.000000000000000000e+00 7.606484359712339938e-06
0.000000000000000000e+00 7.524049124185694382e-06
0.000000000000000000e+00 9.841519386100117117e-06
0.000000000000000000e+00 1.088854060071753338e-05
0.000000000000000000e+00 1.065666765498463064e-05
0.000000000000000000e+00 1.387910742778331041e-05
0.000000000000000000e+00 1.171988606074592099e-05
0.000000000000000000e+00 1.271077962883282453e-05
