0.000000000000000000e+00 6.690344810485839844e-01
0.000000000000000000e+00 7.001470923423767090e-01
0.000000000000000000e+00 6.811137199401855469e-01
0.000000000000000000e+00 6.762946844100952148e-01
0.000000000000000000e+00 7.424680590629577637e-01
0.000000000000000000e+00 7.380750179290771484e-01
0.000000000000000000e+00 7.649646997451782227e-01
0.000000000000000000e+00 7.874153852462768555e-01
0.000000000000000000e+00 8.419094085693359375e-01
0.000000000000000000e+00 8.222320675849914551e-01
0.000000000000000000e+00 7.817434072494506836e-01
0.000000000000000000e+00 8.268046379089355469e-01
0.000000000000000000e+00 8.431792259216308594e-01
0.000000000000000000e+00 8.282121419906616211e-01
0.000000000000000000e+00 8.033581376075744629e-01
1.000000000000000000e+00 8.464704751968383789e-01
1.000000000000000000e+00 8.398039937019348145e-01
1.000000000000000000e+00 8.491194248199462891e-01
1.000000000000000000e+00 8.727809786796569824e-01
1.000000000000000000e+00 9.067640900611877441e-01
1.000000000000000000e+00 9.290873408317565918e-01
1.000000000000000000e+00 9.418527483940124512e-01
1.000000000000000000e+00 9.459008574485778809e-01
1.000000000000000000e+00 9.602749943733215332e-01
0.000000000000000000e+00 9.226067066192626953e-01
0.000000000000000000e+00 9.152038097381591797e-01
0.000000000000000000e+00 5.480473637580871582e-01
0.000000000000000000e+00 2.404793053865432739e-01
0.000000000000000000e+00 6.322713196277618408e-02
0.000000000000000000e+00 2.881759777665138245e-02
0.000000000000000000e+00 2.757822861894965172e-03
0.000000000000000000e+00 6.248668069019913673e-04
0.000000000000000000e+00 3.901132149621844292e-04
0.000000000000000000e+00 6.463398312916979194e-05
0.000000000000000000e+00 1.132635679823579267e-05
0.000000000000000000e+00 4.339107817941112444e-06
0.000000000000000000e+00 2.149814008589601144e-06
0.000000000000000000e+00 9.492326853433041833e-07
0.000000000000000000e+00 3.829532602139806841e-07
0.000000000000000000e+00 2.138052508371401927e-07
0.000000000000000000e+00 1.109670506593829487e-07
0.000000000000000000e+00 1.395190309949612129e-07
0.000000000000000000e+00 9.448544346923881676e-08
0.000000000000000000e+00 1.571097953956268611e-07
0.000000000000000000e+00 1.666281548295955872e-07
0.000000000000000000e+00 7.503355387598276138e-03
0.000000000000000000e+00 2.087949309498071671e-03
0.000000000000000000e+00 4.312391392886638641e-04
0.000000000000000000e+00 5.660417082253843546e-05
0.000000000000000000e+00 1.981924287974834442e-05
0.000000000000000000e+00 6.952873718546470627e-06
0.000000000000000000e+00 1.050978312377992552e-06
0.000000000000000000e+00 2.340096187936069327e-07
0.000000000000000000e+00 7.769551757519366220e-08
0.000000000000000000e+00 3.084684507825841138e-08
0.000000000000000000e+00 4.242009410404534719e-09
0.000000000000000000e+00 2.214198602246142400e-09
0.000000000000000000e+00 8.398893802663565111e-10
0.000000000000000000e+00 2.877532101486224292e-10
0.000000000000000000e+00 1.763851564806628858e-10
0.000000000000000000e+00 8.739229478971211051e-11
0.000000000000000000e+00 6.342221886557197763e-11
0.000000000000000000e+00 3.047753716067802543e-11
0.000000000000000000e+00 1.248421678534672452e-11
0.000000000000000000e+00 8.602094730969511716e-12
0.000000000000000000e+00 7.720934135091450656e-12
0.000000000000000000e+00 1.034652225007093307e-11
0.000000000000000000e+00 8.813246139827146663e-12
0.000000000000000000e+00 6.695026477654408836e-12
0.000000000000000000e+00 4.580928518460591903e-12
0.000000000000000000e+00 5.868805007941402252e-12
0.000000000000000000e+00 8.300782804171458196e-12
0.000000000000000000e+00 1.019711745597895458e-11
0.000000000000000000e+00 7.940250019988770447e-12
0.000000000000000000e+00 6.716360106961971610e-12
0.000000000000000000e+00 1.045122755699567918e-11
0.000000000000000000e+00 9.299273157070686580e-12
0.000000000000000000e+00 1.116447038984613727e-11
0.000000000000000000e+00 1.049053031942914771e-11
0.000000000000000000e+00 9.658654084865325729e-12
0.000000000000000000e+00 9.744346822493366034e-12
0.000000000000000000e+00 1.138884125895245347e-11
0.000000000000000000e+00 1.454788980254084763e-11
0.000000000000000000e+00 1.153740557952032120e-11
0.000000000000000000e+00 1.808450264539906982e-11
0.000000000000000000e+00 1.391294631586381669e-11
0.000000000000000000e+00 1.423318667786999114e-11
0.000000000000000000e+00 1.841854967155054368e-11
0.000000000000000000e+00 2.061316568824356210e-11
0.000000000000000000e+00 2.316203999430666016e-11
0.000000000000000000e+00 4.398658871650695801e-03
0.000000000000000000e+00 4.755668342113494873e-04
0.000000000000000000e+00 2.304016816196963191e-04
0.000000000000000000e+00 7.193712372099980712e-05
0.000000000000000000e+00 1.367058212053962052e-05
0.000000000000000000e+00 4.328510840423405170e-06
0.000000000000000000e+00 1.486379801463044714e-06
0.000000000000000000e+00 8.969541909209510777e-07
0.000000000000000000e+00 3.289099197445466416e-07
0.000000000000000000e+00 1.161634486379625741e-07
0.000000000000000000e+00 6.861734647145567578e-08
0.000000000000000000e+00 2.835631640607516601e-08
0.000000000000000000e+00 8.856600786089074973e-09
0.000000000000000000e+00 6.170933541937984046e-09
0.000000000000000000e+00 4.665916542023751390e-09
0.000000000000000000e+00 2.460243120339100642e-09
0.000000000000000000e+00 1.614180900055828261e-09
0.000000000000000000e+00 2.474162874577245930e-09
0.000000000000000000e+00 2.072190641300153402e-09
0.000000000000000000e+00 9.937095590828448621e-10
0.000000000000000000e+00 1.618243983259048946e-09
0.000000000000000000e+00 1.191976184422571805e-09
0.000000000000000000e+00 1.070544985992682996e-09
0.000000000000000000e+00 9.797862521310207740e-10
0.000000000000000000e+00 1.126828297337567619e-09
0.000000000000000000e+00 1.054466514105456554e-09
0.000000000000000000e+00 1.074497268938046091e-09
0.000000000000000000e+00 1.190553877705724517e-09
0.000000000000000000e+00 7.415646430253275412e-10
0.000000000000000000e+00 7.259215450972078543e-10
0.000000000000000000e+00 6.256092865974949291e-10
0.000000000000000000e+00 5.909946421134293360e-10
0.000000000000000000e+00 5.127261393234050502e-10
0.000000000000000000e+00 3.247011548523914826e-10
0.000000000000000000e+00 3.895685163346485069e-10
0.000000000000000000e+00 4.093872185695346388e-10
0.000000000000000000e+00 5.753761356253050963e-10
0.000000000000000000e+00 4.062609693100682762e-10
0.000000000000000000e+00 4.322753821561775567e-10
0.000000000000000000e+00 4.652362384227615166e-10
0.000000000000000000e+00 8.804887374758152419e-10
0.000000000000000000e+00 4.497010541726353949e-10
0.000000000000000000e+00 8.778208160364897594e-10
0.000000000000000000e+00 9.631124786579903230e-10
0.000000000000000000e+00 8.168982157386039944e-10
0.000000000000000000e+00 3.063240554183721542e-03
0.000000000000000000e+00 1.156023005023598671e-03
0.000000000000000000e+00 5.943054566159844398e-04
0.000000000000000000e+00 1.582361728651449084e-04
0.000000000000000000e+00 8.132312359521165490e-05
0.000000000000000000e+00 5.554515155381523073e-05
0.000000000000000000e+00 2.669341483851894736e-05
0.000000000000000000e+00 1.205147873406531289e-05
0.000000000000000000e+00 3.672066213766811416e-06
0.000000000000000000e+00 2.564787337178131565e-06
0.000000000000000000e+00 1.919786200232920237e-06
0.000000000000000000e+00 9.229006536770612001e-07
0.000000000000000000e+00 4.694140329775109421e-07
0.000000000000000000e+00 5.539627068174013402e-07
0.000000000000000000e+00 4.148973573592229513e-07
0.000000000000000000e+00 2.829805225701420568e-07
0.000000000000000000e+00 3.341621095387381501e-07
0.000000000000000000e+00 2.734300323936622590e-07
0.000000000000000000e+00 2.684249125195492525e-07
0.000000000000000000e+00 4.547695198198198341e-07
0.000000000000000000e+00 4.542203839719149983e-07
0.000000000000000000e+00 3.909538861535111209e-07
0.000000000000000000e+00 3.733347853085433599e-07
0.000000000000000000e+00 4.153751831381669035e-07
0.000000000000000000e+00 4.671315707582834875e-07
0.000000000000000000e+00 5.713440600629837718e-07
0.000000000000000000e+00 8.325254157171002589e-07
0.000000000000000000e+00 5.882124014533474110e-07
0.000000000000000000e+00 1.048840545081475284e-06
0.000000000000000000e+00 9.336369544143963140e-07
0.000000000000000000e+00 8.930943522500456311e-07
0.000000000000000000e+00 7.018628593868925236e-07
0.000000000000000000e+00 1.721947796795575414e-06
0.000000000000000000e+00 1.618847250028920826e-06
0.000000000000000000e+00 1.681082267168676481e-06
0.000000000000000000e+00 1.756370693328790367e-06
0.000000000000000000e+00 1.612580490473192185e-06
0.000000000000000000e+00 2.990291704918490723e-06
0.000000000000000000e+00 2.592197915873839520e-06
0.000000000000000000e+00 2.877631231967825443e-06
0.000000000000000000e+00 3.373858589839073829e-06
0.000000000000000000e+00 2.513467961762216873e-06
0.000000000000000000e+00 2.442159257043385878e-06
0.000000000000000000e+00 2.210053935414180160e-06
0.000000000000000000e+00 2.990750999742886052e-06
0.000000000000000000e+00 8.120786398649215698e-03
0.000000000000000000e+00 1.895330846309661865e-03
0.000000000000000000e+00 5.910863401368260384e-04
0.000000000000000000e+00 1.698230189504101872e-04
0.000000000000000000e+00 7.608549640281125903e-05
0.000000000000000000e+00 2.665914871613495052e-05
0.000000000000000000e+00 6.107947228883858770e-06
0.000000000000000000e+00 2.006279601118876599e-06
0.000000000000000000e+00 7.501048457925207913e-07
0.000000000000000000e+00 5.474686304296483286e-07
0.000000000000000000e+00 5.245508418738609180e-07
0.000000000000000000e+00 1.680651280366873834e-07
0.000000000000000000e+00 1.466874550715147052e-07
0.000000000000000000e+00 6.149317499648532248e-08
0.000000000000000000e+00 5.662153768071220838e-08
0.000000000000000000e+00 2.774824992002322688e-08
0.000000000000000000e+00 3.485691379978561599e-08
0.000000000000000000e+00 3.381910218536177126e-08
0.000000000000000000e+00 3.301861184468179999e-08
0.000000000000000000e+00 3.439448548192558519e-08
0.000000000000000000e+00 3.105209245291007392e-08
0.000000000000000000e+00 4.840824985308245232e-08
0.000000000000000000e+00 3.102024592749330623e-08
0.000000000000000000e+00 4.278708232163808134e-08
0.000000000000000000e+00 4.139858233997983916e-08
0.000000000000000000e+00 5.105679434791454696e-08
0.000000000000000000e+00 7.260344858650569222e-08
0.000000000000000000e+00 5.908779954211240693e-08
0.000000000000000000e+00 8.684457242225107620e-08
0.000000000000000000e+00 6.665516849579944392e-08
0.000000000000000000e+00 6.293463172823976493e-08
0.000000000000000000e+00 8.358198755331613938e-08
0.000000000000000000e+00 5.889842213946394622e-08
0.000000000000000000e+00 5.210950604350728099e-08
0.000000000000000000e+00 5.328646324187502614e-08
0.000000000000000000e+00 7.013625236140796915e-08
0.000000000000000000e+00 5.522767665411265625e-08
0.000000000000000000e+00 8.384896688085063943e-08
0.000000000000000000e+00 5.365106048316192755e-08
0.000000000000000000e+00 6.811362140979326796e-08
0.000000000000000000e+00 6.630545357211303781e-08
0.000000000000000000e+00 9.924224286805838346e-08
0.000000000000000000e+00 8.290277264677570201e-08
0.000000000000000000e+00 7.445771643688203767e-08
0.000000000000000000e+00 7.288858228093886282e-08
0.000000000000000000e+00 1.216465141624212265e-02
0.000000000000000000e+00 4.160366207361221313e-02
0.000000000000000000e+00 6.249007582664489746e-02
0.000000000000000000e+00 4.013893604278564453e-01
0.000000000000000000e+00 4.935059249401092529e-01
0.000000000000000000e+00 8.166556358337402344e-01
0.000000000000000000e+00 9.383401274681091309e-01
0.000000000000000000e+00 8.418537378311157227e-01
0.000000000000000000e+00 6.628161072731018066e-01
0.000000000000000000e+00 6.443850398063659668e-01
0.000000000000000000e+00 4.755806922912597656e-01
0.000000000000000000e+00 2.750818431377410889e-01
0.000000000000000000e+00 1.670245379209518433e-01
0.000000000000000000e+00 1.560693830251693726e-01
0.000000000000000000e+00 2.630518674850463867e-01
0.000000000000000000e+00 2.068948745727539062e-01
1.000000000000000000e+00 1.077581346035003662e-01
1.000000000000000000e+00 2.767215073108673096e-01
1.000000000000000000e+00 2.705896794795989990e-01
1.000000000000000000e+00 1.804222613573074341e-01
1.000000000000000000e+00 1.632075905799865723e-01
1.000000000000000000e+00 3.390637338161468506e-01
1.000000000000000000e+00 4.843024536967277527e-02
1.000000000000000000e+00 1.218524873256683350e-01
0.000000000000000000e+00 1.609381102025508881e-02
0.000000000000000000e+00 1.784605532884597778e-02
0.000000000000000000e+00 4.662114661186933517e-03
0.000000000000000000e+00 9.053256944753229618e-04
0.000000000000000000e+00 2.352697047172114253e-04
0.000000000000000000e+00 7.272488437592983246e-05
0.000000000000000000e+00 2.769488855847157538e-05
0.000000000000000000e+00 1.354098549199989066e-05
0.000000000000000000e+00 4.616907062882091850e-06
0.000000000000000000e+00 1.496498271080781706e-06
0.000000000000000000e+00 7.211575621113297530e-07
0.000000000000000000e+00 4.633575656498578610e-07
0.000000000000000000e+00 4.334461323196592275e-07
0.000000000000000000e+00 2.342270875033136690e-07
0.000000000000000000e+00 1.418899131522266543e-07
0.000000000000000000e+00 1.040141128783034219e-07
0.000000000000000000e+00 4.069756798230628192e-08
0.000000000000000000e+00 2.627918149755714694e-08
0.000000000000000000e+00 1.353732770326132595e-08
0.000000000000000000e+00 1.096066615247082154e-08
0.000000000000000000e+00 1.058757703731316724e-08
0.000000000000000000e+00 2.278093695640563965e-01
0.000000000000000000e+00 1.836872100830078125e-01
0.000000000000000000e+00 3.917319476604461670e-01
0.000000000000000000e+00 2.613104879856109619e-01
0.000000000000000000e+00 3.245631754398345947e-01
0.000000000000000000e+00 2.243953645229339600e-01
0.000000000000000000e+00 2.764470875263214111e-01
0.000000000000000000e+00 2.146143317222595215e-01
0.000000000000000000e+00 2.075082659721374512e-01
0.000000000000000000e+00 2.286244034767150879e-01
0.000000000000000000e+00 2.237000018358230591e-01
0.000000000000000000e+00 2.336794435977935791e-01
0.000000000000000000e+00 2.873119115829467773e-01
0.000000000000000000e+00 2.391142696142196655e-01
0.000000000000000000e+00 3.085308074951171875e-01
0.000000000000000000e+00 2.154722064733505249e-01
1.000000000000000000e+00 2.393449544906616211e-01
1.000000000000000000e+00 2.114353477954864502e-01
1.000000000000000000e+00 2.571526765823364258e-01
1.000000000000000000e+00 2.810352146625518799e-01
1.000000000000000000e+00 1.876496076583862305e-01
1.000000000000000000e+00 2.253231257200241089e-01
1.000000000000000000e+00 1.039141714572906494e-01
1.000000000000000000e+00 6.904267519712448120e-02
0.000000000000000000e+00 2.306878194212913513e-02
0.000000000000000000e+00 5.235935095697641373e-03
0.000000000000000000e+00 1.321707502938807011e-03
0.000000000000000000e+00 7.374141132459044456e-04
0.000000000000000000e+00 1.507934211986139417e-04
0.000000000000000000e+00 6.106484215706586838e-05
0.000000000000000000e+00 1.769610571500379592e-05
0.000000000000000000e+00 3.415842911635991186e-06
0.000000000000000000e+00 2.107282170982216485e-06
0.000000000000000000e+00 7.111561899364460260e-07
0.000000000000000000e+00 2.519188626592949731e-07
0.000000000000000000e+00 1.014934483123397513e-07
0.000000000000000000e+00 6.598135371405078331e-08
0.000000000000000000e+00 4.831444400110740389e-08
0.000000000000000000e+00 2.776169516494064737e-08
0.000000000000000000e+00 1.096955415391676070e-08
0.000000000000000000e+00 8.626029668334922462e-09
0.000000000000000000e+00 5.846045425528245687e-09
0.000000000000000000e+00 4.152557409042856307e-09
0.000000000000000000e+00 5.091838950477267645e-09
0.000000000000000000e+00 4.119911523048358504e-09
0.000000000000000000e+00 8.376172780990600586e-01
0.000000000000000000e+00 8.213482499122619629e-01
0.000000000000000000e+00 8.521187305450439453e-01
0.000000000000000000e+00 8.460460305213928223e-01
0.000000000000000000e+00 8.572884798049926758e-01
0.000000000000000000e+00 8.394076824188232422e-01
0.000000000000000000e+00 8.419541120529174805e-01
0.000000000000000000e+00 8.798612952232360840e-01
0.000000000000000000e+00 8.870739936828613281e-01
0.000000000000000000e+00 8.751924633979797363e-01
0.000000000000000000e+00 8.899214863777160645e-01
0.000000000000000000e+00 8.986729383468627930e-01
0.000000000000000000e+00 8.776589632034301758e-01
0.000000000000000000e+00 9.016016125679016113e-01
0.000000000000000000e+00 8.956367373466491699e-01
1.000000000000000000e+00 9.283812642097473145e-01
1.000000000000000000e+00 9.186847805976867676e-01
1.000000000000000000e+00 9.195741415023803711e-01
1.000000000000000000e+00 9.132997393608093262e-01
1.000000000000000000e+00 9.297751188278198242e-01
1.000000000000000000e+00 9.277503490447998047e-01
1.000000000000000000e+00 9.205706715583801270e-01
1.000000000000000000e+00 9.355038404464721680e-01
1.000000000000000000e+00 9.414064884185791016e-01
0.000000000000000000e+00 7.565224766731262207e-01
0.000000000000000000e+00 4.978893399238586426e-01
0.000000000000000000e+00 2.102383524179458618e-01
0.000000000000000000e+00 4.285444319248199463e-02
0.000000000000000000e+00 8.027440868318080902e-03
0.000000000000000000e+00 2.630966948345303535e-03
0.000000000000000000e+00 4.461377393454313278e-04
0.000000000000000000e+00 5.762707951362244785e-05
0.000000000000000000e+00 7.556097898486768827e-06
0.000000000000000000e+00 3.150480097247054800e-06
0.000000000000000000e+00 1.249488150278921239e-06
0.000000000000000000e+00 3.820551626176893478e-07
0.000000000000000000e+00 1.439393315649795113e-07
0.000000000000000000e+00 6.744294012150930939e-08
0.000000000000000000e+00 2.398627607647085824e-08
0.000000000000000000e+00 1.009381822569821452e-08
0.000000000000000000e+00 7.308608829248441907e-09
0.000000000000000000e+00 3.905843204421444170e-09
0.000000000000000000e+00 3.526899439165731565e-09
0.000000000000000000e+00 3.329210462865717091e-09
0.000000000000000000e+00 3.067240461618325753e-09
