0.000000000000000000e+00 2.202508300542831421e-01
0.000000000000000000e+00 1.266518384218215942e-01
0.000000000000000000e+00 1.388270109891891479e-01
0.000000000000000000e+00 6.883779913187026978e-02
0.000000000000000000e+00 1.566498875617980957e-01
0.000000000000000000e+00 2.550326287746429443e-01
0.000000000000000000e+00 4.097796678543090820e-01
0.000000000000000000e+00 5.656564831733703613e-01
0.000000000000000000e+00 6.120705604553222656e-01
0.000000000000000000e+00 5.894888043403625488e-01
0.000000000000000000e+00 5.248060822486877441e-01
0.000000000000000000e+00 5.851322412490844727e-01
0.000000000000000000e+00 5.779165625572204590e-01
0.000000000000000000e+00 7.099381685256958008e-01
0.000000000000000000e+00 7.036611437797546387e-01
1.000000000000000000e+00 6.118792891502380371e-01
1.000000000000000000e+00 6.071823835372924805e-01
1.000000000000000000e+00 5.117934346199035645e-01
0.000000000000000000e+00 6.052565574645996094e-01
0.000000000000000000e+00 4.405122101306915283e-01
0.000000000000000000e+00 4.113684296607971191e-01
0.000000000000000000e+00 3.745132386684417725e-01
0.000000000000000000e+00 5.086694359779357910e-01
0.000000000000000000e+00 4.981673955917358398e-01
0.000000000000000000e+00 4.776003062725067139e-01
0.000000000000000000e+00 5.647333860397338867e-01
0.000000000000000000e+00 5.183444619178771973e-01
1.000000000000000000e+00 6.766889095306396484e-01
0.000000000000000000e+00 5.735156536102294922e-01
0.000000000000000000e+00 4.568529725074768066e-01
0.000000000000000000e+00 4.120398461818695068e-01
0.000000000000000000e+00 3.633112311363220215e-01
1.000000000000000000e+00 3.250629603862762451e-01
0.000000000000000000e+00 2.483675181865692139e-01
0.000000000000000000e+00 4.015584290027618408e-01
0.000000000000000000e+00 4.074108004570007324e-01
0.000000000000000000e+00 4.743728935718536377e-01
1.000000000000000000e+00 5.428314805030822754e-01
1.000000000000000000e+00 7.115297317504882812e-01
0.000000000000000000e+00 6.938473582267761230e-01
0.000000000000000000e+00 6.969143748283386230e-01
0.000000000000000000e+00 5.755158662796020508e-01
0.000000000000000000e+00 5.854661464691162109e-01
0.000000000000000000e+00 4.877789616584777832e-01
0.000000000000000000e+00 4.738104939460754395e-01
0.000000000000000000e+00 3.386901319026947021e-01
0.000000000000000000e+00 4.094105958938598633e-01
0.000000000000000000e+00 5.402566194534301758e-01
0.000000000000000000e+00 5.723535418510437012e-01
0.000000000000000000e+00 3.651042282581329346e-01
0.000000000000000000e+00 1.452838033437728882e-01
0.000000000000000000e+00 1.430765390396118164e-01
0.000000000000000000e+00 2.460857331752777100e-01
0.000000000000000000e+00 2.937612235546112061e-01
0.000000000000000000e+00 2.268433719873428345e-01
0.000000000000000000e+00 2.218810319900512695e-01
0.000000000000000000e+00 2.160214781761169434e-01
0.000000000000000000e+00 1.322972327470779419e-01
0.000000000000000000e+00 1.293141096830368042e-01
0.000000000000000000e+00 1.363036781549453735e-01
0.000000000000000000e+00 1.121197268366813660e-01
0.000000000000000000e+00 1.957378536462783813e-01
0.000000000000000000e+00 1.887913793325424194e-01
0.000000000000000000e+00 2.839665412902832031e-01
0.000000000000000000e+00 2.848199307918548584e-01
0.000000000000000000e+00 2.266849279403686523e-01
0.000000000000000000e+00 1.880821138620376587e-01
0.000000000000000000e+00 6.482854485511779785e-02
0.000000000000000000e+00 1.036029979586601257e-01
0.000000000000000000e+00 9.623413532972335815e-02
0.000000000000000000e+00 1.268684267997741699e-01
0.000000000000000000e+00 1.123109459877014160e-01
0.000000000000000000e+00 1.301855593919754028e-01
1.000000000000000000e+00 1.727413982152938843e-01
0.000000000000000000e+00 1.098909899592399597e-01
0.000000000000000000e+00 4.565342329442501068e-03
0.000000000000000000e+00 4.347594920545816422e-03
0.000000000000000000e+00 3.594041336327791214e-03
0.000000000000000000e+00 5.371949169784784317e-03
0.000000000000000000e+00 5.263879895210266113e-03
0.000000000000000000e+00 1.814937591552734375e-02
0.000000000000000000e+00 1.733945682644844055e-02
0.000000000000000000e+00 1.823617331683635712e-02
0.000000000000000000e+00 2.976187504827976227e-02
0.000000000000000000e+00 3.779857978224754333e-02
0.000000000000000000e+00 3.835075721144676208e-02
0.000000000000000000e+00 8.332160115242004395e-02
0.000000000000000000e+00 7.373767346143722534e-02
0.000000000000000000e+00 1.514214724302291870e-01
0.000000000000000000e+00 1.738335788249969482e-01
0.000000000000000000e+00 2.281776964664459229e-01
0.000000000000000000e+00 3.310663998126983643e-01
0.000000000000000000e+00 4.506965875625610352e-01
0.000000000000000000e+00 4.332049190998077393e-01
0.000000000000000000e+00 5.437174439430236816e-01
1.000000000000000000e+00 5.747352242469787598e-01
1.000000000000000000e+00 5.099013447761535645e-01
1.000000000000000000e+00 5.093302726745605469e-01
1.000000000000000000e+00 5.954372286796569824e-01
1.000000000000000000e+00 5.297553539276123047e-01
1.000000000000000000e+00 6.423893570899963379e-01
1.000000000000000000e+00 5.977963805198669434e-01
0.000000000000000000e+00 7.253905534744262695e-01
0.000000000000000000e+00 8.295758366584777832e-01
0.000000000000000000e+00 7.493622303009033203e-01
0.000000000000000000e+00 7.375162839889526367e-01
1.000000000000000000e+00 6.893486976623535156e-01
1.000000000000000000e+00 7.150886654853820801e-01
1.000000000000000000e+00 6.884674429893493652e-01
1.000000000000000000e+00 6.561471819877624512e-01
1.000000000000000000e+00 7.018908262252807617e-01
1.000000000000000000e+00 6.354948282241821289e-01
1.000000000000000000e+00 5.826228260993957520e-01
0.000000000000000000e+00 3.924947381019592285e-01
0.000000000000000000e+00 2.877057790756225586e-01
0.000000000000000000e+00 3.015215694904327393e-01
0.000000000000000000e+00 3.671565055847167969e-01
0.000000000000000000e+00 4.686962962150573730e-01
0.000000000000000000e+00 4.307954609394073486e-01
0.000000000000000000e+00 3.575895130634307861e-01
0.000000000000000000e+00 4.040406644344329834e-01
0.000000000000000000e+00 3.307887613773345947e-01
0.000000000000000000e+00 1.366114169359207153e-01
0.000000000000000000e+00 5.912065505981445312e-02
0.000000000000000000e+00 2.475785650312900543e-02
0.000000000000000000e+00 1.056879851967096329e-02
0.000000000000000000e+00 6.057507824152708054e-03
0.000000000000000000e+00 6.035679019987583160e-03
0.000000000000000000e+00 7.928668521344661713e-03
0.000000000000000000e+00 9.451808407902717590e-03
0.000000000000000000e+00 8.536074310541152954e-03
0.000000000000000000e+00 1.359069999307394028e-02
1.000000000000000000e+00 2.290569245815277100e-02
1.000000000000000000e+00 5.969873070716857910e-02
0.000000000000000000e+00 5.543686076998710632e-02
0.000000000000000000e+00 1.018840447068214417e-01
0.000000000000000000e+00 2.548755109310150146e-01
0.000000000000000000e+00 4.010831415653228760e-01
1.000000000000000000e+00 5.578138828277587891e-01
1.000000000000000000e+00 5.765573382377624512e-01
0.000000000000000000e+00 5.904690027236938477e-01
0.000000000000000000e+00 5.052452087402343750e-01
0.000000000000000000e+00 4.224539995193481445e-01
0.000000000000000000e+00 4.473378360271453857e-01
0.000000000000000000e+00 3.329069614410400391e-01
0.000000000000000000e+00 5.033944845199584961e-01
0.000000000000000000e+00 4.488594233989715576e-01
0.000000000000000000e+00 5.203479528427124023e-01
0.000000000000000000e+00 5.997505784034729004e-01
0.000000000000000000e+00 6.099690198898315430e-01
0.000000000000000000e+00 3.732621297240257263e-02
0.000000000000000000e+00 4.415456578135490417e-02
0.000000000000000000e+00 4.866443946957588196e-02
0.000000000000000000e+00 3.484211489558219910e-02
0.000000000000000000e+00 7.745411992073059082e-02
0.000000000000000000e+00 1.448307931423187256e-01
0.000000000000000000e+00 2.421381026506423950e-01
0.000000000000000000e+00 4.675079882144927979e-01
0.000000000000000000e+00 4.472401440143585205e-01
0.000000000000000000e+00 5.150362253189086914e-01
0.000000000000000000e+00 5.331766009330749512e-01
0.000000000000000000e+00 6.408017277717590332e-01
0.000000000000000000e+00 6.996221542358398438e-01
0.000000000000000000e+00 6.915723681449890137e-01
0.000000000000000000e+00 7.625727653503417969e-01
0.000000000000000000e+00 7.594893574714660645e-01
0.000000000000000000e+00 7.394740581512451172e-01
0.000000000000000000e+00 6.282176375389099121e-01
0.000000000000000000e+00 7.493324279785156250e-01
0.000000000000000000e+00 7.160416245460510254e-01
0.000000000000000000e+00 8.081901669502258301e-01
0.000000000000000000e+00 8.784221410751342773e-01
0.000000000000000000e+00 8.722501993179321289e-01
0.000000000000000000e+00 9.094588160514831543e-01
0.000000000000000000e+00 9.262824058532714844e-01
0.000000000000000000e+00 9.295125603675842285e-01
0.000000000000000000e+00 9.337776303291320801e-01
0.000000000000000000e+00 9.302906990051269531e-01
0.000000000000000000e+00 9.286643266677856445e-01
0.000000000000000000e+00 9.286539554595947266e-01
0.000000000000000000e+00 9.173956513404846191e-01
0.000000000000000000e+00 8.707265257835388184e-01
0.000000000000000000e+00 8.709169030189514160e-01
0.000000000000000000e+00 8.115527033805847168e-01
0.000000000000000000e+00 7.730966210365295410e-01
0.000000000000000000e+00 7.301850318908691406e-01
0.000000000000000000e+00 7.380612492561340332e-01
0.000000000000000000e+00 7.895283699035644531e-01
0.000000000000000000e+00 6.351498961448669434e-01
0.000000000000000000e+00 6.652210950851440430e-01
0.000000000000000000e+00 6.043832898139953613e-01
0.000000000000000000e+00 5.116543769836425781e-01
0.000000000000000000e+00 2.857849895954132080e-01
0.000000000000000000e+00 1.465677022933959961e-01
1.000000000000000000e+00 1.666854768991470337e-01
1.000000000000000000e+00 2.673870027065277100e-01
0.000000000000000000e+00 3.016678988933563232e-01
0.000000000000000000e+00 4.060269594192504883e-01
0.000000000000000000e+00 5.750670433044433594e-01
0.000000000000000000e+00 5.080406665802001953e-01
0.000000000000000000e+00 6.435594558715820312e-01
0.000000000000000000e+00 6.716253757476806641e-01
0.000000000000000000e+00 6.454064249992370605e-01
0.000000000000000000e+00 6.847483515739440918e-01
0.000000000000000000e+00 7.180833220481872559e-01
0.000000000000000000e+00 6.363646388053894043e-01
0.000000000000000000e+00 7.535064816474914551e-01
0.000000000000000000e+00 7.983921170234680176e-01
0.000000000000000000e+00 8.392232656478881836e-01
0.000000000000000000e+00 8.275386095046997070e-01
0.000000000000000000e+00 8.346923589706420898e-01
0.000000000000000000e+00 7.917084097862243652e-01
0.000000000000000000e+00 8.006870746612548828e-01
0.000000000000000000e+00 7.365614771842956543e-01
0.000000000000000000e+00 7.381572127342224121e-01
1.000000000000000000e+00 7.329971194267272949e-01
1.000000000000000000e+00 6.284236311912536621e-01
1.000000000000000000e+00 6.458197832107543945e-01
0.000000000000000000e+00 6.386535167694091797e-01
0.000000000000000000e+00 4.537030756473541260e-01
0.000000000000000000e+00 3.963431119918823242e-01
0.000000000000000000e+00 3.619768619537353516e-01
0.000000000000000000e+00 4.361559748649597168e-01
0.000000000000000000e+00 4.308358430862426758e-01
0.000000000000000000e+00 5.113049745559692383e-01
0.000000000000000000e+00 5.064312219619750977e-01
0.000000000000000000e+00 5.626377463340759277e-01
0.000000000000000000e+00 5.059919357299804688e-01
0.000000000000000000e+00 4.964648783206939697e-01
0.000000000000000000e+00 3.920698761940002441e-01
0.000000000000000000e+00 3.399026095867156982e-01
0.000000000000000000e+00 2.083546817302703857e-01
0.000000000000000000e+00 2.405003011226654053e-01
0.000000000000000000e+00 1.838589310646057129e-01
1.000000000000000000e+00 2.047294825315475464e-01
0.000000000000000000e+00 1.602677255868911743e-01
0.000000000000000000e+00 2.230816781520843506e-01
0.000000000000000000e+00 3.609966635704040527e-01
0.000000000000000000e+00 4.452083110809326172e-01
1.000000000000000000e+00 4.516838788986206055e-01
0.000000000000000000e+00 3.889239728450775146e-01
0.000000000000000000e+00 4.179558157920837402e-01
0.000000000000000000e+00 3.724889457225799561e-01
0.000000000000000000e+00 4.096496999263763428e-01
0.000000000000000000e+00 3.156183958053588867e-01
0.000000000000000000e+00 2.545273602008819580e-01
0.000000000000000000e+00 3.005454838275909424e-01
0.000000000000000000e+00 4.176460802555084229e-01
0.000000000000000000e+00 5.447396636009216309e-01
1.000000000000000000e+00 5.690377354621887207e-01
1.000000000000000000e+00 5.787639617919921875e-01
1.000000000000000000e+00 6.605095863342285156e-01
1.000000000000000000e+00 6.816133856773376465e-01
0.000000000000000000e+00 6.304231286048889160e-01
0.000000000000000000e+00 5.694718956947326660e-01
0.000000000000000000e+00 4.768568277359008789e-01
0.000000000000000000e+00 4.781381189823150635e-01
0.000000000000000000e+00 4.700056910514831543e-01
0.000000000000000000e+00 4.812106192111968994e-01
0.000000000000000000e+00 5.162144303321838379e-01
0.000000000000000000e+00 5.727528333663940430e-01
0.000000000000000000e+00 5.012574791908264160e-01
0.000000000000000000e+00 6.264469027519226074e-01
0.000000000000000000e+00 3.717698156833648682e-01
0.000000000000000000e+00 3.069074153900146484e-01
0.000000000000000000e+00 4.282613992691040039e-01
0.000000000000000000e+00 2.037278413772583008e-01
0.000000000000000000e+00 1.326050907373428345e-01
0.000000000000000000e+00 1.377120465040206909e-01
1.000000000000000000e+00 1.200751587748527527e-01
1.000000000000000000e+00 1.943115741014480591e-01
1.000000000000000000e+00 2.429036051034927368e-01
0.000000000000000000e+00 2.058386057615280151e-01
0.000000000000000000e+00 2.124761193990707397e-01
0.000000000000000000e+00 2.338005900382995605e-01
0.000000000000000000e+00 2.375355511903762817e-01
0.000000000000000000e+00 1.681538522243499756e-01
0.000000000000000000e+00 2.803067862987518311e-01
0.000000000000000000e+00 2.215929627418518066e-01
0.000000000000000000e+00 2.404798269271850586e-01
0.000000000000000000e+00 2.781331837177276611e-01
0.000000000000000000e+00 2.032339721918106079e-01
0.000000000000000000e+00 2.309742569923400879e-01
0.000000000000000000e+00 2.350713908672332764e-01
0.000000000000000000e+00 1.822859197854995728e-01
0.000000000000000000e+00 2.497920989990234375e-01
0.000000000000000000e+00 1.729277521371841431e-01
0.000000000000000000e+00 4.105851948261260986e-01
0.000000000000000000e+00 3.095948100090026855e-01
0.000000000000000000e+00 2.730535864830017090e-01
0.000000000000000000e+00 2.397407591342926025e-01
1.000000000000000000e+00 2.491087615489959717e-01
0.000000000000000000e+00 2.938926815986633301e-01
0.000000000000000000e+00 2.475482523441314697e-01
0.000000000000000000e+00 3.645732700824737549e-01
0.000000000000000000e+00 4.338406026363372803e-01
0.000000000000000000e+00 5.007645487785339355e-01
0.000000000000000000e+00 4.919303655624389648e-01
0.000000000000000000e+00 4.417476654052734375e-01
0.000000000000000000e+00 3.294463753700256348e-01
0.000000000000000000e+00 7.935838401317596436e-02
0.000000000000000000e+00 1.977257877588272095e-01
0.000000000000000000e+00 1.589071005582809448e-01
0.000000000000000000e+00 1.639960557222366333e-01
0.000000000000000000e+00 4.341721534729003906e-01
0.000000000000000000e+00 6.347680091857910156e-01
0.000000000000000000e+00 4.355579018592834473e-01
0.000000000000000000e+00 3.646283745765686035e-01
0.000000000000000000e+00 2.033827900886535645e-01
0.000000000000000000e+00 2.219995856285095215e-01
0.000000000000000000e+00 1.094203069806098938e-01
0.000000000000000000e+00 9.722235798835754395e-02
0.000000000000000000e+00 1.772960722446441650e-01
0.000000000000000000e+00 1.629453748464584351e-01
0.000000000000000000e+00 1.597480028867721558e-01
0.000000000000000000e+00 2.478709667921066284e-01
1.000000000000000000e+00 2.817084789276123047e-01
0.000000000000000000e+00 2.014595121145248413e-01
0.000000000000000000e+00 3.847130239009857178e-01
0.000000000000000000e+00 2.795073390007019043e-01
1.000000000000000000e+00 2.000761777162551880e-01
1.000000000000000000e+00 2.095374912023544312e-01
1.000000000000000000e+00 1.920477002859115601e-01
1.000000000000000000e+00 1.328403949737548828e-01
1.000000000000000000e+00 1.335180699825286865e-01
1.000000000000000000e+00 2.150066792964935303e-01
1.000000000000000000e+00 2.775639295578002930e-01
1.000000000000000000e+00 4.767009019851684570e-01
1.000000000000000000e+00 4.107886850833892822e-01
1.000000000000000000e+00 5.441499352455139160e-01
0.000000000000000000e+00 4.831814169883728027e-01
0.000000000000000000e+00 5.929480195045471191e-01
0.000000000000000000e+00 7.017120122909545898e-01
1.000000000000000000e+00 6.348769068717956543e-01
0.000000000000000000e+00 6.991590857505798340e-01
0.000000000000000000e+00 7.556599974632263184e-01
0.000000000000000000e+00 8.279175758361816406e-01
1.000000000000000000e+00 6.337037682533264160e-01
0.000000000000000000e+00 4.969838261604309082e-01
0.000000000000000000e+00 3.106000125408172607e-01
0.000000000000000000e+00 4.247542619705200195e-01
0.000000000000000000e+00 2.576695680618286133e-01
0.000000000000000000e+00 2.246434837579727173e-01
0.000000000000000000e+00 2.496794760227203369e-01
0.000000000000000000e+00 2.653914093971252441e-01
0.000000000000000000e+00 3.870185911655426025e-01
0.000000000000000000e+00 3.376117646694183350e-01
0.000000000000000000e+00 1.286097317934036255e-01
1.000000000000000000e+00 2.885952591896057129e-02
1.000000000000000000e+00 1.703629270195960999e-02
1.000000000000000000e+00 7.470356300473213196e-03
1.000000000000000000e+00 7.308369502425193787e-03
0.000000000000000000e+00 8.393968455493450165e-03
0.000000000000000000e+00 1.396484673023223877e-02
0.000000000000000000e+00 2.610730193555355072e-02
0.000000000000000000e+00 2.545264735817909241e-02
0.000000000000000000e+00 1.819361373782157898e-02
0.000000000000000000e+00 1.629484817385673523e-02
0.000000000000000000e+00 7.035426795482635498e-03
0.000000000000000000e+00 4.369022790342569351e-03
0.000000000000000000e+00 4.845646210014820099e-03
0.000000000000000000e+00 4.900115542113780975e-03
0.000000000000000000e+00 7.125867065042257309e-03
0.000000000000000000e+00 1.026175636798143387e-02
0.000000000000000000e+00 9.003254584968090057e-03
0.000000000000000000e+00 4.984539467841386795e-03
0.000000000000000000e+00 5.533112678676843643e-03
0.000000000000000000e+00 5.379881244152784348e-03
0.000000000000000000e+00 5.842145066708326340e-03
0.000000000000000000e+00 7.674537599086761475e-03
0.000000000000000000e+00 5.206119269132614136e-03
0.000000000000000000e+00 8.789351209998130798e-03
0.000000000000000000e+00 1.561456080526113510e-02
0.000000000000000000e+00 1.227280776947736740e-02
0.000000000000000000e+00 1.161776762455701828e-02
0.000000000000000000e+00 6.685748696327209473e-02
0.000000000000000000e+00 4.174163937568664551e-02
0.000000000000000000e+00 5.643485486507415771e-02
0.000000000000000000e+00 1.083207428455352783e-01
0.000000000000000000e+00 1.933207958936691284e-01
0.000000000000000000e+00 2.341871261596679688e-01
0.000000000000000000e+00 2.384370714426040649e-01
0.000000000000000000e+00 2.155302464962005615e-01
0.000000000000000000e+00 1.974191069602966309e-01
0.000000000000000000e+00 1.715968698263168335e-01
0.000000000000000000e+00 1.303105801343917847e-01
0.000000000000000000e+00 1.679664999246597290e-01
0.000000000000000000e+00 2.064173966646194458e-01
0.000000000000000000e+00 1.744353473186492920e-01
0.000000000000000000e+00 1.939340680837631226e-01
1.000000000000000000e+00 3.034930229187011719e-01
1.000000000000000000e+00 3.397455811500549316e-01
0.000000000000000000e+00 3.092530369758605957e-01
0.000000000000000000e+00 2.750610709190368652e-01
0.000000000000000000e+00 1.555961817502975464e-01
1.000000000000000000e+00 1.267430782318115234e-01
1.000000000000000000e+00 1.119626760482788086e-01
0.000000000000000000e+00 1.024013534188270569e-01
0.000000000000000000e+00 6.961137056350708008e-02
0.000000000000000000e+00 8.266289532184600830e-02
0.000000000000000000e+00 9.049823135137557983e-02
0.000000000000000000e+00 1.528291106224060059e-01
1.000000000000000000e+00 1.961518675088882446e-01
0.000000000000000000e+00 1.174278557300567627e-01
0.000000000000000000e+00 1.447581052780151367e-01
0.000000000000000000e+00 1.072287634015083313e-01
0.000000000000000000e+00 4.876435548067092896e-02
1.000000000000000000e+00 3.860317170619964600e-02
0.000000000000000000e+00 3.627015650272369385e-02
0.000000000000000000e+00 3.185804560780525208e-02
0.000000000000000000e+00 3.605492785573005676e-02
0.000000000000000000e+00 5.422920361161231995e-02
1.000000000000000000e+00 9.446572512388229370e-02
1.000000000000000000e+00 9.533166140317916870e-02
0.000000000000000000e+00 1.467281877994537354e-01
0.000000000000000000e+00 1.177533492445945740e-01
0.000000000000000000e+00 1.228887438774108887e-01
0.000000000000000000e+00 9.459440410137176514e-02
0.000000000000000000e+00 8.421869575977325439e-02
1.000000000000000000e+00 8.120304346084594727e-02
0.000000000000000000e+00 8.377948403358459473e-02
0.000000000000000000e+00 6.531054526567459106e-02
0.000000000000000000e+00 6.130484119057655334e-02
0.000000000000000000e+00 5.289801582694053650e-02
0.000000000000000000e+00 3.392689675092697144e-02
0.000000000000000000e+00 3.290039300918579102e-02
0.000000000000000000e+00 2.072176150977611542e-02
0.000000000000000000e+00 2.832626551389694214e-02
0.000000000000000000e+00 4.452514275908470154e-02
0.000000000000000000e+00 4.658675938844680786e-02
0.000000000000000000e+00 7.304134219884872437e-02
0.000000000000000000e+00 4.953895509243011475e-02
0.000000000000000000e+00 5.886928364634513855e-02
0.000000000000000000e+00 5.756199359893798828e-02
0.000000000000000000e+00 4.770508036017417908e-02
0.000000000000000000e+00 4.730467125773429871e-02
0.000000000000000000e+00 5.391665175557136536e-02
0.000000000000000000e+00 4.886557906866073608e-02
0.000000000000000000e+00 3.745800629258155823e-02
0.000000000000000000e+00 4.701760783791542053e-02
0.000000000000000000e+00 5.868351832032203674e-02
0.000000000000000000e+00 3.151855245232582092e-02
0.000000000000000000e+00 2.681597694754600525e-02
0.000000000000000000e+00 2.276032231748104095e-02
0.000000000000000000e+00 2.537973225116729736e-02
0.000000000000000000e+00 2.032515592873096466e-02
0.000000000000000000e+00 3.563791885972023010e-02
0.000000000000000000e+00 5.037467181682586670e-02
0.000000000000000000e+00 6.779082119464874268e-02
0.000000000000000000e+00 5.547929555177688599e-02
0.000000000000000000e+00 2.085403650999069214e-01
0.000000000000000000e+00 2.863318026065826416e-01
0.000000000000000000e+00 2.775765955448150635e-01
0.000000000000000000e+00 2.109346538782119751e-01
0.000000000000000000e+00 2.231724709272384644e-01
0.000000000000000000e+00 3.693954348564147949e-01
0.000000000000000000e+00 2.715043127536773682e-01
0.000000000000000000e+00 2.445323467254638672e-01
0.000000000000000000e+00 4.181353151798248291e-01
0.000000000000000000e+00 3.856884539127349854e-01
0.000000000000000000e+00 4.132061600685119629e-01
0.000000000000000000e+00 5.123895406723022461e-01
0.000000000000000000e+00 5.315913558006286621e-01
0.000000000000000000e+00 6.452559232711791992e-01
1.000000000000000000e+00 5.448389649391174316e-01
1.000000000000000000e+00 3.956348896026611328e-01
1.000000000000000000e+00 3.402093648910522461e-01
1.000000000000000000e+00 3.230873644351959229e-01
1.000000000000000000e+00 2.387094795703887939e-01
0.000000000000000000e+00 3.268379569053649902e-01
0.000000000000000000e+00 4.061765372753143311e-01
0.000000000000000000e+00 5.836905837059020996e-01
0.000000000000000000e+00 6.218658089637756348e-01
0.000000000000000000e+00 7.850789427757263184e-01
0.000000000000000000e+00 7.280441522598266602e-01
0.000000000000000000e+00 7.896223068237304688e-01
0.000000000000000000e+00 7.094746232032775879e-01
0.000000000000000000e+00 7.736616730690002441e-01
0.000000000000000000e+00 5.832217335700988770e-01
0.000000000000000000e+00 5.260410308837890625e-01
0.000000000000000000e+00 3.238990902900695801e-01
1.000000000000000000e+00 3.104544878005981445e-01
1.000000000000000000e+00 2.578424811363220215e-01
1.000000000000000000e+00 2.269370257854461670e-01
0.000000000000000000e+00 2.469890564680099487e-01
0.000000000000000000e+00 3.102477490901947021e-01
0.000000000000000000e+00 3.622548580169677734e-01
1.000000000000000000e+00 4.841338694095611572e-01
1.000000000000000000e+00 4.984512031078338623e-01
0.000000000000000000e+00 5.238410234451293945e-01
0.000000000000000000e+00 6.724929809570312500e-01
0.000000000000000000e+00 6.361494660377502441e-01
0.000000000000000000e+00 6.207022070884704590e-01
0.000000000000000000e+00 6.545962691307067871e-01
0.000000000000000000e+00 5.256358981132507324e-01
0.000000000000000000e+00 4.854356050491333008e-01
0.000000000000000000e+00 5.054519176483154297e-01
0.000000000000000000e+00 6.850951910018920898e-01
0.000000000000000000e+00 7.773302793502807617e-01
0.000000000000000000e+00 8.214715719223022461e-01
1.000000000000000000e+00 8.286219239234924316e-01
1.000000000000000000e+00 7.333695292472839355e-01
1.000000000000000000e+00 6.386420726776123047e-01
1.000000000000000000e+00 5.675173997879028320e-01
0.000000000000000000e+00 4.993357062339782715e-01
0.000000000000000000e+00 3.870853185653686523e-01
0.000000000000000000e+00 2.798846065998077393e-01
0.000000000000000000e+00 4.495346546173095703e-01
0.000000000000000000e+00 5.510677695274353027e-01
0.000000000000000000e+00 6.927454471588134766e-01
0.000000000000000000e+00 7.201929688453674316e-01
0.000000000000000000e+00 7.482674717903137207e-01
0.000000000000000000e+00 7.873046994209289551e-01
0.000000000000000000e+00 8.151796460151672363e-01
0.000000000000000000e+00 8.549116849899291992e-01
0.000000000000000000e+00 8.655452132225036621e-01
0.000000000000000000e+00 8.743593692779541016e-01
0.000000000000000000e+00 8.564823269844055176e-01
0.000000000000000000e+00 8.726449608802795410e-01
0.000000000000000000e+00 8.793211579322814941e-01
0.000000000000000000e+00 8.608590960502624512e-01
0.000000000000000000e+00 8.591669797897338867e-01
0.000000000000000000e+00 8.074818253517150879e-01
0.000000000000000000e+00 7.708182334899902344e-01
0.000000000000000000e+00 7.186410427093505859e-01
0.000000000000000000e+00 8.542199432849884033e-02
0.000000000000000000e+00 1.311582028865814209e-01
0.000000000000000000e+00 2.093296945095062256e-01
1.000000000000000000e+00 1.396909356117248535e-01
1.000000000000000000e+00 2.009901404380798340e-01
0.000000000000000000e+00 2.443459331989288330e-01
0.000000000000000000e+00 2.238336205482482910e-01
0.000000000000000000e+00 1.965018957853317261e-01
0.000000000000000000e+00 1.795830726623535156e-01
0.000000000000000000e+00 2.388055324554443359e-01
0.000000000000000000e+00 1.860857009887695312e-01
0.000000000000000000e+00 1.584562063217163086e-01
0.000000000000000000e+00 1.828424334526062012e-01
0.000000000000000000e+00 1.761277467012405396e-01
1.000000000000000000e+00 1.234877109527587891e-01
1.000000000000000000e+00 1.097150966525077820e-01
1.000000000000000000e+00 1.407673954963684082e-01
1.000000000000000000e+00 2.389739751815795898e-01
0.000000000000000000e+00 3.145605921745300293e-01
0.000000000000000000e+00 3.571050167083740234e-01
0.000000000000000000e+00 5.045966506004333496e-01
0.000000000000000000e+00 5.298740863800048828e-01
0.000000000000000000e+00 5.724120140075683594e-01
0.000000000000000000e+00 6.047333478927612305e-01
0.000000000000000000e+00 5.762057900428771973e-01
0.000000000000000000e+00 6.439971923828125000e-01
0.000000000000000000e+00 6.222285628318786621e-01
0.000000000000000000e+00 5.550742149353027344e-01
0.000000000000000000e+00 5.291243195533752441e-01
0.000000000000000000e+00 3.832466602325439453e-01
0.000000000000000000e+00 4.448743760585784912e-01
0.000000000000000000e+00 4.729414582252502441e-01
1.000000000000000000e+00 4.501362740993499756e-01
0.000000000000000000e+00 4.010567963123321533e-01
0.000000000000000000e+00 3.815577328205108643e-01
0.000000000000000000e+00 3.846783339977264404e-01
0.000000000000000000e+00 3.717062771320343018e-01
1.000000000000000000e+00 4.249956309795379639e-01
0.000000000000000000e+00 3.236105740070343018e-01
0.000000000000000000e+00 3.045592904090881348e-01
0.000000000000000000e+00 2.831246256828308105e-01
0.000000000000000000e+00 2.795849144458770752e-01
0.000000000000000000e+00 2.170826792716979980e-01
0.000000000000000000e+00 1.652816385030746460e-01
0.000000000000000000e+00 1.556874215602874756e-01
0.000000000000000000e+00 1.791413277387619019e-01
0.000000000000000000e+00 2.286073863506317139e-01
0.000000000000000000e+00 3.154763281345367432e-01
0.000000000000000000e+00 2.896515727043151855e-01
0.000000000000000000e+00 2.921863794326782227e-01
0.000000000000000000e+00 1.887840181589126587e-01
0.000000000000000000e+00 1.735371500253677368e-01
0.000000000000000000e+00 1.239337101578712463e-01
0.000000000000000000e+00 1.317057162523269653e-01
0.000000000000000000e+00 1.448777168989181519e-01
0.000000000000000000e+00 1.200984790921211243e-01
0.000000000000000000e+00 1.155444681644439697e-01
0.000000000000000000e+00 1.173365563154220581e-01
0.000000000000000000e+00 9.579271078109741211e-02
0.000000000000000000e+00 6.994965672492980957e-02
0.000000000000000000e+00 9.309257566928863525e-02
1.000000000000000000e+00 1.091931015253067017e-01
0.000000000000000000e+00 8.948288112878799438e-02
0.000000000000000000e+00 8.802293241024017334e-02
0.000000000000000000e+00 7.535261660814285278e-02
0.000000000000000000e+00 7.522043585777282715e-02
0.000000000000000000e+00 9.473252296447753906e-02
0.000000000000000000e+00 1.251825690269470215e-01
0.000000000000000000e+00 1.739630550146102905e-01
0.000000000000000000e+00 2.121355235576629639e-01
0.000000000000000000e+00 2.189369350671768188e-01
0.000000000000000000e+00 2.052891105413436890e-01
0.000000000000000000e+00 1.458512842655181885e-01
0.000000000000000000e+00 1.529584079980850220e-01
0.000000000000000000e+00 1.279863566160202026e-01
