0.000000000000000000e+00 1.440616548061370850e-01
0.000000000000000000e+00 1.549523174762725830e-01
0.000000000000000000e+00 1.438267081975936890e-01
0.000000000000000000e+00 2.049602121114730835e-01
0.000000000000000000e+00 2.070502936840057373e-01
0.000000000000000000e+00 4.496951401233673096e-01
0.000000000000000000e+00 5.744237303733825684e-01
0.000000000000000000e+00 5.785613059997558594e-01
0.000000000000000000e+00 6.832400560379028320e-01
0.000000000000000000e+00 5.857099294662475586e-01
0.000000000000000000e+00 7.235112786293029785e-01
0.000000000000000000e+00 6.854422688484191895e-01
0.000000000000000000e+00 7.086496949195861816e-01
0.000000000000000000e+00 7.157341241836547852e-01
0.000000000000000000e+00 7.758814096450805664e-01
1.000000000000000000e+00 7.846747636795043945e-01
1.000000000000000000e+00 7.672308683395385742e-01
1.000000000000000000e+00 8.077876567840576172e-01
1.000000000000000000e+00 8.208927512168884277e-01
1.000000000000000000e+00 7.811375260353088379e-01
1.000000000000000000e+00 7.653864026069641113e-01
1.000000000000000000e+00 8.149870634078979492e-01
1.000000000000000000e+00 6.596314311027526855e-01
1.000000000000000000e+00 5.535724163055419922e-01
0.000000000000000000e+00 4.238809049129486084e-01
0.000000000000000000e+00 2.867800891399383545e-01
0.000000000000000000e+00 1.239270344376564026e-01
0.000000000000000000e+00 2.095595188438892365e-02
0.000000000000000000e+00 8.431554771959781647e-03
0.000000000000000000e+00 8.321690256707370281e-04
0.000000000000000000e+00 1.150193347712047398e-04
0.000000000000000000e+00 1.652875835134182125e-05
0.000000000000000000e+00 1.035848163155606017e-05
0.000000000000000000e+00 5.418972705228952691e-06
0.000000000000000000e+00 1.381271090394875500e-06
0.000000000000000000e+00 4.686478121129766805e-07
0.000000000000000000e+00 1.724518199353042291e-07
0.000000000000000000e+00 9.680749002427546657e-08
0.000000000000000000e+00 5.748819376094616018e-08
0.000000000000000000e+00 3.446311325205897447e-08
0.000000000000000000e+00 2.444704882975656801e-08
0.000000000000000000e+00 1.500559143607915757e-08
0.000000000000000000e+00 3.026833539365725301e-08
0.000000000000000000e+00 1.972854057896711311e-08
0.000000000000000000e+00 5.121900059634754143e-08
0.000000000000000000e+00 9.129154204856604338e-05
0.000000000000000000e+00 3.371114144101738930e-05
0.000000000000000000e+00 1.525494553789030761e-06
0.000000000000000000e+00 4.750080506710219197e-07
0.000000000000000000e+00 2.103243588180703227e-07
0.000000000000000000e+00 4.532000374979361368e-08
0.000000000000000000e+00 1.690725426328754111e-08
0.000000000000000000e+00 4.336852654773792892e-09
0.000000000000000000e+00 2.330768911207314886e-09
0.000000000000000000e+00 6.455113665815304103e-10
0.000000000000000000e+00 2.285808625712704156e-10
0.000000000000000000e+00 2.242803165408702171e-10
0.000000000000000000e+00 4.564943215101813223e-11
0.000000000000000000e+00 2.578880511916459284e-11
0.000000000000000000e+00 1.339153961332772980e-11
0.000000000000000000e+00 7.990050461537112625e-12
0.000000000000000000e+00 1.123505108391320562e-11
0.000000000000000000e+00 9.767383082892600044e-12
0.000000000000000000e+00 6.863357104869294290e-12
0.000000000000000000e+00 5.879247175905044642e-12
0.000000000000000000e+00 7.205052960507218884e-12
0.000000000000000000e+00 6.380523713545027675e-12
0.000000000000000000e+00 8.680813880224125256e-12
0.000000000000000000e+00 1.475662127214949493e-11
0.000000000000000000e+00 8.756644714891237413e-12
0.000000000000000000e+00 6.989759899350689309e-12
0.000000000000000000e+00 1.321015172250916692e-11
0.000000000000000000e+00 9.465156956822706746e-12
0.000000000000000000e+00 1.171455640824881073e-11
0.000000000000000000e+00 2.296330313400485323e-11
0.000000000000000000e+00 1.491278107945692710e-11
0.000000000000000000e+00 1.667841212360521297e-11
0.000000000000000000e+00 1.031432664971854152e-11
0.000000000000000000e+00 1.001254027604980834e-11
0.000000000000000000e+00 8.649477835354080213e-12
0.000000000000000000e+00 1.305487922625969688e-11
0.000000000000000000e+00 1.149957386259448100e-11
0.000000000000000000e+00 1.781758247887399449e-11
0.000000000000000000e+00 1.405331146592248004e-11
0.000000000000000000e+00 1.306110601617671563e-11
0.000000000000000000e+00 1.310862529635414830e-11
0.000000000000000000e+00 1.126214833196970133e-11
0.000000000000000000e+00 2.539785048938369982e-11
0.000000000000000000e+00 2.177732473518378953e-11
0.000000000000000000e+00 3.002025364406968322e-11
0.000000000000000000e+00 5.837214484927244484e-05
0.000000000000000000e+00 1.526544110674876720e-05
0.000000000000000000e+00 4.802123385161394253e-06
0.000000000000000000e+00 2.457339576267258963e-07
0.000000000000000000e+00 3.806357256053161109e-07
0.000000000000000000e+00 3.738124831897948752e-08
0.000000000000000000e+00 2.254527231571046286e-08
0.000000000000000000e+00 8.057215339363210660e-09
0.000000000000000000e+00 1.196892585042519386e-09
0.000000000000000000e+00 6.956847875549954097e-10
0.000000000000000000e+00 2.221477723995946008e-10
0.000000000000000000e+00 1.324944876035516472e-10
0.000000000000000000e+00 1.200575472370957186e-10
0.000000000000000000e+00 2.818281198690986145e-11
0.000000000000000000e+00 1.885278044788663010e-11
0.000000000000000000e+00 1.924857669088897438e-11
0.000000000000000000e+00 1.191131828587321806e-11
0.000000000000000000e+00 6.641810365581868325e-12
0.000000000000000000e+00 6.623719368131775198e-12
0.000000000000000000e+00 7.596420020794525385e-12
0.000000000000000000e+00 7.157045789352167731e-12
0.000000000000000000e+00 9.497273627256941353e-12
0.000000000000000000e+00 7.020316186018282778e-12
0.000000000000000000e+00 4.779311061492430568e-12
0.000000000000000000e+00 2.671665189427074871e-12
0.000000000000000000e+00 2.815534480907211368e-12
0.000000000000000000e+00 2.339936838041678513e-12
0.000000000000000000e+00 3.380626507898387700e-12
0.000000000000000000e+00 1.840740667530260666e-12
0.000000000000000000e+00 2.034062371661371493e-12
0.000000000000000000e+00 1.088466448050107171e-12
0.000000000000000000e+00 7.439960648426835466e-13
0.000000000000000000e+00 1.009555069750311951e-12
0.000000000000000000e+00 8.833318191486805304e-13
0.000000000000000000e+00 6.106022805429933697e-13
0.000000000000000000e+00 5.860669480099722772e-13
0.000000000000000000e+00 4.460187102463264441e-13
0.000000000000000000e+00 6.944918815379730326e-13
0.000000000000000000e+00 3.344293429425465591e-13
0.000000000000000000e+00 9.145270261565197067e-13
0.000000000000000000e+00 2.439742472718636757e-13
0.000000000000000000e+00 8.466498444166525861e-13
0.000000000000000000e+00 4.022708815359932188e-13
0.000000000000000000e+00 4.059505281841374602e-13
0.000000000000000000e+00 7.064356695105078465e-13
0.000000000000000000e+00 2.322879619896411896e-03
0.000000000000000000e+00 1.351582817733287811e-03
0.000000000000000000e+00 6.861354340799152851e-04
0.000000000000000000e+00 2.905464789364486933e-04
0.000000000000000000e+00 1.064189200405962765e-04
0.000000000000000000e+00 2.228839912277180701e-05
0.000000000000000000e+00 9.216787475452292711e-06
0.000000000000000000e+00 2.298909976161667146e-06
0.000000000000000000e+00 1.122579078582930379e-06
0.000000000000000000e+00 2.457227310515008867e-07
0.000000000000000000e+00 9.188848082430922659e-08
0.000000000000000000e+00 5.564088567666658491e-08
0.000000000000000000e+00 1.796194482039936702e-08
0.000000000000000000e+00 1.704918872746929992e-08
0.000000000000000000e+00 5.845743888954757495e-09
0.000000000000000000e+00 4.826726129891767414e-09
0.000000000000000000e+00 4.032072897786065369e-09
0.000000000000000000e+00 3.012134319746451183e-09
0.000000000000000000e+00 3.163802553274308593e-09
0.000000000000000000e+00 1.281340589187607293e-09
0.000000000000000000e+00 8.084273805941677438e-10
0.000000000000000000e+00 1.136686855751634084e-09
0.000000000000000000e+00 1.489295464729423202e-09
0.000000000000000000e+00 1.103405478097840842e-09
0.000000000000000000e+00 5.039237915838157278e-10
0.000000000000000000e+00 1.066027710550088159e-09
0.000000000000000000e+00 1.095760926439481864e-09
0.000000000000000000e+00 9.607237227982068362e-10
0.000000000000000000e+00 1.461479159914347292e-09
0.000000000000000000e+00 1.449287467814031061e-09
0.000000000000000000e+00 9.271671763677602485e-10
0.000000000000000000e+00 1.164468521608341689e-09
0.000000000000000000e+00 1.205937127934930686e-09
0.000000000000000000e+00 1.046753572708780666e-09
0.000000000000000000e+00 2.095901452392467945e-09
0.000000000000000000e+00 1.325491383319388206e-09
0.000000000000000000e+00 1.768882373909264061e-09
0.000000000000000000e+00 1.281995731794438598e-09
0.000000000000000000e+00 2.390451170342089426e-09
0.000000000000000000e+00 1.424257045634647056e-09
0.000000000000000000e+00 1.631013657465985034e-09
0.000000000000000000e+00 2.794656506210912994e-09
0.000000000000000000e+00 1.501832436190397857e-09
0.000000000000000000e+00 2.764906970043057299e-09
0.000000000000000000e+00 1.209738309526642297e-09
0.000000000000000000e+00 1.007238030433654785e-02
0.000000000000000000e+00 1.311740837991237640e-03
0.000000000000000000e+00 2.258265740238130093e-04
0.000000000000000000e+00 8.688712114235386252e-05
0.000000000000000000e+00 3.919728260370902717e-05
0.000000000000000000e+00 4.437488769326591864e-06
0.000000000000000000e+00 2.219243242507218383e-06
0.000000000000000000e+00 4.705174774244369473e-07
0.000000000000000000e+00 1.603558672513827332e-07
0.000000000000000000e+00 4.063164382728245982e-08
0.000000000000000000e+00 1.602818144874618156e-08
0.000000000000000000e+00 7.273147861752704557e-09
0.000000000000000000e+00 8.745741908455784142e-09
0.000000000000000000e+00 1.839392416158602828e-09
0.000000000000000000e+00 1.195487153715646400e-09
0.000000000000000000e+00 1.289126139170093666e-09
0.000000000000000000e+00 4.477018478166172599e-10
0.000000000000000000e+00 5.685860116066976389e-10
0.000000000000000000e+00 6.808316133088965216e-10
0.000000000000000000e+00 2.972019574887241333e-10
0.000000000000000000e+00 5.362921218221572417e-10
0.000000000000000000e+00 4.975497236436865478e-10
0.000000000000000000e+00 7.499811882638596217e-10
0.000000000000000000e+00 8.384089533741700961e-10
0.000000000000000000e+00 4.808153319935115633e-10
0.000000000000000000e+00 4.415872112417673634e-10
0.000000000000000000e+00 5.763360899635472379e-10
0.000000000000000000e+00 9.053352512111700889e-10
0.000000000000000000e+00 7.206846786012022221e-10
0.000000000000000000e+00 4.145179754999617217e-10
0.000000000000000000e+00 8.584730148974983877e-10
0.000000000000000000e+00 1.178862563122606844e-09
0.000000000000000000e+00 5.048300111276660118e-10
0.000000000000000000e+00 6.042900069225254356e-10
0.000000000000000000e+00 7.572472093819726524e-10
0.000000000000000000e+00 3.329627684678371224e-10
0.000000000000000000e+00 4.515748330824465029e-10
0.000000000000000000e+00 5.081823295505216720e-10
0.000000000000000000e+00 5.213659504121892496e-10
0.000000000000000000e+00 7.234501886443922558e-10
0.000000000000000000e+00 8.651350746902153332e-10
0.000000000000000000e+00 4.901723471562036138e-10
0.000000000000000000e+00 4.153473953660835605e-10
0.000000000000000000e+00 6.001182883963451786e-10
0.000000000000000000e+00 3.818835248026175577e-10
0.000000000000000000e+00 2.704855054616928101e-02
0.000000000000000000e+00 3.234251216053962708e-02
0.000000000000000000e+00 6.853137165307998657e-02
0.000000000000000000e+00 1.570618748664855957e-01
0.000000000000000000e+00 4.971804916858673096e-01
0.000000000000000000e+00 4.740899801254272461e-01
0.000000000000000000e+00 7.847660779953002930e-01
0.000000000000000000e+00 6.216804385185241699e-01
0.000000000000000000e+00 3.722275793552398682e-01
0.000000000000000000e+00 4.357386529445648193e-01
0.000000000000000000e+00 1.668961346149444580e-01
0.000000000000000000e+00 1.128172650933265686e-01
0.000000000000000000e+00 7.431185990571975708e-02
0.000000000000000000e+00 5.145957320928573608e-02
0.000000000000000000e+00 5.773229151964187622e-02
0.000000000000000000e+00 7.221139967441558838e-02
1.000000000000000000e+00 1.303253918886184692e-01
1.000000000000000000e+00 5.773612484335899353e-02
1.000000000000000000e+00 6.537830084562301636e-02
1.000000000000000000e+00 5.878940224647521973e-02
1.000000000000000000e+00 7.732474803924560547e-02
1.000000000000000000e+00 1.910518296062946320e-02
1.000000000000000000e+00 1.748276129364967346e-02
1.000000000000000000e+00 3.874156158417463303e-03
0.000000000000000000e+00 3.428715746849775314e-03
0.000000000000000000e+00 2.916161669418215752e-03
0.000000000000000000e+00 4.380852624308317900e-04
0.000000000000000000e+00 2.245430805487558246e-04
0.000000000000000000e+00 1.013536239042878151e-04
0.000000000000000000e+00 1.819157841964624822e-05
0.000000000000000000e+00 7.693005500186700374e-06
0.000000000000000000e+00 3.692257678267196752e-06
0.000000000000000000e+00 3.993484824604820460e-06
0.000000000000000000e+00 8.752859912419808097e-07
0.000000000000000000e+00 8.551649557375640143e-07
0.000000000000000000e+00 4.052541555665811757e-07
0.000000000000000000e+00 7.209196724033972714e-07
0.000000000000000000e+00 3.956121190640260465e-07
0.000000000000000000e+00 2.905599956193327671e-07
0.000000000000000000e+00 1.725498748328391230e-07
0.000000000000000000e+00 1.147511028420922230e-07
0.000000000000000000e+00 2.115088904020012706e-07
0.000000000000000000e+00 1.044026944896359055e-07
0.000000000000000000e+00 1.164959400057341554e-07
0.000000000000000000e+00 1.649495118272170657e-07
0.000000000000000000e+00 1.730834133923053741e-02
0.000000000000000000e+00 4.465616773813962936e-03
0.000000000000000000e+00 7.436100859194993973e-03
0.000000000000000000e+00 2.231375081464648247e-03
0.000000000000000000e+00 3.810464637354016304e-03
0.000000000000000000e+00 3.717504907399415970e-03
0.000000000000000000e+00 8.340087719261646271e-03
0.000000000000000000e+00 3.691895399242639542e-03
0.000000000000000000e+00 2.876726677641272545e-03
0.000000000000000000e+00 6.203325930982828140e-03
0.000000000000000000e+00 2.606003312394022942e-03
0.000000000000000000e+00 5.008138250559568405e-03
0.000000000000000000e+00 3.021946176886558533e-03
0.000000000000000000e+00 2.077442361041903496e-03
0.000000000000000000e+00 3.690252080559730530e-03
0.000000000000000000e+00 1.587463077157735825e-03
1.000000000000000000e+00 5.750802811235189438e-03
1.000000000000000000e+00 2.821444068104028702e-03
1.000000000000000000e+00 4.284762311726808548e-03
1.000000000000000000e+00 2.004053210839629173e-03
1.000000000000000000e+00 3.459309693425893784e-03
1.000000000000000000e+00 8.112600189633667469e-04
1.000000000000000000e+00 6.409446359612047672e-04
1.000000000000000000e+00 2.244411880383267999e-04
0.000000000000000000e+00 1.646042946958914399e-04
0.000000000000000000e+00 4.328059367253445089e-05
0.000000000000000000e+00 7.275971711351303384e-06
0.000000000000000000e+00 2.546724317653570324e-06
0.000000000000000000e+00 4.368098700524569722e-07
0.000000000000000000e+00 1.028285396387218498e-06
0.000000000000000000e+00 1.014162336332447012e-07
0.000000000000000000e+00 3.012256399870238965e-08
0.000000000000000000e+00 3.238446621978141593e-09
0.000000000000000000e+00 3.322441655129182436e-09
0.000000000000000000e+00 3.916434399009460776e-10
0.000000000000000000e+00 3.286263761115293391e-10
0.000000000000000000e+00 1.841754110332161076e-10
0.000000000000000000e+00 2.280864559722761697e-11
0.000000000000000000e+00 1.519012519934914707e-11
0.000000000000000000e+00 2.622471337310194883e-11
0.000000000000000000e+00 4.694502165475400446e-12
0.000000000000000000e+00 3.653008017606707014e-12
0.000000000000000000e+00 1.294705445284427547e-12
0.000000000000000000e+00 9.798482554848608750e-13
0.000000000000000000e+00 1.448619110951121502e-12
0.000000000000000000e+00 9.910060763359069824e-01
0.000000000000000000e+00 9.964764714241027832e-01
0.000000000000000000e+00 9.964501857757568359e-01
0.000000000000000000e+00 9.960883855819702148e-01
0.000000000000000000e+00 9.979591369628906250e-01
0.000000000000000000e+00 9.977864027023315430e-01
0.000000000000000000e+00 9.985511898994445801e-01
0.000000000000000000e+00 9.977676868438720703e-01
0.000000000000000000e+00 9.967519044876098633e-01
0.000000000000000000e+00 9.985927939414978027e-01
0.000000000000000000e+00 9.992025494575500488e-01
0.000000000000000000e+00 9.988591670989990234e-01
0.000000000000000000e+00 9.990064501762390137e-01
0.000000000000000000e+00 9.990085959434509277e-01
0.000000000000000000e+00 9.987292885780334473e-01
1.000000000000000000e+00 9.991084933280944824e-01
1.000000000000000000e+00 9.991149306297302246e-01
1.000000000000000000e+00 9.993570446968078613e-01
1.000000000000000000e+00 9.994164705276489258e-01
1.000000000000000000e+00 9.993584752082824707e-01
1.000000000000000000e+00 9.992219209671020508e-01
1.000000000000000000e+00 9.989956021308898926e-01
1.000000000000000000e+00 9.973588585853576660e-01
1.000000000000000000e+00 9.844990372657775879e-01
0.000000000000000000e+00 9.572469592094421387e-01
0.000000000000000000e+00 8.723185062408447266e-01
0.000000000000000000e+00 4.743047058582305908e-01
0.000000000000000000e+00 1.218422949314117432e-01
0.000000000000000000e+00 3.048525005578994751e-02
0.000000000000000000e+00 2.199481939896941185e-03
0.000000000000000000e+00 6.405372987501323223e-04
0.000000000000000000e+00 7.723274757154285908e-05
0.000000000000000000e+00 1.922584669955540448e-05
0.000000000000000000e+00 5.801344741485081613e-06
0.000000000000000000e+00 2.181343916163314134e-06
0.000000000000000000e+00 1.096818323276238516e-06
0.000000000000000000e+00 7.323207000808906741e-07
0.000000000000000000e+00 3.491261395538458601e-07
0.000000000000000000e+00 1.704802485846812488e-07
0.000000000000000000e+00 9.493326302845161990e-08
0.000000000000000000e+00 8.220365543820662424e-08
0.000000000000000000e+00 6.203921998348960187e-08
0.000000000000000000e+00 6.710546784916004981e-08
0.000000000000000000e+00 5.359368060453562066e-08
0.000000000000000000e+00 7.676559476976763108e-08
