0.000000000000000000e+00 4.577492177486419678e-01
0.000000000000000000e+00 2.724636197090148926e-01
0.000000000000000000e+00 3.319041430950164795e-01
0.000000000000000000e+00 4.811473786830902100e-01
0.000000000000000000e+00 3.665720820426940918e-01
0.000000000000000000e+00 6.927782297134399414e-01
0.000000000000000000e+00 6.729491949081420898e-01
0.000000000000000000e+00 6.183090806007385254e-01
0.000000000000000000e+00 7.644830346107482910e-01
0.000000000000000000e+00 7.834861278533935547e-01
0.000000000000000000e+00 7.089045643806457520e-01
0.000000000000000000e+00 7.833276391029357910e-01
0.000000000000000000e+00 8.268156051635742188e-01
0.000000000000000000e+00 8.758546113967895508e-01
0.000000000000000000e+00 8.618441820144653320e-01
1.000000000000000000e+00 8.893045783042907715e-01
1.000000000000000000e+00 8.889774084091186523e-01
1.000000000000000000e+00 9.031896591186523438e-01
1.000000000000000000e+00 8.942669630050659180e-01
1.000000000000000000e+00 9.037141203880310059e-01
1.000000000000000000e+00 9.086759090423583984e-01
1.000000000000000000e+00 9.079841971397399902e-01
1.000000000000000000e+00 9.082131385803222656e-01
1.000000000000000000e+00 8.796091079711914062e-01
0.000000000000000000e+00 5.897676348686218262e-01
0.000000000000000000e+00 4.419073462486267090e-01
0.000000000000000000e+00 1.227928325533866882e-01
0.000000000000000000e+00 7.256037741899490356e-02
0.000000000000000000e+00 5.345803219825029373e-03
0.000000000000000000e+00 5.607709172181785107e-04
0.000000000000000000e+00 7.512969023082405329e-05
0.000000000000000000e+00 2.685004619706887752e-05
0.000000000000000000e+00 1.588198574609123170e-05
0.000000000000000000e+00 1.876332362371613272e-06
0.000000000000000000e+00 9.231259809894254431e-07
0.000000000000000000e+00 1.394285789046989521e-07
0.000000000000000000e+00 1.294675229246422532e-07
0.000000000000000000e+00 8.501505277536125504e-08
0.000000000000000000e+00 1.336204125124140774e-08
0.000000000000000000e+00 2.085904426962770231e-08
0.000000000000000000e+00 7.682121605512293172e-09
0.000000000000000000e+00 8.960435060600957513e-09
0.000000000000000000e+00 1.249276326831250117e-08
0.000000000000000000e+00 6.149713627223718504e-09
0.000000000000000000e+00 1.263546867136255969e-08
0.000000000000000000e+00 1.455273450119420886e-04
0.000000000000000000e+00 2.182086427637841552e-05
0.000000000000000000e+00 5.874802809557877481e-06
0.000000000000000000e+00 1.496505433351558167e-06
0.000000000000000000e+00 4.956241355102974921e-07
0.000000000000000000e+00 7.917475386420846917e-08
0.000000000000000000e+00 3.392434422266887850e-08
0.000000000000000000e+00 1.113227288129792214e-08
0.000000000000000000e+00 3.691593031263096236e-09
0.000000000000000000e+00 1.697073148676508936e-09
0.000000000000000000e+00 2.683920585777599399e-10
0.000000000000000000e+00 1.841350127929075597e-10
0.000000000000000000e+00 7.186843481443716541e-11
0.000000000000000000e+00 3.445536911339530661e-11
0.000000000000000000e+00 2.314053636209845166e-11
0.000000000000000000e+00 1.370631386166110133e-11
0.000000000000000000e+00 1.169482132662436058e-11
0.000000000000000000e+00 1.457847211006058075e-11
0.000000000000000000e+00 1.502042934475866787e-11
0.000000000000000000e+00 1.065172949843429251e-11
0.000000000000000000e+00 1.161220338635748917e-11
0.000000000000000000e+00 1.542074280769245576e-11
0.000000000000000000e+00 1.230213500513777092e-11
0.000000000000000000e+00 1.255312694070642721e-11
0.000000000000000000e+00 1.927260261103125316e-11
0.000000000000000000e+00 3.086133432139703814e-11
0.000000000000000000e+00 2.034967507003049292e-11
0.000000000000000000e+00 2.958240943873313711e-11
0.000000000000000000e+00 2.892591895176099825e-11
0.000000000000000000e+00 3.847250990007822224e-11
0.000000000000000000e+00 3.483187696606826478e-11
0.000000000000000000e+00 2.510899647922837374e-11
0.000000000000000000e+00 2.700665038823935049e-11
0.000000000000000000e+00 3.644519408485535905e-11
0.000000000000000000e+00 4.840504039260729030e-11
0.000000000000000000e+00 5.137645517350186708e-11
0.000000000000000000e+00 3.558967009986702124e-11
0.000000000000000000e+00 8.136013390780405530e-11
0.000000000000000000e+00 7.753390290909933924e-11
0.000000000000000000e+00 6.880386538288263409e-11
0.000000000000000000e+00 8.431167569655784177e-11
0.000000000000000000e+00 6.548726838584428833e-11
0.000000000000000000e+00 5.707120540043852941e-11
0.000000000000000000e+00 9.330849287669806813e-11
0.000000000000000000e+00 8.940963941439505902e-11
0.000000000000000000e+00 2.070149494102224708e-04
0.000000000000000000e+00 8.686359797138720751e-05
0.000000000000000000e+00 1.189979138871422037e-05
0.000000000000000000e+00 2.246647682113689370e-06
0.000000000000000000e+00 2.687819915081490763e-06
0.000000000000000000e+00 5.018510478294047061e-07
0.000000000000000000e+00 2.476815836871537613e-07
0.000000000000000000e+00 1.424629090251983143e-07
0.000000000000000000e+00 1.964420626165974681e-08
0.000000000000000000e+00 1.245567027297056484e-08
0.000000000000000000e+00 1.178759756470526554e-08
0.000000000000000000e+00 5.393750335258573614e-09
0.000000000000000000e+00 3.001822346249127804e-09
0.000000000000000000e+00 1.520791048648106880e-09
0.000000000000000000e+00 1.073333755208238927e-09
0.000000000000000000e+00 1.124694004595028218e-09
0.000000000000000000e+00 1.197360655069701352e-09
0.000000000000000000e+00 7.563537018917543264e-10
0.000000000000000000e+00 1.972830565577510242e-09
0.000000000000000000e+00 2.506480800690269461e-09
0.000000000000000000e+00 1.978807340208277310e-09
0.000000000000000000e+00 2.446411073719900742e-09
0.000000000000000000e+00 2.290523326564652962e-09
0.000000000000000000e+00 3.081424893025541678e-09
0.000000000000000000e+00 1.842700214638171019e-09
0.000000000000000000e+00 3.060887765471420607e-09
0.000000000000000000e+00 1.474749322660784401e-09
0.000000000000000000e+00 2.241427266014284214e-09
0.000000000000000000e+00 2.537961840687330550e-09
0.000000000000000000e+00 1.860361087402395697e-09
0.000000000000000000e+00 1.143272920778315438e-09
0.000000000000000000e+00 1.499027901807892249e-09
0.000000000000000000e+00 7.392091938562828091e-10
0.000000000000000000e+00 7.326610429458924045e-10
0.000000000000000000e+00 5.810524839056085966e-10
0.000000000000000000e+00 6.364838101013958749e-10
0.000000000000000000e+00 4.239693873753225262e-10
0.000000000000000000e+00 6.702826627069669030e-10
0.000000000000000000e+00 8.712887078488051884e-10
0.000000000000000000e+00 5.603028596645742709e-10
0.000000000000000000e+00 5.608310482685396892e-10
0.000000000000000000e+00 7.685503344845301399e-10
0.000000000000000000e+00 7.210174124416823815e-10
0.000000000000000000e+00 7.861849504742224326e-10
0.000000000000000000e+00 8.443611920760929479e-10
0.000000000000000000e+00 1.680666464380919933e-03
0.000000000000000000e+00 1.126286806538701057e-03
0.000000000000000000e+00 1.341856550425291061e-04
0.000000000000000000e+00 2.554878010414540768e-04
0.000000000000000000e+00 2.593424505903385580e-05
0.000000000000000000e+00 1.523289392935112119e-05
0.000000000000000000e+00 2.731904714892152697e-06
0.000000000000000000e+00 3.944954016787960427e-07
0.000000000000000000e+00 5.751873572990007233e-07
0.000000000000000000e+00 8.031595655211276608e-08
0.000000000000000000e+00 4.713289669666664850e-08
0.000000000000000000e+00 1.291373674661144832e-08
0.000000000000000000e+00 1.016088457816977098e-08
0.000000000000000000e+00 4.952935839241945359e-09
0.000000000000000000e+00 3.432670592218300953e-09
0.000000000000000000e+00 2.401121079742551956e-09
0.000000000000000000e+00 1.215808120846872953e-09
0.000000000000000000e+00 2.100792428905151610e-09
0.000000000000000000e+00 1.629365753430533914e-09
0.000000000000000000e+00 1.742800903592467421e-09
0.000000000000000000e+00 1.568243424010518083e-09
0.000000000000000000e+00 1.547042827176881019e-09
0.000000000000000000e+00 1.554796180691653262e-09
0.000000000000000000e+00 5.027631089227213579e-10
0.000000000000000000e+00 8.910325255406803535e-10
0.000000000000000000e+00 1.294522267158981776e-09
0.000000000000000000e+00 1.786636616429859714e-09
0.000000000000000000e+00 1.463088539210843919e-09
0.000000000000000000e+00 8.428149289585462611e-10
0.000000000000000000e+00 2.585684999445447829e-09
0.000000000000000000e+00 2.568059764840313619e-09
0.000000000000000000e+00 2.042984892369759109e-09
0.000000000000000000e+00 2.047682023942343221e-09
0.000000000000000000e+00 1.361323720416862670e-09
0.000000000000000000e+00 1.992411124973614278e-09
0.000000000000000000e+00 2.000712928662551349e-09
0.000000000000000000e+00 2.106891550113232370e-09
0.000000000000000000e+00 3.721994490391011823e-09
0.000000000000000000e+00 7.028151394194992463e-09
0.000000000000000000e+00 3.081854105246861764e-09
0.000000000000000000e+00 1.952730643850486558e-09
0.000000000000000000e+00 2.099510343356314479e-09
0.000000000000000000e+00 4.471013337337126359e-09
0.000000000000000000e+00 3.466145370722983898e-09
0.000000000000000000e+00 4.495718020081085342e-09
0.000000000000000000e+00 1.353794796159490943e-04
0.000000000000000000e+00 4.746221384266391397e-05
0.000000000000000000e+00 6.876355200802208856e-06
0.000000000000000000e+00 1.714524728413380217e-06
0.000000000000000000e+00 3.788177878050191794e-07
0.000000000000000000e+00 1.179524886651961424e-07
0.000000000000000000e+00 1.933621973648769199e-08
0.000000000000000000e+00 1.061068388708008570e-08
0.000000000000000000e+00 3.673296333772668731e-09
0.000000000000000000e+00 5.633203903343542152e-10
0.000000000000000000e+00 2.642728536006444529e-10
0.000000000000000000e+00 2.682600253045563932e-10
0.000000000000000000e+00 1.053065065703684411e-10
0.000000000000000000e+00 5.640652181448935210e-11
0.000000000000000000e+00 5.998444796428969994e-11
0.000000000000000000e+00 2.632268708557816694e-11
0.000000000000000000e+00 2.062311779682524104e-11
0.000000000000000000e+00 5.795137633657354570e-11
0.000000000000000000e+00 7.916059474588621470e-11
0.000000000000000000e+00 2.229185863678040391e-10
0.000000000000000000e+00 4.473459103149224347e-10
0.000000000000000000e+00 4.272302511765246891e-10
0.000000000000000000e+00 5.449411477620458299e-10
0.000000000000000000e+00 8.253901451205081230e-10
0.000000000000000000e+00 8.017568831064636470e-10
0.000000000000000000e+00 1.927460635542388445e-09
0.000000000000000000e+00 1.662472048913343770e-09
0.000000000000000000e+00 1.670529825581468231e-09
0.000000000000000000e+00 1.236184488107028301e-09
0.000000000000000000e+00 2.049154845806810954e-09
0.000000000000000000e+00 1.004378469282585229e-09
0.000000000000000000e+00 1.287651762993391458e-09
0.000000000000000000e+00 3.084076771742161327e-09
0.000000000000000000e+00 1.493234980110003107e-09
0.000000000000000000e+00 6.571289623558129733e-10
0.000000000000000000e+00 4.013387677748170290e-10
0.000000000000000000e+00 1.441502028853847150e-09
0.000000000000000000e+00 1.395697446504584605e-09
0.000000000000000000e+00 1.070900368382865508e-09
0.000000000000000000e+00 1.273665173329163736e-09
0.000000000000000000e+00 1.103986457806627186e-09
0.000000000000000000e+00 8.558603825647992380e-10
0.000000000000000000e+00 2.537603904784191400e-09
0.000000000000000000e+00 6.091979698474858651e-10
0.000000000000000000e+00 2.754562411499961172e-10
0.000000000000000000e+00 3.120825858786702156e-03
0.000000000000000000e+00 2.450037049129605293e-03
0.000000000000000000e+00 4.959938116371631622e-03
0.000000000000000000e+00 6.070480681955814362e-03
0.000000000000000000e+00 1.095841918140649796e-02
0.000000000000000000e+00 1.225794944912195206e-02
0.000000000000000000e+00 1.348210591822862625e-02
0.000000000000000000e+00 2.870829589664936066e-02
0.000000000000000000e+00 1.372493337839841843e-02
0.000000000000000000e+00 1.318957656621932983e-02
0.000000000000000000e+00 5.659484304487705231e-03
0.000000000000000000e+00 5.933127831667661667e-03
0.000000000000000000e+00 3.044022480025887489e-03
0.000000000000000000e+00 4.762255121022462845e-03
0.000000000000000000e+00 5.832471419125795364e-03
0.000000000000000000e+00 4.226527176797389984e-03
1.000000000000000000e+00 4.941357765346765518e-03
1.000000000000000000e+00 2.575217280536890030e-03
1.000000000000000000e+00 5.868036299943923950e-03
1.000000000000000000e+00 4.631705116480588913e-03
1.000000000000000000e+00 2.931732917204499245e-03
1.000000000000000000e+00 1.488013193011283875e-03
1.000000000000000000e+00 1.757466467097401619e-03
1.000000000000000000e+00 1.070120837539434433e-03
0.000000000000000000e+00 4.699126293417066336e-04
0.000000000000000000e+00 1.046891338774003088e-04
0.000000000000000000e+00 6.653424497926607728e-05
0.000000000000000000e+00 5.000848250347189605e-05
0.000000000000000000e+00 7.495652425859589130e-06
0.000000000000000000e+00 4.616325895767658949e-06
0.000000000000000000e+00 2.758572236416512169e-06
0.000000000000000000e+00 7.545689868493354879e-07
0.000000000000000000e+00 4.546949412542744540e-07
0.000000000000000000e+00 3.759368780720251380e-07
0.000000000000000000e+00 3.127332774965907447e-07
0.000000000000000000e+00 3.591877373310126131e-07
0.000000000000000000e+00 2.065998501166177448e-07
0.000000000000000000e+00 3.167892543842754094e-07
0.000000000000000000e+00 1.816829069412051467e-07
0.000000000000000000e+00 2.689714904136053519e-07
0.000000000000000000e+00 1.407002088171793730e-07
0.000000000000000000e+00 1.406799441383554949e-07
0.000000000000000000e+00 1.941373994895911892e-07
0.000000000000000000e+00 3.084126092289807275e-07
0.000000000000000000e+00 7.052270802887505852e-07
0.000000000000000000e+00 7.046702317893505096e-03
0.000000000000000000e+00 7.134333252906799316e-03
0.000000000000000000e+00 3.440720494836568832e-03
0.000000000000000000e+00 3.120834706351161003e-03
0.000000000000000000e+00 2.534526633098721504e-03
0.000000000000000000e+00 2.455262234434485435e-03
0.000000000000000000e+00 2.098324708640575409e-03
0.000000000000000000e+00 4.025124944746494293e-03
0.000000000000000000e+00 3.492685966193675995e-03
0.000000000000000000e+00 3.060659859329462051e-03
0.000000000000000000e+00 4.337260033935308456e-03
0.000000000000000000e+00 3.090943675488233566e-03
0.000000000000000000e+00 5.445296410471200943e-03
0.000000000000000000e+00 3.462173044681549072e-03
0.000000000000000000e+00 4.087198060005903244e-03
0.000000000000000000e+00 3.202853258699178696e-03
1.000000000000000000e+00 1.936255954205989838e-03
1.000000000000000000e+00 2.082721097394824028e-03
1.000000000000000000e+00 1.264014979824423790e-03
1.000000000000000000e+00 1.505542080849409103e-03
1.000000000000000000e+00 3.063483862206339836e-03
1.000000000000000000e+00 1.882978831417858601e-03
1.000000000000000000e+00 3.651396546047180891e-04
1.000000000000000000e+00 3.513042756821960211e-04
0.000000000000000000e+00 1.439844636479392648e-04
0.000000000000000000e+00 1.262885052710771561e-04
0.000000000000000000e+00 3.917448702850379050e-05
0.000000000000000000e+00 2.243207927676849067e-05
0.000000000000000000e+00 7.622154498676536605e-06
0.000000000000000000e+00 1.811175252441898920e-06
0.000000000000000000e+00 8.787109777586010750e-07
0.000000000000000000e+00 3.031415758414368611e-07
0.000000000000000000e+00 7.690921677294682013e-08
0.000000000000000000e+00 1.457827281114987272e-08
0.000000000000000000e+00 2.015963573853696289e-08
0.000000000000000000e+00 4.962704469591017187e-09
0.000000000000000000e+00 5.415728754343263063e-09
0.000000000000000000e+00 2.369086038456202914e-09
0.000000000000000000e+00 3.523947134098648348e-09
0.000000000000000000e+00 1.728301834980072726e-09
0.000000000000000000e+00 1.524738224567556699e-09
0.000000000000000000e+00 6.599413238106421886e-10
0.000000000000000000e+00 4.082386095838330675e-10
0.000000000000000000e+00 3.265170911426196199e-10
0.000000000000000000e+00 3.925947622551717586e-10
0.000000000000000000e+00 6.457890272140502930e-01
0.000000000000000000e+00 7.582392096519470215e-01
0.000000000000000000e+00 6.406400203704833984e-01
0.000000000000000000e+00 8.699952363967895508e-01
0.000000000000000000e+00 9.426072835922241211e-01
0.000000000000000000e+00 9.750103950500488281e-01
0.000000000000000000e+00 9.501260519027709961e-01
0.000000000000000000e+00 9.298552274703979492e-01
0.000000000000000000e+00 9.880666732788085938e-01
0.000000000000000000e+00 9.937764406204223633e-01
0.000000000000000000e+00 9.600550532341003418e-01
0.000000000000000000e+00 9.944126009941101074e-01
0.000000000000000000e+00 9.923680424690246582e-01
0.000000000000000000e+00 9.943310022354125977e-01
0.000000000000000000e+00 9.965194463729858398e-01
1.000000000000000000e+00 9.979304075241088867e-01
1.000000000000000000e+00 9.982895255088806152e-01
1.000000000000000000e+00 9.969058632850646973e-01
1.000000000000000000e+00 9.977103471755981445e-01
1.000000000000000000e+00 9.948697090148925781e-01
1.000000000000000000e+00 9.969570636749267578e-01
1.000000000000000000e+00 9.892429113388061523e-01
1.000000000000000000e+00 9.895849823951721191e-01
1.000000000000000000e+00 9.475540518760681152e-01
0.000000000000000000e+00 7.549036741256713867e-01
0.000000000000000000e+00 7.764165401458740234e-01
0.000000000000000000e+00 3.854741454124450684e-01
0.000000000000000000e+00 8.336497098207473755e-02
0.000000000000000000e+00 2.865209709852933884e-03
0.000000000000000000e+00 1.922047231346368790e-03
0.000000000000000000e+00 1.455642632208764553e-04
0.000000000000000000e+00 1.133071782533079386e-04
0.000000000000000000e+00 1.169724146166117862e-05
0.000000000000000000e+00 6.681072136416332796e-06
0.000000000000000000e+00 6.043959274393273517e-06
0.000000000000000000e+00 1.668367531237890944e-06
0.000000000000000000e+00 1.383131007060001139e-06
0.000000000000000000e+00 5.755001666329917498e-07
0.000000000000000000e+00 3.957272269872191828e-07
0.000000000000000000e+00 2.405734562671568710e-07
0.000000000000000000e+00 1.332788741592594306e-07
0.000000000000000000e+00 7.879165764279605355e-08
0.000000000000000000e+00 8.079965141405409668e-08
0.000000000000000000e+00 8.156379038837258122e-08
0.000000000000000000e+00 7.877617491658384097e-08
