0.000000000000000000e+00 6.171948313713073730e-01
1.000000000000000000e+00 5.230141282081604004e-01
1.000000000000000000e+00 6.738646030426025391e-01
1.000000000000000000e+00 6.806048750877380371e-01
0.000000000000000000e+00 7.603626847267150879e-01
0.000000000000000000e+00 7.992166280746459961e-01
0.000000000000000000e+00 8.112190961837768555e-01
0.000000000000000000e+00 8.733441829681396484e-01
0.000000000000000000e+00 8.365618586540222168e-01
0.000000000000000000e+00 8.569554090499877930e-01
0.000000000000000000e+00 8.249151110649108887e-01
0.000000000000000000e+00 8.798539638519287109e-01
0.000000000000000000e+00 8.914793133735656738e-01
1.000000000000000000e+00 9.079145789146423340e-01
1.000000000000000000e+00 8.833546638488769531e-01
1.000000000000000000e+00 8.948863148689270020e-01
1.000000000000000000e+00 9.098352193832397461e-01
1.000000000000000000e+00 9.417278170585632324e-01
1.000000000000000000e+00 9.337218999862670898e-01
1.000000000000000000e+00 9.158552885055541992e-01
1.000000000000000000e+00 9.240807294845581055e-01
1.000000000000000000e+00 9.053617119789123535e-01
1.000000000000000000e+00 9.390441179275512695e-01
1.000000000000000000e+00 9.477179646492004395e-01
1.000000000000000000e+00 9.202708005905151367e-01
1.000000000000000000e+00 8.789162635803222656e-01
1.000000000000000000e+00 8.074785470962524414e-01
1.000000000000000000e+00 6.317803859710693359e-01
0.000000000000000000e+00 5.632014870643615723e-01
0.000000000000000000e+00 2.435379475355148315e-01
0.000000000000000000e+00 1.434789597988128662e-01
0.000000000000000000e+00 6.885225325822830200e-02
0.000000000000000000e+00 3.218729048967361450e-02
0.000000000000000000e+00 2.834226563572883606e-02
0.000000000000000000e+00 8.551827631890773773e-03
0.000000000000000000e+00 6.747107952833175659e-03
0.000000000000000000e+00 3.152834018692374229e-03
0.000000000000000000e+00 3.735175589099526405e-03
1.000000000000000000e+00 2.410059096291661263e-03
1.000000000000000000e+00 1.257431576959788799e-03
1.000000000000000000e+00 6.991415866650640965e-04
1.000000000000000000e+00 7.679445552639663219e-04
1.000000000000000000e+00 6.897824350744485855e-04
1.000000000000000000e+00 6.000126013532280922e-04
1.000000000000000000e+00 7.938425987958908081e-04
1.000000000000000000e+00 1.735989451408386230e-01
0.000000000000000000e+00 1.077763661742210388e-01
0.000000000000000000e+00 8.740334957838058472e-02
0.000000000000000000e+00 6.672694534063339233e-02
0.000000000000000000e+00 6.167985126376152039e-02
0.000000000000000000e+00 4.471827298402786255e-02
0.000000000000000000e+00 3.659094497561454773e-02
0.000000000000000000e+00 2.820678986608982086e-02
0.000000000000000000e+00 3.435344621539115906e-02
0.000000000000000000e+00 2.559264376759529114e-02
0.000000000000000000e+00 2.275351993739604950e-02
0.000000000000000000e+00 2.162422426044940948e-02
0.000000000000000000e+00 1.843612268567085266e-02
0.000000000000000000e+00 1.660666801035404205e-02
0.000000000000000000e+00 1.820318587124347687e-02
0.000000000000000000e+00 2.064769156277179718e-02
0.000000000000000000e+00 1.800169982016086578e-02
0.000000000000000000e+00 1.751666329801082611e-02
0.000000000000000000e+00 1.065676752477884293e-02
0.000000000000000000e+00 6.626636255532503128e-03
0.000000000000000000e+00 5.139150191098451614e-03
0.000000000000000000e+00 3.592955647036433220e-03
0.000000000000000000e+00 3.217888297513127327e-03
0.000000000000000000e+00 1.789606292732059956e-03
0.000000000000000000e+00 1.961004221811890602e-03
0.000000000000000000e+00 1.626363256946206093e-03
0.000000000000000000e+00 1.620506518520414829e-03
0.000000000000000000e+00 1.500859158113598824e-03
0.000000000000000000e+00 2.679904690012335777e-03
0.000000000000000000e+00 2.247812924906611443e-03
0.000000000000000000e+00 1.909886719658970833e-03
0.000000000000000000e+00 2.526188502088189125e-03
0.000000000000000000e+00 2.127679763361811638e-03
0.000000000000000000e+00 2.414710121229290962e-03
0.000000000000000000e+00 2.884801011532545090e-03
0.000000000000000000e+00 2.879992127418518066e-03
0.000000000000000000e+00 2.262647729367017746e-03
0.000000000000000000e+00 2.490824321284890175e-03
0.000000000000000000e+00 1.876219408586621284e-03
0.000000000000000000e+00 2.615831559523940086e-03
0.000000000000000000e+00 2.240644302219152451e-03
0.000000000000000000e+00 2.701397286728024483e-03
0.000000000000000000e+00 3.538192017003893852e-03
0.000000000000000000e+00 2.158803166821599007e-03
0.000000000000000000e+00 2.174188150092959404e-03
0.000000000000000000e+00 4.250853061676025391e-01
0.000000000000000000e+00 3.341841399669647217e-01
0.000000000000000000e+00 2.608951926231384277e-01
0.000000000000000000e+00 2.136178314685821533e-01
0.000000000000000000e+00 1.762198358774185181e-01
0.000000000000000000e+00 1.967797577381134033e-01
0.000000000000000000e+00 1.538856774568557739e-01
0.000000000000000000e+00 1.492518037557601929e-01
0.000000000000000000e+00 1.338120400905609131e-01
0.000000000000000000e+00 1.407127380371093750e-01
0.000000000000000000e+00 1.608135700225830078e-01
0.000000000000000000e+00 1.448113024234771729e-01
0.000000000000000000e+00 1.277633905410766602e-01
0.000000000000000000e+00 1.492961794137954712e-01
0.000000000000000000e+00 1.002819538116455078e-01
0.000000000000000000e+00 1.105301156640052795e-01
0.000000000000000000e+00 6.516201794147491455e-02
0.000000000000000000e+00 7.048292458057403564e-02
0.000000000000000000e+00 4.564914852380752563e-02
0.000000000000000000e+00 4.976657032966613770e-02
0.000000000000000000e+00 2.569668367505073547e-02
0.000000000000000000e+00 2.308928035199642181e-02
0.000000000000000000e+00 2.543330565094947815e-02
0.000000000000000000e+00 2.910711057484149933e-02
0.000000000000000000e+00 2.217550016939640045e-02
0.000000000000000000e+00 1.560707949101924896e-02
0.000000000000000000e+00 1.475283131003379822e-02
0.000000000000000000e+00 2.174435183405876160e-02
0.000000000000000000e+00 1.371414586901664734e-02
0.000000000000000000e+00 1.367572601884603500e-02
0.000000000000000000e+00 1.415017899125814438e-02
0.000000000000000000e+00 1.411342807114124298e-02
0.000000000000000000e+00 1.024824380874633789e-02
0.000000000000000000e+00 1.294456608593463898e-02
0.000000000000000000e+00 1.493098214268684387e-02
0.000000000000000000e+00 1.045389752835035324e-02
0.000000000000000000e+00 1.842274889349937439e-02
0.000000000000000000e+00 1.463571004569530487e-02
0.000000000000000000e+00 1.404768228530883789e-02
0.000000000000000000e+00 1.606954634189605713e-02
0.000000000000000000e+00 1.434433739632368088e-02
0.000000000000000000e+00 1.231070794165134430e-02
0.000000000000000000e+00 1.156006194651126862e-02
0.000000000000000000e+00 1.616548001766204834e-02
0.000000000000000000e+00 1.535651274025440216e-02
0.000000000000000000e+00 2.916180789470672607e-01
0.000000000000000000e+00 2.537393569946289062e-01
0.000000000000000000e+00 2.049508541822433472e-01
0.000000000000000000e+00 2.395138591527938843e-01
0.000000000000000000e+00 1.864019930362701416e-01
0.000000000000000000e+00 1.169719398021697998e-01
0.000000000000000000e+00 1.208457052707672119e-01
0.000000000000000000e+00 1.103767007589340210e-01
0.000000000000000000e+00 7.627471536397933960e-02
0.000000000000000000e+00 4.856188967823982239e-02
0.000000000000000000e+00 3.315130621194839478e-02
0.000000000000000000e+00 2.664197422564029694e-02
0.000000000000000000e+00 1.980514824390411377e-02
0.000000000000000000e+00 2.017717249691486359e-02
0.000000000000000000e+00 1.875992491841316223e-02
0.000000000000000000e+00 1.174945011734962463e-02
0.000000000000000000e+00 1.258472353219985962e-02
0.000000000000000000e+00 1.310221105813980103e-02
0.000000000000000000e+00 1.147044077515602112e-02
0.000000000000000000e+00 7.730021141469478607e-03
0.000000000000000000e+00 9.832599200308322906e-03
0.000000000000000000e+00 9.500460699200630188e-03
0.000000000000000000e+00 5.779607687145471573e-03
0.000000000000000000e+00 9.227012284100055695e-03
0.000000000000000000e+00 6.830793805420398712e-03
0.000000000000000000e+00 1.006249990314245224e-02
0.000000000000000000e+00 8.382248692214488983e-03
0.000000000000000000e+00 7.962552830576896667e-03
0.000000000000000000e+00 1.072251982986927032e-02
0.000000000000000000e+00 8.965633809566497803e-03
0.000000000000000000e+00 1.156289596110582352e-02
0.000000000000000000e+00 1.412287820130586624e-02
0.000000000000000000e+00 7.456326391547918320e-03
0.000000000000000000e+00 8.168849162757396698e-03
0.000000000000000000e+00 9.946588426828384399e-03
0.000000000000000000e+00 1.180375088006258011e-02
0.000000000000000000e+00 1.524380315095186234e-02
0.000000000000000000e+00 1.670050621032714844e-02
0.000000000000000000e+00 1.172390300780534744e-02
0.000000000000000000e+00 1.081466767936944962e-02
0.000000000000000000e+00 1.400951948016881943e-02
0.000000000000000000e+00 8.458362892270088196e-03
0.000000000000000000e+00 1.736764796078205109e-02
0.000000000000000000e+00 1.032925955951213837e-02
0.000000000000000000e+00 9.889641776680946350e-03
0.000000000000000000e+00 5.533182024955749512e-01
0.000000000000000000e+00 4.270012080669403076e-01
0.000000000000000000e+00 3.225101828575134277e-01
0.000000000000000000e+00 2.747009098529815674e-01
0.000000000000000000e+00 2.411114275455474854e-01
0.000000000000000000e+00 1.764445900917053223e-01
0.000000000000000000e+00 1.659315824508666992e-01
0.000000000000000000e+00 1.808959841728210449e-01
0.000000000000000000e+00 1.765317767858505249e-01
0.000000000000000000e+00 2.059775292873382568e-01
0.000000000000000000e+00 1.804148852825164795e-01
0.000000000000000000e+00 2.073222100734710693e-01
0.000000000000000000e+00 2.077824026346206665e-01
0.000000000000000000e+00 2.016291320323944092e-01
0.000000000000000000e+00 2.392329573631286621e-01
0.000000000000000000e+00 1.748863011598587036e-01
0.000000000000000000e+00 2.010458558797836304e-01
0.000000000000000000e+00 1.782175600528717041e-01
0.000000000000000000e+00 9.286889433860778809e-02
0.000000000000000000e+00 8.524639904499053955e-02
0.000000000000000000e+00 3.836350515484809875e-02
0.000000000000000000e+00 2.631998248398303986e-02
0.000000000000000000e+00 2.241871133446693420e-02
0.000000000000000000e+00 1.560400240123271942e-02
0.000000000000000000e+00 1.899573765695095062e-02
0.000000000000000000e+00 1.507207565009593964e-02
0.000000000000000000e+00 1.265126746147871017e-02
0.000000000000000000e+00 8.301991969347000122e-03
0.000000000000000000e+00 1.215878594666719437e-02
0.000000000000000000e+00 1.425932161509990692e-02
0.000000000000000000e+00 1.102474331855773926e-02
0.000000000000000000e+00 9.393814951181411743e-03
0.000000000000000000e+00 1.099459826946258545e-02
0.000000000000000000e+00 9.511270560324192047e-03
0.000000000000000000e+00 9.041415527462959290e-03
0.000000000000000000e+00 7.587826810777187347e-03
0.000000000000000000e+00 9.331349283456802368e-03
0.000000000000000000e+00 7.140479516237974167e-03
0.000000000000000000e+00 5.578602664172649384e-03
0.000000000000000000e+00 8.518424816429615021e-03
0.000000000000000000e+00 8.909703232347965240e-03
0.000000000000000000e+00 5.719783250242471695e-03
0.000000000000000000e+00 6.562078837305307388e-03
0.000000000000000000e+00 8.733780123293399811e-03
0.000000000000000000e+00 4.551550839096307755e-03
0.000000000000000000e+00 7.671923041343688965e-01
1.000000000000000000e+00 7.945762276649475098e-01
0.000000000000000000e+00 8.126167654991149902e-01
0.000000000000000000e+00 8.408298492431640625e-01
0.000000000000000000e+00 9.077787399291992188e-01
0.000000000000000000e+00 8.978466987609863281e-01
0.000000000000000000e+00 9.342282414436340332e-01
0.000000000000000000e+00 9.469400644302368164e-01
0.000000000000000000e+00 8.814914822578430176e-01
0.000000000000000000e+00 8.901450037956237793e-01
0.000000000000000000e+00 8.599275350570678711e-01
0.000000000000000000e+00 8.731113076210021973e-01
0.000000000000000000e+00 8.636674284934997559e-01
1.000000000000000000e+00 8.302893638610839844e-01
1.000000000000000000e+00 8.697801828384399414e-01
1.000000000000000000e+00 8.318841457366943359e-01
1.000000000000000000e+00 8.481535315513610840e-01
1.000000000000000000e+00 8.192945122718811035e-01
1.000000000000000000e+00 8.659487366676330566e-01
1.000000000000000000e+00 8.555698394775390625e-01
1.000000000000000000e+00 7.922003865242004395e-01
1.000000000000000000e+00 8.325361609458923340e-01
1.000000000000000000e+00 8.203355073928833008e-01
1.000000000000000000e+00 8.554000258445739746e-01
1.000000000000000000e+00 8.591467142105102539e-01
1.000000000000000000e+00 8.605555891990661621e-01
0.000000000000000000e+00 8.839477300643920898e-01
0.000000000000000000e+00 8.797212243080139160e-01
0.000000000000000000e+00 8.497526645660400391e-01
0.000000000000000000e+00 8.413349986076354980e-01
0.000000000000000000e+00 8.353491425514221191e-01
0.000000000000000000e+00 8.245103359222412109e-01
0.000000000000000000e+00 8.026559352874755859e-01
0.000000000000000000e+00 7.880386710166931152e-01
0.000000000000000000e+00 7.923476099967956543e-01
0.000000000000000000e+00 8.046833276748657227e-01
0.000000000000000000e+00 7.319951057434082031e-01
0.000000000000000000e+00 7.165800333023071289e-01
0.000000000000000000e+00 6.971018314361572266e-01
0.000000000000000000e+00 6.426194906234741211e-01
0.000000000000000000e+00 6.495048403739929199e-01
0.000000000000000000e+00 5.694076418876647949e-01
0.000000000000000000e+00 5.002780556678771973e-01
0.000000000000000000e+00 5.202596783638000488e-01
0.000000000000000000e+00 4.265317320823669434e-01
0.000000000000000000e+00 3.272643089294433594e-01
0.000000000000000000e+00 2.189889699220657349e-01
0.000000000000000000e+00 5.985651612281799316e-01
0.000000000000000000e+00 4.926052391529083252e-01
0.000000000000000000e+00 3.898355364799499512e-01
0.000000000000000000e+00 4.690317213535308838e-01
0.000000000000000000e+00 5.470899343490600586e-01
0.000000000000000000e+00 5.135974884033203125e-01
0.000000000000000000e+00 5.527597069740295410e-01
0.000000000000000000e+00 3.082818984985351562e-01
0.000000000000000000e+00 4.059465527534484863e-01
1.000000000000000000e+00 4.492966830730438232e-01
0.000000000000000000e+00 4.626432657241821289e-01
1.000000000000000000e+00 5.662174820899963379e-01
1.000000000000000000e+00 6.072193384170532227e-01
1.000000000000000000e+00 2.717197537422180176e-01
1.000000000000000000e+00 4.984117150306701660e-01
1.000000000000000000e+00 4.704764485359191895e-01
1.000000000000000000e+00 5.464507937431335449e-01
1.000000000000000000e+00 3.016493916511535645e-01
1.000000000000000000e+00 3.116182088851928711e-01
1.000000000000000000e+00 2.166869044303894043e-01
1.000000000000000000e+00 3.375187814235687256e-01
1.000000000000000000e+00 1.154288873076438904e-01
1.000000000000000000e+00 9.942650794982910156e-02
0.000000000000000000e+00 5.513368546962738037e-02
0.000000000000000000e+00 4.506057873368263245e-02
0.000000000000000000e+00 2.129980921745300293e-02
0.000000000000000000e+00 1.292588561773300171e-02
0.000000000000000000e+00 8.987984620034694672e-03
0.000000000000000000e+00 9.133233688771724701e-03
0.000000000000000000e+00 9.380702860653400421e-03
0.000000000000000000e+00 5.344449542462825775e-03
1.000000000000000000e+00 3.694470971822738647e-03
0.000000000000000000e+00 3.570588771253824234e-03
0.000000000000000000e+00 3.095702035352587700e-03
0.000000000000000000e+00 3.151978598907589912e-03
0.000000000000000000e+00 2.391438698396086693e-03
0.000000000000000000e+00 3.432452445849776268e-03
0.000000000000000000e+00 5.341636482626199722e-03
0.000000000000000000e+00 3.834328148514032364e-03
0.000000000000000000e+00 7.397459354251623154e-03
0.000000000000000000e+00 6.425292231142520905e-03
0.000000000000000000e+00 1.386777497828006744e-02
0.000000000000000000e+00 1.516233105212450027e-02
0.000000000000000000e+00 8.655217885971069336e-01
0.000000000000000000e+00 8.328993916511535645e-01
1.000000000000000000e+00 8.525217771530151367e-01
0.000000000000000000e+00 8.433409929275512695e-01
0.000000000000000000e+00 8.371086716651916504e-01
0.000000000000000000e+00 8.579421043395996094e-01
0.000000000000000000e+00 8.470292091369628906e-01
0.000000000000000000e+00 8.991113305091857910e-01
0.000000000000000000e+00 8.490732908248901367e-01
0.000000000000000000e+00 8.783351182937622070e-01
0.000000000000000000e+00 8.838796019554138184e-01
1.000000000000000000e+00 8.971521854400634766e-01
1.000000000000000000e+00 8.987032771110534668e-01
1.000000000000000000e+00 8.949399590492248535e-01
1.000000000000000000e+00 9.022300243377685547e-01
1.000000000000000000e+00 9.113844037055969238e-01
1.000000000000000000e+00 9.071662425994873047e-01
1.000000000000000000e+00 9.205829501152038574e-01
1.000000000000000000e+00 9.118134379386901855e-01
1.000000000000000000e+00 9.209854602813720703e-01
1.000000000000000000e+00 9.200794100761413574e-01
1.000000000000000000e+00 9.262728095054626465e-01
1.000000000000000000e+00 9.216133952140808105e-01
1.000000000000000000e+00 9.094392061233520508e-01
1.000000000000000000e+00 9.032402634620666504e-01
1.000000000000000000e+00 7.754021883010864258e-01
0.000000000000000000e+00 6.910462975502014160e-01
0.000000000000000000e+00 6.835629940032958984e-01
0.000000000000000000e+00 3.988535404205322266e-01
0.000000000000000000e+00 2.588388621807098389e-01
0.000000000000000000e+00 1.720214784145355225e-01
0.000000000000000000e+00 2.369040399789810181e-01
0.000000000000000000e+00 2.041714489459991455e-01
0.000000000000000000e+00 2.038339823484420776e-01
0.000000000000000000e+00 2.451579868793487549e-01
0.000000000000000000e+00 2.267469018697738647e-01
0.000000000000000000e+00 3.530922234058380127e-01
0.000000000000000000e+00 3.248380720615386963e-01
0.000000000000000000e+00 3.411611914634704590e-01
0.000000000000000000e+00 4.027806520462036133e-01
0.000000000000000000e+00 3.152999281883239746e-01
0.000000000000000000e+00 2.362722009420394897e-01
0.000000000000000000e+00 1.146899312734603882e-01
0.000000000000000000e+00 1.367403268814086914e-01
0.000000000000000000e+00 6.146296486258506775e-02
