0.000000000000000000e+00 1.821382530033588409e-02
0.000000000000000000e+00 1.099716499447822571e-02
0.000000000000000000e+00 6.325081922113895416e-03
0.000000000000000000e+00 3.392076352611184120e-03
0.000000000000000000e+00 1.915937289595603943e-03
0.000000000000000000e+00 1.986660994589328766e-03
0.000000000000000000e+00 1.405964489094913006e-03
0.000000000000000000e+00 9.852837538346648216e-04
0.000000000000000000e+00 9.176330058835446835e-04
0.000000000000000000e+00 6.497538997791707516e-04
0.000000000000000000e+00 4.558552755042910576e-04
0.000000000000000000e+00 2.928366011474281549e-04
0.000000000000000000e+00 4.608758026733994484e-04
0.000000000000000000e+00 3.577386960387229919e-04
0.000000000000000000e+00 3.907807695213705301e-04
0.000000000000000000e+00 3.238675417378544807e-04
0.000000000000000000e+00 6.883220048621296883e-04
0.000000000000000000e+00 6.810597842559218407e-04
0.000000000000000000e+00 1.287356368266046047e-03
0.000000000000000000e+00 2.081868937239050865e-03
0.000000000000000000e+00 3.496433841064572334e-03
0.000000000000000000e+00 7.784206885844469070e-03
0.000000000000000000e+00 1.034804340451955795e-02
0.000000000000000000e+00 2.426486089825630188e-02
0.000000000000000000e+00 2.192006632685661316e-02
0.000000000000000000e+00 1.837656833231449127e-02
0.000000000000000000e+00 2.568341046571731567e-02
0.000000000000000000e+00 1.402099151164293289e-02
0.000000000000000000e+00 1.409749966114759445e-02
0.000000000000000000e+00 8.094882592558860779e-03
0.000000000000000000e+00 1.130296941846609116e-02
0.000000000000000000e+00 1.002244278788566589e-02
1.000000000000000000e+00 6.259209942072629929e-03
1.000000000000000000e+00 7.057109382003545761e-03
0.000000000000000000e+00 6.924087647348642349e-03
0.000000000000000000e+00 9.770382195711135864e-03
0.000000000000000000e+00 9.168231859803199768e-03
0.000000000000000000e+00 5.854124668985605240e-03
0.000000000000000000e+00 4.787459503859281540e-03
0.000000000000000000e+00 7.515360135585069656e-03
0.000000000000000000e+00 1.113316789269447327e-02
0.000000000000000000e+00 1.197158545255661011e-02
0.000000000000000000e+00 1.740331761538982391e-02
0.000000000000000000e+00 1.981337554752826691e-02
0.000000000000000000e+00 1.290482282638549805e-02
0.000000000000000000e+00 2.119846269488334656e-02
0.000000000000000000e+00 2.240182831883430481e-02
0.000000000000000000e+00 2.210894972085952759e-02
0.000000000000000000e+00 1.734717562794685364e-02
0.000000000000000000e+00 2.087932638823986053e-02
0.000000000000000000e+00 1.088395528495311737e-02
0.000000000000000000e+00 8.942370302975177765e-03
0.000000000000000000e+00 4.346531815826892853e-03
0.000000000000000000e+00 5.380794405937194824e-03
0.000000000000000000e+00 4.871495533734560013e-03
0.000000000000000000e+00 4.394324030727148056e-03
0.000000000000000000e+00 6.937396246939897537e-03
0.000000000000000000e+00 1.287523377686738968e-02
0.000000000000000000e+00 5.228179041296243668e-03
0.000000000000000000e+00 3.950923681259155273e-03
0.000000000000000000e+00 2.059283433482050896e-03
0.000000000000000000e+00 9.160601766780018806e-04
0.000000000000000000e+00 5.204803310334682465e-04
0.000000000000000000e+00 7.904778467491269112e-04
0.000000000000000000e+00 8.506454760208725929e-04
0.000000000000000000e+00 1.476743025705218315e-03
0.000000000000000000e+00 3.509655129164457321e-03
0.000000000000000000e+00 2.790892263874411583e-03
0.000000000000000000e+00 2.696122275665402412e-03
0.000000000000000000e+00 1.644794829189777374e-03
0.000000000000000000e+00 1.595966168679296970e-03
0.000000000000000000e+00 1.238411525264382362e-03
0.000000000000000000e+00 1.202124287374317646e-03
0.000000000000000000e+00 6.079200538806617260e-04
0.000000000000000000e+00 6.705019040964543819e-04
0.000000000000000000e+00 5.090225338935852051e-01
0.000000000000000000e+00 4.301271438598632812e-01
0.000000000000000000e+00 2.148272693157196045e-01
0.000000000000000000e+00 2.620703876018524170e-01
0.000000000000000000e+00 1.100146546959877014e-01
0.000000000000000000e+00 1.954401582479476929e-01
0.000000000000000000e+00 8.928892016410827637e-02
0.000000000000000000e+00 1.231246441602706909e-01
0.000000000000000000e+00 2.148081734776496887e-02
0.000000000000000000e+00 1.444705110043287277e-02
0.000000000000000000e+00 1.666560955345630646e-02
0.000000000000000000e+00 7.837654091417789459e-03
0.000000000000000000e+00 2.875871723517775536e-03
0.000000000000000000e+00 1.691498677246272564e-03
0.000000000000000000e+00 2.992597874253988266e-04
0.000000000000000000e+00 4.917748156003654003e-04
0.000000000000000000e+00 5.293258000165224075e-04
0.000000000000000000e+00 3.947325167246162891e-04
0.000000000000000000e+00 7.464787922799587250e-04
0.000000000000000000e+00 1.832285313867032528e-03
0.000000000000000000e+00 5.585030093789100647e-02
0.000000000000000000e+00 1.163514703512191772e-01
0.000000000000000000e+00 2.865068912506103516e-01
0.000000000000000000e+00 6.131331324577331543e-01
0.000000000000000000e+00 5.441719293594360352e-01
0.000000000000000000e+00 4.404585957527160645e-01
0.000000000000000000e+00 4.634613692760467529e-01
0.000000000000000000e+00 5.019823312759399414e-01
0.000000000000000000e+00 4.374233186244964600e-01
0.000000000000000000e+00 3.700781762599945068e-01
0.000000000000000000e+00 2.224963009357452393e-01
0.000000000000000000e+00 2.515178620815277100e-01
0.000000000000000000e+00 3.361092507839202881e-01
0.000000000000000000e+00 2.419355809688568115e-01
0.000000000000000000e+00 3.526072204113006592e-01
0.000000000000000000e+00 3.199399113655090332e-01
0.000000000000000000e+00 2.910091876983642578e-01
0.000000000000000000e+00 1.806781738996505737e-01
0.000000000000000000e+00 1.521791815757751465e-01
0.000000000000000000e+00 3.393521904945373535e-01
0.000000000000000000e+00 2.884084880352020264e-01
0.000000000000000000e+00 4.304266870021820068e-01
0.000000000000000000e+00 2.660537362098693848e-01
0.000000000000000000e+00 1.630306094884872437e-01
0.000000000000000000e+00 1.539790779352188110e-01
0.000000000000000000e+00 1.821595579385757446e-01
0.000000000000000000e+00 1.794466823339462280e-01
0.000000000000000000e+00 3.480247259140014648e-01
0.000000000000000000e+00 2.746172845363616943e-01
0.000000000000000000e+00 6.358789801597595215e-01
0.000000000000000000e+00 5.293057560920715332e-01
0.000000000000000000e+00 5.726550817489624023e-01
0.000000000000000000e+00 4.997631907463073730e-01
0.000000000000000000e+00 4.756517112255096436e-01
0.000000000000000000e+00 4.651987850666046143e-01
1.000000000000000000e+00 7.264800667762756348e-01
1.000000000000000000e+00 6.193593740463256836e-01
0.000000000000000000e+00 6.129692196846008301e-01
0.000000000000000000e+00 4.891264736652374268e-01
0.000000000000000000e+00 4.845513999462127686e-01
0.000000000000000000e+00 4.586139023303985596e-01
0.000000000000000000e+00 2.600173652172088623e-01
0.000000000000000000e+00 3.082353770732879639e-01
0.000000000000000000e+00 2.650883793830871582e-01
0.000000000000000000e+00 2.532233595848083496e-01
0.000000000000000000e+00 4.270686209201812744e-01
0.000000000000000000e+00 3.095262944698333740e-01
0.000000000000000000e+00 1.496553868055343628e-01
0.000000000000000000e+00 1.235804855823516846e-01
0.000000000000000000e+00 3.068515062332153320e-01
0.000000000000000000e+00 2.369883060455322266e-01
0.000000000000000000e+00 3.216564655303955078e-01
0.000000000000000000e+00 2.110712677240371704e-01
0.000000000000000000e+00 9.828527271747589111e-02
0.000000000000000000e+00 1.249631121754646301e-01
0.000000000000000000e+00 4.075252637267112732e-02
0.000000000000000000e+00 3.174431622028350830e-02
0.000000000000000000e+00 1.269336324185132980e-02
0.000000000000000000e+00 1.103074382990598679e-02
0.000000000000000000e+00 3.806137479841709137e-03
0.000000000000000000e+00 3.139410866424441338e-03
0.000000000000000000e+00 2.006343333050608635e-03
0.000000000000000000e+00 2.342154970392584801e-03
0.000000000000000000e+00 5.504933651536703110e-03
0.000000000000000000e+00 7.826644927263259888e-03
0.000000000000000000e+00 9.184689261019229889e-03
0.000000000000000000e+00 9.913210757076740265e-03
0.000000000000000000e+00 2.017717249691486359e-02
0.000000000000000000e+00 4.728167504072189331e-02
0.000000000000000000e+00 8.839131891727447510e-02
0.000000000000000000e+00 9.348598122596740723e-02
0.000000000000000000e+00 7.455865293741226196e-02
0.000000000000000000e+00 5.235394835472106934e-02
0.000000000000000000e+00 5.059259384870529175e-02
0.000000000000000000e+00 3.978350758552551270e-02
0.000000000000000000e+00 3.308456018567085266e-02
0.000000000000000000e+00 8.957694470882415771e-02
0.000000000000000000e+00 3.630670160055160522e-02
0.000000000000000000e+00 5.628401786088943481e-02
0.000000000000000000e+00 5.789007619023323059e-02
0.000000000000000000e+00 8.798816800117492676e-02
0.000000000000000000e+00 3.048799335956573486e-01
0.000000000000000000e+00 2.726137936115264893e-01
0.000000000000000000e+00 2.103832513093948364e-01
0.000000000000000000e+00 1.214581578969955444e-01
0.000000000000000000e+00 2.390543967485427856e-01
0.000000000000000000e+00 1.704918444156646729e-01
0.000000000000000000e+00 9.269588440656661987e-02
0.000000000000000000e+00 1.260946393013000488e-01
0.000000000000000000e+00 1.250623017549514771e-01
0.000000000000000000e+00 1.633788049221038818e-01
0.000000000000000000e+00 2.034254074096679688e-01
0.000000000000000000e+00 3.079834580421447754e-01
0.000000000000000000e+00 4.224594831466674805e-01
0.000000000000000000e+00 4.629440009593963623e-01
0.000000000000000000e+00 4.585619568824768066e-01
0.000000000000000000e+00 2.736498117446899414e-01
0.000000000000000000e+00 5.224158763885498047e-01
0.000000000000000000e+00 3.621640801429748535e-01
0.000000000000000000e+00 3.779098391532897949e-01
0.000000000000000000e+00 4.447455406188964844e-01
0.000000000000000000e+00 3.812395334243774414e-01
0.000000000000000000e+00 4.029962420463562012e-01
0.000000000000000000e+00 1.437332630157470703e-01
0.000000000000000000e+00 2.508139908313751221e-01
0.000000000000000000e+00 1.679767221212387085e-01
0.000000000000000000e+00 1.782290339469909668e-01
0.000000000000000000e+00 7.220536470413208008e-02
0.000000000000000000e+00 1.484964191913604736e-01
0.000000000000000000e+00 1.701684594154357910e-01
0.000000000000000000e+00 2.730692028999328613e-01
0.000000000000000000e+00 4.292481541633605957e-01
0.000000000000000000e+00 5.337867140769958496e-01
0.000000000000000000e+00 5.348751544952392578e-01
0.000000000000000000e+00 5.592393875122070312e-01
0.000000000000000000e+00 6.183737516403198242e-01
0.000000000000000000e+00 7.227082848548889160e-01
0.000000000000000000e+00 6.543450951576232910e-01
0.000000000000000000e+00 7.234891057014465332e-01
0.000000000000000000e+00 7.368119955062866211e-01
0.000000000000000000e+00 7.464677691459655762e-01
0.000000000000000000e+00 6.903522014617919922e-01
0.000000000000000000e+00 7.805947065353393555e-01
0.000000000000000000e+00 7.866404056549072266e-01
0.000000000000000000e+00 7.737242579460144043e-01
0.000000000000000000e+00 7.914443612098693848e-01
0.000000000000000000e+00 7.390347123146057129e-01
0.000000000000000000e+00 7.226191163063049316e-01
0.000000000000000000e+00 5.640088915824890137e-01
0.000000000000000000e+00 5.688745975494384766e-01
0.000000000000000000e+00 5.564411878585815430e-01
0.000000000000000000e+00 2.846070826053619385e-01
0.000000000000000000e+00 1.280730068683624268e-01
0.000000000000000000e+00 2.074274867773056030e-01
0.000000000000000000e+00 3.128861188888549805e-01
0.000000000000000000e+00 3.420038521289825439e-02
0.000000000000000000e+00 9.350062347948551178e-03
0.000000000000000000e+00 2.579015912488102913e-03
0.000000000000000000e+00 5.258899764157831669e-04
0.000000000000000000e+00 2.905503497458994389e-04
0.000000000000000000e+00 2.309081610292196274e-04
0.000000000000000000e+00 6.352540367515757680e-05
0.000000000000000000e+00 4.568323856801725924e-05
0.000000000000000000e+00 2.528155528125353158e-05
0.000000000000000000e+00 1.399825032422086224e-05
0.000000000000000000e+00 1.104110287997173145e-05
0.000000000000000000e+00 7.962649760884232819e-06
0.000000000000000000e+00 1.320739829679951072e-05
0.000000000000000000e+00 6.733735517627792433e-06
0.000000000000000000e+00 1.547625652165152133e-05
0.000000000000000000e+00 3.113613274763338268e-05
0.000000000000000000e+00 3.933264451916329563e-05
0.000000000000000000e+00 4.822031405637972057e-05
0.000000000000000000e+00 9.129371755989268422e-05
0.000000000000000000e+00 2.155883703380823135e-04
0.000000000000000000e+00 2.323768858332186937e-04
0.000000000000000000e+00 4.229336045682430267e-04
0.000000000000000000e+00 9.240703657269477844e-04
0.000000000000000000e+00 1.415598322637379169e-03
0.000000000000000000e+00 1.704143127426505089e-03
0.000000000000000000e+00 8.656976744532585144e-03
0.000000000000000000e+00 1.219240948557853699e-02
0.000000000000000000e+00 1.057132147252559662e-02
0.000000000000000000e+00 2.516901679337024689e-02
0.000000000000000000e+00 3.858514130115509033e-02
0.000000000000000000e+00 2.506056427955627441e-02
0.000000000000000000e+00 4.997600615024566650e-02
0.000000000000000000e+00 3.182129189372062683e-02
0.000000000000000000e+00 4.529481008648872375e-02
0.000000000000000000e+00 3.946558013558387756e-02
0.000000000000000000e+00 6.674180924892425537e-02
0.000000000000000000e+00 7.619234919548034668e-02
0.000000000000000000e+00 7.582011818885803223e-02
0.000000000000000000e+00 5.363195389509201050e-02
0.000000000000000000e+00 2.281344830989837646e-01
0.000000000000000000e+00 5.512275695800781250e-01
0.000000000000000000e+00 7.361350655555725098e-01
0.000000000000000000e+00 7.483767867088317871e-01
0.000000000000000000e+00 7.237293720245361328e-01
0.000000000000000000e+00 8.295987248420715332e-01
0.000000000000000000e+00 8.112865686416625977e-01
0.000000000000000000e+00 8.234219551086425781e-01
0.000000000000000000e+00 8.821381330490112305e-01
0.000000000000000000e+00 8.200560808181762695e-01
1.000000000000000000e+00 8.509869575500488281e-01
1.000000000000000000e+00 9.022727012634277344e-01
1.000000000000000000e+00 8.924926519393920898e-01
0.000000000000000000e+00 8.288373947143554688e-01
0.000000000000000000e+00 6.279369592666625977e-01
0.000000000000000000e+00 5.285218358039855957e-01
0.000000000000000000e+00 4.706057608127593994e-01
0.000000000000000000e+00 2.633652985095977783e-01
0.000000000000000000e+00 3.446342051029205322e-01
0.000000000000000000e+00 2.163602262735366821e-01
0.000000000000000000e+00 2.149814218282699585e-01
0.000000000000000000e+00 3.312923312187194824e-01
0.000000000000000000e+00 1.774023622274398804e-01
0.000000000000000000e+00 1.919771730899810791e-01
0.000000000000000000e+00 2.036925554275512695e-01
0.000000000000000000e+00 1.990486979484558105e-01
0.000000000000000000e+00 1.285773664712905884e-01
0.000000000000000000e+00 2.359876632690429688e-01
0.000000000000000000e+00 1.635800302028656006e-01
0.000000000000000000e+00 1.691176295280456543e-01
0.000000000000000000e+00 1.336801797151565552e-01
1.000000000000000000e+00 7.953925728797912598e-01
1.000000000000000000e+00 7.904363870620727539e-01
1.000000000000000000e+00 7.547470331192016602e-01
1.000000000000000000e+00 5.904020071029663086e-01
1.000000000000000000e+00 3.283788263797760010e-01
1.000000000000000000e+00 2.201405316591262817e-01
0.000000000000000000e+00 9.650531411170959473e-02
0.000000000000000000e+00 2.774607576429843903e-02
0.000000000000000000e+00 2.241277508437633514e-02
0.000000000000000000e+00 3.704692702740430832e-03
0.000000000000000000e+00 1.926222932524979115e-03
0.000000000000000000e+00 3.500075545161962509e-04
0.000000000000000000e+00 1.790109090507030487e-04
0.000000000000000000e+00 8.590384823037311435e-05
0.000000000000000000e+00 4.038090628455393016e-05
0.000000000000000000e+00 9.372390195494517684e-05
0.000000000000000000e+00 3.381243368494324386e-05
0.000000000000000000e+00 1.446191890863701701e-05
0.000000000000000000e+00 5.406589025369612500e-06
0.000000000000000000e+00 8.427492502960376441e-06
0.000000000000000000e+00 1.699469748928095214e-06
0.000000000000000000e+00 2.787352059385739267e-06
0.000000000000000000e+00 7.048800398479215801e-06
0.000000000000000000e+00 3.312286935397423804e-06
0.000000000000000000e+00 5.732652880396926776e-06
0.000000000000000000e+00 1.286336737393867224e-05
0.000000000000000000e+00 1.862549470388330519e-05
0.000000000000000000e+00 4.881731001660227776e-05
0.000000000000000000e+00 3.125877992715686560e-04
0.000000000000000000e+00 1.674961531534790993e-04
0.000000000000000000e+00 5.536228418350219727e-04
0.000000000000000000e+00 9.028126369230449200e-04
0.000000000000000000e+00 1.371290185488760471e-03
0.000000000000000000e+00 1.274346257559955120e-03
0.000000000000000000e+00 3.637254936620593071e-03
0.000000000000000000e+00 4.422804340720176697e-03
0.000000000000000000e+00 3.691553371027112007e-03
0.000000000000000000e+00 4.915508907288312912e-03
0.000000000000000000e+00 1.844343729317188263e-02
0.000000000000000000e+00 2.111738361418247223e-02
0.000000000000000000e+00 1.387614384293556213e-02
0.000000000000000000e+00 2.127948589622974396e-02
0.000000000000000000e+00 1.657608337700366974e-02
0.000000000000000000e+00 2.047766745090484619e-02
0.000000000000000000e+00 3.505776450037956238e-02
0.000000000000000000e+00 2.902830578386783600e-02
0.000000000000000000e+00 3.425846248865127563e-02
0.000000000000000000e+00 1.952901855111122131e-02
0.000000000000000000e+00 9.599519520998001099e-02
0.000000000000000000e+00 1.931541562080383301e-01
0.000000000000000000e+00 1.590065509080886841e-01
0.000000000000000000e+00 2.948063015937805176e-01
0.000000000000000000e+00 3.166848123073577881e-01
0.000000000000000000e+00 5.486826896667480469e-01
0.000000000000000000e+00 7.519034743309020996e-01
0.000000000000000000e+00 8.453311920166015625e-01
0.000000000000000000e+00 8.322665095329284668e-01
0.000000000000000000e+00 7.369654774665832520e-01
0.000000000000000000e+00 6.576415300369262695e-01
0.000000000000000000e+00 6.100441217422485352e-01
0.000000000000000000e+00 4.438977837562561035e-01
0.000000000000000000e+00 3.991994559764862061e-01
0.000000000000000000e+00 4.999743700027465820e-01
0.000000000000000000e+00 4.889169931411743164e-01
0.000000000000000000e+00 3.241427540779113770e-01
0.000000000000000000e+00 3.623446524143218994e-01
0.000000000000000000e+00 4.690433740615844727e-01
0.000000000000000000e+00 3.688334524631500244e-01
0.000000000000000000e+00 4.188272058963775635e-01
0.000000000000000000e+00 5.210709571838378906e-01
0.000000000000000000e+00 7.273120880126953125e-01
0.000000000000000000e+00 5.488989353179931641e-01
0.000000000000000000e+00 5.571813583374023438e-01
0.000000000000000000e+00 5.035932660102844238e-01
0.000000000000000000e+00 2.829731106758117676e-01
0.000000000000000000e+00 5.332049727439880371e-01
0.000000000000000000e+00 8.061097860336303711e-01
1.000000000000000000e+00 6.557881236076354980e-01
0.000000000000000000e+00 7.248294949531555176e-01
0.000000000000000000e+00 7.019295096397399902e-01
0.000000000000000000e+00 6.775189638137817383e-01
0.000000000000000000e+00 2.839592397212982178e-01
0.000000000000000000e+00 1.942935436964035034e-01
0.000000000000000000e+00 7.592427730560302734e-02
0.000000000000000000e+00 2.700069174170494080e-02
0.000000000000000000e+00 1.150407083332538605e-02
0.000000000000000000e+00 8.623277768492698669e-03
0.000000000000000000e+00 9.274013340473175049e-03
0.000000000000000000e+00 3.264450468122959137e-03
0.000000000000000000e+00 8.818388450890779495e-04
0.000000000000000000e+00 6.346260779537260532e-04
0.000000000000000000e+00 3.365153970662504435e-04
0.000000000000000000e+00 2.028461021836847067e-04
0.000000000000000000e+00 1.700754801277071238e-04
0.000000000000000000e+00 2.360754879191517830e-04
0.000000000000000000e+00 1.987647992791607976e-04
0.000000000000000000e+00 2.553285448811948299e-04
0.000000000000000000e+00 3.755717771127820015e-04
0.000000000000000000e+00 3.464214969426393509e-04
0.000000000000000000e+00 3.457362181507050991e-04
0.000000000000000000e+00 3.726559807546436787e-04
0.000000000000000000e+00 5.199913284741342068e-04
0.000000000000000000e+00 7.783367182128131390e-04
0.000000000000000000e+00 8.614528924226760864e-04
0.000000000000000000e+00 1.628069905564188957e-03
0.000000000000000000e+00 2.559032291173934937e-03
0.000000000000000000e+00 4.740927368402481079e-03
0.000000000000000000e+00 2.927275840193033218e-03
0.000000000000000000e+00 4.166374914348125458e-03
0.000000000000000000e+00 8.102531544864177704e-03
0.000000000000000000e+00 1.347319222986698151e-02
0.000000000000000000e+00 1.061462145298719406e-02
0.000000000000000000e+00 1.042719557881355286e-02
0.000000000000000000e+00 2.154181152582168579e-02
0.000000000000000000e+00 2.201154641807079315e-02
0.000000000000000000e+00 3.790239617228507996e-02
0.000000000000000000e+00 4.607042670249938965e-02
0.000000000000000000e+00 2.975444309413433075e-02
0.000000000000000000e+00 4.866667091846466064e-02
0.000000000000000000e+00 4.546833410859107971e-02
0.000000000000000000e+00 6.558895111083984375e-02
0.000000000000000000e+00 1.037267893552780151e-01
0.000000000000000000e+00 2.273913323879241943e-01
0.000000000000000000e+00 9.028571099042892456e-02
0.000000000000000000e+00 1.247180551290512085e-01
0.000000000000000000e+00 2.377825826406478882e-01
0.000000000000000000e+00 3.683363199234008789e-01
1.000000000000000000e+00 5.597020983695983887e-01
1.000000000000000000e+00 6.465213298797607422e-01
1.000000000000000000e+00 7.762445807456970215e-01
1.000000000000000000e+00 8.141162395477294922e-01
1.000000000000000000e+00 7.218480706214904785e-01
1.000000000000000000e+00 5.276548266410827637e-01
1.000000000000000000e+00 2.150767594575881958e-01
0.000000000000000000e+00 1.113518774509429932e-01
0.000000000000000000e+00 1.888242550194263458e-02
0.000000000000000000e+00 1.630572788417339325e-02
0.000000000000000000e+00 1.611256157048046589e-03
0.000000000000000000e+00 2.260840963572263718e-03
0.000000000000000000e+00 4.622804699465632439e-04
0.000000000000000000e+00 3.056527057196944952e-04
0.000000000000000000e+00 2.683873753994703293e-04
0.000000000000000000e+00 1.417584571754559875e-04
0.000000000000000000e+00 1.071257211151532829e-04
0.000000000000000000e+00 4.446243110578507185e-05
0.000000000000000000e+00 3.793802534346468747e-05
1.000000000000000000e+00 2.210384263889864087e-05
0.000000000000000000e+00 1.548557156638707966e-05
0.000000000000000000e+00 1.447085924155544490e-05
0.000000000000000000e+00 1.927168341353535652e-05
0.000000000000000000e+00 8.235884904861450195e-01
0.000000000000000000e+00 8.514740467071533203e-01
0.000000000000000000e+00 8.300708532333374023e-01
0.000000000000000000e+00 9.057165384292602539e-01
0.000000000000000000e+00 8.235902786254882812e-01
0.000000000000000000e+00 7.688981890678405762e-01
0.000000000000000000e+00 5.720281600952148438e-01
0.000000000000000000e+00 7.741833329200744629e-01
0.000000000000000000e+00 7.243860960006713867e-01
0.000000000000000000e+00 7.012552022933959961e-01
0.000000000000000000e+00 7.241626977920532227e-01
0.000000000000000000e+00 4.939604401588439941e-01
0.000000000000000000e+00 6.418447494506835938e-01
0.000000000000000000e+00 7.954801917076110840e-01
0.000000000000000000e+00 6.084425449371337891e-01
0.000000000000000000e+00 6.257693767547607422e-01
0.000000000000000000e+00 6.476155519485473633e-01
0.000000000000000000e+00 6.130706071853637695e-01
0.000000000000000000e+00 6.630809307098388672e-01
0.000000000000000000e+00 7.155208587646484375e-01
0.000000000000000000e+00 6.038551330566406250e-01
0.000000000000000000e+00 8.225662708282470703e-01
0.000000000000000000e+00 7.851764559745788574e-01
0.000000000000000000e+00 8.911929726600646973e-01
0.000000000000000000e+00 9.174838662147521973e-01
0.000000000000000000e+00 9.399427175521850586e-01
0.000000000000000000e+00 9.818094968795776367e-01
0.000000000000000000e+00 9.767060875892639160e-01
0.000000000000000000e+00 9.921330809593200684e-01
0.000000000000000000e+00 9.846249818801879883e-01
0.000000000000000000e+00 9.835674762725830078e-01
0.000000000000000000e+00 9.823951125144958496e-01
0.000000000000000000e+00 9.843783974647521973e-01
0.000000000000000000e+00 9.904252886772155762e-01
0.000000000000000000e+00 9.850421547889709473e-01
0.000000000000000000e+00 9.869907498359680176e-01
0.000000000000000000e+00 9.785737395286560059e-01
0.000000000000000000e+00 9.708989858627319336e-01
0.000000000000000000e+00 9.912534356117248535e-01
0.000000000000000000e+00 9.913602471351623535e-01
0.000000000000000000e+00 9.895738959312438965e-01
0.000000000000000000e+00 9.922738671302795410e-01
0.000000000000000000e+00 9.940521121025085449e-01
0.000000000000000000e+00 9.920513033866882324e-01
0.000000000000000000e+00 9.968356490135192871e-01
0.000000000000000000e+00 9.964311122894287109e-01
0.000000000000000000e+00 9.969190359115600586e-01
0.000000000000000000e+00 9.982030391693115234e-01
0.000000000000000000e+00 9.974309802055358887e-01
0.000000000000000000e+00 9.981780052185058594e-01
0.000000000000000000e+00 9.970359802246093750e-01
0.000000000000000000e+00 9.956028461456298828e-01
0.000000000000000000e+00 9.950438737869262695e-01
0.000000000000000000e+00 9.946956038475036621e-01
0.000000000000000000e+00 9.919610619544982910e-01
0.000000000000000000e+00 9.946548938751220703e-01
0.000000000000000000e+00 9.933134913444519043e-01
0.000000000000000000e+00 9.738662242889404297e-01
0.000000000000000000e+00 9.687133431434631348e-01
0.000000000000000000e+00 8.825149536132812500e-01
0.000000000000000000e+00 9.218785166740417480e-01
0.000000000000000000e+00 8.662760257720947266e-01
0.000000000000000000e+00 7.612962722778320312e-01
0.000000000000000000e+00 6.674038767814636230e-01
0.000000000000000000e+00 5.652710199356079102e-01
0.000000000000000000e+00 4.845360517501831055e-01
0.000000000000000000e+00 4.580178558826446533e-01
0.000000000000000000e+00 5.790953040122985840e-01
0.000000000000000000e+00 4.651602208614349365e-01
0.000000000000000000e+00 4.717420637607574463e-01
0.000000000000000000e+00 3.490419089794158936e-01
0.000000000000000000e+00 2.085075229406356812e-01
0.000000000000000000e+00 2.420982569456100464e-01
0.000000000000000000e+00 1.390245407819747925e-01
0.000000000000000000e+00 1.964718550443649292e-01
0.000000000000000000e+00 9.002435207366943359e-01
0.000000000000000000e+00 9.486874938011169434e-01
0.000000000000000000e+00 9.181320667266845703e-01
0.000000000000000000e+00 9.223340749740600586e-01
0.000000000000000000e+00 8.906831741333007812e-01
0.000000000000000000e+00 9.155551195144653320e-01
0.000000000000000000e+00 8.793287277221679688e-01
0.000000000000000000e+00 9.485787153244018555e-01
0.000000000000000000e+00 9.491982460021972656e-01
0.000000000000000000e+00 9.595847129821777344e-01
0.000000000000000000e+00 9.543841481208801270e-01
0.000000000000000000e+00 9.592954516410827637e-01
0.000000000000000000e+00 9.626369476318359375e-01
0.000000000000000000e+00 9.780467152595520020e-01
0.000000000000000000e+00 9.730741977691650391e-01
0.000000000000000000e+00 9.600988030433654785e-01
1.000000000000000000e+00 9.645559191703796387e-01
1.000000000000000000e+00 9.730779528617858887e-01
1.000000000000000000e+00 9.771600365638732910e-01
1.000000000000000000e+00 9.797891378402709961e-01
1.000000000000000000e+00 9.470250010490417480e-01
1.000000000000000000e+00 9.225621819496154785e-01
1.000000000000000000e+00 6.600330471992492676e-01
0.000000000000000000e+00 7.912021279335021973e-01
0.000000000000000000e+00 7.827180624008178711e-01
0.000000000000000000e+00 5.648019313812255859e-01
0.000000000000000000e+00 5.737389326095581055e-01
0.000000000000000000e+00 2.373907268047332764e-01
0.000000000000000000e+00 4.118692278861999512e-01
0.000000000000000000e+00 6.104632019996643066e-01
0.000000000000000000e+00 4.141046702861785889e-01
0.000000000000000000e+00 5.088293552398681641e-01
0.000000000000000000e+00 6.709507703781127930e-01
0.000000000000000000e+00 5.063718557357788086e-01
0.000000000000000000e+00 3.494217395782470703e-01
0.000000000000000000e+00 2.336305081844329834e-01
0.000000000000000000e+00 1.444053500890731812e-01
0.000000000000000000e+00 9.664115309715270996e-02
0.000000000000000000e+00 6.909450888633728027e-02
0.000000000000000000e+00 4.885679110884666443e-02
0.000000000000000000e+00 3.734309226274490356e-02
0.000000000000000000e+00 3.195552900433540344e-02
0.000000000000000000e+00 2.146498113870620728e-02
0.000000000000000000e+00 1.211118698120117188e-02
0.000000000000000000e+00 9.387781843543052673e-03
0.000000000000000000e+00 1.863668300211429596e-02
0.000000000000000000e+00 1.914530619978904724e-02
0.000000000000000000e+00 7.415687665343284607e-03
0.000000000000000000e+00 1.743878237903118134e-02
0.000000000000000000e+00 1.249784138053655624e-02
0.000000000000000000e+00 1.548869907855987549e-02
0.000000000000000000e+00 9.185388684272766113e-03
0.000000000000000000e+00 7.263007573783397675e-03
0.000000000000000000e+00 4.478898365050554276e-03
0.000000000000000000e+00 6.692274007946252823e-03
0.000000000000000000e+00 2.807807642966508865e-03
0.000000000000000000e+00 5.769960116595029831e-03
0.000000000000000000e+00 3.048479789867997169e-03
0.000000000000000000e+00 2.079130616039037704e-03
0.000000000000000000e+00 1.878086710348725319e-03
0.000000000000000000e+00 1.267114654183387756e-03
0.000000000000000000e+00 1.116247032769024372e-03
0.000000000000000000e+00 1.138877938501536846e-03
0.000000000000000000e+00 1.114862388931214809e-03
0.000000000000000000e+00 4.818090528715401888e-04
0.000000000000000000e+00 6.219637580215930939e-04
0.000000000000000000e+00 7.783581386320292950e-04
0.000000000000000000e+00 1.641675829887390137e-03
0.000000000000000000e+00 7.223601569421589375e-04
0.000000000000000000e+00 1.212159986607730389e-03
0.000000000000000000e+00 1.014864421449601650e-03
0.000000000000000000e+00 8.770938147790730000e-04
0.000000000000000000e+00 8.978534024208784103e-04
0.000000000000000000e+00 1.087227952666580677e-03
0.000000000000000000e+00 1.152132521383464336e-03
