0.000000000000000000e+00 1.513179838657379150e-01
0.000000000000000000e+00 6.489905714988708496e-02
0.000000000000000000e+00 8.415312506258487701e-03
0.000000000000000000e+00 1.736715086735785007e-03
0.000000000000000000e+00 1.721925218589603901e-04
0.000000000000000000e+00 2.410286288068164140e-05
0.000000000000000000e+00 2.209745616710279137e-05
0.000000000000000000e+00 2.041770858340896666e-05
0.000000000000000000e+00 1.065638298314297572e-05
0.000000000000000000e+00 1.646146301936823875e-05
0.000000000000000000e+00 1.416726718161953613e-05
0.000000000000000000e+00 5.073646752862259746e-05
0.000000000000000000e+00 1.574509951751679182e-05
0.000000000000000000e+00 1.271211203857092187e-05
0.000000000000000000e+00 1.949641227838583291e-05
0.000000000000000000e+00 7.274215022334828973e-05
0.000000000000000000e+00 1.258181728189811110e-04
0.000000000000000000e+00 2.969437628053128719e-04
0.000000000000000000e+00 1.758813858032226562e-03
0.000000000000000000e+00 7.957130670547485352e-03
0.000000000000000000e+00 1.423608325421810150e-02
0.000000000000000000e+00 1.115562766790390015e-01
0.000000000000000000e+00 1.326249241828918457e-01
0.000000000000000000e+00 4.266624450683593750e-01
0.000000000000000000e+00 1.272465586662292480e-01
0.000000000000000000e+00 2.639276087284088135e-01
0.000000000000000000e+00 3.411410450935363770e-01
0.000000000000000000e+00 1.670628637075424194e-01
0.000000000000000000e+00 1.933421194553375244e-01
0.000000000000000000e+00 9.829384833574295044e-02
0.000000000000000000e+00 9.238521009683609009e-02
0.000000000000000000e+00 9.087880700826644897e-02
1.000000000000000000e+00 1.861813366413116455e-01
1.000000000000000000e+00 4.403395205736160278e-02
0.000000000000000000e+00 1.283790078014135361e-02
0.000000000000000000e+00 1.072719041258096695e-02
0.000000000000000000e+00 6.802938412874937057e-03
0.000000000000000000e+00 2.838473999872803688e-03
0.000000000000000000e+00 2.538284286856651306e-03
0.000000000000000000e+00 5.041544791311025620e-03
0.000000000000000000e+00 8.252562023699283600e-03
0.000000000000000000e+00 9.425519034266471863e-03
0.000000000000000000e+00 1.110774651169776917e-02
0.000000000000000000e+00 4.955475684255361557e-03
0.000000000000000000e+00 7.873733527958393097e-03
0.000000000000000000e+00 2.697400981560349464e-03
0.000000000000000000e+00 5.267496686428785324e-03
0.000000000000000000e+00 2.192826941609382629e-03
0.000000000000000000e+00 5.306148901581764221e-03
0.000000000000000000e+00 2.331813564524054527e-03
0.000000000000000000e+00 1.147827832028269768e-03
0.000000000000000000e+00 6.375447264872491360e-04
0.000000000000000000e+00 7.273953524418175220e-04
0.000000000000000000e+00 5.083907162770628929e-04
0.000000000000000000e+00 3.021155716851353645e-04
0.000000000000000000e+00 1.541512901894748211e-04
0.000000000000000000e+00 3.193101147189736366e-04
0.000000000000000000e+00 5.211914540268480778e-04
0.000000000000000000e+00 1.147745715570636094e-04
0.000000000000000000e+00 8.023745613172650337e-05
0.000000000000000000e+00 4.123012695345096290e-05
0.000000000000000000e+00 1.418861756974365562e-05
0.000000000000000000e+00 5.438889729703078046e-06
0.000000000000000000e+00 7.287672815436962992e-06
0.000000000000000000e+00 1.522712773294188082e-05
0.000000000000000000e+00 2.370517177041620016e-05
0.000000000000000000e+00 2.257862433907575905e-05
0.000000000000000000e+00 4.152749897912144661e-05
0.000000000000000000e+00 4.228538455208763480e-05
0.000000000000000000e+00 2.060873521259054542e-05
0.000000000000000000e+00 2.550305180193390697e-05
0.000000000000000000e+00 5.790444902231683955e-06
0.000000000000000000e+00 3.178279712301446125e-06
0.000000000000000000e+00 5.292125479172682390e-06
0.000000000000000000e+00 4.779958544531837106e-06
0.000000000000000000e+00 5.980316549539566040e-02
0.000000000000000000e+00 3.866582363843917847e-02
0.000000000000000000e+00 1.738916710019111633e-02
0.000000000000000000e+00 5.804807879030704498e-03
0.000000000000000000e+00 2.357046585530042648e-03
0.000000000000000000e+00 2.595429308712482452e-03
0.000000000000000000e+00 1.247607287950813770e-03
0.000000000000000000e+00 1.199353602714836597e-03
0.000000000000000000e+00 4.087515117134898901e-04
0.000000000000000000e+00 2.849126176442950964e-04
0.000000000000000000e+00 1.666332245804369450e-04
0.000000000000000000e+00 9.998445602832362056e-05
0.000000000000000000e+00 1.039326743921265006e-04
0.000000000000000000e+00 3.330830804770812392e-05
0.000000000000000000e+00 3.030180414498317987e-05
0.000000000000000000e+00 2.018919440160971135e-05
0.000000000000000000e+00 3.559180549927987158e-05
0.000000000000000000e+00 4.199283648631535470e-05
0.000000000000000000e+00 1.051255894708447158e-04
0.000000000000000000e+00 2.600701118353754282e-04
0.000000000000000000e+00 8.425628184340894222e-04
0.000000000000000000e+00 3.365046577528119087e-03
0.000000000000000000e+00 2.348427847027778625e-02
0.000000000000000000e+00 8.358732610940933228e-02
0.000000000000000000e+00 6.181924045085906982e-02
0.000000000000000000e+00 4.737577214837074280e-02
0.000000000000000000e+00 8.242993801832199097e-02
0.000000000000000000e+00 1.092171519994735718e-01
0.000000000000000000e+00 3.747340291738510132e-02
0.000000000000000000e+00 5.380421876907348633e-02
0.000000000000000000e+00 4.532848298549652100e-02
0.000000000000000000e+00 2.147121913731098175e-02
0.000000000000000000e+00 2.263610810041427612e-02
0.000000000000000000e+00 8.020305633544921875e-02
0.000000000000000000e+00 5.332608148455619812e-02
0.000000000000000000e+00 4.336206987500190735e-02
0.000000000000000000e+00 4.269303381443023682e-02
0.000000000000000000e+00 5.749053880572319031e-02
0.000000000000000000e+00 4.315535724163055420e-02
0.000000000000000000e+00 5.192524567246437073e-02
0.000000000000000000e+00 7.438075542449951172e-02
0.000000000000000000e+00 2.057805508375167847e-01
0.000000000000000000e+00 1.626580804586410522e-01
0.000000000000000000e+00 1.063068136572837830e-01
0.000000000000000000e+00 3.130975663661956787e-01
0.000000000000000000e+00 8.932244032621383667e-02
0.000000000000000000e+00 2.625038623809814453e-01
0.000000000000000000e+00 2.897134721279144287e-01
0.000000000000000000e+00 3.908073902130126953e-01
0.000000000000000000e+00 3.568669855594635010e-01
0.000000000000000000e+00 5.443291068077087402e-01
0.000000000000000000e+00 4.774481952190399170e-01
0.000000000000000000e+00 3.349100053310394287e-01
0.000000000000000000e+00 3.645380437374114990e-01
0.000000000000000000e+00 3.820544779300689697e-01
1.000000000000000000e+00 5.506438612937927246e-01
1.000000000000000000e+00 7.276425361633300781e-01
0.000000000000000000e+00 5.775491595268249512e-01
0.000000000000000000e+00 5.615816712379455566e-01
0.000000000000000000e+00 3.815439939498901367e-01
0.000000000000000000e+00 4.493564665317535400e-01
0.000000000000000000e+00 3.519925475120544434e-01
0.000000000000000000e+00 3.804232776165008545e-01
0.000000000000000000e+00 3.804585933685302734e-01
0.000000000000000000e+00 3.482447862625122070e-01
0.000000000000000000e+00 2.005905508995056152e-01
0.000000000000000000e+00 3.239329457283020020e-01
0.000000000000000000e+00 1.868669539690017700e-01
0.000000000000000000e+00 2.230362594127655029e-01
0.000000000000000000e+00 2.358449101448059082e-01
0.000000000000000000e+00 1.498458981513977051e-01
0.000000000000000000e+00 2.733127176761627197e-01
0.000000000000000000e+00 1.643294990062713623e-01
0.000000000000000000e+00 2.680026888847351074e-01
0.000000000000000000e+00 1.375997364521026611e-01
0.000000000000000000e+00 2.338672280311584473e-01
0.000000000000000000e+00 3.252466022968292236e-01
0.000000000000000000e+00 1.863098740577697754e-01
0.000000000000000000e+00 9.025909006595611572e-02
0.000000000000000000e+00 3.560297936201095581e-02
0.000000000000000000e+00 1.213081087917089462e-02
0.000000000000000000e+00 1.887155883014202118e-02
0.000000000000000000e+00 1.621087081730365753e-02
0.000000000000000000e+00 1.984884962439537048e-02
0.000000000000000000e+00 4.567659646272659302e-02
0.000000000000000000e+00 4.896579310297966003e-02
0.000000000000000000e+00 3.802221268415451050e-02
0.000000000000000000e+00 1.163929849863052368e-01
0.000000000000000000e+00 9.473682194948196411e-02
0.000000000000000000e+00 1.366184502840042114e-01
0.000000000000000000e+00 2.958673238754272461e-01
0.000000000000000000e+00 2.718091905117034912e-01
0.000000000000000000e+00 3.238655924797058105e-01
0.000000000000000000e+00 2.611379921436309814e-01
0.000000000000000000e+00 2.564818561077117920e-01
0.000000000000000000e+00 3.521520793437957764e-01
0.000000000000000000e+00 2.151800841093063354e-01
0.000000000000000000e+00 1.045520752668380737e-01
0.000000000000000000e+00 8.628341555595397949e-02
0.000000000000000000e+00 9.402013570070266724e-02
0.000000000000000000e+00 2.959118187427520752e-01
0.000000000000000000e+00 2.346787750720977783e-01
0.000000000000000000e+00 2.642733454704284668e-01
0.000000000000000000e+00 4.090155661106109619e-01
0.000000000000000000e+00 3.176832199096679688e-01
0.000000000000000000e+00 4.247401654720306396e-01
0.000000000000000000e+00 5.912421345710754395e-01
0.000000000000000000e+00 5.936029553413391113e-01
0.000000000000000000e+00 3.628899753093719482e-01
0.000000000000000000e+00 5.112900137901306152e-01
0.000000000000000000e+00 3.600809276103973389e-01
0.000000000000000000e+00 1.693917959928512573e-01
0.000000000000000000e+00 5.476362109184265137e-01
0.000000000000000000e+00 4.131307899951934814e-01
0.000000000000000000e+00 5.773335695266723633e-01
0.000000000000000000e+00 5.283045768737792969e-01
0.000000000000000000e+00 3.932573199272155762e-01
0.000000000000000000e+00 2.947613000869750977e-01
0.000000000000000000e+00 6.309896707534790039e-01
0.000000000000000000e+00 7.026510238647460938e-01
0.000000000000000000e+00 7.513585090637207031e-01
0.000000000000000000e+00 7.130524516105651855e-01
0.000000000000000000e+00 7.198531627655029297e-01
0.000000000000000000e+00 5.344932675361633301e-01
0.000000000000000000e+00 6.181427240371704102e-01
0.000000000000000000e+00 4.547108113765716553e-01
0.000000000000000000e+00 2.573995292186737061e-01
0.000000000000000000e+00 3.551809191703796387e-01
0.000000000000000000e+00 4.348348677158355713e-01
0.000000000000000000e+00 4.786232113838195801e-01
0.000000000000000000e+00 6.492474079132080078e-01
0.000000000000000000e+00 6.385848522186279297e-01
0.000000000000000000e+00 6.318240165710449219e-01
0.000000000000000000e+00 5.785351991653442383e-01
0.000000000000000000e+00 4.658854603767395020e-01
0.000000000000000000e+00 5.157984495162963867e-01
0.000000000000000000e+00 4.037389159202575684e-01
0.000000000000000000e+00 6.138768792152404785e-01
0.000000000000000000e+00 5.368885993957519531e-01
0.000000000000000000e+00 4.583709239959716797e-01
0.000000000000000000e+00 6.021664142608642578e-01
0.000000000000000000e+00 4.408150315284729004e-01
0.000000000000000000e+00 6.376070976257324219e-01
0.000000000000000000e+00 7.319560050964355469e-01
0.000000000000000000e+00 6.217044591903686523e-01
0.000000000000000000e+00 7.283077836036682129e-01
0.000000000000000000e+00 7.919450402259826660e-01
0.000000000000000000e+00 6.714268326759338379e-01
0.000000000000000000e+00 6.960905790328979492e-01
0.000000000000000000e+00 6.767126321792602539e-01
0.000000000000000000e+00 9.487445950508117676e-01
0.000000000000000000e+00 7.856369614601135254e-01
0.000000000000000000e+00 5.452387928962707520e-01
0.000000000000000000e+00 4.288420379161834717e-01
0.000000000000000000e+00 4.947061091661453247e-02
0.000000000000000000e+00 1.705235056579113007e-02
0.000000000000000000e+00 1.318486407399177551e-03
0.000000000000000000e+00 6.390869384631514549e-04
0.000000000000000000e+00 1.786638895282521844e-04
0.000000000000000000e+00 4.916063335258513689e-05
0.000000000000000000e+00 3.809802001342177391e-05
0.000000000000000000e+00 4.728516796603798866e-05
0.000000000000000000e+00 3.708379517775028944e-05
0.000000000000000000e+00 1.118879936257144436e-05
0.000000000000000000e+00 8.332845936820376664e-06
0.000000000000000000e+00 1.814330971683375537e-05
0.000000000000000000e+00 2.258460881421342492e-05
0.000000000000000000e+00 1.145497208199230954e-05
0.000000000000000000e+00 1.193439675262197852e-05
0.000000000000000000e+00 1.382130722049623728e-05
0.000000000000000000e+00 2.742551623668987304e-05
0.000000000000000000e+00 5.998011693009175360e-05
0.000000000000000000e+00 5.534069714485667646e-05
0.000000000000000000e+00 1.121458408306352794e-04
0.000000000000000000e+00 1.813461421988904476e-04
0.000000000000000000e+00 2.081601851386949420e-04
0.000000000000000000e+00 4.260760324541479349e-04
0.000000000000000000e+00 5.394616164267063141e-04
0.000000000000000000e+00 1.160708721727132797e-03
0.000000000000000000e+00 2.885524183511734009e-03
0.000000000000000000e+00 4.011287819594144821e-03
0.000000000000000000e+00 5.047059152275323868e-03
0.000000000000000000e+00 6.879394408315420151e-03
0.000000000000000000e+00 2.202167361974716187e-02
0.000000000000000000e+00 1.779851317405700684e-02
0.000000000000000000e+00 4.246795549988746643e-02
0.000000000000000000e+00 2.693284116685390472e-02
0.000000000000000000e+00 1.478722039610147476e-02
0.000000000000000000e+00 6.707697361707687378e-02
0.000000000000000000e+00 3.129395842552185059e-02
0.000000000000000000e+00 2.628521434962749481e-02
0.000000000000000000e+00 3.680369630455970764e-02
0.000000000000000000e+00 6.360901892185211182e-02
0.000000000000000000e+00 4.331262782216072083e-02
0.000000000000000000e+00 3.922114968299865723e-01
0.000000000000000000e+00 6.202310919761657715e-01
0.000000000000000000e+00 6.254427433013916016e-01
0.000000000000000000e+00 7.354009151458740234e-01
0.000000000000000000e+00 7.759932279586791992e-01
0.000000000000000000e+00 8.400379419326782227e-01
0.000000000000000000e+00 8.256923556327819824e-01
0.000000000000000000e+00 8.381735682487487793e-01
0.000000000000000000e+00 8.261201381683349609e-01
0.000000000000000000e+00 8.384916782379150391e-01
1.000000000000000000e+00 9.258178472518920898e-01
1.000000000000000000e+00 9.027508497238159180e-01
1.000000000000000000e+00 8.896974921226501465e-01
0.000000000000000000e+00 7.193871736526489258e-01
0.000000000000000000e+00 5.827232003211975098e-01
0.000000000000000000e+00 6.065992116928100586e-01
0.000000000000000000e+00 2.284622639417648315e-01
0.000000000000000000e+00 2.585010230541229248e-01
0.000000000000000000e+00 2.278634458780288696e-01
0.000000000000000000e+00 1.789924651384353638e-01
0.000000000000000000e+00 2.382959872484207153e-01
0.000000000000000000e+00 2.624980807304382324e-01
0.000000000000000000e+00 3.010973334312438965e-01
0.000000000000000000e+00 2.198991924524307251e-01
0.000000000000000000e+00 2.713912427425384521e-01
0.000000000000000000e+00 4.009948968887329102e-01
0.000000000000000000e+00 3.082295954227447510e-01
0.000000000000000000e+00 3.478742837905883789e-01
0.000000000000000000e+00 3.013520538806915283e-01
0.000000000000000000e+00 2.720426023006439209e-01
0.000000000000000000e+00 1.863711774349212646e-01
1.000000000000000000e+00 6.611633896827697754e-01
1.000000000000000000e+00 3.871119916439056396e-01
1.000000000000000000e+00 7.325525879859924316e-01
1.000000000000000000e+00 6.878197789192199707e-01
1.000000000000000000e+00 6.734218001365661621e-01
1.000000000000000000e+00 6.980590820312500000e-01
0.000000000000000000e+00 6.894686818122863770e-01
0.000000000000000000e+00 6.392897963523864746e-01
0.000000000000000000e+00 5.085183978080749512e-01
0.000000000000000000e+00 2.051551789045333862e-01
0.000000000000000000e+00 1.068063154816627502e-01
0.000000000000000000e+00 5.472711473703384399e-02
0.000000000000000000e+00 3.750687092542648315e-02
0.000000000000000000e+00 2.461607567965984344e-02
0.000000000000000000e+00 9.949144907295703888e-03
0.000000000000000000e+00 4.624826833605766296e-03
0.000000000000000000e+00 5.640456452965736389e-03
0.000000000000000000e+00 9.622679790481925011e-04
0.000000000000000000e+00 1.093641389161348343e-03
0.000000000000000000e+00 8.269920945167541504e-04
0.000000000000000000e+00 7.490740972571074963e-04
0.000000000000000000e+00 5.582760786637663841e-04
0.000000000000000000e+00 4.683267325162887573e-04
0.000000000000000000e+00 9.728284785524010658e-04
0.000000000000000000e+00 8.855386404320597649e-04
0.000000000000000000e+00 2.320671686902642250e-03
0.000000000000000000e+00 3.562453202903270721e-03
0.000000000000000000e+00 3.436774248257279396e-03
0.000000000000000000e+00 8.740201592445373535e-03
0.000000000000000000e+00 1.562943309545516968e-02
0.000000000000000000e+00 1.251984667032957077e-02
0.000000000000000000e+00 1.135543826967477798e-02
0.000000000000000000e+00 1.129021868109703064e-02
0.000000000000000000e+00 1.218491792678833008e-02
0.000000000000000000e+00 1.099558360874652863e-02
0.000000000000000000e+00 1.669223979115486145e-02
0.000000000000000000e+00 2.594580315053462982e-02
0.000000000000000000e+00 4.046090319752693176e-02
0.000000000000000000e+00 6.339442729949951172e-02
0.000000000000000000e+00 2.443702891469001770e-02
0.000000000000000000e+00 4.797112569212913513e-02
0.000000000000000000e+00 3.257409855723381042e-02
0.000000000000000000e+00 2.584994956851005554e-02
0.000000000000000000e+00 1.954123005270957947e-02
0.000000000000000000e+00 3.826356679201126099e-02
0.000000000000000000e+00 4.565345868468284607e-02
0.000000000000000000e+00 3.737337514758110046e-02
0.000000000000000000e+00 5.294413864612579346e-02
0.000000000000000000e+00 6.379796564579010010e-02
0.000000000000000000e+00 1.384427547454833984e-01
0.000000000000000000e+00 1.243984252214431763e-01
0.000000000000000000e+00 2.779985070228576660e-01
0.000000000000000000e+00 3.622095584869384766e-01
0.000000000000000000e+00 5.084453225135803223e-01
0.000000000000000000e+00 6.122660636901855469e-01
0.000000000000000000e+00 8.613279461860656738e-01
0.000000000000000000e+00 9.210562109947204590e-01
0.000000000000000000e+00 7.795988917350769043e-01
0.000000000000000000e+00 8.143880963325500488e-01
0.000000000000000000e+00 8.043577671051025391e-01
0.000000000000000000e+00 7.491201162338256836e-01
0.000000000000000000e+00 6.585664749145507812e-01
0.000000000000000000e+00 6.632570028305053711e-01
0.000000000000000000e+00 7.136887907981872559e-01
0.000000000000000000e+00 6.789351701736450195e-01
0.000000000000000000e+00 6.789866685867309570e-01
0.000000000000000000e+00 6.233605742454528809e-01
0.000000000000000000e+00 5.715445280075073242e-01
0.000000000000000000e+00 5.969636440277099609e-01
0.000000000000000000e+00 6.603414416313171387e-01
0.000000000000000000e+00 6.343416571617126465e-01
0.000000000000000000e+00 5.908434987068176270e-01
0.000000000000000000e+00 4.336938858032226562e-01
0.000000000000000000e+00 4.795502126216888428e-01
0.000000000000000000e+00 4.788442552089691162e-01
0.000000000000000000e+00 2.250671423098538071e-05
0.000000000000000000e+00 5.618274371954612434e-06
1.000000000000000000e+00 2.395172305114101619e-05
0.000000000000000000e+00 1.184844859380973503e-05
0.000000000000000000e+00 1.544421684229746461e-05
0.000000000000000000e+00 2.525678610254544765e-05
0.000000000000000000e+00 9.599260920367669314e-06
0.000000000000000000e+00 2.263309943373315036e-05
0.000000000000000000e+00 1.037193214870058000e-04
0.000000000000000000e+00 8.980411075754091144e-05
0.000000000000000000e+00 3.646649711299687624e-04
0.000000000000000000e+00 3.353905631229281425e-04
0.000000000000000000e+00 6.376775563694536686e-04
0.000000000000000000e+00 5.909956526011228561e-04
0.000000000000000000e+00 1.024861820042133331e-03
0.000000000000000000e+00 8.705349173396825790e-04
0.000000000000000000e+00 1.451912248739972711e-04
0.000000000000000000e+00 3.177004400640726089e-04
0.000000000000000000e+00 2.824729890562593937e-04
0.000000000000000000e+00 1.602662232471629977e-04
0.000000000000000000e+00 5.760160274803638458e-04
0.000000000000000000e+00 1.612999913049861789e-04
0.000000000000000000e+00 2.430265449220314622e-04
0.000000000000000000e+00 2.436585491523146629e-04
0.000000000000000000e+00 2.542136062402278185e-04
0.000000000000000000e+00 3.240497608203440905e-04
0.000000000000000000e+00 7.743517053313553333e-04
0.000000000000000000e+00 1.536773168481886387e-03
0.000000000000000000e+00 2.554157515987753868e-03
0.000000000000000000e+00 5.602425895631313324e-03
0.000000000000000000e+00 1.316755637526512146e-02
0.000000000000000000e+00 2.309378795325756073e-02
0.000000000000000000e+00 3.794744238257408142e-02
0.000000000000000000e+00 2.538710460066795349e-02
0.000000000000000000e+00 4.344944283366203308e-02
0.000000000000000000e+00 9.362755715847015381e-02
0.000000000000000000e+00 7.292291522026062012e-02
0.000000000000000000e+00 6.751334667205810547e-02
0.000000000000000000e+00 7.256018370389938354e-02
0.000000000000000000e+00 1.008869260549545288e-01
0.000000000000000000e+00 8.840871602296829224e-02
0.000000000000000000e+00 9.138663113117218018e-02
0.000000000000000000e+00 1.667011380195617676e-01
0.000000000000000000e+00 6.501857191324234009e-02
0.000000000000000000e+00 7.526224106550216675e-02
0.000000000000000000e+00 1.800609976053237915e-01
0.000000000000000000e+00 9.556743502616882324e-02
0.000000000000000000e+00 1.416665315628051758e-01
0.000000000000000000e+00 1.389436572790145874e-01
0.000000000000000000e+00 1.413523554801940918e-01
0.000000000000000000e+00 1.381335407495498657e-01
0.000000000000000000e+00 4.098061323165893555e-01
1.000000000000000000e+00 5.585814714431762695e-01
1.000000000000000000e+00 5.877813100814819336e-01
1.000000000000000000e+00 7.688509821891784668e-01
1.000000000000000000e+00 7.896442413330078125e-01
1.000000000000000000e+00 8.541856408119201660e-01
1.000000000000000000e+00 5.763698816299438477e-01
1.000000000000000000e+00 7.661876678466796875e-01
0.000000000000000000e+00 7.101319730281829834e-02
0.000000000000000000e+00 4.213594272732734680e-02
0.000000000000000000e+00 3.020056290552020073e-03
0.000000000000000000e+00 2.114502713084220886e-03
0.000000000000000000e+00 1.444640220142900944e-03
0.000000000000000000e+00 1.868650288088247180e-04
0.000000000000000000e+00 1.141438260674476624e-04
0.000000000000000000e+00 4.792000981979072094e-05
0.000000000000000000e+00 2.906336885644122958e-05
0.000000000000000000e+00 1.634482941881287843e-05
0.000000000000000000e+00 6.800632945669349283e-06
0.000000000000000000e+00 3.827736236416967586e-06
1.000000000000000000e+00 4.199243903713067994e-06
0.000000000000000000e+00 1.524166918898117729e-06
0.000000000000000000e+00 6.519093744827841874e-07
0.000000000000000000e+00 7.263273005264636595e-07
0.000000000000000000e+00 9.817839860916137695e-01
0.000000000000000000e+00 9.761461019515991211e-01
0.000000000000000000e+00 9.719510078430175781e-01
0.000000000000000000e+00 9.644056558609008789e-01
0.000000000000000000e+00 9.671653509140014648e-01
0.000000000000000000e+00 9.536259770393371582e-01
0.000000000000000000e+00 9.555350542068481445e-01
0.000000000000000000e+00 9.467339515686035156e-01
0.000000000000000000e+00 9.524866342544555664e-01
0.000000000000000000e+00 9.458269476890563965e-01
0.000000000000000000e+00 9.493045806884765625e-01
0.000000000000000000e+00 9.460289478302001953e-01
0.000000000000000000e+00 9.494305253028869629e-01
0.000000000000000000e+00 9.539971947669982910e-01
0.000000000000000000e+00 9.643062353134155273e-01
0.000000000000000000e+00 9.726486206054687500e-01
0.000000000000000000e+00 9.758822917938232422e-01
0.000000000000000000e+00 9.749414920806884766e-01
0.000000000000000000e+00 9.796588420867919922e-01
0.000000000000000000e+00 9.746643900871276855e-01
0.000000000000000000e+00 9.777224063873291016e-01
0.000000000000000000e+00 9.774470329284667969e-01
0.000000000000000000e+00 9.837883710861206055e-01
0.000000000000000000e+00 9.873895645141601562e-01
0.000000000000000000e+00 9.877123236656188965e-01
0.000000000000000000e+00 9.904112815856933594e-01
0.000000000000000000e+00 9.886236190795898438e-01
0.000000000000000000e+00 9.900079965591430664e-01
0.000000000000000000e+00 9.912780523300170898e-01
0.000000000000000000e+00 9.925098419189453125e-01
0.000000000000000000e+00 9.924337863922119141e-01
0.000000000000000000e+00 9.926003813743591309e-01
0.000000000000000000e+00 9.929931759834289551e-01
0.000000000000000000e+00 9.944394826889038086e-01
0.000000000000000000e+00 9.932635426521301270e-01
0.000000000000000000e+00 9.941555261611938477e-01
0.000000000000000000e+00 9.948073029518127441e-01
0.000000000000000000e+00 9.925004839897155762e-01
0.000000000000000000e+00 9.925982952117919922e-01
0.000000000000000000e+00 9.943310022354125977e-01
0.000000000000000000e+00 9.952066540718078613e-01
0.000000000000000000e+00 9.950495362281799316e-01
0.000000000000000000e+00 9.953468441963195801e-01
0.000000000000000000e+00 9.953274726867675781e-01
0.000000000000000000e+00 9.962879419326782227e-01
0.000000000000000000e+00 9.977502226829528809e-01
0.000000000000000000e+00 9.973354935646057129e-01
0.000000000000000000e+00 9.969899654388427734e-01
0.000000000000000000e+00 9.975657463073730469e-01
0.000000000000000000e+00 9.969245791435241699e-01
0.000000000000000000e+00 9.963912367820739746e-01
0.000000000000000000e+00 9.960191845893859863e-01
0.000000000000000000e+00 9.964162111282348633e-01
0.000000000000000000e+00 9.962226152420043945e-01
0.000000000000000000e+00 9.970057606697082520e-01
0.000000000000000000e+00 9.965867996215820312e-01
0.000000000000000000e+00 9.964619278907775879e-01
0.000000000000000000e+00 9.965734481811523438e-01
0.000000000000000000e+00 9.943318367004394531e-01
0.000000000000000000e+00 9.928252696990966797e-01
0.000000000000000000e+00 9.915152788162231445e-01
0.000000000000000000e+00 9.896934628486633301e-01
0.000000000000000000e+00 9.896674156188964844e-01
0.000000000000000000e+00 9.903796911239624023e-01
0.000000000000000000e+00 9.847169518470764160e-01
0.000000000000000000e+00 9.837689995765686035e-01
0.000000000000000000e+00 9.838309288024902344e-01
0.000000000000000000e+00 9.825837016105651855e-01
0.000000000000000000e+00 9.811081290245056152e-01
0.000000000000000000e+00 9.757894277572631836e-01
0.000000000000000000e+00 9.774689078330993652e-01
0.000000000000000000e+00 9.662299156188964844e-01
0.000000000000000000e+00 9.698265790939331055e-01
0.000000000000000000e+00 9.569030404090881348e-01
0.000000000000000000e+00 9.370623230934143066e-01
0.000000000000000000e+00 9.494053721427917480e-01
0.000000000000000000e+00 9.516716599464416504e-01
0.000000000000000000e+00 9.449434876441955566e-01
0.000000000000000000e+00 9.716495275497436523e-01
0.000000000000000000e+00 9.822233915328979492e-01
0.000000000000000000e+00 9.926522374153137207e-01
0.000000000000000000e+00 9.898325204849243164e-01
0.000000000000000000e+00 9.931777715682983398e-01
0.000000000000000000e+00 9.941668510437011719e-01
0.000000000000000000e+00 9.960365891456604004e-01
0.000000000000000000e+00 9.920395612716674805e-01
0.000000000000000000e+00 9.948889613151550293e-01
0.000000000000000000e+00 9.971809387207031250e-01
0.000000000000000000e+00 9.953019618988037109e-01
0.000000000000000000e+00 9.957479834556579590e-01
0.000000000000000000e+00 9.965779185295104980e-01
1.000000000000000000e+00 9.967141151428222656e-01
1.000000000000000000e+00 9.967260360717773438e-01
1.000000000000000000e+00 9.967748522758483887e-01
1.000000000000000000e+00 9.878064990043640137e-01
1.000000000000000000e+00 9.927471280097961426e-01
1.000000000000000000e+00 9.859953522682189941e-01
1.000000000000000000e+00 9.618583321571350098e-01
0.000000000000000000e+00 8.922908306121826172e-01
0.000000000000000000e+00 6.970896720886230469e-01
0.000000000000000000e+00 5.655956864356994629e-01
0.000000000000000000e+00 3.368787765502929688e-01
0.000000000000000000e+00 1.663754135370254517e-01
0.000000000000000000e+00 1.399062424898147583e-01
0.000000000000000000e+00 1.015055701136589050e-01
0.000000000000000000e+00 1.211843267083168030e-01
0.000000000000000000e+00 9.916102141141891479e-02
0.000000000000000000e+00 1.335312426090240479e-01
0.000000000000000000e+00 9.388536959886550903e-02
0.000000000000000000e+00 1.326300799846649170e-01
0.000000000000000000e+00 1.142276749014854431e-01
0.000000000000000000e+00 8.354148268699645996e-02
0.000000000000000000e+00 3.737837448716163635e-02
0.000000000000000000e+00 3.610572591423988342e-02
0.000000000000000000e+00 3.702698275446891785e-02
0.000000000000000000e+00 2.496934123337268829e-02
0.000000000000000000e+00 2.388142608106136322e-02
0.000000000000000000e+00 2.643756754696369171e-02
0.000000000000000000e+00 3.428567200899124146e-02
0.000000000000000000e+00 1.409822143614292145e-02
0.000000000000000000e+00 1.361229270696640015e-02
0.000000000000000000e+00 1.162453647702932358e-02
0.000000000000000000e+00 7.935452274978160858e-03
0.000000000000000000e+00 4.464656580239534378e-03
0.000000000000000000e+00 4.281949717551469803e-03
0.000000000000000000e+00 3.827697131782770157e-03
0.000000000000000000e+00 3.322659991681575775e-03
0.000000000000000000e+00 2.519927918910980225e-03
0.000000000000000000e+00 2.273021498695015907e-03
0.000000000000000000e+00 1.667879056185483932e-03
0.000000000000000000e+00 2.217403380200266838e-03
0.000000000000000000e+00 2.583938883617520332e-03
0.000000000000000000e+00 2.054117852821946144e-03
0.000000000000000000e+00 1.917953602969646454e-03
0.000000000000000000e+00 1.548038679175078869e-03
0.000000000000000000e+00 1.021976349875330925e-03
0.000000000000000000e+00 8.798534981906414032e-04
0.000000000000000000e+00 6.711687892675399780e-04
0.000000000000000000e+00 6.994694122113287449e-04
0.000000000000000000e+00 6.645195535384118557e-04
0.000000000000000000e+00 1.345279277302324772e-03
0.000000000000000000e+00 1.145330024883151054e-03
0.000000000000000000e+00 1.056676846928894520e-03
0.000000000000000000e+00 1.245475956238806248e-03
0.000000000000000000e+00 7.703636656515300274e-04
0.000000000000000000e+00 8.926044683903455734e-04
0.000000000000000000e+00 8.513984503224492073e-04
0.000000000000000000e+00 6.820454145781695843e-04
0.000000000000000000e+00 9.155994630418717861e-04
0.000000000000000000e+00 1.584153389558196068e-03
