0.000000000000000000e+00 6.943248957395553589e-02
0.000000000000000000e+00 5.202852189540863037e-02
0.000000000000000000e+00 2.768801711499691010e-02
0.000000000000000000e+00 2.130117081105709076e-02
0.000000000000000000e+00 2.213947474956512451e-02
0.000000000000000000e+00 1.703962124884128571e-02
0.000000000000000000e+00 1.350029464811086655e-02
0.000000000000000000e+00 2.037282101809978485e-02
0.000000000000000000e+00 2.047157101333141327e-02
0.000000000000000000e+00 2.138947322964668274e-02
0.000000000000000000e+00 5.767370387911796570e-02
0.000000000000000000e+00 1.157004311680793762e-01
0.000000000000000000e+00 1.558616906404495239e-01
0.000000000000000000e+00 2.450473755598068237e-01
0.000000000000000000e+00 2.118291854858398438e-01
0.000000000000000000e+00 2.988994717597961426e-01
0.000000000000000000e+00 3.421200215816497803e-01
0.000000000000000000e+00 2.033211141824722290e-01
0.000000000000000000e+00 1.617095917463302612e-01
0.000000000000000000e+00 1.440616548061370850e-01
0.000000000000000000e+00 8.448170870542526245e-02
0.000000000000000000e+00 9.012847393751144409e-02
0.000000000000000000e+00 4.070012271404266357e-02
0.000000000000000000e+00 6.425149738788604736e-02
0.000000000000000000e+00 5.815228819847106934e-02
0.000000000000000000e+00 4.375056177377700806e-02
0.000000000000000000e+00 3.681288659572601318e-02
0.000000000000000000e+00 2.419537492096424103e-02
0.000000000000000000e+00 1.899583265185356140e-02
0.000000000000000000e+00 7.909408770501613617e-03
0.000000000000000000e+00 2.669066889211535454e-03
0.000000000000000000e+00 2.504910342395305634e-03
0.000000000000000000e+00 1.275024376809597015e-03
0.000000000000000000e+00 5.167584167793393135e-04
0.000000000000000000e+00 5.487637245096266270e-04
0.000000000000000000e+00 8.533354848623275757e-04
0.000000000000000000e+00 1.404142822138965130e-03
0.000000000000000000e+00 2.666461048647761345e-03
0.000000000000000000e+00 2.978614531457424164e-03
0.000000000000000000e+00 2.578838961198925972e-03
0.000000000000000000e+00 1.950629870407283306e-03
0.000000000000000000e+00 1.874484354630112648e-03
0.000000000000000000e+00 1.326974947005510330e-03
0.000000000000000000e+00 1.566858147270977497e-03
0.000000000000000000e+00 2.238603774458169937e-03
0.000000000000000000e+00 3.210203954949975014e-03
0.000000000000000000e+00 5.255734082311391830e-03
0.000000000000000000e+00 4.703124053776264191e-03
0.000000000000000000e+00 6.031969562172889709e-03
0.000000000000000000e+00 3.892675274983048439e-03
0.000000000000000000e+00 5.631037056446075439e-03
0.000000000000000000e+00 4.371996037662029266e-03
0.000000000000000000e+00 7.596391718834638596e-03
0.000000000000000000e+00 8.079783990979194641e-03
0.000000000000000000e+00 1.012006029486656189e-02
0.000000000000000000e+00 1.154344994574785233e-02
0.000000000000000000e+00 1.110825501382350922e-02
0.000000000000000000e+00 7.889953441917896271e-03
0.000000000000000000e+00 7.888609543442726135e-03
0.000000000000000000e+00 6.864138413220643997e-03
0.000000000000000000e+00 5.514088552445173264e-03
0.000000000000000000e+00 6.582346279174089432e-03
0.000000000000000000e+00 8.047658950090408325e-03
0.000000000000000000e+00 1.369589194655418396e-02
0.000000000000000000e+00 1.507053337991237640e-02
0.000000000000000000e+00 2.415713854134082794e-02
0.000000000000000000e+00 3.129769861698150635e-02
0.000000000000000000e+00 3.080416470766067505e-02
0.000000000000000000e+00 2.955682389438152313e-02
0.000000000000000000e+00 3.170166164636611938e-02
0.000000000000000000e+00 2.772904373705387115e-02
0.000000000000000000e+00 2.359575033187866211e-02
0.000000000000000000e+00 2.181590348482131958e-02
0.000000000000000000e+00 3.047594986855983734e-02
0.000000000000000000e+00 3.040833584964275360e-02
0.000000000000000000e+00 5.310464184731245041e-03
0.000000000000000000e+00 9.693766944110393524e-03
0.000000000000000000e+00 1.106407586485147476e-02
0.000000000000000000e+00 1.339813694357872009e-02
0.000000000000000000e+00 3.038682043552398682e-02
0.000000000000000000e+00 3.382797911763191223e-02
0.000000000000000000e+00 7.473834604024887085e-02
0.000000000000000000e+00 7.102580368518829346e-02
0.000000000000000000e+00 4.569610953330993652e-02
0.000000000000000000e+00 5.430363863706588745e-02
0.000000000000000000e+00 3.328527882695198059e-02
0.000000000000000000e+00 5.933561548590660095e-02
0.000000000000000000e+00 7.882531732320785522e-02
0.000000000000000000e+00 8.497804403305053711e-02
0.000000000000000000e+00 5.463788658380508423e-02
0.000000000000000000e+00 3.450969979166984558e-02
0.000000000000000000e+00 2.817802876234054565e-02
0.000000000000000000e+00 3.363758325576782227e-02
0.000000000000000000e+00 5.942694097757339478e-02
0.000000000000000000e+00 4.037911817431449890e-02
0.000000000000000000e+00 7.345838099718093872e-02
1.000000000000000000e+00 3.638507425785064697e-02
1.000000000000000000e+00 2.209402061998844147e-02
0.000000000000000000e+00 3.745545446872711182e-02
0.000000000000000000e+00 5.374077335000038147e-02
0.000000000000000000e+00 4.793683439493179321e-02
0.000000000000000000e+00 6.297784298658370972e-02
0.000000000000000000e+00 3.457862138748168945e-02
0.000000000000000000e+00 2.759327180683612823e-02
0.000000000000000000e+00 3.633047640323638916e-02
0.000000000000000000e+00 9.855699725449085236e-03
0.000000000000000000e+00 3.765514120459556580e-03
1.000000000000000000e+00 2.327701542526483536e-03
1.000000000000000000e+00 1.890056650154292583e-03
1.000000000000000000e+00 9.308489970862865448e-04
1.000000000000000000e+00 1.101469388231635094e-03
0.000000000000000000e+00 1.126529416069388390e-03
0.000000000000000000e+00 8.618124993517994881e-04
0.000000000000000000e+00 4.998841905035078526e-04
0.000000000000000000e+00 3.726442810148000717e-04
0.000000000000000000e+00 5.840275553055107594e-04
0.000000000000000000e+00 7.776260608807206154e-04
0.000000000000000000e+00 9.003501618281006813e-04
0.000000000000000000e+00 1.140956301242113113e-03
0.000000000000000000e+00 1.728359377011656761e-03
0.000000000000000000e+00 2.919902093708515167e-03
0.000000000000000000e+00 2.479121554642915726e-03
0.000000000000000000e+00 3.115938510745763779e-03
0.000000000000000000e+00 3.824307350441813469e-03
0.000000000000000000e+00 6.856740452349185944e-03
0.000000000000000000e+00 1.165885012596845627e-02
0.000000000000000000e+00 1.290698535740375519e-02
0.000000000000000000e+00 1.712187938392162323e-02
0.000000000000000000e+00 1.786115579307079315e-02
0.000000000000000000e+00 2.335336245596408844e-02
0.000000000000000000e+00 1.272901054471731186e-02
0.000000000000000000e+00 1.263751555234193802e-02
0.000000000000000000e+00 2.924186922609806061e-02
0.000000000000000000e+00 4.959557205438613892e-02
0.000000000000000000e+00 7.371495664119720459e-02
0.000000000000000000e+00 1.215621083974838257e-01
0.000000000000000000e+00 2.182113528251647949e-01
0.000000000000000000e+00 3.459346294403076172e-01
0.000000000000000000e+00 3.594757616519927979e-01
0.000000000000000000e+00 3.009617924690246582e-01
0.000000000000000000e+00 1.609320342540740967e-01
0.000000000000000000e+00 9.057989716529846191e-02
0.000000000000000000e+00 5.359204858541488647e-02
0.000000000000000000e+00 4.927710443735122681e-02
0.000000000000000000e+00 2.052039839327335358e-02
0.000000000000000000e+00 1.652718521654605865e-02
0.000000000000000000e+00 7.744613103568553925e-03
0.000000000000000000e+00 3.945047035813331604e-03
0.000000000000000000e+00 1.273522502742707729e-03
0.000000000000000000e+00 6.843053270131349564e-04
0.000000000000000000e+00 1.180757209658622742e-02
0.000000000000000000e+00 2.017843723297119141e-02
0.000000000000000000e+00 2.738707885146141052e-02
0.000000000000000000e+00 3.731793537735939026e-02
0.000000000000000000e+00 6.584588438272476196e-02
0.000000000000000000e+00 9.215697646141052246e-02
0.000000000000000000e+00 2.444768249988555908e-01
0.000000000000000000e+00 3.336737155914306641e-01
0.000000000000000000e+00 4.391145408153533936e-01
0.000000000000000000e+00 5.001090168952941895e-01
0.000000000000000000e+00 5.230106711387634277e-01
0.000000000000000000e+00 6.044394969940185547e-01
0.000000000000000000e+00 6.602386236190795898e-01
0.000000000000000000e+00 7.029182314872741699e-01
0.000000000000000000e+00 6.921600103378295898e-01
0.000000000000000000e+00 6.430282592773437500e-01
0.000000000000000000e+00 6.239348649978637695e-01
0.000000000000000000e+00 5.364598035812377930e-01
0.000000000000000000e+00 5.612953305244445801e-01
0.000000000000000000e+00 5.910172462463378906e-01
0.000000000000000000e+00 6.714341044425964355e-01
0.000000000000000000e+00 7.278947830200195312e-01
0.000000000000000000e+00 7.511000037193298340e-01
0.000000000000000000e+00 7.952716350555419922e-01
0.000000000000000000e+00 8.864215612411499023e-01
0.000000000000000000e+00 9.013879299163818359e-01
0.000000000000000000e+00 9.255170822143554688e-01
0.000000000000000000e+00 9.261635541915893555e-01
0.000000000000000000e+00 8.966160416603088379e-01
0.000000000000000000e+00 8.900302648544311523e-01
0.000000000000000000e+00 8.411755561828613281e-01
0.000000000000000000e+00 8.208405375480651855e-01
0.000000000000000000e+00 7.542220354080200195e-01
0.000000000000000000e+00 6.878718137741088867e-01
0.000000000000000000e+00 5.934675931930541992e-01
0.000000000000000000e+00 6.053556203842163086e-01
0.000000000000000000e+00 4.833149611949920654e-01
0.000000000000000000e+00 3.517126739025115967e-01
0.000000000000000000e+00 2.069362550973892212e-01
0.000000000000000000e+00 1.915407180786132812e-01
0.000000000000000000e+00 1.796393990516662598e-01
0.000000000000000000e+00 1.090118587017059326e-01
0.000000000000000000e+00 1.041647270321846008e-01
0.000000000000000000e+00 9.532294422388076782e-02
0.000000000000000000e+00 1.333718746900558472e-01
0.000000000000000000e+00 1.220158040523529053e-01
0.000000000000000000e+00 1.213615313172340393e-01
0.000000000000000000e+00 2.906782627105712891e-01
0.000000000000000000e+00 2.413617521524429321e-01
0.000000000000000000e+00 2.509681880474090576e-01
0.000000000000000000e+00 3.358644247055053711e-01
0.000000000000000000e+00 4.106684625148773193e-01
0.000000000000000000e+00 4.501383900642395020e-01
0.000000000000000000e+00 3.936247527599334717e-01
0.000000000000000000e+00 3.054141104221343994e-01
0.000000000000000000e+00 4.216872155666351318e-01
0.000000000000000000e+00 4.719043672084808350e-01
0.000000000000000000e+00 5.908486247062683105e-01
0.000000000000000000e+00 3.889889121055603027e-01
0.000000000000000000e+00 5.730616450309753418e-01
0.000000000000000000e+00 6.531381011009216309e-01
0.000000000000000000e+00 5.626963376998901367e-01
0.000000000000000000e+00 4.806368052959442139e-01
0.000000000000000000e+00 3.377521336078643799e-01
0.000000000000000000e+00 3.049534261226654053e-01
0.000000000000000000e+00 1.418147534132003784e-01
0.000000000000000000e+00 7.798754423856735229e-02
0.000000000000000000e+00 4.248711466789245605e-02
0.000000000000000000e+00 4.124090448021888733e-02
0.000000000000000000e+00 3.860910236835479736e-02
0.000000000000000000e+00 2.072947099804878235e-02
0.000000000000000000e+00 1.501027122139930725e-02
0.000000000000000000e+00 8.124705404043197632e-03
0.000000000000000000e+00 7.267224602401256561e-03
0.000000000000000000e+00 8.845515549182891846e-03
0.000000000000000000e+00 1.705164462327957153e-01
0.000000000000000000e+00 1.940689533948898315e-01
0.000000000000000000e+00 1.564118713140487671e-01
0.000000000000000000e+00 1.246915310621261597e-01
0.000000000000000000e+00 1.199457421898841858e-01
0.000000000000000000e+00 1.136569082736968994e-01
0.000000000000000000e+00 8.411856740713119507e-02
0.000000000000000000e+00 1.101469919085502625e-01
0.000000000000000000e+00 1.092670857906341553e-01
0.000000000000000000e+00 1.235237568616867065e-01
0.000000000000000000e+00 1.283265203237533569e-01
0.000000000000000000e+00 1.326939165592193604e-01
0.000000000000000000e+00 1.576229780912399292e-01
0.000000000000000000e+00 1.533031463623046875e-01
0.000000000000000000e+00 1.713880151510238647e-01
0.000000000000000000e+00 2.064900696277618408e-01
0.000000000000000000e+00 2.504548728466033936e-01
0.000000000000000000e+00 2.769494652748107910e-01
0.000000000000000000e+00 2.848097085952758789e-01
0.000000000000000000e+00 2.724919319152832031e-01
0.000000000000000000e+00 2.571804821491241455e-01
0.000000000000000000e+00 2.717107832431793213e-01
0.000000000000000000e+00 2.653398215770721436e-01
0.000000000000000000e+00 2.647043764591217041e-01
0.000000000000000000e+00 2.435082197189331055e-01
0.000000000000000000e+00 2.842964231967926025e-01
0.000000000000000000e+00 2.979825735092163086e-01
0.000000000000000000e+00 2.612621188163757324e-01
0.000000000000000000e+00 2.646688818931579590e-01
0.000000000000000000e+00 2.440956830978393555e-01
0.000000000000000000e+00 1.680227369070053101e-01
0.000000000000000000e+00 1.677136123180389404e-01
0.000000000000000000e+00 1.604025959968566895e-01
0.000000000000000000e+00 1.636759638786315918e-01
0.000000000000000000e+00 2.037021368741989136e-01
0.000000000000000000e+00 2.114675641059875488e-01
0.000000000000000000e+00 1.924209147691726685e-01
0.000000000000000000e+00 1.734303981065750122e-01
0.000000000000000000e+00 1.471017748117446899e-01
0.000000000000000000e+00 1.495885848999023438e-01
0.000000000000000000e+00 1.342257559299468994e-01
0.000000000000000000e+00 1.293052732944488525e-01
0.000000000000000000e+00 1.489947438240051270e-01
0.000000000000000000e+00 1.402577161788940430e-01
0.000000000000000000e+00 1.578605473041534424e-01
0.000000000000000000e+00 1.381035745143890381e-01
0.000000000000000000e+00 1.446957737207412720e-01
0.000000000000000000e+00 1.828781664371490479e-01
0.000000000000000000e+00 1.564699113368988037e-01
0.000000000000000000e+00 1.638595312833786011e-01
0.000000000000000000e+00 2.213490903377532959e-01
0.000000000000000000e+00 1.651112735271453857e-01
0.000000000000000000e+00 2.010223567485809326e-01
0.000000000000000000e+00 2.358836084604263306e-01
0.000000000000000000e+00 2.173422873020172119e-01
0.000000000000000000e+00 2.348848432302474976e-01
0.000000000000000000e+00 2.055380940437316895e-01
0.000000000000000000e+00 1.933476030826568604e-01
0.000000000000000000e+00 2.112976461648941040e-01
0.000000000000000000e+00 1.987380236387252808e-01
0.000000000000000000e+00 1.962070018053054810e-01
0.000000000000000000e+00 2.254701256752014160e-01
0.000000000000000000e+00 1.730517596006393433e-01
0.000000000000000000e+00 2.013773322105407715e-01
0.000000000000000000e+00 1.826363950967788696e-01
0.000000000000000000e+00 1.625395417213439941e-01
0.000000000000000000e+00 1.998619139194488525e-01
0.000000000000000000e+00 1.920196861028671265e-01
0.000000000000000000e+00 2.459655553102493286e-01
0.000000000000000000e+00 2.362998574972152710e-01
0.000000000000000000e+00 2.410358339548110962e-01
0.000000000000000000e+00 2.842522263526916504e-01
0.000000000000000000e+00 2.806453406810760498e-01
0.000000000000000000e+00 3.171397447586059570e-01
0.000000000000000000e+00 2.776703536510467529e-01
0.000000000000000000e+00 7.051455974578857422e-02
0.000000000000000000e+00 1.090508699417114258e-01
0.000000000000000000e+00 1.070342063903808594e-01
0.000000000000000000e+00 1.440740972757339478e-01
0.000000000000000000e+00 1.623431295156478882e-01
0.000000000000000000e+00 1.769106239080429077e-01
0.000000000000000000e+00 1.328265070915222168e-01
0.000000000000000000e+00 1.474410593509674072e-01
0.000000000000000000e+00 1.117723286151885986e-01
0.000000000000000000e+00 1.394035071134567261e-01
0.000000000000000000e+00 1.310491412878036499e-01
0.000000000000000000e+00 1.387626975774765015e-01
0.000000000000000000e+00 1.857611387968063354e-01
0.000000000000000000e+00 1.450092941522598267e-01
0.000000000000000000e+00 2.242195606231689453e-01
0.000000000000000000e+00 1.828882992267608643e-01
0.000000000000000000e+00 1.678557693958282471e-01
0.000000000000000000e+00 1.783784180879592896e-01
0.000000000000000000e+00 2.163234055042266846e-01
0.000000000000000000e+00 2.388192117214202881e-01
0.000000000000000000e+00 3.009312450885772705e-01
0.000000000000000000e+00 3.929991126060485840e-01
0.000000000000000000e+00 4.000397622585296631e-01
0.000000000000000000e+00 4.080969393253326416e-01
0.000000000000000000e+00 3.426896035671234131e-01
0.000000000000000000e+00 2.674089372158050537e-01
1.000000000000000000e+00 2.487281262874603271e-01
1.000000000000000000e+00 1.732627451419830322e-01
1.000000000000000000e+00 2.121742069721221924e-01
0.000000000000000000e+00 2.270558625459671021e-01
0.000000000000000000e+00 3.646250069141387939e-01
0.000000000000000000e+00 4.602813422679901123e-01
0.000000000000000000e+00 4.245856404304504395e-01
0.000000000000000000e+00 4.945429265499114990e-01
0.000000000000000000e+00 3.902170956134796143e-01
0.000000000000000000e+00 2.516220808029174805e-01
0.000000000000000000e+00 1.001705378293991089e-01
0.000000000000000000e+00 5.508657917380332947e-02
0.000000000000000000e+00 4.705851152539253235e-02
0.000000000000000000e+00 4.391259327530860901e-02
0.000000000000000000e+00 4.397179931402206421e-02
0.000000000000000000e+00 5.111456289887428284e-02
0.000000000000000000e+00 5.347925052046775818e-02
0.000000000000000000e+00 7.680267840623855591e-02
0.000000000000000000e+00 7.501511275768280029e-02
0.000000000000000000e+00 7.470813393592834473e-02
0.000000000000000000e+00 9.261261671781539917e-02
0.000000000000000000e+00 7.700370997190475464e-02
0.000000000000000000e+00 1.018911823630332947e-01
0.000000000000000000e+00 1.039797514677047729e-01
0.000000000000000000e+00 1.211573332548141479e-01
0.000000000000000000e+00 1.483513265848159790e-01
0.000000000000000000e+00 1.429728120565414429e-01
0.000000000000000000e+00 1.358725875616073608e-01
0.000000000000000000e+00 1.252967268228530884e-01
0.000000000000000000e+00 1.255524754524230957e-01
0.000000000000000000e+00 1.335551142692565918e-01
0.000000000000000000e+00 1.333881020545959473e-01
0.000000000000000000e+00 1.597255021333694458e-01
0.000000000000000000e+00 1.539903581142425537e-01
0.000000000000000000e+00 1.427831500768661499e-01
0.000000000000000000e+00 1.195983365178108215e-01
0.000000000000000000e+00 1.239520534873008728e-01
0.000000000000000000e+00 1.105697304010391235e-01
0.000000000000000000e+00 1.233322247862815857e-01
0.000000000000000000e+00 1.187798753380775452e-01
0.000000000000000000e+00 1.584689021110534668e-01
0.000000000000000000e+00 1.546048223972320557e-01
0.000000000000000000e+00 1.394906044006347656e-01
0.000000000000000000e+00 1.406003981828689575e-01
0.000000000000000000e+00 1.342414468526840210e-01
0.000000000000000000e+00 1.151867434382438660e-01
0.000000000000000000e+00 1.085406094789505005e-01
0.000000000000000000e+00 1.091585084795951843e-01
0.000000000000000000e+00 1.138283908367156982e-01
0.000000000000000000e+00 4.117313306778669357e-03
0.000000000000000000e+00 5.708001554012298584e-03
0.000000000000000000e+00 5.839033052325248718e-03
0.000000000000000000e+00 6.790183018893003464e-03
0.000000000000000000e+00 9.539153426885604858e-03
0.000000000000000000e+00 1.413517352193593979e-02
0.000000000000000000e+00 1.436967309564352036e-02
0.000000000000000000e+00 1.695051230490207672e-02
0.000000000000000000e+00 2.837360836565494537e-02
0.000000000000000000e+00 3.162345290184020996e-02
0.000000000000000000e+00 3.762753680348396301e-02
0.000000000000000000e+00 5.451882258057594299e-02
0.000000000000000000e+00 5.301403254270553589e-02
0.000000000000000000e+00 6.232511997222900391e-02
0.000000000000000000e+00 7.281098514795303345e-02
0.000000000000000000e+00 6.209040060639381409e-02
0.000000000000000000e+00 9.870948642492294312e-02
0.000000000000000000e+00 7.598624378442764282e-02
0.000000000000000000e+00 7.505159825086593628e-02
0.000000000000000000e+00 4.472959414124488831e-02
0.000000000000000000e+00 3.734939172863960266e-02
0.000000000000000000e+00 3.743719309568405151e-02
0.000000000000000000e+00 1.982085965573787689e-02
0.000000000000000000e+00 1.985696516931056976e-02
0.000000000000000000e+00 1.635925285518169403e-02
0.000000000000000000e+00 1.507388148456811905e-02
0.000000000000000000e+00 1.462576258927583694e-02
0.000000000000000000e+00 8.103145286440849304e-03
0.000000000000000000e+00 7.931676693260669708e-03
0.000000000000000000e+00 5.092872306704521179e-03
0.000000000000000000e+00 5.062408745288848877e-03
0.000000000000000000e+00 3.713261568918824196e-03
0.000000000000000000e+00 3.799940925091505051e-03
0.000000000000000000e+00 3.323691198602318764e-03
0.000000000000000000e+00 3.197375917807221413e-03
0.000000000000000000e+00 3.981352783739566803e-03
0.000000000000000000e+00 4.401901271194219589e-03
0.000000000000000000e+00 5.100565962493419647e-03
0.000000000000000000e+00 4.216787405312061310e-03
0.000000000000000000e+00 6.881091743707656860e-03
0.000000000000000000e+00 8.645203895866870880e-03
0.000000000000000000e+00 7.748223375529050827e-03
0.000000000000000000e+00 9.861457161605358124e-03
0.000000000000000000e+00 1.319791469722986221e-02
0.000000000000000000e+00 2.703583426773548126e-02
0.000000000000000000e+00 1.784779317677021027e-02
0.000000000000000000e+00 2.182795666158199310e-02
0.000000000000000000e+00 1.221157703548669815e-02
0.000000000000000000e+00 6.515402812510728836e-03
0.000000000000000000e+00 6.424473132938146591e-03
0.000000000000000000e+00 4.486461170017719269e-03
0.000000000000000000e+00 2.756600966677069664e-03
0.000000000000000000e+00 2.835069550201296806e-03
0.000000000000000000e+00 3.456347156316041946e-03
0.000000000000000000e+00 4.143116064369678497e-03
0.000000000000000000e+00 3.409136552363634109e-03
0.000000000000000000e+00 3.127831034362316132e-03
0.000000000000000000e+00 3.432171652093529701e-03
0.000000000000000000e+00 2.740183379501104355e-03
0.000000000000000000e+00 2.028931397944688797e-03
0.000000000000000000e+00 2.188014099374413490e-03
0.000000000000000000e+00 2.237359993159770966e-03
0.000000000000000000e+00 1.781759434379637241e-03
0.000000000000000000e+00 2.264504088088870049e-03
0.000000000000000000e+00 1.960091758519411087e-03
0.000000000000000000e+00 1.731931930407881737e-03
0.000000000000000000e+00 1.965541392564773560e-03
0.000000000000000000e+00 1.087690470740199089e-03
0.000000000000000000e+00 1.426071859896183014e-03
0.000000000000000000e+00 1.051426050253212452e-03
0.000000000000000000e+00 1.016927300952374935e-03
0.000000000000000000e+00 8.548642508685588837e-04
0.000000000000000000e+00 9.348480962216854095e-04
0.000000000000000000e+00 1.765892142429947853e-03
0.000000000000000000e+00 1.993579557165503502e-03
0.000000000000000000e+00 7.521241437643766403e-03
0.000000000000000000e+00 1.142126228660345078e-02
0.000000000000000000e+00 1.397392433136701584e-02
0.000000000000000000e+00 1.386085152626037598e-02
0.000000000000000000e+00 1.193034648895263672e-02
0.000000000000000000e+00 1.371014770120382309e-02
0.000000000000000000e+00 2.261430770158767700e-02
0.000000000000000000e+00 2.083253301680088043e-02
0.000000000000000000e+00 2.252948470413684845e-02
0.000000000000000000e+00 3.052192926406860352e-02
0.000000000000000000e+00 3.769889846444129944e-02
0.000000000000000000e+00 5.504023283720016479e-02
0.000000000000000000e+00 5.838356167078018188e-02
0.000000000000000000e+00 6.106011942028999329e-02
0.000000000000000000e+00 5.741685628890991211e-02
0.000000000000000000e+00 5.304026231169700623e-02
1.000000000000000000e+00 5.717930942773818970e-02
0.000000000000000000e+00 4.631739109754562378e-02
0.000000000000000000e+00 5.762547254562377930e-02
0.000000000000000000e+00 3.606092929840087891e-02
0.000000000000000000e+00 9.398887306451797485e-02
0.000000000000000000e+00 1.455981582403182983e-01
0.000000000000000000e+00 2.289358824491500854e-01
0.000000000000000000e+00 1.904542893171310425e-01
0.000000000000000000e+00 3.452320396900177002e-01
0.000000000000000000e+00 2.375321984291076660e-01
0.000000000000000000e+00 1.910371929407119751e-01
0.000000000000000000e+00 1.460348963737487793e-01
0.000000000000000000e+00 7.953281700611114502e-02
0.000000000000000000e+00 3.837218508124351501e-02
0.000000000000000000e+00 2.343526110053062439e-02
0.000000000000000000e+00 2.344131283462047577e-02
0.000000000000000000e+00 2.548341825604438782e-02
0.000000000000000000e+00 2.009567618370056152e-02
0.000000000000000000e+00 1.994186826050281525e-02
0.000000000000000000e+00 1.972860284149646759e-02
0.000000000000000000e+00 2.418015897274017334e-02
0.000000000000000000e+00 4.799370095133781433e-02
0.000000000000000000e+00 4.624504968523979187e-02
0.000000000000000000e+00 3.948875889182090759e-02
0.000000000000000000e+00 4.412430524826049805e-02
0.000000000000000000e+00 4.899292439222335815e-02
0.000000000000000000e+00 7.232082635164260864e-02
0.000000000000000000e+00 6.206279620528221130e-02
0.000000000000000000e+00 4.087376594543457031e-02
0.000000000000000000e+00 3.109874390065670013e-02
0.000000000000000000e+00 4.206033051013946533e-02
0.000000000000000000e+00 6.799136102199554443e-02
0.000000000000000000e+00 1.047596782445907593e-01
0.000000000000000000e+00 1.423221975564956665e-01
0.000000000000000000e+00 1.160830110311508179e-01
0.000000000000000000e+00 1.399697661399841309e-01
0.000000000000000000e+00 7.783548533916473389e-02
0.000000000000000000e+00 2.770593203604221344e-02
0.000000000000000000e+00 2.642760984599590302e-02
0.000000000000000000e+00 2.807900309562683105e-02
0.000000000000000000e+00 1.223764941096305847e-02
0.000000000000000000e+00 1.193869113922119141e-02
0.000000000000000000e+00 1.248738262802362442e-02
0.000000000000000000e+00 1.775095984339714050e-02
0.000000000000000000e+00 2.608733065426349640e-02
0.000000000000000000e+00 1.680982485413551331e-02
0.000000000000000000e+00 1.985684409737586975e-02
0.000000000000000000e+00 3.525847569108009338e-02
0.000000000000000000e+00 4.327265173196792603e-02
0.000000000000000000e+00 5.666831508278846741e-02
0.000000000000000000e+00 8.917002379894256592e-02
0.000000000000000000e+00 1.125086992979049683e-01
0.000000000000000000e+00 1.712245941162109375e-01
0.000000000000000000e+00 2.053290903568267822e-01
0.000000000000000000e+00 2.299333810806274414e-01
0.000000000000000000e+00 1.550723314285278320e-01
0.000000000000000000e+00 1.576399207115173340e-01
0.000000000000000000e+00 1.401649415493011475e-01
0.000000000000000000e+00 1.003017351031303406e-01
0.000000000000000000e+00 5.546881311602192000e-06
0.000000000000000000e+00 1.086557495000306517e-05
0.000000000000000000e+00 8.961069397628307343e-06
0.000000000000000000e+00 5.468504696182208136e-06
0.000000000000000000e+00 1.074656938726548105e-05
0.000000000000000000e+00 2.746205427683889866e-05
0.000000000000000000e+00 5.199280712986364961e-05
0.000000000000000000e+00 4.283235102775506675e-05
0.000000000000000000e+00 2.778363887045998126e-05
0.000000000000000000e+00 5.207527647144161165e-05
0.000000000000000000e+00 3.433178426348604262e-05
0.000000000000000000e+00 8.642404281999915838e-05
0.000000000000000000e+00 7.104317774064838886e-05
0.000000000000000000e+00 9.446144395042210817e-05
0.000000000000000000e+00 9.940891322912648320e-05
0.000000000000000000e+00 9.453930397285148501e-05
1.000000000000000000e+00 1.534712064312770963e-04
0.000000000000000000e+00 2.944960142485797405e-04
0.000000000000000000e+00 3.126137307845056057e-04
0.000000000000000000e+00 5.746177630499005318e-04
0.000000000000000000e+00 4.960676305927336216e-04
0.000000000000000000e+00 6.952089024707674980e-04
0.000000000000000000e+00 1.528857275843620300e-03
0.000000000000000000e+00 1.306850113905966282e-03
0.000000000000000000e+00 1.092529273591935635e-03
0.000000000000000000e+00 9.185138624161481857e-04
0.000000000000000000e+00 3.642369119916111231e-04
0.000000000000000000e+00 1.951647136593237519e-04
0.000000000000000000e+00 1.144691850640811026e-04
0.000000000000000000e+00 8.619194704806432128e-05
0.000000000000000000e+00 5.130635690875351429e-05
0.000000000000000000e+00 1.305493515246780589e-05
0.000000000000000000e+00 7.576670668640872464e-06
0.000000000000000000e+00 4.066152087034424767e-06
0.000000000000000000e+00 2.399482355031068437e-06
0.000000000000000000e+00 1.865866806838312186e-06
0.000000000000000000e+00 1.555295852995186578e-06
0.000000000000000000e+00 1.508025547991564963e-06
0.000000000000000000e+00 8.903450066100049298e-07
0.000000000000000000e+00 4.690412822583311936e-07
0.000000000000000000e+00 5.577853698923718184e-07
0.000000000000000000e+00 2.363757118928333512e-07
0.000000000000000000e+00 2.721620262491342146e-07
0.000000000000000000e+00 1.577982686740142526e-07
0.000000000000000000e+00 1.422436639586521778e-07
0.000000000000000000e+00 2.429336234399670502e-07
0.000000000000000000e+00 9.809783563241580850e-08
0.000000000000000000e+00 5.537001470656832680e-07
0.000000000000000000e+00 6.170618576106789988e-07
0.000000000000000000e+00 9.717588227431406267e-07
0.000000000000000000e+00 4.490115941280237166e-07
0.000000000000000000e+00 3.273365223321889061e-07
0.000000000000000000e+00 2.250712753948391764e-07
0.000000000000000000e+00 1.819131369984461344e-07
0.000000000000000000e+00 7.781802935369341867e-08
0.000000000000000000e+00 5.288460158681118628e-08
0.000000000000000000e+00 4.139890563692461001e-08
0.000000000000000000e+00 6.313445055639022030e-08
0.000000000000000000e+00 8.740592249978362815e-08
0.000000000000000000e+00 4.212469661979412194e-08
0.000000000000000000e+00 4.831840527685926645e-08
0.000000000000000000e+00 7.140288715845599654e-08
0.000000000000000000e+00 5.690813509318104479e-08
0.000000000000000000e+00 7.635336629618905135e-08
0.000000000000000000e+00 7.470451635072095087e-08
0.000000000000000000e+00 1.518979075854076655e-07
0.000000000000000000e+00 1.350045977233094163e-07
0.000000000000000000e+00 3.421841370254696812e-07
0.000000000000000000e+00 4.869974077337246854e-07
0.000000000000000000e+00 4.222126506192580564e-07
0.000000000000000000e+00 7.288850270015245769e-07
0.000000000000000000e+00 3.946636297769146040e-07
0.000000000000000000e+00 4.383848590805428103e-07
0.000000000000000000e+00 4.062773086843662895e-07
0.000000000000000000e+00 2.615136054373579100e-07
