0.000000000000000000e+00 3.071171045303344727e-01
0.000000000000000000e+00 2.912628948688507080e-01
0.000000000000000000e+00 2.398809492588043213e-01
0.000000000000000000e+00 3.271672427654266357e-01
0.000000000000000000e+00 3.280977904796600342e-01
0.000000000000000000e+00 4.054105281829833984e-01
0.000000000000000000e+00 6.658952832221984863e-01
0.000000000000000000e+00 7.079809904098510742e-01
0.000000000000000000e+00 7.218123078346252441e-01
0.000000000000000000e+00 7.918360829353332520e-01
0.000000000000000000e+00 7.743740081787109375e-01
0.000000000000000000e+00 8.512746691703796387e-01
0.000000000000000000e+00 8.735552430152893066e-01
0.000000000000000000e+00 8.747272491455078125e-01
0.000000000000000000e+00 8.673006296157836914e-01
1.000000000000000000e+00 8.050869107246398926e-01
1.000000000000000000e+00 7.079384922981262207e-01
1.000000000000000000e+00 6.651706695556640625e-01
0.000000000000000000e+00 4.693122506141662598e-01
0.000000000000000000e+00 6.471241116523742676e-01
0.000000000000000000e+00 5.388037562370300293e-01
0.000000000000000000e+00 6.280772089958190918e-01
0.000000000000000000e+00 6.157037615776062012e-01
0.000000000000000000e+00 7.113267183303833008e-01
0.000000000000000000e+00 7.893971800804138184e-01
0.000000000000000000e+00 5.217335224151611328e-01
0.000000000000000000e+00 6.750041246414184570e-01
1.000000000000000000e+00 7.761871218681335449e-01
0.000000000000000000e+00 6.655234694480895996e-01
0.000000000000000000e+00 4.167239367961883545e-01
0.000000000000000000e+00 3.729002773761749268e-01
0.000000000000000000e+00 2.770704925060272217e-01
1.000000000000000000e+00 2.115267217159271240e-01
0.000000000000000000e+00 2.288065999746322632e-01
0.000000000000000000e+00 2.951147854328155518e-01
0.000000000000000000e+00 3.448781073093414307e-01
0.000000000000000000e+00 3.836092054843902588e-01
1.000000000000000000e+00 6.845154166221618652e-01
1.000000000000000000e+00 6.809758543968200684e-01
0.000000000000000000e+00 8.005860447883605957e-01
0.000000000000000000e+00 7.100904583930969238e-01
0.000000000000000000e+00 6.567724943161010742e-01
0.000000000000000000e+00 5.767413377761840820e-01
0.000000000000000000e+00 4.804715812206268311e-01
0.000000000000000000e+00 5.441459417343139648e-01
0.000000000000000000e+00 5.053148269653320312e-01
0.000000000000000000e+00 3.567155301570892334e-01
0.000000000000000000e+00 4.736927449703216553e-01
0.000000000000000000e+00 5.156755447387695312e-01
0.000000000000000000e+00 2.676056921482086182e-01
0.000000000000000000e+00 2.934083938598632812e-01
0.000000000000000000e+00 2.853488028049468994e-01
0.000000000000000000e+00 1.566031724214553833e-01
0.000000000000000000e+00 3.066050112247467041e-01
0.000000000000000000e+00 2.613856196403503418e-01
0.000000000000000000e+00 3.468267917633056641e-01
0.000000000000000000e+00 1.506342142820358276e-01
0.000000000000000000e+00 2.116829901933670044e-01
0.000000000000000000e+00 1.409639418125152588e-01
0.000000000000000000e+00 6.891598552465438843e-02
0.000000000000000000e+00 2.119398415088653564e-01
0.000000000000000000e+00 1.731193810701370239e-01
0.000000000000000000e+00 2.323410809040069580e-01
0.000000000000000000e+00 2.378841638565063477e-01
0.000000000000000000e+00 1.924687176942825317e-01
0.000000000000000000e+00 1.695872843265533447e-01
0.000000000000000000e+00 1.099373921751976013e-01
0.000000000000000000e+00 1.112718284130096436e-01
0.000000000000000000e+00 1.045587509870529175e-01
0.000000000000000000e+00 1.106633916497230530e-01
0.000000000000000000e+00 1.113579869270324707e-01
0.000000000000000000e+00 1.036903187632560730e-01
0.000000000000000000e+00 7.629539817571640015e-02
1.000000000000000000e+00 8.545083552598953247e-02
0.000000000000000000e+00 9.060569107532501221e-02
0.000000000000000000e+00 8.290071785449981689e-02
0.000000000000000000e+00 5.391498655080795288e-02
0.000000000000000000e+00 5.683306604623794556e-02
0.000000000000000000e+00 6.619609147310256958e-02
0.000000000000000000e+00 7.039020210504531860e-02
0.000000000000000000e+00 9.583058953285217285e-02
0.000000000000000000e+00 1.547208726406097412e-01
0.000000000000000000e+00 1.324216276407241821e-01
0.000000000000000000e+00 1.972727030515670776e-01
0.000000000000000000e+00 1.964942961931228638e-01
0.000000000000000000e+00 2.305792123079299927e-01
0.000000000000000000e+00 1.921349763870239258e-01
0.000000000000000000e+00 2.895446121692657471e-01
0.000000000000000000e+00 2.993998229503631592e-01
0.000000000000000000e+00 5.277839899063110352e-01
0.000000000000000000e+00 4.767706096172332764e-01
0.000000000000000000e+00 5.440126061439514160e-01
0.000000000000000000e+00 7.480660080909729004e-01
0.000000000000000000e+00 8.429786562919616699e-01
0.000000000000000000e+00 7.774906754493713379e-01
1.000000000000000000e+00 8.302209377288818359e-01
1.000000000000000000e+00 8.553318977355957031e-01
1.000000000000000000e+00 8.863638043403625488e-01
1.000000000000000000e+00 8.605267405509948730e-01
1.000000000000000000e+00 8.803005218505859375e-01
1.000000000000000000e+00 8.890663981437683105e-01
1.000000000000000000e+00 8.435764908790588379e-01
0.000000000000000000e+00 8.379037380218505859e-01
0.000000000000000000e+00 8.639592528343200684e-01
0.000000000000000000e+00 8.216831088066101074e-01
0.000000000000000000e+00 8.448025584220886230e-01
1.000000000000000000e+00 8.387418389320373535e-01
1.000000000000000000e+00 8.544728755950927734e-01
1.000000000000000000e+00 8.978602886199951172e-01
1.000000000000000000e+00 8.756227493286132812e-01
1.000000000000000000e+00 8.723688125610351562e-01
1.000000000000000000e+00 8.833425641059875488e-01
1.000000000000000000e+00 8.709493875503540039e-01
0.000000000000000000e+00 8.705185055732727051e-01
0.000000000000000000e+00 8.364593386650085449e-01
0.000000000000000000e+00 8.415142893791198730e-01
0.000000000000000000e+00 8.582718372344970703e-01
0.000000000000000000e+00 8.954164385795593262e-01
0.000000000000000000e+00 8.803198337554931641e-01
0.000000000000000000e+00 9.050242304801940918e-01
0.000000000000000000e+00 9.143972396850585938e-01
0.000000000000000000e+00 9.109969139099121094e-01
0.000000000000000000e+00 8.999639153480529785e-01
0.000000000000000000e+00 7.734762430191040039e-01
0.000000000000000000e+00 6.538772583007812500e-01
0.000000000000000000e+00 3.830384910106658936e-01
0.000000000000000000e+00 2.270359098911285400e-01
0.000000000000000000e+00 1.341966241598129272e-01
0.000000000000000000e+00 1.454425454139709473e-01
0.000000000000000000e+00 8.740601688623428345e-02
0.000000000000000000e+00 7.449368387460708618e-02
0.000000000000000000e+00 9.145153313875198364e-02
1.000000000000000000e+00 1.340706795454025269e-01
1.000000000000000000e+00 1.533686369657516479e-01
0.000000000000000000e+00 2.433468252420425415e-01
0.000000000000000000e+00 3.585619628429412842e-01
0.000000000000000000e+00 5.557407140731811523e-01
0.000000000000000000e+00 6.549488902091979980e-01
1.000000000000000000e+00 7.203079462051391602e-01
1.000000000000000000e+00 8.311089873313903809e-01
0.000000000000000000e+00 8.186651468276977539e-01
0.000000000000000000e+00 7.675900459289550781e-01
0.000000000000000000e+00 7.497118115425109863e-01
0.000000000000000000e+00 7.906792759895324707e-01
0.000000000000000000e+00 6.577833890914916992e-01
0.000000000000000000e+00 6.548825502395629883e-01
0.000000000000000000e+00 4.424076974391937256e-01
0.000000000000000000e+00 5.553138852119445801e-01
0.000000000000000000e+00 6.208721995353698730e-01
0.000000000000000000e+00 6.233074069023132324e-01
0.000000000000000000e+00 1.690278574824333191e-02
0.000000000000000000e+00 1.470004208385944366e-02
0.000000000000000000e+00 2.199752628803253174e-02
0.000000000000000000e+00 1.836418733000755310e-02
0.000000000000000000e+00 3.467908501625061035e-02
0.000000000000000000e+00 6.992817670106887817e-02
0.000000000000000000e+00 1.008919030427932739e-01
0.000000000000000000e+00 7.885024696588516235e-02
0.000000000000000000e+00 7.505605369806289673e-02
0.000000000000000000e+00 1.075375676155090332e-01
0.000000000000000000e+00 1.810914278030395508e-01
0.000000000000000000e+00 1.468406766653060913e-01
0.000000000000000000e+00 4.661263823509216309e-01
0.000000000000000000e+00 4.091259837150573730e-01
0.000000000000000000e+00 5.427514910697937012e-01
0.000000000000000000e+00 3.278543055057525635e-01
0.000000000000000000e+00 4.270014762878417969e-01
0.000000000000000000e+00 5.245171785354614258e-01
0.000000000000000000e+00 3.260936737060546875e-01
0.000000000000000000e+00 5.254322886466979980e-01
0.000000000000000000e+00 6.359987854957580566e-01
0.000000000000000000e+00 8.234434127807617188e-01
0.000000000000000000e+00 8.492513298988342285e-01
0.000000000000000000e+00 8.088025450706481934e-01
0.000000000000000000e+00 8.226030468940734863e-01
0.000000000000000000e+00 9.150331020355224609e-01
0.000000000000000000e+00 9.205604195594787598e-01
0.000000000000000000e+00 8.802627325057983398e-01
0.000000000000000000e+00 8.813639879226684570e-01
0.000000000000000000e+00 8.606349229812622070e-01
0.000000000000000000e+00 8.869110941886901855e-01
0.000000000000000000e+00 8.343372941017150879e-01
0.000000000000000000e+00 6.297937035560607910e-01
0.000000000000000000e+00 5.575419068336486816e-01
0.000000000000000000e+00 5.442185997962951660e-01
0.000000000000000000e+00 5.390365719795227051e-01
0.000000000000000000e+00 6.088432073593139648e-01
0.000000000000000000e+00 5.500788092613220215e-01
0.000000000000000000e+00 5.081658363342285156e-01
0.000000000000000000e+00 3.165650665760040283e-01
0.000000000000000000e+00 2.824298739433288574e-01
0.000000000000000000e+00 1.940386146306991577e-01
0.000000000000000000e+00 5.680469423532485962e-02
0.000000000000000000e+00 3.884816542267799377e-02
1.000000000000000000e+00 2.871907316148281097e-02
1.000000000000000000e+00 7.755924761295318604e-02
0.000000000000000000e+00 1.121393665671348572e-01
0.000000000000000000e+00 2.299414277076721191e-01
0.000000000000000000e+00 9.824604541063308716e-02
0.000000000000000000e+00 1.158806830644607544e-01
0.000000000000000000e+00 1.940283030271530151e-01
0.000000000000000000e+00 2.816567122936248779e-01
0.000000000000000000e+00 1.646561920642852783e-01
0.000000000000000000e+00 4.141175150871276855e-01
0.000000000000000000e+00 3.281900286674499512e-01
0.000000000000000000e+00 4.039459824562072754e-01
0.000000000000000000e+00 4.044221043586730957e-01
0.000000000000000000e+00 5.266331434249877930e-01
0.000000000000000000e+00 5.405766963958740234e-01
0.000000000000000000e+00 8.509142398834228516e-01
0.000000000000000000e+00 8.753830194473266602e-01
0.000000000000000000e+00 8.303871154785156250e-01
0.000000000000000000e+00 8.654641509056091309e-01
0.000000000000000000e+00 7.001365423202514648e-01
0.000000000000000000e+00 4.942192137241363525e-01
1.000000000000000000e+00 3.735018372535705566e-01
1.000000000000000000e+00 2.640146911144256592e-01
1.000000000000000000e+00 1.043253317475318909e-01
0.000000000000000000e+00 7.428652048110961914e-02
0.000000000000000000e+00 1.062410399317741394e-01
0.000000000000000000e+00 1.292433887720108032e-01
0.000000000000000000e+00 1.917905807495117188e-01
0.000000000000000000e+00 1.746529489755630493e-01
0.000000000000000000e+00 3.127532005310058594e-01
0.000000000000000000e+00 2.850764989852905273e-01
0.000000000000000000e+00 7.992103695869445801e-01
0.000000000000000000e+00 7.598534822463989258e-01
0.000000000000000000e+00 7.759565114974975586e-01
0.000000000000000000e+00 7.065992355346679688e-01
0.000000000000000000e+00 6.964358687400817871e-01
0.000000000000000000e+00 6.039347648620605469e-01
0.000000000000000000e+00 4.807191491127014160e-01
0.000000000000000000e+00 4.818325936794281006e-01
0.000000000000000000e+00 3.624147474765777588e-01
1.000000000000000000e+00 4.384768605232238770e-01
0.000000000000000000e+00 4.393135607242584229e-01
0.000000000000000000e+00 4.884267449378967285e-01
0.000000000000000000e+00 4.612740576267242432e-01
0.000000000000000000e+00 4.420909285545349121e-01
1.000000000000000000e+00 5.571786165237426758e-01
0.000000000000000000e+00 5.985653996467590332e-01
0.000000000000000000e+00 4.701686501502990723e-01
0.000000000000000000e+00 5.358061790466308594e-01
0.000000000000000000e+00 5.247320532798767090e-01
0.000000000000000000e+00 4.091556370258331299e-01
0.000000000000000000e+00 4.085086286067962646e-01
0.000000000000000000e+00 2.998200356960296631e-01
0.000000000000000000e+00 4.325793385505676270e-01
0.000000000000000000e+00 4.387237131595611572e-01
1.000000000000000000e+00 4.038112163543701172e-01
1.000000000000000000e+00 4.946520328521728516e-01
1.000000000000000000e+00 6.026870012283325195e-01
1.000000000000000000e+00 5.837796926498413086e-01
0.000000000000000000e+00 4.646575748920440674e-01
0.000000000000000000e+00 5.476999282836914062e-01
0.000000000000000000e+00 4.223617613315582275e-01
0.000000000000000000e+00 4.509249925613403320e-01
0.000000000000000000e+00 4.497979581356048584e-01
0.000000000000000000e+00 4.657433032989501953e-01
0.000000000000000000e+00 4.299539029598236084e-01
0.000000000000000000e+00 4.091217219829559326e-01
0.000000000000000000e+00 4.598357975482940674e-01
0.000000000000000000e+00 6.102069020271301270e-01
0.000000000000000000e+00 5.455958247184753418e-01
0.000000000000000000e+00 5.245633125305175781e-01
0.000000000000000000e+00 5.091887116432189941e-01
0.000000000000000000e+00 4.729917049407958984e-01
0.000000000000000000e+00 3.619273900985717773e-01
0.000000000000000000e+00 2.795403301715850830e-01
1.000000000000000000e+00 2.565040886402130127e-01
1.000000000000000000e+00 1.978110522031784058e-01
1.000000000000000000e+00 2.742929756641387939e-01
0.000000000000000000e+00 2.338591665029525757e-01
0.000000000000000000e+00 2.428113669157028198e-01
0.000000000000000000e+00 1.987016201019287109e-01
0.000000000000000000e+00 1.746282279491424561e-01
0.000000000000000000e+00 1.114632338285446167e-01
0.000000000000000000e+00 1.298360973596572876e-01
0.000000000000000000e+00 1.870715171098709106e-01
0.000000000000000000e+00 2.091097086668014526e-01
0.000000000000000000e+00 2.391061037778854370e-01
0.000000000000000000e+00 3.171681165695190430e-01
0.000000000000000000e+00 2.553698718547821045e-01
0.000000000000000000e+00 2.601113319396972656e-01
0.000000000000000000e+00 2.464039623737335205e-01
0.000000000000000000e+00 4.336605370044708252e-01
0.000000000000000000e+00 3.119713664054870605e-01
0.000000000000000000e+00 2.804179191589355469e-01
0.000000000000000000e+00 3.015919327735900879e-01
0.000000000000000000e+00 2.450581192970275879e-01
0.000000000000000000e+00 1.712134629487991333e-01
1.000000000000000000e+00 2.712221145629882812e-01
0.000000000000000000e+00 2.340662926435470581e-01
0.000000000000000000e+00 1.578347533941268921e-01
0.000000000000000000e+00 2.769592404365539551e-01
0.000000000000000000e+00 2.665197849273681641e-01
0.000000000000000000e+00 3.202452659606933594e-01
0.000000000000000000e+00 2.651167213916778564e-01
0.000000000000000000e+00 2.904816269874572754e-01
0.000000000000000000e+00 2.735086381435394287e-01
0.000000000000000000e+00 7.689437270164489746e-02
0.000000000000000000e+00 1.326622068881988525e-01
0.000000000000000000e+00 1.263657957315444946e-01
0.000000000000000000e+00 2.001810222864151001e-01
0.000000000000000000e+00 1.584670543670654297e-01
0.000000000000000000e+00 2.694489657878875732e-01
0.000000000000000000e+00 3.345705270767211914e-01
0.000000000000000000e+00 3.305618464946746826e-01
0.000000000000000000e+00 1.176191344857215881e-01
0.000000000000000000e+00 1.693634688854217529e-01
0.000000000000000000e+00 9.489627927541732788e-02
0.000000000000000000e+00 8.410872519016265869e-02
0.000000000000000000e+00 7.658784091472625732e-02
0.000000000000000000e+00 8.404806256294250488e-02
0.000000000000000000e+00 9.078577905893325806e-02
0.000000000000000000e+00 1.471313536167144775e-01
1.000000000000000000e+00 1.243064925074577332e-01
0.000000000000000000e+00 1.321274191141128540e-01
0.000000000000000000e+00 1.228769794106483459e-01
0.000000000000000000e+00 1.221481487154960632e-01
1.000000000000000000e+00 1.413266658782958984e-01
1.000000000000000000e+00 2.017909288406372070e-01
1.000000000000000000e+00 2.166402786970138550e-01
1.000000000000000000e+00 1.804000884294509888e-01
1.000000000000000000e+00 2.155146598815917969e-01
1.000000000000000000e+00 2.501295506954193115e-01
1.000000000000000000e+00 3.118582069873809814e-01
1.000000000000000000e+00 4.388386607170104980e-01
1.000000000000000000e+00 4.754086136817932129e-01
1.000000000000000000e+00 3.570177257061004639e-01
0.000000000000000000e+00 3.766983151435852051e-01
0.000000000000000000e+00 4.347930252552032471e-01
0.000000000000000000e+00 4.548565447330474854e-01
1.000000000000000000e+00 4.955089688301086426e-01
0.000000000000000000e+00 4.756374359130859375e-01
0.000000000000000000e+00 5.597299337387084961e-01
0.000000000000000000e+00 6.514787077903747559e-01
1.000000000000000000e+00 5.092240571975708008e-01
0.000000000000000000e+00 2.916745245456695557e-01
0.000000000000000000e+00 2.096404582262039185e-01
0.000000000000000000e+00 1.982142031192779541e-01
0.000000000000000000e+00 2.301991283893585205e-01
0.000000000000000000e+00 2.495275139808654785e-01
0.000000000000000000e+00 3.677093684673309326e-01
0.000000000000000000e+00 3.705815374851226807e-01
0.000000000000000000e+00 5.245833992958068848e-01
0.000000000000000000e+00 5.256973505020141602e-01
0.000000000000000000e+00 1.705245971679687500e-01
1.000000000000000000e+00 2.877680212259292603e-02
1.000000000000000000e+00 8.207814767956733704e-03
1.000000000000000000e+00 4.013477358967065811e-03
1.000000000000000000e+00 5.033302120864391327e-03
0.000000000000000000e+00 4.843837115913629532e-03
0.000000000000000000e+00 7.945951074361801147e-03
0.000000000000000000e+00 1.812261529266834259e-02
0.000000000000000000e+00 1.945241913199424744e-02
0.000000000000000000e+00 2.230740152299404144e-02
0.000000000000000000e+00 1.430407632142305374e-02
0.000000000000000000e+00 8.434325456619262695e-03
0.000000000000000000e+00 8.422478102147579193e-03
0.000000000000000000e+00 8.688417263329029083e-03
0.000000000000000000e+00 9.675035253167152405e-03
0.000000000000000000e+00 8.593205362558364868e-03
0.000000000000000000e+00 1.304197963327169418e-02
0.000000000000000000e+00 7.230206392705440521e-03
0.000000000000000000e+00 5.860324949026107788e-03
0.000000000000000000e+00 3.554408438503742218e-03
0.000000000000000000e+00 5.729122087359428406e-03
0.000000000000000000e+00 4.653599113225936890e-03
0.000000000000000000e+00 6.301029119640588760e-03
0.000000000000000000e+00 6.217357702553272247e-03
0.000000000000000000e+00 6.305391900241374969e-03
0.000000000000000000e+00 8.485375903546810150e-03
0.000000000000000000e+00 1.212308183312416077e-02
0.000000000000000000e+00 1.632190495729446411e-02
0.000000000000000000e+00 7.113587111234664917e-02
0.000000000000000000e+00 9.574980288743972778e-02
0.000000000000000000e+00 9.607145935297012329e-02
0.000000000000000000e+00 2.791512906551361084e-01
0.000000000000000000e+00 1.754274517297744751e-01
0.000000000000000000e+00 2.190521955490112305e-01
0.000000000000000000e+00 4.171910583972930908e-01
0.000000000000000000e+00 2.955114841461181641e-01
0.000000000000000000e+00 3.269414603710174561e-01
0.000000000000000000e+00 1.310730725526809692e-01
0.000000000000000000e+00 1.833197921514511108e-01
0.000000000000000000e+00 1.162317097187042236e-01
0.000000000000000000e+00 1.445374190807342529e-01
0.000000000000000000e+00 2.273656874895095825e-01
0.000000000000000000e+00 3.522697985172271729e-01
1.000000000000000000e+00 2.514412105083465576e-01
1.000000000000000000e+00 3.234700262546539307e-01
0.000000000000000000e+00 3.847728967666625977e-01
0.000000000000000000e+00 2.626045644283294678e-01
0.000000000000000000e+00 2.316139191389083862e-01
1.000000000000000000e+00 1.964084655046463013e-01
1.000000000000000000e+00 9.917875379323959351e-02
0.000000000000000000e+00 7.171906530857086182e-02
0.000000000000000000e+00 1.092605367302894592e-01
0.000000000000000000e+00 1.094061359763145447e-01
0.000000000000000000e+00 1.019530296325683594e-01
0.000000000000000000e+00 1.281356215476989746e-01
1.000000000000000000e+00 2.354479730129241943e-01
0.000000000000000000e+00 1.081085130572319031e-01
0.000000000000000000e+00 1.739017516374588013e-01
0.000000000000000000e+00 1.090277060866355896e-01
0.000000000000000000e+00 4.036157578229904175e-02
1.000000000000000000e+00 2.878084219992160797e-02
0.000000000000000000e+00 3.889171406626701355e-02
0.000000000000000000e+00 2.804136835038661957e-02
0.000000000000000000e+00 3.853135928511619568e-02
0.000000000000000000e+00 8.416079729795455933e-02
1.000000000000000000e+00 8.373731374740600586e-02
1.000000000000000000e+00 1.382806450128555298e-01
0.000000000000000000e+00 2.247103005647659302e-01
0.000000000000000000e+00 1.572987884283065796e-01
0.000000000000000000e+00 1.066687628626823425e-01
0.000000000000000000e+00 1.488063782453536987e-01
0.000000000000000000e+00 8.029161393642425537e-02
1.000000000000000000e+00 1.485076695680618286e-01
0.000000000000000000e+00 1.440182775259017944e-01
0.000000000000000000e+00 1.128884628415107727e-01
0.000000000000000000e+00 6.194865331053733826e-02
0.000000000000000000e+00 3.463469073176383972e-02
0.000000000000000000e+00 4.126080125570297241e-02
0.000000000000000000e+00 2.563753537833690643e-02
0.000000000000000000e+00 1.818063482642173767e-02
0.000000000000000000e+00 2.838909253478050232e-02
0.000000000000000000e+00 4.690802842378616333e-02
0.000000000000000000e+00 4.045242443680763245e-02
0.000000000000000000e+00 4.650481417775154114e-02
0.000000000000000000e+00 6.525100022554397583e-02
0.000000000000000000e+00 6.607955694198608398e-02
0.000000000000000000e+00 6.807096302509307861e-02
0.000000000000000000e+00 6.885845959186553955e-02
0.000000000000000000e+00 4.612744227051734924e-02
0.000000000000000000e+00 4.076762869954109192e-02
0.000000000000000000e+00 7.814644277095794678e-02
0.000000000000000000e+00 5.462415516376495361e-02
0.000000000000000000e+00 4.285051301121711731e-02
0.000000000000000000e+00 4.297092184424400330e-02
0.000000000000000000e+00 1.833591237664222717e-02
0.000000000000000000e+00 1.767295040190219879e-02
0.000000000000000000e+00 1.187685225158929825e-02
0.000000000000000000e+00 1.226824708282947540e-02
0.000000000000000000e+00 2.471432648599147797e-02
0.000000000000000000e+00 3.867212310433387756e-02
0.000000000000000000e+00 4.235005378723144531e-02
0.000000000000000000e+00 7.219454646110534668e-02
0.000000000000000000e+00 8.237306028604507446e-02
0.000000000000000000e+00 2.918448485434055328e-02
0.000000000000000000e+00 2.878446131944656372e-02
0.000000000000000000e+00 5.565986782312393188e-02
0.000000000000000000e+00 5.368595197796821594e-02
0.000000000000000000e+00 5.658041685819625854e-02
0.000000000000000000e+00 4.181502759456634521e-02
0.000000000000000000e+00 6.549695879220962524e-02
0.000000000000000000e+00 6.254802644252777100e-02
0.000000000000000000e+00 5.828817933797836304e-02
0.000000000000000000e+00 3.624467551708221436e-02
0.000000000000000000e+00 4.870703071355819702e-02
0.000000000000000000e+00 5.291504785418510437e-02
0.000000000000000000e+00 4.085069522261619568e-02
0.000000000000000000e+00 7.002257555723190308e-02
1.000000000000000000e+00 7.852090150117874146e-02
1.000000000000000000e+00 7.537510991096496582e-02
1.000000000000000000e+00 3.933085501194000244e-02
1.000000000000000000e+00 5.218664929270744324e-02
1.000000000000000000e+00 7.499723136425018311e-02
0.000000000000000000e+00 6.603834778070449829e-02
0.000000000000000000e+00 9.263217449188232422e-02
0.000000000000000000e+00 1.100183650851249695e-01
0.000000000000000000e+00 1.304581761360168457e-01
0.000000000000000000e+00 1.253232806921005249e-01
0.000000000000000000e+00 1.661766171455383301e-01
0.000000000000000000e+00 1.580445617437362671e-01
0.000000000000000000e+00 1.172631606459617615e-01
0.000000000000000000e+00 9.390433877706527710e-02
0.000000000000000000e+00 1.332828998565673828e-01
0.000000000000000000e+00 4.966657981276512146e-02
0.000000000000000000e+00 4.396097362041473389e-02
1.000000000000000000e+00 5.317211896181106567e-02
1.000000000000000000e+00 6.013537198305130005e-02
1.000000000000000000e+00 7.804980129003524780e-02
0.000000000000000000e+00 1.277862340211868286e-01
0.000000000000000000e+00 1.499760299921035767e-01
0.000000000000000000e+00 2.323935776948928833e-01
1.000000000000000000e+00 2.511135935783386230e-01
1.000000000000000000e+00 3.383625745773315430e-01
0.000000000000000000e+00 3.206808865070343018e-01
0.000000000000000000e+00 2.412264943122863770e-01
0.000000000000000000e+00 3.631708025932312012e-01
0.000000000000000000e+00 3.159558475017547607e-01
0.000000000000000000e+00 2.887920737266540527e-01
0.000000000000000000e+00 2.240879833698272705e-01
0.000000000000000000e+00 2.185978293418884277e-01
0.000000000000000000e+00 1.975374519824981689e-01
0.000000000000000000e+00 2.054431736469268799e-01
0.000000000000000000e+00 2.936493158340454102e-01
0.000000000000000000e+00 3.404788672924041748e-01
1.000000000000000000e+00 2.489478886127471924e-01
1.000000000000000000e+00 2.416431158781051636e-01
1.000000000000000000e+00 1.842522621154785156e-01
1.000000000000000000e+00 3.391410708427429199e-01
0.000000000000000000e+00 9.505174309015274048e-02
0.000000000000000000e+00 1.336752772331237793e-01
0.000000000000000000e+00 1.050653383135795593e-01
0.000000000000000000e+00 1.697446256875991821e-01
0.000000000000000000e+00 2.786943018436431885e-01
0.000000000000000000e+00 3.898817896842956543e-01
0.000000000000000000e+00 4.027671217918395996e-01
0.000000000000000000e+00 6.172909736633300781e-01
0.000000000000000000e+00 5.318980216979980469e-01
0.000000000000000000e+00 7.218354344367980957e-01
0.000000000000000000e+00 5.600271821022033691e-01
0.000000000000000000e+00 7.620483040809631348e-01
0.000000000000000000e+00 6.784751415252685547e-01
0.000000000000000000e+00 6.722615361213684082e-01
0.000000000000000000e+00 6.010067462921142578e-01
0.000000000000000000e+00 7.634761333465576172e-01
0.000000000000000000e+00 5.381333827972412109e-01
0.000000000000000000e+00 5.889436006546020508e-01
0.000000000000000000e+00 3.095776736736297607e-01
0.000000000000000000e+00 2.777949273586273193e-01
0.000000000000000000e+00 1.794318705797195435e-01
0.000000000000000000e+00 3.314994871616363525e-01
0.000000000000000000e+00 5.735036134719848633e-01
0.000000000000000000e+00 6.032440066337585449e-01
1.000000000000000000e+00 7.330909967422485352e-01
1.000000000000000000e+00 7.209041714668273926e-01
0.000000000000000000e+00 7.931134104728698730e-01
0.000000000000000000e+00 8.471649885177612305e-01
0.000000000000000000e+00 8.081728816032409668e-01
0.000000000000000000e+00 6.356380581855773926e-01
0.000000000000000000e+00 6.720126271247863770e-01
0.000000000000000000e+00 7.411241531372070312e-01
0.000000000000000000e+00 7.673591971397399902e-01
0.000000000000000000e+00 7.057278156280517578e-01
0.000000000000000000e+00 6.813666820526123047e-01
1.000000000000000000e+00 6.548472642898559570e-01
1.000000000000000000e+00 5.991876721382141113e-01
1.000000000000000000e+00 7.062613964080810547e-01
1.000000000000000000e+00 6.754634380340576172e-01
0.000000000000000000e+00 7.813842892646789551e-01
0.000000000000000000e+00 8.458039760589599609e-01
0.000000000000000000e+00 8.746174573898315430e-01
0.000000000000000000e+00 8.730239868164062500e-01
0.000000000000000000e+00 8.677088022232055664e-01
0.000000000000000000e+00 8.234266042709350586e-01
0.000000000000000000e+00 7.817019820213317871e-01
0.000000000000000000e+00 5.347505807876586914e-01
0.000000000000000000e+00 6.894091367721557617e-01
0.000000000000000000e+00 6.241022944450378418e-01
0.000000000000000000e+00 4.698543250560760498e-01
0.000000000000000000e+00 3.782348036766052246e-01
0.000000000000000000e+00 3.010247945785522461e-01
0.000000000000000000e+00 2.974046170711517334e-01
1.000000000000000000e+00 3.859675526618957520e-01
0.000000000000000000e+00 3.611075580120086670e-01
0.000000000000000000e+00 4.803982079029083252e-01
0.000000000000000000e+00 4.402051270008087158e-01
0.000000000000000000e+00 4.630596935749053955e-01
1.000000000000000000e+00 4.573652446269989014e-01
0.000000000000000000e+00 4.712298810482025146e-01
0.000000000000000000e+00 2.762950956821441650e-01
0.000000000000000000e+00 4.049131572246551514e-01
0.000000000000000000e+00 4.959460496902465820e-01
0.000000000000000000e+00 3.794721364974975586e-01
0.000000000000000000e+00 4.693230092525482178e-01
0.000000000000000000e+00 2.810931801795959473e-01
0.000000000000000000e+00 3.905321657657623291e-01
0.000000000000000000e+00 3.635759651660919189e-01
0.000000000000000000e+00 5.550548434257507324e-01
0.000000000000000000e+00 5.277954936027526855e-01
0.000000000000000000e+00 5.509607791900634766e-01
0.000000000000000000e+00 1.923636347055435181e-01
0.000000000000000000e+00 2.359266281127929688e-01
0.000000000000000000e+00 3.214886784553527832e-01
0.000000000000000000e+00 2.434736490249633789e-01
0.000000000000000000e+00 1.768437772989273071e-01
0.000000000000000000e+00 2.087163925170898438e-01
0.000000000000000000e+00 1.327113211154937744e-01
0.000000000000000000e+00 1.735319048166275024e-01
0.000000000000000000e+00 1.762215942144393921e-01
0.000000000000000000e+00 1.284468322992324829e-01
0.000000000000000000e+00 1.065835952758789062e-01
1.000000000000000000e+00 1.464413851499557495e-01
0.000000000000000000e+00 1.839496344327926636e-01
0.000000000000000000e+00 1.310321837663650513e-01
0.000000000000000000e+00 1.775455027818679810e-01
0.000000000000000000e+00 2.098162472248077393e-01
0.000000000000000000e+00 1.501345336437225342e-01
0.000000000000000000e+00 2.882421314716339111e-01
0.000000000000000000e+00 2.764697968959808350e-01
0.000000000000000000e+00 3.032226562500000000e-01
0.000000000000000000e+00 2.452419847249984741e-01
0.000000000000000000e+00 3.747009038925170898e-01
0.000000000000000000e+00 5.205734372138977051e-01
0.000000000000000000e+00 2.484032660722732544e-01
0.000000000000000000e+00 1.731263548135757446e-01
