0.000000000000000000e+00 3.693179190158843994e-01
0.000000000000000000e+00 4.628890752792358398e-01
0.000000000000000000e+00 4.121934473514556885e-01
0.000000000000000000e+00 6.438654661178588867e-01
0.000000000000000000e+00 6.393852829933166504e-01
0.000000000000000000e+00 6.790933609008789062e-01
0.000000000000000000e+00 7.001605629920959473e-01
0.000000000000000000e+00 7.696582078933715820e-01
0.000000000000000000e+00 7.830647826194763184e-01
0.000000000000000000e+00 7.134478092193603516e-01
0.000000000000000000e+00 7.798037528991699219e-01
0.000000000000000000e+00 8.588754534721374512e-01
0.000000000000000000e+00 9.162508249282836914e-01
0.000000000000000000e+00 9.112880825996398926e-01
0.000000000000000000e+00 8.267678618431091309e-01
1.000000000000000000e+00 7.378237247467041016e-01
1.000000000000000000e+00 7.216264009475708008e-01
1.000000000000000000e+00 7.260138392448425293e-01
0.000000000000000000e+00 7.725431919097900391e-01
0.000000000000000000e+00 5.301287174224853516e-01
0.000000000000000000e+00 6.272819638252258301e-01
0.000000000000000000e+00 5.246912240982055664e-01
0.000000000000000000e+00 8.276460170745849609e-01
0.000000000000000000e+00 8.303400278091430664e-01
0.000000000000000000e+00 7.830713987350463867e-01
0.000000000000000000e+00 8.251351714134216309e-01
0.000000000000000000e+00 8.394721150398254395e-01
1.000000000000000000e+00 8.369321823120117188e-01
0.000000000000000000e+00 8.232578635215759277e-01
0.000000000000000000e+00 7.322285771369934082e-01
0.000000000000000000e+00 5.207785964012145996e-01
0.000000000000000000e+00 5.724914669990539551e-01
1.000000000000000000e+00 6.057279109954833984e-01
0.000000000000000000e+00 5.045132040977478027e-01
0.000000000000000000e+00 5.569140315055847168e-01
0.000000000000000000e+00 5.486757755279541016e-01
0.000000000000000000e+00 6.758601665496826172e-01
1.000000000000000000e+00 7.613058090209960938e-01
1.000000000000000000e+00 8.289816379547119141e-01
0.000000000000000000e+00 8.554223775863647461e-01
0.000000000000000000e+00 8.177819848060607910e-01
0.000000000000000000e+00 7.470245361328125000e-01
0.000000000000000000e+00 6.824492812156677246e-01
0.000000000000000000e+00 6.887142062187194824e-01
0.000000000000000000e+00 5.479023456573486328e-01
0.000000000000000000e+00 4.656474888324737549e-01
0.000000000000000000e+00 5.720131397247314453e-01
0.000000000000000000e+00 5.316727161407470703e-01
0.000000000000000000e+00 5.430425405502319336e-01
0.000000000000000000e+00 4.564911425113677979e-01
0.000000000000000000e+00 2.199208438396453857e-01
0.000000000000000000e+00 1.694978177547454834e-01
0.000000000000000000e+00 2.066528350114822388e-01
0.000000000000000000e+00 2.707705795764923096e-01
0.000000000000000000e+00 2.511416077613830566e-01
0.000000000000000000e+00 1.846296340227127075e-01
0.000000000000000000e+00 7.451706379652023315e-02
0.000000000000000000e+00 1.103835552930831909e-01
0.000000000000000000e+00 9.535937756299972534e-02
0.000000000000000000e+00 8.341630548238754272e-02
0.000000000000000000e+00 1.457748264074325562e-01
0.000000000000000000e+00 1.477660387754440308e-01
0.000000000000000000e+00 2.608672380447387695e-01
0.000000000000000000e+00 2.745794355869293213e-01
0.000000000000000000e+00 2.319623380899429321e-01
0.000000000000000000e+00 2.033702731132507324e-01
0.000000000000000000e+00 1.414086520671844482e-01
0.000000000000000000e+00 1.011553257703781128e-01
0.000000000000000000e+00 9.641311317682266235e-02
0.000000000000000000e+00 7.613972574472427368e-02
0.000000000000000000e+00 4.376506805419921875e-02
0.000000000000000000e+00 1.117750927805900574e-01
0.000000000000000000e+00 1.079950034618377686e-01
1.000000000000000000e+00 8.228654414415359497e-02
0.000000000000000000e+00 6.210115551948547363e-02
0.000000000000000000e+00 2.120116725564002991e-02
0.000000000000000000e+00 3.894274681806564331e-02
0.000000000000000000e+00 2.074182592332363129e-02
0.000000000000000000e+00 2.324527688324451447e-02
0.000000000000000000e+00 2.206597849726676941e-02
0.000000000000000000e+00 2.503015100955963135e-02
0.000000000000000000e+00 4.662761837244033813e-02
0.000000000000000000e+00 4.897735640406608582e-02
0.000000000000000000e+00 4.760231077671051025e-02
0.000000000000000000e+00 7.168395817279815674e-02
0.000000000000000000e+00 5.686890333890914917e-02
0.000000000000000000e+00 8.540853112936019897e-02
0.000000000000000000e+00 1.396595239639282227e-01
0.000000000000000000e+00 2.557629644870758057e-01
0.000000000000000000e+00 2.722605168819427490e-01
0.000000000000000000e+00 4.738050103187561035e-01
0.000000000000000000e+00 5.108484029769897461e-01
0.000000000000000000e+00 5.450451970100402832e-01
0.000000000000000000e+00 6.886864900588989258e-01
0.000000000000000000e+00 7.657231092453002930e-01
1.000000000000000000e+00 9.045594930648803711e-01
1.000000000000000000e+00 8.231562972068786621e-01
1.000000000000000000e+00 7.964726090431213379e-01
1.000000000000000000e+00 7.930774092674255371e-01
1.000000000000000000e+00 8.191128373146057129e-01
1.000000000000000000e+00 6.466442942619323730e-01
1.000000000000000000e+00 7.782933712005615234e-01
0.000000000000000000e+00 8.117933273315429688e-01
0.000000000000000000e+00 7.305029630661010742e-01
0.000000000000000000e+00 5.783486962318420410e-01
0.000000000000000000e+00 6.612188220024108887e-01
1.000000000000000000e+00 7.818537950515747070e-01
1.000000000000000000e+00 7.329617142677307129e-01
1.000000000000000000e+00 6.878757476806640625e-01
1.000000000000000000e+00 7.315980195999145508e-01
1.000000000000000000e+00 8.202467560768127441e-01
1.000000000000000000e+00 8.391322493553161621e-01
1.000000000000000000e+00 8.742970228195190430e-01
0.000000000000000000e+00 8.464854359626770020e-01
0.000000000000000000e+00 8.879256844520568848e-01
0.000000000000000000e+00 9.198792576789855957e-01
0.000000000000000000e+00 9.248014688491821289e-01
0.000000000000000000e+00 9.368817806243896484e-01
0.000000000000000000e+00 9.583215117454528809e-01
0.000000000000000000e+00 9.469685554504394531e-01
0.000000000000000000e+00 9.309540390968322754e-01
0.000000000000000000e+00 8.954560160636901855e-01
0.000000000000000000e+00 8.379563689231872559e-01
0.000000000000000000e+00 5.401975512504577637e-01
0.000000000000000000e+00 2.363705188035964966e-01
0.000000000000000000e+00 1.324224919080734253e-01
0.000000000000000000e+00 4.273565486073493958e-02
0.000000000000000000e+00 5.320003628730773926e-02
0.000000000000000000e+00 4.730661213397979736e-02
0.000000000000000000e+00 4.567243903875350952e-02
0.000000000000000000e+00 2.417253702878952026e-02
0.000000000000000000e+00 2.745325490832328796e-02
1.000000000000000000e+00 5.074354633688926697e-02
1.000000000000000000e+00 6.764066219329833984e-02
0.000000000000000000e+00 1.167318597435951233e-01
0.000000000000000000e+00 1.285084038972854614e-01
0.000000000000000000e+00 2.569155097007751465e-01
0.000000000000000000e+00 5.830231308937072754e-01
1.000000000000000000e+00 6.717348098754882812e-01
1.000000000000000000e+00 5.137534141540527344e-01
0.000000000000000000e+00 5.475614070892333984e-01
0.000000000000000000e+00 4.216005504131317139e-01
0.000000000000000000e+00 3.092535734176635742e-01
0.000000000000000000e+00 1.399768888950347900e-01
0.000000000000000000e+00 2.994603216648101807e-01
0.000000000000000000e+00 3.020999133586883545e-01
0.000000000000000000e+00 3.651100695133209229e-01
0.000000000000000000e+00 4.049398005008697510e-01
0.000000000000000000e+00 4.949478507041931152e-01
0.000000000000000000e+00 6.354451179504394531e-01
0.000000000000000000e+00 9.361827746033668518e-03
0.000000000000000000e+00 1.352512929588556290e-02
0.000000000000000000e+00 1.504402793943881989e-02
0.000000000000000000e+00 1.264783088117837906e-02
0.000000000000000000e+00 1.856063492596149445e-02
0.000000000000000000e+00 6.718007475137710571e-02
0.000000000000000000e+00 3.852451220154762268e-02
0.000000000000000000e+00 8.519560098648071289e-02
0.000000000000000000e+00 5.392850935459136963e-02
0.000000000000000000e+00 1.184942498803138733e-01
0.000000000000000000e+00 9.864144027233123779e-02
0.000000000000000000e+00 2.540748417377471924e-01
0.000000000000000000e+00 3.280916512012481689e-01
0.000000000000000000e+00 4.224361479282379150e-01
0.000000000000000000e+00 6.843990087509155273e-01
0.000000000000000000e+00 7.974661588668823242e-01
0.000000000000000000e+00 4.933893680572509766e-01
0.000000000000000000e+00 5.308517813682556152e-01
0.000000000000000000e+00 3.872710168361663818e-01
0.000000000000000000e+00 5.376922488212585449e-01
0.000000000000000000e+00 5.392575860023498535e-01
0.000000000000000000e+00 6.099061965942382812e-01
0.000000000000000000e+00 8.073838353157043457e-01
0.000000000000000000e+00 8.047826290130615234e-01
0.000000000000000000e+00 9.065813422203063965e-01
0.000000000000000000e+00 9.098037481307983398e-01
0.000000000000000000e+00 8.699963092803955078e-01
0.000000000000000000e+00 8.843618631362915039e-01
0.000000000000000000e+00 8.982644677162170410e-01
0.000000000000000000e+00 9.037320613861083984e-01
0.000000000000000000e+00 8.644313812255859375e-01
0.000000000000000000e+00 7.494758367538452148e-01
0.000000000000000000e+00 6.870741844177246094e-01
0.000000000000000000e+00 7.589464187622070312e-01
0.000000000000000000e+00 7.159456610679626465e-01
0.000000000000000000e+00 6.286363601684570312e-01
0.000000000000000000e+00 5.488699078559875488e-01
0.000000000000000000e+00 6.175143718719482422e-01
0.000000000000000000e+00 6.334657669067382812e-01
0.000000000000000000e+00 3.650159537792205811e-01
0.000000000000000000e+00 3.665806055068969727e-01
0.000000000000000000e+00 1.863452196121215820e-01
0.000000000000000000e+00 1.363356560468673706e-01
0.000000000000000000e+00 4.808455705642700195e-02
1.000000000000000000e+00 2.866459451615810394e-02
1.000000000000000000e+00 4.692281410098075867e-02
0.000000000000000000e+00 6.425861269235610962e-02
0.000000000000000000e+00 1.011639833450317383e-01
0.000000000000000000e+00 1.400675475597381592e-01
0.000000000000000000e+00 2.316722422838211060e-01
0.000000000000000000e+00 2.853874266147613525e-01
0.000000000000000000e+00 3.900385797023773193e-01
0.000000000000000000e+00 3.473261892795562744e-01
0.000000000000000000e+00 5.613771080970764160e-01
0.000000000000000000e+00 2.853209674358367920e-01
0.000000000000000000e+00 2.087415009737014771e-01
0.000000000000000000e+00 4.940150082111358643e-01
0.000000000000000000e+00 4.427042603492736816e-01
0.000000000000000000e+00 7.629224061965942383e-01
0.000000000000000000e+00 7.598848342895507812e-01
0.000000000000000000e+00 8.408962488174438477e-01
0.000000000000000000e+00 8.882070779800415039e-01
0.000000000000000000e+00 7.421589493751525879e-01
0.000000000000000000e+00 8.037008047103881836e-01
0.000000000000000000e+00 4.698875844478607178e-01
1.000000000000000000e+00 4.836854040622711182e-01
1.000000000000000000e+00 3.040484189987182617e-01
1.000000000000000000e+00 1.899672448635101318e-01
0.000000000000000000e+00 1.804553717374801636e-01
0.000000000000000000e+00 1.314395517110824585e-01
0.000000000000000000e+00 1.952686905860900879e-01
0.000000000000000000e+00 2.462403774261474609e-01
0.000000000000000000e+00 1.898324191570281982e-01
0.000000000000000000e+00 4.439265429973602295e-01
0.000000000000000000e+00 5.415501594543457031e-01
0.000000000000000000e+00 7.111096382141113281e-01
0.000000000000000000e+00 7.006700634956359863e-01
0.000000000000000000e+00 8.087335228919982910e-01
0.000000000000000000e+00 8.202174901962280273e-01
0.000000000000000000e+00 8.121736645698547363e-01
0.000000000000000000e+00 7.640113830566406250e-01
0.000000000000000000e+00 7.984992265701293945e-01
0.000000000000000000e+00 7.011098265647888184e-01
0.000000000000000000e+00 7.613237500190734863e-01
1.000000000000000000e+00 6.798242926597595215e-01
0.000000000000000000e+00 7.589880824089050293e-01
0.000000000000000000e+00 6.400896906852722168e-01
0.000000000000000000e+00 7.303189039230346680e-01
0.000000000000000000e+00 7.065953016281127930e-01
1.000000000000000000e+00 7.560771703720092773e-01
0.000000000000000000e+00 7.912331819534301758e-01
0.000000000000000000e+00 7.015569806098937988e-01
0.000000000000000000e+00 7.374589443206787109e-01
0.000000000000000000e+00 6.708957552909851074e-01
0.000000000000000000e+00 5.881243348121643066e-01
0.000000000000000000e+00 6.100302934646606445e-01
0.000000000000000000e+00 5.540516376495361328e-01
0.000000000000000000e+00 5.829502940177917480e-01
0.000000000000000000e+00 5.194894075393676758e-01
1.000000000000000000e+00 5.687108635902404785e-01
1.000000000000000000e+00 6.737054586410522461e-01
1.000000000000000000e+00 7.666789293289184570e-01
1.000000000000000000e+00 7.641535401344299316e-01
0.000000000000000000e+00 7.942231297492980957e-01
0.000000000000000000e+00 6.930038332939147949e-01
0.000000000000000000e+00 7.751471400260925293e-01
0.000000000000000000e+00 8.142865896224975586e-01
0.000000000000000000e+00 8.263983130455017090e-01
0.000000000000000000e+00 7.929244637489318848e-01
0.000000000000000000e+00 8.103266358375549316e-01
0.000000000000000000e+00 8.076858520507812500e-01
0.000000000000000000e+00 8.560932874679565430e-01
0.000000000000000000e+00 8.603032827377319336e-01
0.000000000000000000e+00 9.064880013465881348e-01
0.000000000000000000e+00 9.066968560218811035e-01
0.000000000000000000e+00 9.209944605827331543e-01
0.000000000000000000e+00 8.926674723625183105e-01
0.000000000000000000e+00 8.224790096282958984e-01
0.000000000000000000e+00 8.286194801330566406e-01
1.000000000000000000e+00 7.974550127983093262e-01
1.000000000000000000e+00 7.340415716171264648e-01
1.000000000000000000e+00 8.135584592819213867e-01
0.000000000000000000e+00 8.338732123374938965e-01
0.000000000000000000e+00 7.015661597251892090e-01
0.000000000000000000e+00 6.845051050186157227e-01
0.000000000000000000e+00 6.859069466590881348e-01
0.000000000000000000e+00 7.115451693534851074e-01
0.000000000000000000e+00 4.818288087844848633e-01
0.000000000000000000e+00 5.977910161018371582e-01
0.000000000000000000e+00 6.383643150329589844e-01
0.000000000000000000e+00 6.313109397888183594e-01
0.000000000000000000e+00 6.680174469947814941e-01
0.000000000000000000e+00 7.095873951911926270e-01
0.000000000000000000e+00 7.402004003524780273e-01
0.000000000000000000e+00 8.217935562133789062e-01
0.000000000000000000e+00 8.730924129486083984e-01
0.000000000000000000e+00 8.138726353645324707e-01
0.000000000000000000e+00 7.950262427330017090e-01
0.000000000000000000e+00 7.777603268623352051e-01
0.000000000000000000e+00 7.740755081176757812e-01
0.000000000000000000e+00 8.441292047500610352e-01
1.000000000000000000e+00 7.687891125679016113e-01
0.000000000000000000e+00 7.540778517723083496e-01
0.000000000000000000e+00 7.047814726829528809e-01
0.000000000000000000e+00 7.335741519927978516e-01
0.000000000000000000e+00 8.039408326148986816e-01
0.000000000000000000e+00 8.209623694419860840e-01
0.000000000000000000e+00 8.333844542503356934e-01
0.000000000000000000e+00 7.698077559471130371e-01
0.000000000000000000e+00 8.424636125564575195e-01
0.000000000000000000e+00 8.413545787334442139e-02
0.000000000000000000e+00 9.755679219961166382e-02
0.000000000000000000e+00 1.416917741298675537e-01
0.000000000000000000e+00 2.186251580715179443e-01
0.000000000000000000e+00 3.548950552940368652e-01
0.000000000000000000e+00 2.977507114410400391e-01
0.000000000000000000e+00 3.878878951072692871e-01
0.000000000000000000e+00 2.265796065330505371e-01
0.000000000000000000e+00 8.229241520166397095e-02
0.000000000000000000e+00 6.495551764965057373e-02
0.000000000000000000e+00 6.261673569679260254e-02
0.000000000000000000e+00 3.729588538408279419e-02
0.000000000000000000e+00 4.145496711134910583e-02
0.000000000000000000e+00 8.190107345581054688e-02
0.000000000000000000e+00 6.177006289362907410e-02
0.000000000000000000e+00 1.173113510012626648e-01
1.000000000000000000e+00 1.507529318332672119e-01
0.000000000000000000e+00 1.079523563385009766e-01
0.000000000000000000e+00 1.527304202318191528e-01
0.000000000000000000e+00 1.324519813060760498e-01
1.000000000000000000e+00 1.497151404619216919e-01
1.000000000000000000e+00 1.226042434573173523e-01
1.000000000000000000e+00 5.928345024585723877e-02
1.000000000000000000e+00 1.784071624279022217e-01
1.000000000000000000e+00 1.310937553644180298e-01
1.000000000000000000e+00 1.876434683799743652e-01
1.000000000000000000e+00 1.372579336166381836e-01
1.000000000000000000e+00 2.416571825742721558e-01
1.000000000000000000e+00 3.143762946128845215e-01
1.000000000000000000e+00 3.203213214874267578e-01
0.000000000000000000e+00 3.411349356174468994e-01
0.000000000000000000e+00 4.168041646480560303e-01
0.000000000000000000e+00 3.171337544918060303e-01
1.000000000000000000e+00 4.968459606170654297e-01
0.000000000000000000e+00 6.341072320938110352e-01
0.000000000000000000e+00 7.449220418930053711e-01
0.000000000000000000e+00 7.038648128509521484e-01
1.000000000000000000e+00 7.962333559989929199e-01
0.000000000000000000e+00 7.582270503044128418e-01
0.000000000000000000e+00 6.772419810295104980e-01
0.000000000000000000e+00 5.908353328704833984e-01
0.000000000000000000e+00 5.346816182136535645e-01
0.000000000000000000e+00 6.208404302597045898e-01
0.000000000000000000e+00 6.338353753089904785e-01
0.000000000000000000e+00 7.720455527305603027e-01
0.000000000000000000e+00 7.607037425041198730e-01
0.000000000000000000e+00 6.870102286338806152e-01
0.000000000000000000e+00 2.082708477973937988e-01
1.000000000000000000e+00 1.020883396267890930e-01
1.000000000000000000e+00 2.811289764940738678e-02
1.000000000000000000e+00 2.288779802620410919e-02
1.000000000000000000e+00 3.562642261385917664e-02
0.000000000000000000e+00 6.837582588195800781e-02
0.000000000000000000e+00 1.690441071987152100e-01
0.000000000000000000e+00 2.148285061120986938e-01
0.000000000000000000e+00 1.825753450393676758e-01
0.000000000000000000e+00 1.239431351423263550e-01
0.000000000000000000e+00 8.152109384536743164e-02
0.000000000000000000e+00 5.786705762147903442e-02
0.000000000000000000e+00 5.640882626175880432e-02
0.000000000000000000e+00 4.167117550969123840e-02
0.000000000000000000e+00 3.219106420874595642e-02
0.000000000000000000e+00 4.364427551627159119e-02
0.000000000000000000e+00 4.872076585888862610e-02
0.000000000000000000e+00 3.424227237701416016e-02
0.000000000000000000e+00 2.404837682843208313e-02
0.000000000000000000e+00 1.142183784395456314e-02
0.000000000000000000e+00 9.226215071976184845e-03
0.000000000000000000e+00 1.002539973706007004e-02
0.000000000000000000e+00 7.029190659523010254e-03
0.000000000000000000e+00 8.623179048299789429e-03
0.000000000000000000e+00 5.318939220160245895e-03
0.000000000000000000e+00 5.763316527009010315e-03
0.000000000000000000e+00 1.137688197195529938e-02
0.000000000000000000e+00 9.655163623392581940e-03
0.000000000000000000e+00 9.860011190176010132e-02
0.000000000000000000e+00 1.455565243959426880e-01
0.000000000000000000e+00 3.706132173538208008e-01
0.000000000000000000e+00 1.707202047109603882e-01
0.000000000000000000e+00 3.314563333988189697e-01
0.000000000000000000e+00 4.285008311271667480e-01
0.000000000000000000e+00 4.117435216903686523e-01
0.000000000000000000e+00 5.355782508850097656e-01
0.000000000000000000e+00 4.566183984279632568e-01
0.000000000000000000e+00 4.656710326671600342e-01
0.000000000000000000e+00 4.054919481277465820e-01
0.000000000000000000e+00 3.307355344295501709e-01
0.000000000000000000e+00 3.721989393234252930e-01
0.000000000000000000e+00 4.583288729190826416e-01
0.000000000000000000e+00 3.583918213844299316e-01
1.000000000000000000e+00 4.662916362285614014e-01
1.000000000000000000e+00 4.196866750717163086e-01
0.000000000000000000e+00 5.695695281028747559e-01
0.000000000000000000e+00 4.755289852619171143e-01
0.000000000000000000e+00 4.730096757411956787e-01
1.000000000000000000e+00 3.976013064384460449e-01
1.000000000000000000e+00 2.277489751577377319e-01
0.000000000000000000e+00 2.540430128574371338e-01
0.000000000000000000e+00 1.716686338186264038e-01
0.000000000000000000e+00 2.057716250419616699e-01
0.000000000000000000e+00 2.478419691324234009e-01
0.000000000000000000e+00 2.437761425971984863e-01
1.000000000000000000e+00 2.175500988960266113e-01
0.000000000000000000e+00 2.257848083972930908e-01
0.000000000000000000e+00 3.212511241436004639e-01
0.000000000000000000e+00 2.174567431211471558e-01
0.000000000000000000e+00 1.822910457849502563e-01
1.000000000000000000e+00 1.807666569948196411e-01
0.000000000000000000e+00 1.537152975797653198e-01
0.000000000000000000e+00 1.197742074728012085e-01
0.000000000000000000e+00 1.575851887464523315e-01
0.000000000000000000e+00 1.644389629364013672e-01
1.000000000000000000e+00 1.637730002403259277e-01
1.000000000000000000e+00 2.033271938562393188e-01
0.000000000000000000e+00 1.988421678543090820e-01
0.000000000000000000e+00 2.102459669113159180e-01
0.000000000000000000e+00 1.981865614652633667e-01
0.000000000000000000e+00 1.901882439851760864e-01
0.000000000000000000e+00 1.697155088186264038e-01
1.000000000000000000e+00 1.753383278846740723e-01
0.000000000000000000e+00 1.994822621345520020e-01
0.000000000000000000e+00 1.707748621702194214e-01
0.000000000000000000e+00 1.080607250332832336e-01
0.000000000000000000e+00 1.042565628886222839e-01
0.000000000000000000e+00 8.724488317966461182e-02
0.000000000000000000e+00 9.596838802099227905e-02
0.000000000000000000e+00 8.292141556739807129e-02
0.000000000000000000e+00 9.801459312438964844e-02
0.000000000000000000e+00 9.530904144048690796e-02
0.000000000000000000e+00 1.203646883368492126e-01
0.000000000000000000e+00 1.156422868371009827e-01
0.000000000000000000e+00 1.193114817142486572e-01
0.000000000000000000e+00 1.166483685374259949e-01
0.000000000000000000e+00 1.049595028162002563e-01
0.000000000000000000e+00 1.271900981664657593e-01
0.000000000000000000e+00 1.154897883534431458e-01
0.000000000000000000e+00 1.350328624248504639e-01
0.000000000000000000e+00 1.224596723914146423e-01
0.000000000000000000e+00 1.162542849779129028e-01
0.000000000000000000e+00 1.062682718038558960e-01
0.000000000000000000e+00 1.048230677843093872e-01
0.000000000000000000e+00 9.156196564435958862e-02
0.000000000000000000e+00 5.880732461810112000e-02
0.000000000000000000e+00 6.486739218235015869e-02
0.000000000000000000e+00 5.903812497854232788e-02
0.000000000000000000e+00 6.039476767182350159e-02
0.000000000000000000e+00 5.930748954415321350e-02
0.000000000000000000e+00 7.261103391647338867e-02
0.000000000000000000e+00 8.787376433610916138e-02
0.000000000000000000e+00 7.413198053836822510e-02
0.000000000000000000e+00 9.779451414942741394e-03
0.000000000000000000e+00 8.169595152139663696e-03
0.000000000000000000e+00 1.752719283103942871e-02
0.000000000000000000e+00 1.481662690639495850e-02
0.000000000000000000e+00 1.295994035899639130e-02
0.000000000000000000e+00 1.195688359439373016e-02
0.000000000000000000e+00 2.252974174916744232e-02
0.000000000000000000e+00 2.509752288460731506e-02
0.000000000000000000e+00 2.671276591718196869e-02
0.000000000000000000e+00 2.744997292757034302e-02
0.000000000000000000e+00 2.890282869338989258e-02
0.000000000000000000e+00 2.347723580896854401e-02
0.000000000000000000e+00 4.259718209505081177e-02
0.000000000000000000e+00 3.667194768786430359e-02
1.000000000000000000e+00 4.141787439584732056e-02
1.000000000000000000e+00 5.687667429447174072e-02
1.000000000000000000e+00 4.532838985323905945e-02
1.000000000000000000e+00 2.971489913761615753e-02
1.000000000000000000e+00 2.355141565203666687e-02
0.000000000000000000e+00 5.198097974061965942e-02
0.000000000000000000e+00 5.032316967844963074e-02
0.000000000000000000e+00 1.832433342933654785e-01
0.000000000000000000e+00 1.078865006566047668e-01
0.000000000000000000e+00 1.616041660308837891e-01
0.000000000000000000e+00 1.480041146278381348e-01
0.000000000000000000e+00 1.411140710115432739e-01
0.000000000000000000e+00 2.166876494884490967e-01
0.000000000000000000e+00 1.268582791090011597e-01
0.000000000000000000e+00 8.064156025648117065e-02
0.000000000000000000e+00 4.768003523349761963e-02
0.000000000000000000e+00 2.194818854331970215e-02
1.000000000000000000e+00 2.118997275829315186e-02
1.000000000000000000e+00 3.276444971561431885e-02
1.000000000000000000e+00 4.014052078127861023e-02
0.000000000000000000e+00 4.846195131540298462e-02
0.000000000000000000e+00 1.231166049838066101e-01
0.000000000000000000e+00 1.468379199504852295e-01
1.000000000000000000e+00 3.656757175922393799e-01
1.000000000000000000e+00 3.401230275630950928e-01
0.000000000000000000e+00 2.913168668746948242e-01
0.000000000000000000e+00 2.773077785968780518e-01
0.000000000000000000e+00 2.579303979873657227e-01
0.000000000000000000e+00 1.886017471551895142e-01
0.000000000000000000e+00 1.722703576087951660e-01
0.000000000000000000e+00 1.031514406204223633e-01
0.000000000000000000e+00 8.650451153516769409e-02
0.000000000000000000e+00 7.002548128366470337e-02
0.000000000000000000e+00 1.759612262248992920e-01
0.000000000000000000e+00 2.072620838880538940e-01
0.000000000000000000e+00 3.687476813793182373e-01
1.000000000000000000e+00 3.737438321113586426e-01
1.000000000000000000e+00 1.946387737989425659e-01
1.000000000000000000e+00 2.061048597097396851e-01
1.000000000000000000e+00 1.411952972412109375e-01
0.000000000000000000e+00 1.015826538205146790e-01
0.000000000000000000e+00 6.290726363658905029e-02
0.000000000000000000e+00 5.327711626887321472e-02
0.000000000000000000e+00 6.728329509496688843e-02
0.000000000000000000e+00 1.195777654647827148e-01
0.000000000000000000e+00 3.358932733535766602e-01
0.000000000000000000e+00 2.539022862911224365e-01
0.000000000000000000e+00 4.050001204013824463e-01
0.000000000000000000e+00 4.787059724330902100e-01
0.000000000000000000e+00 4.850930869579315186e-01
0.000000000000000000e+00 4.536519050598144531e-01
0.000000000000000000e+00 4.955737888813018799e-01
0.000000000000000000e+00 3.923932611942291260e-01
0.000000000000000000e+00 5.441724061965942383e-01
0.000000000000000000e+00 6.175183057785034180e-01
0.000000000000000000e+00 6.050008535385131836e-01
0.000000000000000000e+00 5.025101304054260254e-01
0.000000000000000000e+00 4.280101954936981201e-01
0.000000000000000000e+00 3.280676305294036865e-01
0.000000000000000000e+00 1.636984199285507202e-01
0.000000000000000000e+00 1.957836598157882690e-01
0.000000000000000000e+00 2.921135425567626953e-01
0.000000000000000000e+00 4.641868174076080322e-01
0.000000000000000000e+00 5.562694668769836426e-01
1.000000000000000000e+00 5.519049763679504395e-01
1.000000000000000000e+00 6.648919582366943359e-01
0.000000000000000000e+00 8.466955423355102539e-01
0.000000000000000000e+00 6.903379559516906738e-01
0.000000000000000000e+00 7.264167070388793945e-01
0.000000000000000000e+00 7.263756990432739258e-01
0.000000000000000000e+00 7.397711873054504395e-01
0.000000000000000000e+00 6.953274011611938477e-01
0.000000000000000000e+00 5.605660080909729004e-01
0.000000000000000000e+00 4.748094081878662109e-01
0.000000000000000000e+00 4.489301443099975586e-01
1.000000000000000000e+00 3.187416493892669678e-01
1.000000000000000000e+00 2.827458381652832031e-01
1.000000000000000000e+00 4.757761955261230469e-01
1.000000000000000000e+00 5.520659089088439941e-01
0.000000000000000000e+00 5.828850865364074707e-01
0.000000000000000000e+00 3.624280095100402832e-01
0.000000000000000000e+00 5.562377572059631348e-01
0.000000000000000000e+00 6.603481173515319824e-01
0.000000000000000000e+00 6.299901008605957031e-01
0.000000000000000000e+00 5.849210619926452637e-01
0.000000000000000000e+00 5.486065149307250977e-01
0.000000000000000000e+00 5.245437026023864746e-01
0.000000000000000000e+00 5.360641479492187500e-01
0.000000000000000000e+00 4.115229845046997070e-01
0.000000000000000000e+00 3.156685531139373779e-01
0.000000000000000000e+00 3.043917119503021240e-01
0.000000000000000000e+00 3.752168118953704834e-01
0.000000000000000000e+00 3.120205998420715332e-01
1.000000000000000000e+00 4.384505748748779297e-01
0.000000000000000000e+00 4.378657639026641846e-01
0.000000000000000000e+00 2.957265377044677734e-01
0.000000000000000000e+00 2.784459590911865234e-01
0.000000000000000000e+00 4.067074060440063477e-01
1.000000000000000000e+00 4.151171147823333740e-01
0.000000000000000000e+00 3.693200945854187012e-01
0.000000000000000000e+00 3.240123987197875977e-01
0.000000000000000000e+00 1.730708479881286621e-01
0.000000000000000000e+00 2.667346000671386719e-01
0.000000000000000000e+00 1.590727120637893677e-01
0.000000000000000000e+00 1.666291505098342896e-01
0.000000000000000000e+00 2.096025645732879639e-01
0.000000000000000000e+00 2.206170856952667236e-01
0.000000000000000000e+00 1.880674958229064941e-01
0.000000000000000000e+00 2.127822488546371460e-01
0.000000000000000000e+00 1.497966051101684570e-01
0.000000000000000000e+00 1.769769936800003052e-01
0.000000000000000000e+00 7.868624478578567505e-02
0.000000000000000000e+00 9.729399532079696655e-02
0.000000000000000000e+00 1.038177534937858582e-01
0.000000000000000000e+00 8.115398138761520386e-02
0.000000000000000000e+00 5.912726745009422302e-02
0.000000000000000000e+00 4.482204094529151917e-02
0.000000000000000000e+00 3.724826872348785400e-02
0.000000000000000000e+00 9.343894571065902710e-02
0.000000000000000000e+00 1.078765243291854858e-01
0.000000000000000000e+00 1.503035724163055420e-01
0.000000000000000000e+00 2.116851359605789185e-01
1.000000000000000000e+00 1.860668510198593140e-01
0.000000000000000000e+00 1.331347078084945679e-01
0.000000000000000000e+00 1.584705710411071777e-01
0.000000000000000000e+00 1.491093486547470093e-01
0.000000000000000000e+00 1.339751631021499634e-01
0.000000000000000000e+00 7.912227511405944824e-02
0.000000000000000000e+00 2.110958099365234375e-01
0.000000000000000000e+00 1.402072310447692871e-01
0.000000000000000000e+00 1.376975178718566895e-01
0.000000000000000000e+00 1.306727230548858643e-01
0.000000000000000000e+00 1.181374266743659973e-01
0.000000000000000000e+00 1.224591434001922607e-01
0.000000000000000000e+00 1.071507856249809265e-01
0.000000000000000000e+00 7.499784231185913086e-02
