0.000000000000000000e+00 3.804795071482658386e-02
0.000000000000000000e+00 3.697123005986213684e-02
0.000000000000000000e+00 2.268911153078079224e-02
0.000000000000000000e+00 1.894380338490009308e-02
0.000000000000000000e+00 1.957649365067481995e-02
0.000000000000000000e+00 2.579003199934959412e-02
0.000000000000000000e+00 2.977672405540943146e-02
0.000000000000000000e+00 3.008858114480972290e-02
0.000000000000000000e+00 1.977086253464221954e-02
0.000000000000000000e+00 1.962914317846298218e-02
0.000000000000000000e+00 2.570861950516700745e-02
0.000000000000000000e+00 4.010901972651481628e-02
0.000000000000000000e+00 5.483578890562057495e-02
0.000000000000000000e+00 1.064005866646766663e-01
0.000000000000000000e+00 1.154787093400955200e-01
0.000000000000000000e+00 1.584044545888900757e-01
0.000000000000000000e+00 1.063693761825561523e-01
0.000000000000000000e+00 1.447713673114776611e-01
0.000000000000000000e+00 1.514620035886764526e-01
0.000000000000000000e+00 1.536723226308822632e-01
0.000000000000000000e+00 1.098849698901176453e-01
0.000000000000000000e+00 1.286287605762481689e-01
0.000000000000000000e+00 1.374821066856384277e-01
0.000000000000000000e+00 1.274517476558685303e-01
0.000000000000000000e+00 7.475181668996810913e-02
0.000000000000000000e+00 5.715848878026008606e-02
0.000000000000000000e+00 2.721357345581054688e-02
0.000000000000000000e+00 2.030757255852222443e-02
0.000000000000000000e+00 1.426547672599554062e-02
0.000000000000000000e+00 1.094994693994522095e-02
0.000000000000000000e+00 6.743452977389097214e-03
0.000000000000000000e+00 4.310052376240491867e-03
0.000000000000000000e+00 3.052080282941460609e-03
0.000000000000000000e+00 3.581919008865952492e-03
0.000000000000000000e+00 3.424386261031031609e-03
0.000000000000000000e+00 3.251673653721809387e-03
0.000000000000000000e+00 3.812717041000723839e-03
0.000000000000000000e+00 6.165993399918079376e-03
0.000000000000000000e+00 4.553942941129207611e-03
0.000000000000000000e+00 5.491521209478378296e-03
0.000000000000000000e+00 3.532074391841888428e-03
0.000000000000000000e+00 4.241538699716329575e-03
0.000000000000000000e+00 2.901881234720349312e-03
0.000000000000000000e+00 5.104671698063611984e-03
0.000000000000000000e+00 4.363125655800104141e-03
0.000000000000000000e+00 5.943857599049806595e-03
0.000000000000000000e+00 1.008140295743942261e-02
0.000000000000000000e+00 7.297908421605825424e-03
0.000000000000000000e+00 1.076612714678049088e-02
0.000000000000000000e+00 9.664665907621383667e-03
0.000000000000000000e+00 6.693206261843442917e-03
0.000000000000000000e+00 5.328905768692493439e-03
0.000000000000000000e+00 5.711216945201158524e-03
0.000000000000000000e+00 6.433333735913038254e-03
0.000000000000000000e+00 1.245727203786373138e-02
0.000000000000000000e+00 8.170390501618385315e-03
0.000000000000000000e+00 1.368667744100093842e-02
0.000000000000000000e+00 1.027998793870210648e-02
0.000000000000000000e+00 9.018404409289360046e-03
0.000000000000000000e+00 4.593922756612300873e-03
0.000000000000000000e+00 4.990533925592899323e-03
0.000000000000000000e+00 8.756415918469429016e-03
0.000000000000000000e+00 1.108971703797578812e-02
0.000000000000000000e+00 9.195826947689056396e-03
0.000000000000000000e+00 1.542921736836433411e-02
0.000000000000000000e+00 1.631433516740798950e-02
0.000000000000000000e+00 2.180550247430801392e-02
0.000000000000000000e+00 2.477862685918807983e-02
0.000000000000000000e+00 2.252051793038845062e-02
0.000000000000000000e+00 2.446479350328445435e-02
0.000000000000000000e+00 1.858346723020076752e-02
0.000000000000000000e+00 1.918456517159938812e-02
0.000000000000000000e+00 1.672051660716533661e-02
0.000000000000000000e+00 1.683787070214748383e-02
0.000000000000000000e+00 1.879785023629665375e-02
0.000000000000000000e+00 1.238288078457117081e-02
0.000000000000000000e+00 3.259814158082008362e-02
0.000000000000000000e+00 4.031375050544738770e-02
0.000000000000000000e+00 5.541134998202323914e-02
0.000000000000000000e+00 7.943274080753326416e-02
0.000000000000000000e+00 1.586695015430450439e-01
0.000000000000000000e+00 1.231717020273208618e-01
0.000000000000000000e+00 1.293361783027648926e-01
0.000000000000000000e+00 9.973906725645065308e-02
0.000000000000000000e+00 7.316014915704727173e-02
0.000000000000000000e+00 4.812168702483177185e-02
0.000000000000000000e+00 4.475473985075950623e-02
0.000000000000000000e+00 6.178233027458190918e-02
0.000000000000000000e+00 1.056351885199546814e-01
0.000000000000000000e+00 8.809296786785125732e-02
0.000000000000000000e+00 5.152355134487152100e-02
0.000000000000000000e+00 7.612320780754089355e-02
0.000000000000000000e+00 9.306593239307403564e-02
0.000000000000000000e+00 9.745670855045318604e-02
0.000000000000000000e+00 5.949521437287330627e-02
0.000000000000000000e+00 7.160285860300064087e-02
1.000000000000000000e+00 5.226882547140121460e-02
1.000000000000000000e+00 5.355136096477508545e-02
0.000000000000000000e+00 2.585792355239391327e-02
0.000000000000000000e+00 4.319682344794273376e-02
0.000000000000000000e+00 3.770762681961059570e-02
0.000000000000000000e+00 3.075787238776683807e-02
0.000000000000000000e+00 3.632029518485069275e-02
0.000000000000000000e+00 4.212311282753944397e-02
0.000000000000000000e+00 1.437994278967380524e-02
0.000000000000000000e+00 9.192329831421375275e-03
0.000000000000000000e+00 5.296041257679462433e-03
1.000000000000000000e+00 4.384247120469808578e-03
1.000000000000000000e+00 2.321346430107951164e-03
1.000000000000000000e+00 2.215238520875573158e-03
1.000000000000000000e+00 2.370853908360004425e-03
0.000000000000000000e+00 2.700481330975890160e-03
0.000000000000000000e+00 2.707346575334668159e-03
0.000000000000000000e+00 2.459636423736810684e-03
0.000000000000000000e+00 1.621082192286849022e-03
0.000000000000000000e+00 2.162434160709381104e-03
0.000000000000000000e+00 4.299332853406667709e-03
0.000000000000000000e+00 5.099498666822910309e-03
0.000000000000000000e+00 6.769597064703702927e-03
0.000000000000000000e+00 1.766444183886051178e-02
0.000000000000000000e+00 2.112994529306888580e-02
0.000000000000000000e+00 1.233459543436765671e-02
0.000000000000000000e+00 1.583183370530605316e-02
0.000000000000000000e+00 1.201595738530158997e-02
0.000000000000000000e+00 2.049319632351398468e-02
0.000000000000000000e+00 1.556127890944480896e-02
0.000000000000000000e+00 2.891553379595279694e-02
0.000000000000000000e+00 3.959092870354652405e-02
0.000000000000000000e+00 5.683229118585586548e-02
0.000000000000000000e+00 6.502910703420639038e-02
0.000000000000000000e+00 6.966921687126159668e-02
0.000000000000000000e+00 6.514569371938705444e-02
0.000000000000000000e+00 9.600982069969177246e-02
0.000000000000000000e+00 1.404743492603302002e-01
0.000000000000000000e+00 2.910222113132476807e-01
0.000000000000000000e+00 2.734789848327636719e-01
0.000000000000000000e+00 4.182520210742950439e-01
0.000000000000000000e+00 4.945560395717620850e-01
0.000000000000000000e+00 5.329836010932922363e-01
0.000000000000000000e+00 4.427203238010406494e-01
0.000000000000000000e+00 2.134544998407363892e-01
0.000000000000000000e+00 1.331635713577270508e-01
0.000000000000000000e+00 3.775954246520996094e-02
0.000000000000000000e+00 4.847046360373497009e-02
0.000000000000000000e+00 1.787121407687664032e-02
0.000000000000000000e+00 8.798062801361083984e-03
0.000000000000000000e+00 8.793797343969345093e-03
0.000000000000000000e+00 4.130790941417217255e-03
0.000000000000000000e+00 1.541372737847268581e-03
0.000000000000000000e+00 8.521252893842756748e-04
0.000000000000000000e+00 1.680255122482776642e-02
0.000000000000000000e+00 3.157090023159980774e-02
0.000000000000000000e+00 2.770051918923854828e-02
0.000000000000000000e+00 4.088404774665832520e-02
0.000000000000000000e+00 4.729845374822616577e-02
0.000000000000000000e+00 1.120122000575065613e-01
0.000000000000000000e+00 1.710267513990402222e-01
0.000000000000000000e+00 1.914069205522537231e-01
0.000000000000000000e+00 2.480798214673995972e-01
0.000000000000000000e+00 2.347879707813262939e-01
0.000000000000000000e+00 3.895266354084014893e-01
0.000000000000000000e+00 3.436407148838043213e-01
0.000000000000000000e+00 3.593766987323760986e-01
0.000000000000000000e+00 4.435042440891265869e-01
0.000000000000000000e+00 5.630784630775451660e-01
0.000000000000000000e+00 3.526897728443145752e-01
0.000000000000000000e+00 4.732615351676940918e-01
0.000000000000000000e+00 3.484329879283905029e-01
0.000000000000000000e+00 5.013691782951354980e-01
0.000000000000000000e+00 5.151275396347045898e-01
0.000000000000000000e+00 5.603172183036804199e-01
0.000000000000000000e+00 5.438880920410156250e-01
0.000000000000000000e+00 7.406089305877685547e-01
0.000000000000000000e+00 8.356009721755981445e-01
0.000000000000000000e+00 9.026072621345520020e-01
0.000000000000000000e+00 8.883523344993591309e-01
0.000000000000000000e+00 9.378160834312438965e-01
0.000000000000000000e+00 8.792459964752197266e-01
0.000000000000000000e+00 9.312679171562194824e-01
0.000000000000000000e+00 9.108142256736755371e-01
0.000000000000000000e+00 9.045648574829101562e-01
0.000000000000000000e+00 7.815033793449401855e-01
0.000000000000000000e+00 7.800223827362060547e-01
0.000000000000000000e+00 8.149880766868591309e-01
0.000000000000000000e+00 7.085761427879333496e-01
0.000000000000000000e+00 4.215115010738372803e-01
0.000000000000000000e+00 4.642864167690277100e-01
0.000000000000000000e+00 3.922328948974609375e-01
0.000000000000000000e+00 1.685569137334823608e-01
0.000000000000000000e+00 1.604913175106048584e-01
0.000000000000000000e+00 1.264707148075103760e-01
0.000000000000000000e+00 1.315176486968994141e-01
0.000000000000000000e+00 8.655621856451034546e-02
0.000000000000000000e+00 7.187154144048690796e-02
0.000000000000000000e+00 1.057836264371871948e-01
0.000000000000000000e+00 1.392773836851119995e-01
0.000000000000000000e+00 1.036955267190933228e-01
0.000000000000000000e+00 1.351312696933746338e-01
0.000000000000000000e+00 1.422770470380783081e-01
0.000000000000000000e+00 1.043768078088760376e-01
0.000000000000000000e+00 1.451909840106964111e-01
0.000000000000000000e+00 2.020862400531768799e-01
0.000000000000000000e+00 1.972023546695709229e-01
0.000000000000000000e+00 1.612135916948318481e-01
0.000000000000000000e+00 2.450619488954544067e-01
0.000000000000000000e+00 3.598105907440185547e-01
0.000000000000000000e+00 3.487524390220642090e-01
0.000000000000000000e+00 4.008613824844360352e-01
0.000000000000000000e+00 2.980050146579742432e-01
0.000000000000000000e+00 4.608351588249206543e-01
0.000000000000000000e+00 3.244321644306182861e-01
0.000000000000000000e+00 2.868575453758239746e-01
0.000000000000000000e+00 2.604559063911437988e-01
0.000000000000000000e+00 2.223887294530868530e-01
0.000000000000000000e+00 1.014666333794593811e-01
0.000000000000000000e+00 6.519898772239685059e-02
0.000000000000000000e+00 6.343244761228561401e-02
0.000000000000000000e+00 1.855879835784435272e-02
0.000000000000000000e+00 2.419685572385787964e-02
0.000000000000000000e+00 1.145921088755130768e-02
0.000000000000000000e+00 9.857793338596820831e-03
0.000000000000000000e+00 6.244885735213756561e-03
0.000000000000000000e+00 6.715287920087575912e-03
0.000000000000000000e+00 5.859207827597856522e-03
0.000000000000000000e+00 7.193283643573522568e-03
0.000000000000000000e+00 1.941255778074264526e-01
0.000000000000000000e+00 1.300625950098037720e-01
0.000000000000000000e+00 1.919722259044647217e-01
0.000000000000000000e+00 1.991295218467712402e-01
0.000000000000000000e+00 1.110324338078498840e-01
0.000000000000000000e+00 1.107994616031646729e-01
0.000000000000000000e+00 8.188739418983459473e-02
0.000000000000000000e+00 1.012161076068878174e-01
0.000000000000000000e+00 1.276357322931289673e-01
0.000000000000000000e+00 1.843404173851013184e-01
0.000000000000000000e+00 2.131400257349014282e-01
0.000000000000000000e+00 2.013472914695739746e-01
0.000000000000000000e+00 1.879421472549438477e-01
0.000000000000000000e+00 3.025592863559722900e-01
0.000000000000000000e+00 4.037350118160247803e-01
0.000000000000000000e+00 3.388019204139709473e-01
0.000000000000000000e+00 3.798393011093139648e-01
0.000000000000000000e+00 4.364044368267059326e-01
0.000000000000000000e+00 4.997711777687072754e-01
0.000000000000000000e+00 4.614882767200469971e-01
0.000000000000000000e+00 4.233116507530212402e-01
0.000000000000000000e+00 4.234900176525115967e-01
0.000000000000000000e+00 4.039982259273529053e-01
0.000000000000000000e+00 4.373038411140441895e-01
0.000000000000000000e+00 4.690618216991424561e-01
0.000000000000000000e+00 5.068517327308654785e-01
0.000000000000000000e+00 5.847846269607543945e-01
0.000000000000000000e+00 4.987901449203491211e-01
0.000000000000000000e+00 6.387360095977783203e-01
0.000000000000000000e+00 4.453416764736175537e-01
0.000000000000000000e+00 4.452688097953796387e-01
0.000000000000000000e+00 3.226877450942993164e-01
0.000000000000000000e+00 2.661415040493011475e-01
0.000000000000000000e+00 2.193593829870223999e-01
0.000000000000000000e+00 3.931961953639984131e-01
0.000000000000000000e+00 3.535558581352233887e-01
0.000000000000000000e+00 3.666902482509613037e-01
0.000000000000000000e+00 3.751283288002014160e-01
0.000000000000000000e+00 2.570345401763916016e-01
0.000000000000000000e+00 2.860650718212127686e-01
0.000000000000000000e+00 3.485348522663116455e-01
0.000000000000000000e+00 3.430677056312561035e-01
0.000000000000000000e+00 2.650742232799530029e-01
0.000000000000000000e+00 2.550596892833709717e-01
0.000000000000000000e+00 3.232541084289550781e-01
0.000000000000000000e+00 3.152179419994354248e-01
0.000000000000000000e+00 3.289343416690826416e-01
0.000000000000000000e+00 3.648752570152282715e-01
0.000000000000000000e+00 2.731412053108215332e-01
0.000000000000000000e+00 3.100369870662689209e-01
0.000000000000000000e+00 4.784247577190399170e-01
0.000000000000000000e+00 3.812217712402343750e-01
0.000000000000000000e+00 3.667560517787933350e-01
0.000000000000000000e+00 3.541207611560821533e-01
0.000000000000000000e+00 2.975051701068878174e-01
0.000000000000000000e+00 2.918039858341217041e-01
0.000000000000000000e+00 2.639514505863189697e-01
0.000000000000000000e+00 2.040010839700698853e-01
0.000000000000000000e+00 2.333847582340240479e-01
0.000000000000000000e+00 2.066447436809539795e-01
0.000000000000000000e+00 3.632569611072540283e-01
0.000000000000000000e+00 2.235742956399917603e-01
0.000000000000000000e+00 2.406313121318817139e-01
0.000000000000000000e+00 2.984166145324707031e-01
0.000000000000000000e+00 1.758403480052947998e-01
0.000000000000000000e+00 3.370407819747924805e-01
0.000000000000000000e+00 1.881834715604782104e-01
0.000000000000000000e+00 2.910748720169067383e-01
0.000000000000000000e+00 2.424313873052597046e-01
0.000000000000000000e+00 3.844538629055023193e-01
0.000000000000000000e+00 2.214480936527252197e-01
0.000000000000000000e+00 3.373777568340301514e-01
0.000000000000000000e+00 2.411174178123474121e-01
0.000000000000000000e+00 2.119459509849548340e-01
0.000000000000000000e+00 1.551856696605682373e-01
0.000000000000000000e+00 4.071043804287910461e-02
0.000000000000000000e+00 4.114973917603492737e-02
0.000000000000000000e+00 4.343784227967262268e-02
0.000000000000000000e+00 6.192540749907493591e-02
0.000000000000000000e+00 5.730229243636131287e-02
0.000000000000000000e+00 4.857609048485755920e-02
0.000000000000000000e+00 5.004405230283737183e-02
0.000000000000000000e+00 3.738244250416755676e-02
0.000000000000000000e+00 4.331571981310844421e-02
0.000000000000000000e+00 3.650922700762748718e-02
0.000000000000000000e+00 3.252909332513809204e-02
0.000000000000000000e+00 3.111248090863227844e-02
0.000000000000000000e+00 4.225444793701171875e-02
0.000000000000000000e+00 4.716649651527404785e-02
0.000000000000000000e+00 5.625270679593086243e-02
0.000000000000000000e+00 7.245902717113494873e-02
0.000000000000000000e+00 1.455885171890258789e-01
0.000000000000000000e+00 8.516623079776763916e-02
0.000000000000000000e+00 1.787705123424530029e-01
0.000000000000000000e+00 1.388887465000152588e-01
0.000000000000000000e+00 2.179174423217773438e-01
0.000000000000000000e+00 2.235222607851028442e-01
0.000000000000000000e+00 2.076128870248794556e-01
0.000000000000000000e+00 2.156580239534378052e-01
0.000000000000000000e+00 2.352195382118225098e-01
0.000000000000000000e+00 1.622020006179809570e-01
1.000000000000000000e+00 1.218608543276786804e-01
1.000000000000000000e+00 1.416100263595581055e-01
1.000000000000000000e+00 7.610853016376495361e-02
0.000000000000000000e+00 1.114668250083923340e-01
0.000000000000000000e+00 2.169733196496963501e-01
0.000000000000000000e+00 2.978779077529907227e-01
0.000000000000000000e+00 4.104895591735839844e-01
0.000000000000000000e+00 2.892230153083801270e-01
0.000000000000000000e+00 1.157852783799171448e-01
0.000000000000000000e+00 7.306935638189315796e-02
0.000000000000000000e+00 5.303266271948814392e-02
0.000000000000000000e+00 1.011361833661794662e-02
0.000000000000000000e+00 7.146232761442661285e-03
0.000000000000000000e+00 4.786384291946887970e-03
0.000000000000000000e+00 1.266701892018318176e-02
0.000000000000000000e+00 2.734150364995002747e-02
0.000000000000000000e+00 3.554819896817207336e-02
0.000000000000000000e+00 3.516166657209396362e-02
0.000000000000000000e+00 9.531442075967788696e-02
0.000000000000000000e+00 4.299386218190193176e-02
0.000000000000000000e+00 4.438834637403488159e-02
0.000000000000000000e+00 5.127088725566864014e-02
0.000000000000000000e+00 4.985247552394866943e-02
0.000000000000000000e+00 9.272357076406478882e-02
0.000000000000000000e+00 1.792736947536468506e-01
0.000000000000000000e+00 1.880478560924530029e-01
0.000000000000000000e+00 2.112108618021011353e-01
0.000000000000000000e+00 2.426397651433944702e-01
0.000000000000000000e+00 1.889566332101821899e-01
0.000000000000000000e+00 1.513830721378326416e-01
0.000000000000000000e+00 1.747826188802719116e-01
0.000000000000000000e+00 1.595361232757568359e-01
0.000000000000000000e+00 1.737635433673858643e-01
0.000000000000000000e+00 1.840326637029647827e-01
0.000000000000000000e+00 1.282898634672164917e-01
0.000000000000000000e+00 8.876801282167434692e-02
0.000000000000000000e+00 1.050788760185241699e-01
0.000000000000000000e+00 9.497311711311340332e-02
0.000000000000000000e+00 3.935041278600692749e-02
0.000000000000000000e+00 4.050573334097862244e-02
0.000000000000000000e+00 5.167195573449134827e-02
0.000000000000000000e+00 3.418234735727310181e-02
0.000000000000000000e+00 2.445951849222183228e-02
0.000000000000000000e+00 2.811747230589389801e-02
0.000000000000000000e+00 2.355093136429786682e-02
0.000000000000000000e+00 3.550763055682182312e-02
0.000000000000000000e+00 3.521256148815155029e-02
0.000000000000000000e+00 2.741155959665775299e-02
0.000000000000000000e+00 3.325945511460304260e-02
0.000000000000000000e+00 2.497288398444652557e-03
0.000000000000000000e+00 5.157024133950471878e-03
0.000000000000000000e+00 4.732621368020772934e-03
0.000000000000000000e+00 4.020404070615768433e-03
0.000000000000000000e+00 4.400106612592935562e-03
0.000000000000000000e+00 5.454963073134422302e-03
0.000000000000000000e+00 6.619047373533248901e-03
0.000000000000000000e+00 9.752788580954074860e-03
0.000000000000000000e+00 7.330279797315597534e-03
0.000000000000000000e+00 1.186387613415718079e-02
0.000000000000000000e+00 1.635348424315452576e-02
0.000000000000000000e+00 2.501738257706165314e-02
0.000000000000000000e+00 4.048063233494758606e-02
0.000000000000000000e+00 8.645603060722351074e-02
0.000000000000000000e+00 8.045061677694320679e-02
0.000000000000000000e+00 1.273489892482757568e-01
0.000000000000000000e+00 1.588420867919921875e-01
0.000000000000000000e+00 1.565296500921249390e-01
0.000000000000000000e+00 2.267064452171325684e-01
0.000000000000000000e+00 1.472639143466949463e-01
0.000000000000000000e+00 1.131710708141326904e-01
0.000000000000000000e+00 9.749989956617355347e-02
0.000000000000000000e+00 7.518217712640762329e-02
0.000000000000000000e+00 6.653620302677154541e-02
0.000000000000000000e+00 5.287620797753334045e-02
0.000000000000000000e+00 2.497781813144683838e-02
0.000000000000000000e+00 2.175898291170597076e-02
0.000000000000000000e+00 1.812758855521678925e-02
0.000000000000000000e+00 1.114411931484937668e-02
0.000000000000000000e+00 5.804601125419139862e-03
0.000000000000000000e+00 6.475905887782573700e-03
0.000000000000000000e+00 6.898079533129930496e-03
0.000000000000000000e+00 5.892135202884674072e-03
0.000000000000000000e+00 5.245590116828680038e-03
0.000000000000000000e+00 5.449556279927492142e-03
0.000000000000000000e+00 6.915627513080835342e-03
0.000000000000000000e+00 8.230922743678092957e-03
0.000000000000000000e+00 7.510495837777853012e-03
0.000000000000000000e+00 5.688500590622425079e-03
0.000000000000000000e+00 9.166421368718147278e-03
0.000000000000000000e+00 1.100512314587831497e-02
0.000000000000000000e+00 1.352860964834690094e-02
0.000000000000000000e+00 2.419109083712100983e-02
0.000000000000000000e+00 3.234713897109031677e-02
0.000000000000000000e+00 5.499262362718582153e-02
0.000000000000000000e+00 8.686318248510360718e-02
0.000000000000000000e+00 7.886160910129547119e-02
0.000000000000000000e+00 4.595272243022918701e-02
0.000000000000000000e+00 1.667789928615093231e-02
0.000000000000000000e+00 1.549584791064262390e-02
0.000000000000000000e+00 7.204888854175806046e-03
0.000000000000000000e+00 6.559263449162244797e-03
0.000000000000000000e+00 7.342103868722915649e-03
0.000000000000000000e+00 8.042916655540466309e-03
0.000000000000000000e+00 6.769529543817043304e-03
0.000000000000000000e+00 1.084352191537618637e-02
0.000000000000000000e+00 8.166106417775154114e-03
0.000000000000000000e+00 6.193007808178663254e-03
0.000000000000000000e+00 6.270386744290590286e-03
0.000000000000000000e+00 5.316301248967647552e-03
0.000000000000000000e+00 2.979071810841560364e-03
0.000000000000000000e+00 3.668266348540782928e-03
0.000000000000000000e+00 2.294374862685799599e-03
0.000000000000000000e+00 5.834852345287799835e-03
0.000000000000000000e+00 7.311494089663028717e-03
0.000000000000000000e+00 7.250157650560140610e-03
0.000000000000000000e+00 8.650334551930427551e-03
0.000000000000000000e+00 5.592899862676858902e-03
0.000000000000000000e+00 6.807441357523202896e-03
0.000000000000000000e+00 5.429847631603479385e-03
0.000000000000000000e+00 4.109619185328483582e-03
0.000000000000000000e+00 2.972360467538237572e-03
0.000000000000000000e+00 3.002869198098778725e-03
0.000000000000000000e+00 5.892889574170112610e-03
0.000000000000000000e+00 7.961528375744819641e-03
0.000000000000000000e+00 4.255443345755338669e-03
0.000000000000000000e+00 3.767562797293066978e-03
0.000000000000000000e+00 4.543615505099296570e-03
0.000000000000000000e+00 5.459388252347707748e-03
0.000000000000000000e+00 4.754272289574146271e-03
0.000000000000000000e+00 8.499838411808013916e-03
0.000000000000000000e+00 1.240375079214572906e-02
0.000000000000000000e+00 1.905782520771026611e-02
0.000000000000000000e+00 2.740491367876529694e-02
0.000000000000000000e+00 2.519586496055126190e-02
0.000000000000000000e+00 2.727619186043739319e-02
0.000000000000000000e+00 2.485286630690097809e-02
0.000000000000000000e+00 3.043312579393386841e-02
0.000000000000000000e+00 3.456855565309524536e-02
0.000000000000000000e+00 2.872507274150848389e-02
0.000000000000000000e+00 2.589773200452327728e-02
1.000000000000000000e+00 1.942451111972332001e-02
0.000000000000000000e+00 1.876115053892135620e-02
0.000000000000000000e+00 1.473694015294313431e-02
0.000000000000000000e+00 3.527286648750305176e-02
0.000000000000000000e+00 4.583495110273361206e-02
0.000000000000000000e+00 1.364858895540237427e-01
0.000000000000000000e+00 1.968606859445571899e-01
0.000000000000000000e+00 2.689076960086822510e-01
0.000000000000000000e+00 1.348428577184677124e-01
0.000000000000000000e+00 1.750037521123886108e-01
0.000000000000000000e+00 1.349537968635559082e-01
0.000000000000000000e+00 1.161628440022468567e-01
0.000000000000000000e+00 6.027501448988914490e-02
0.000000000000000000e+00 3.451299667358398438e-02
0.000000000000000000e+00 1.177958026528358459e-02
0.000000000000000000e+00 7.525620516389608383e-03
0.000000000000000000e+00 7.124861236661672592e-03
0.000000000000000000e+00 3.801946993917226791e-03
0.000000000000000000e+00 3.783963387832045555e-03
0.000000000000000000e+00 3.922139760106801987e-03
0.000000000000000000e+00 3.590306965634226799e-03
0.000000000000000000e+00 1.589086651802062988e-02
0.000000000000000000e+00 1.112696528434753418e-02
0.000000000000000000e+00 9.633210487663745880e-03
0.000000000000000000e+00 1.823889836668968201e-02
0.000000000000000000e+00 2.764704450964927673e-02
0.000000000000000000e+00 2.945075929164886475e-02
0.000000000000000000e+00 3.290431573987007141e-02
0.000000000000000000e+00 1.296395342797040939e-02
0.000000000000000000e+00 1.517614442855119705e-02
0.000000000000000000e+00 3.846534341573715210e-02
0.000000000000000000e+00 6.095194071531295776e-02
0.000000000000000000e+00 1.149370372295379639e-01
0.000000000000000000e+00 1.231369897723197937e-01
0.000000000000000000e+00 2.367345392704010010e-01
0.000000000000000000e+00 1.236968263983726501e-01
0.000000000000000000e+00 7.038726657629013062e-02
0.000000000000000000e+00 3.554162755608558655e-02
0.000000000000000000e+00 1.054609473794698715e-02
0.000000000000000000e+00 6.580666173249483109e-03
0.000000000000000000e+00 3.101123496890068054e-03
0.000000000000000000e+00 6.875645834952592850e-03
0.000000000000000000e+00 8.851922117173671722e-03
0.000000000000000000e+00 1.395926065742969513e-02
0.000000000000000000e+00 1.741508021950721741e-02
0.000000000000000000e+00 2.784471400082111359e-02
0.000000000000000000e+00 1.065500918775796890e-02
0.000000000000000000e+00 3.338448330760002136e-02
0.000000000000000000e+00 3.817563131451606750e-02
0.000000000000000000e+00 7.230878621339797974e-02
0.000000000000000000e+00 1.112517490983009338e-01
0.000000000000000000e+00 2.048296481370925903e-01
0.000000000000000000e+00 2.596895992755889893e-01
0.000000000000000000e+00 2.547381818294525146e-01
0.000000000000000000e+00 2.887018620967864990e-01
0.000000000000000000e+00 1.937380880117416382e-01
0.000000000000000000e+00 1.615978032350540161e-01
0.000000000000000000e+00 1.084686294198036194e-01
0.000000000000000000e+00 8.027479052543640137e-02
0.000000000000000000e+00 2.346865221625193954e-05
0.000000000000000000e+00 4.714958777185529470e-05
0.000000000000000000e+00 5.666806464432738721e-05
0.000000000000000000e+00 8.017924119485542178e-05
0.000000000000000000e+00 1.427998504368588328e-04
0.000000000000000000e+00 2.174057008232921362e-04
0.000000000000000000e+00 3.979658649768680334e-04
0.000000000000000000e+00 3.927924262825399637e-04
0.000000000000000000e+00 4.277765692677348852e-04
0.000000000000000000e+00 4.404443607199937105e-04
0.000000000000000000e+00 8.747785468585789204e-04
0.000000000000000000e+00 8.604520699009299278e-04
0.000000000000000000e+00 1.031509949825704098e-03
0.000000000000000000e+00 1.162935514003038406e-03
0.000000000000000000e+00 1.092718215659260750e-03
0.000000000000000000e+00 1.441559754312038422e-03
1.000000000000000000e+00 1.553746988065540791e-03
0.000000000000000000e+00 1.172838616184890270e-03
0.000000000000000000e+00 1.990895485505461693e-03
0.000000000000000000e+00 2.227845834568142891e-03
0.000000000000000000e+00 3.734818659722805023e-03
0.000000000000000000e+00 4.430325236171483994e-03
0.000000000000000000e+00 4.260192159563302994e-03
0.000000000000000000e+00 8.845478296279907227e-03
0.000000000000000000e+00 3.280504606664180756e-03
0.000000000000000000e+00 2.830538433045148849e-03
0.000000000000000000e+00 1.669053803198039532e-03
0.000000000000000000e+00 8.856871281750500202e-04
0.000000000000000000e+00 5.163062596693634987e-04
0.000000000000000000e+00 2.814793551806360483e-04
0.000000000000000000e+00 1.886558311525732279e-04
0.000000000000000000e+00 1.061489238054491580e-04
0.000000000000000000e+00 4.146370702073909342e-05
0.000000000000000000e+00 2.165946170862298459e-05
0.000000000000000000e+00 1.416584836988477036e-05
0.000000000000000000e+00 9.402237083122599870e-06
0.000000000000000000e+00 6.197249604156240821e-06
0.000000000000000000e+00 6.933558779564918950e-06
0.000000000000000000e+00 4.043680746690370142e-06
0.000000000000000000e+00 2.871457809305866249e-06
0.000000000000000000e+00 1.515542749075393658e-06
0.000000000000000000e+00 1.990843202293035574e-06
0.000000000000000000e+00 1.828162567107938230e-06
0.000000000000000000e+00 1.049074626280344091e-06
0.000000000000000000e+00 1.058595103131665383e-06
0.000000000000000000e+00 1.201084842250565998e-06
0.000000000000000000e+00 1.417894281985354610e-06
0.000000000000000000e+00 2.259723032693727873e-06
0.000000000000000000e+00 3.462392214714782313e-06
0.000000000000000000e+00 3.529890136633184738e-06
0.000000000000000000e+00 3.746805759874405339e-06
0.000000000000000000e+00 1.813110884540947154e-06
0.000000000000000000e+00 1.423473577233380638e-06
0.000000000000000000e+00 1.096088453778065741e-06
0.000000000000000000e+00 3.867880877805873752e-07
0.000000000000000000e+00 7.194745990091178101e-07
0.000000000000000000e+00 7.991222332748293411e-07
0.000000000000000000e+00 4.322094468989234883e-07
0.000000000000000000e+00 3.749983648049237672e-07
0.000000000000000000e+00 3.904742982285824837e-07
0.000000000000000000e+00 5.159005809218797367e-07
0.000000000000000000e+00 4.044684374093776569e-07
0.000000000000000000e+00 6.896056561345176306e-07
0.000000000000000000e+00 6.378929242600861471e-07
0.000000000000000000e+00 8.109537930067745037e-07
0.000000000000000000e+00 1.193294906443043146e-06
0.000000000000000000e+00 1.091676722353440709e-06
0.000000000000000000e+00 1.246629153683898039e-06
0.000000000000000000e+00 1.185555447591468692e-06
0.000000000000000000e+00 1.611870288797945250e-06
0.000000000000000000e+00 1.951164222191437148e-06
0.000000000000000000e+00 2.248505779789411463e-06
0.000000000000000000e+00 2.094020146614639089e-06
0.000000000000000000e+00 2.868556748580886051e-06
0.000000000000000000e+00 3.679729161376599222e-06
