0.000000000000000000e+00 6.131572723388671875e-01
0.000000000000000000e+00 5.485768318176269531e-01
0.000000000000000000e+00 4.312554299831390381e-01
0.000000000000000000e+00 2.730740010738372803e-01
0.000000000000000000e+00 2.575015127658843994e-01
0.000000000000000000e+00 2.113050222396850586e-01
0.000000000000000000e+00 2.556777298450469971e-01
0.000000000000000000e+00 2.722524702548980713e-01
0.000000000000000000e+00 3.314183652400970459e-01
0.000000000000000000e+00 3.555991649627685547e-01
0.000000000000000000e+00 3.991753160953521729e-01
0.000000000000000000e+00 5.591650009155273438e-01
0.000000000000000000e+00 5.742233395576477051e-01
0.000000000000000000e+00 7.256597876548767090e-01
0.000000000000000000e+00 7.146402597427368164e-01
1.000000000000000000e+00 6.903774738311767578e-01
1.000000000000000000e+00 7.073786854743957520e-01
1.000000000000000000e+00 6.450731754302978516e-01
0.000000000000000000e+00 6.075798869132995605e-01
0.000000000000000000e+00 4.769753813743591309e-01
0.000000000000000000e+00 4.294751286506652832e-01
0.000000000000000000e+00 4.619222581386566162e-01
0.000000000000000000e+00 4.819405972957611084e-01
0.000000000000000000e+00 4.642515778541564941e-01
0.000000000000000000e+00 4.552403390407562256e-01
0.000000000000000000e+00 5.290545225143432617e-01
0.000000000000000000e+00 6.805486083030700684e-01
1.000000000000000000e+00 7.325436472892761230e-01
0.000000000000000000e+00 7.925880551338195801e-01
0.000000000000000000e+00 6.556624174118041992e-01
0.000000000000000000e+00 5.780989527702331543e-01
0.000000000000000000e+00 4.364611208438873291e-01
1.000000000000000000e+00 3.292026221752166748e-01
0.000000000000000000e+00 2.514190971851348877e-01
0.000000000000000000e+00 2.707819044589996338e-01
0.000000000000000000e+00 3.151225447654724121e-01
0.000000000000000000e+00 4.662066400051116943e-01
1.000000000000000000e+00 6.055237650871276855e-01
1.000000000000000000e+00 6.459466218948364258e-01
0.000000000000000000e+00 6.671686768531799316e-01
0.000000000000000000e+00 6.468909978866577148e-01
0.000000000000000000e+00 5.526445508003234863e-01
0.000000000000000000e+00 4.699287414550781250e-01
0.000000000000000000e+00 4.429987668991088867e-01
0.000000000000000000e+00 3.845269381999969482e-01
0.000000000000000000e+00 3.494640886783599854e-01
0.000000000000000000e+00 3.161571621894836426e-01
0.000000000000000000e+00 3.392127454280853271e-01
0.000000000000000000e+00 3.479380607604980469e-01
0.000000000000000000e+00 2.916244268417358398e-01
0.000000000000000000e+00 2.362715303897857666e-01
0.000000000000000000e+00 2.301061451435089111e-01
0.000000000000000000e+00 2.272990792989730835e-01
0.000000000000000000e+00 2.578424811363220215e-01
0.000000000000000000e+00 2.637483477592468262e-01
0.000000000000000000e+00 2.258174717426300049e-01
0.000000000000000000e+00 1.962736696004867554e-01
0.000000000000000000e+00 1.854862570762634277e-01
0.000000000000000000e+00 1.671658605337142944e-01
0.000000000000000000e+00 1.598075032234191895e-01
0.000000000000000000e+00 1.590898185968399048e-01
0.000000000000000000e+00 1.390843838453292847e-01
0.000000000000000000e+00 1.476825326681137085e-01
0.000000000000000000e+00 2.124543786048889160e-01
0.000000000000000000e+00 2.247757166624069214e-01
0.000000000000000000e+00 2.372693568468093872e-01
0.000000000000000000e+00 1.987756937742233276e-01
0.000000000000000000e+00 2.006166279315948486e-01
0.000000000000000000e+00 2.312096059322357178e-01
0.000000000000000000e+00 1.969164162874221802e-01
0.000000000000000000e+00 1.880386769771575928e-01
0.000000000000000000e+00 2.164032757282257080e-01
0.000000000000000000e+00 2.028157711029052734e-01
1.000000000000000000e+00 2.248247712850570679e-01
0.000000000000000000e+00 2.202064990997314453e-01
0.000000000000000000e+00 1.500114947557449341e-01
0.000000000000000000e+00 1.782498061656951904e-01
0.000000000000000000e+00 1.556842327117919922e-01
0.000000000000000000e+00 1.810066401958465576e-01
0.000000000000000000e+00 2.234573513269424438e-01
0.000000000000000000e+00 1.984016448259353638e-01
0.000000000000000000e+00 2.618884444236755371e-01
0.000000000000000000e+00 2.456940114498138428e-01
0.000000000000000000e+00 2.262928783893585205e-01
0.000000000000000000e+00 1.968555450439453125e-01
0.000000000000000000e+00 1.837919652462005615e-01
0.000000000000000000e+00 1.390967965126037598e-01
0.000000000000000000e+00 1.743633151054382324e-01
0.000000000000000000e+00 1.486940681934356689e-01
0.000000000000000000e+00 1.830451339483261108e-01
0.000000000000000000e+00 1.991365700960159302e-01
0.000000000000000000e+00 2.484234422445297241e-01
0.000000000000000000e+00 3.733126819133758545e-01
0.000000000000000000e+00 4.657458961009979248e-01
0.000000000000000000e+00 4.129222929477691650e-01
1.000000000000000000e+00 5.364767313003540039e-01
1.000000000000000000e+00 4.892309308052062988e-01
1.000000000000000000e+00 4.960426986217498779e-01
1.000000000000000000e+00 6.022432446479797363e-01
1.000000000000000000e+00 6.490314602851867676e-01
1.000000000000000000e+00 7.157506942749023438e-01
1.000000000000000000e+00 8.024631738662719727e-01
0.000000000000000000e+00 8.323850035667419434e-01
0.000000000000000000e+00 8.042133450508117676e-01
0.000000000000000000e+00 7.657743692398071289e-01
0.000000000000000000e+00 7.260214090347290039e-01
1.000000000000000000e+00 6.976104378700256348e-01
1.000000000000000000e+00 6.595802307128906250e-01
1.000000000000000000e+00 6.133173704147338867e-01
1.000000000000000000e+00 6.255038380622863770e-01
1.000000000000000000e+00 5.919564366340637207e-01
1.000000000000000000e+00 4.518816471099853516e-01
1.000000000000000000e+00 3.558614552021026611e-01
0.000000000000000000e+00 2.582011222839355469e-01
0.000000000000000000e+00 2.463815808296203613e-01
0.000000000000000000e+00 2.173449397087097168e-01
0.000000000000000000e+00 2.447665482759475708e-01
0.000000000000000000e+00 3.499170243740081787e-01
0.000000000000000000e+00 4.613038897514343262e-01
0.000000000000000000e+00 4.759974479675292969e-01
0.000000000000000000e+00 4.628523290157318115e-01
0.000000000000000000e+00 4.212780892848968506e-01
0.000000000000000000e+00 3.195156455039978027e-01
0.000000000000000000e+00 2.233447730541229248e-01
0.000000000000000000e+00 1.620598137378692627e-01
0.000000000000000000e+00 1.516739875078201294e-01
0.000000000000000000e+00 1.323855221271514893e-01
0.000000000000000000e+00 1.370450407266616821e-01
0.000000000000000000e+00 1.482886075973510742e-01
0.000000000000000000e+00 1.534093618392944336e-01
0.000000000000000000e+00 1.789500564336776733e-01
0.000000000000000000e+00 2.360576540231704712e-01
1.000000000000000000e+00 2.525688111782073975e-01
1.000000000000000000e+00 2.312380969524383545e-01
0.000000000000000000e+00 2.480330914258956909e-01
0.000000000000000000e+00 2.981332838535308838e-01
0.000000000000000000e+00 3.634960949420928955e-01
0.000000000000000000e+00 4.049020707607269287e-01
1.000000000000000000e+00 4.939862191677093506e-01
1.000000000000000000e+00 5.355167984962463379e-01
0.000000000000000000e+00 5.392301082611083984e-01
0.000000000000000000e+00 4.609263539314270020e-01
0.000000000000000000e+00 4.280648231506347656e-01
0.000000000000000000e+00 3.107226192951202393e-01
0.000000000000000000e+00 3.199743330478668213e-01
0.000000000000000000e+00 2.724740505218505859e-01
0.000000000000000000e+00 2.998117506504058838e-01
0.000000000000000000e+00 3.463111221790313721e-01
0.000000000000000000e+00 3.482303917407989502e-01
0.000000000000000000e+00 3.558084666728973389e-01
0.000000000000000000e+00 1.715095937252044678e-01
0.000000000000000000e+00 1.527071893215179443e-01
0.000000000000000000e+00 1.380557119846343994e-01
0.000000000000000000e+00 1.451175212860107422e-01
0.000000000000000000e+00 1.854510903358459473e-01
0.000000000000000000e+00 2.902244627475738525e-01
0.000000000000000000e+00 3.650398850440979004e-01
0.000000000000000000e+00 5.709055662155151367e-01
0.000000000000000000e+00 6.138390898704528809e-01
0.000000000000000000e+00 6.494191884994506836e-01
0.000000000000000000e+00 6.800704598426818848e-01
0.000000000000000000e+00 6.762943267822265625e-01
0.000000000000000000e+00 6.940196156501770020e-01
0.000000000000000000e+00 6.597274541854858398e-01
0.000000000000000000e+00 6.159691214561462402e-01
0.000000000000000000e+00 5.830118656158447266e-01
0.000000000000000000e+00 5.363544821739196777e-01
0.000000000000000000e+00 4.689183533191680908e-01
0.000000000000000000e+00 5.647128820419311523e-01
0.000000000000000000e+00 5.277962684631347656e-01
0.000000000000000000e+00 6.610319614410400391e-01
0.000000000000000000e+00 7.331668734550476074e-01
0.000000000000000000e+00 7.457032203674316406e-01
0.000000000000000000e+00 8.501661419868469238e-01
0.000000000000000000e+00 8.426361680030822754e-01
0.000000000000000000e+00 8.525434136390686035e-01
0.000000000000000000e+00 8.717098832130432129e-01
0.000000000000000000e+00 8.877233862876892090e-01
0.000000000000000000e+00 8.793744444847106934e-01
0.000000000000000000e+00 8.553644418716430664e-01
0.000000000000000000e+00 8.559769392013549805e-01
0.000000000000000000e+00 7.987852692604064941e-01
0.000000000000000000e+00 7.646067738533020020e-01
0.000000000000000000e+00 7.945473194122314453e-01
0.000000000000000000e+00 7.399939298629760742e-01
0.000000000000000000e+00 7.176785469055175781e-01
0.000000000000000000e+00 7.311792373657226562e-01
0.000000000000000000e+00 7.287725806236267090e-01
0.000000000000000000e+00 7.629237174987792969e-01
0.000000000000000000e+00 6.877027750015258789e-01
0.000000000000000000e+00 6.934593319892883301e-01
0.000000000000000000e+00 6.302281022071838379e-01
0.000000000000000000e+00 5.734889507293701172e-01
0.000000000000000000e+00 5.869874954223632812e-01
1.000000000000000000e+00 6.335356235504150391e-01
1.000000000000000000e+00 6.429064273834228516e-01
0.000000000000000000e+00 6.429988741874694824e-01
0.000000000000000000e+00 7.337986230850219727e-01
0.000000000000000000e+00 7.559655308723449707e-01
0.000000000000000000e+00 7.585459351539611816e-01
0.000000000000000000e+00 7.823137044906616211e-01
0.000000000000000000e+00 8.076160550117492676e-01
0.000000000000000000e+00 8.324284553527832031e-01
0.000000000000000000e+00 8.220256567001342773e-01
0.000000000000000000e+00 8.012586832046508789e-01
0.000000000000000000e+00 7.426099181175231934e-01
0.000000000000000000e+00 7.721061706542968750e-01
0.000000000000000000e+00 7.818861603736877441e-01
0.000000000000000000e+00 8.043981194496154785e-01
0.000000000000000000e+00 7.978195548057556152e-01
0.000000000000000000e+00 8.434365391731262207e-01
0.000000000000000000e+00 8.330249786376953125e-01
0.000000000000000000e+00 8.452079892158508301e-01
0.000000000000000000e+00 8.159777522087097168e-01
0.000000000000000000e+00 7.229062914848327637e-01
1.000000000000000000e+00 7.135022878646850586e-01
1.000000000000000000e+00 7.076348066329956055e-01
1.000000000000000000e+00 6.127183437347412109e-01
0.000000000000000000e+00 6.059814095497131348e-01
0.000000000000000000e+00 5.708046555519104004e-01
0.000000000000000000e+00 4.935882985591888428e-01
0.000000000000000000e+00 4.681810736656188965e-01
0.000000000000000000e+00 4.164018332958221436e-01
0.000000000000000000e+00 3.777971267700195312e-01
0.000000000000000000e+00 3.894925713539123535e-01
0.000000000000000000e+00 5.655189156532287598e-01
0.000000000000000000e+00 5.262123942375183105e-01
0.000000000000000000e+00 5.480027198791503906e-01
0.000000000000000000e+00 4.522630572319030762e-01
0.000000000000000000e+00 3.885765671730041504e-01
0.000000000000000000e+00 3.368441760540008545e-01
0.000000000000000000e+00 1.778064817190170288e-01
0.000000000000000000e+00 1.734470576047897339e-01
0.000000000000000000e+00 1.936649233102798462e-01
1.000000000000000000e+00 2.069815695285797119e-01
0.000000000000000000e+00 2.452818006277084351e-01
0.000000000000000000e+00 2.875330150127410889e-01
0.000000000000000000e+00 2.790993452072143555e-01
0.000000000000000000e+00 3.093475103378295898e-01
1.000000000000000000e+00 2.978168129920959473e-01
0.000000000000000000e+00 3.260769248008728027e-01
0.000000000000000000e+00 3.306306898593902588e-01
0.000000000000000000e+00 3.327058255672454834e-01
0.000000000000000000e+00 2.854822874069213867e-01
0.000000000000000000e+00 2.952712178230285645e-01
0.000000000000000000e+00 2.181885689496994019e-01
0.000000000000000000e+00 3.406547605991363525e-01
0.000000000000000000e+00 3.190101385116577148e-01
0.000000000000000000e+00 3.708674907684326172e-01
1.000000000000000000e+00 4.203761518001556396e-01
1.000000000000000000e+00 4.801246821880340576e-01
1.000000000000000000e+00 5.160048604011535645e-01
1.000000000000000000e+00 5.410807132720947266e-01
0.000000000000000000e+00 5.325383543968200684e-01
0.000000000000000000e+00 5.351847410202026367e-01
0.000000000000000000e+00 5.227988958358764648e-01
0.000000000000000000e+00 5.921051502227783203e-01
0.000000000000000000e+00 5.159209370613098145e-01
0.000000000000000000e+00 5.593460798263549805e-01
0.000000000000000000e+00 6.035034060478210449e-01
0.000000000000000000e+00 6.636766195297241211e-01
0.000000000000000000e+00 6.790639758110046387e-01
0.000000000000000000e+00 6.902368664741516113e-01
0.000000000000000000e+00 6.543974280357360840e-01
0.000000000000000000e+00 5.887578725814819336e-01
0.000000000000000000e+00 6.112233996391296387e-01
0.000000000000000000e+00 5.872198939323425293e-01
0.000000000000000000e+00 5.260723829269409180e-01
0.000000000000000000e+00 4.545285403728485107e-01
1.000000000000000000e+00 4.266423583030700684e-01
1.000000000000000000e+00 3.351961076259613037e-01
1.000000000000000000e+00 3.942655324935913086e-01
0.000000000000000000e+00 4.603287577629089355e-01
0.000000000000000000e+00 3.797943890094757080e-01
0.000000000000000000e+00 3.714521527290344238e-01
0.000000000000000000e+00 4.033495485782623291e-01
0.000000000000000000e+00 3.807311058044433594e-01
0.000000000000000000e+00 4.047848880290985107e-01
0.000000000000000000e+00 4.088801741600036621e-01
0.000000000000000000e+00 5.004627704620361328e-01
0.000000000000000000e+00 4.451538920402526855e-01
0.000000000000000000e+00 4.436373710632324219e-01
0.000000000000000000e+00 4.437860846519470215e-01
0.000000000000000000e+00 4.939293265342712402e-01
0.000000000000000000e+00 3.930857777595520020e-01
0.000000000000000000e+00 4.655070900917053223e-01
0.000000000000000000e+00 5.327736735343933105e-01
0.000000000000000000e+00 4.318274259567260742e-01
0.000000000000000000e+00 4.459708333015441895e-01
0.000000000000000000e+00 4.522184431552886963e-01
0.000000000000000000e+00 4.003361165523529053e-01
1.000000000000000000e+00 3.727054297924041748e-01
0.000000000000000000e+00 3.938998579978942871e-01
0.000000000000000000e+00 3.044753074645996094e-01
0.000000000000000000e+00 3.131532073020935059e-01
0.000000000000000000e+00 3.170197308063507080e-01
0.000000000000000000e+00 3.627541959285736084e-01
0.000000000000000000e+00 3.574380874633789062e-01
0.000000000000000000e+00 3.200503885746002197e-01
0.000000000000000000e+00 2.958085536956787109e-01
0.000000000000000000e+00 3.124116659164428711e-01
0.000000000000000000e+00 3.041110932826995850e-01
0.000000000000000000e+00 3.040180504322052002e-01
0.000000000000000000e+00 3.127920627593994141e-01
0.000000000000000000e+00 3.285192251205444336e-01
0.000000000000000000e+00 3.702432215213775635e-01
0.000000000000000000e+00 4.488536417484283447e-01
0.000000000000000000e+00 3.860089778900146484e-01
0.000000000000000000e+00 4.162808060646057129e-01
0.000000000000000000e+00 4.212931394577026367e-01
0.000000000000000000e+00 3.862645030021667480e-01
0.000000000000000000e+00 4.468000233173370361e-01
0.000000000000000000e+00 4.420481026172637939e-01
0.000000000000000000e+00 4.678451120853424072e-01
0.000000000000000000e+00 3.603909611701965332e-01
0.000000000000000000e+00 3.772425949573516846e-01
1.000000000000000000e+00 2.858192026615142822e-01
0.000000000000000000e+00 2.554830014705657959e-01
0.000000000000000000e+00 2.569927275180816650e-01
0.000000000000000000e+00 2.263528853654861450e-01
1.000000000000000000e+00 2.227860987186431885e-01
1.000000000000000000e+00 2.588101327419281006e-01
1.000000000000000000e+00 3.404338359832763672e-01
1.000000000000000000e+00 4.887085556983947754e-01
1.000000000000000000e+00 5.819470882415771484e-01
1.000000000000000000e+00 6.701651811599731445e-01
1.000000000000000000e+00 7.485567331314086914e-01
1.000000000000000000e+00 8.141306638717651367e-01
1.000000000000000000e+00 8.289330005645751953e-01
1.000000000000000000e+00 8.529914617538452148e-01
0.000000000000000000e+00 8.735735416412353516e-01
0.000000000000000000e+00 9.108931422233581543e-01
0.000000000000000000e+00 9.280737638473510742e-01
1.000000000000000000e+00 9.428654313087463379e-01
0.000000000000000000e+00 9.573460817337036133e-01
0.000000000000000000e+00 9.621085524559020996e-01
0.000000000000000000e+00 9.666474461555480957e-01
1.000000000000000000e+00 9.441040158271789551e-01
0.000000000000000000e+00 9.348639249801635742e-01
0.000000000000000000e+00 8.973255157470703125e-01
0.000000000000000000e+00 8.741530776023864746e-01
0.000000000000000000e+00 7.375844120979309082e-01
0.000000000000000000e+00 6.678742170333862305e-01
0.000000000000000000e+00 5.634811520576477051e-01
0.000000000000000000e+00 5.348691344261169434e-01
0.000000000000000000e+00 5.023307800292968750e-01
0.000000000000000000e+00 4.452423453330993652e-01
0.000000000000000000e+00 2.922064661979675293e-01
1.000000000000000000e+00 1.215300410985946655e-01
1.000000000000000000e+00 6.981740146875381470e-02
1.000000000000000000e+00 4.847505688667297363e-02
1.000000000000000000e+00 3.586553037166595459e-02
0.000000000000000000e+00 5.635209009051322937e-02
0.000000000000000000e+00 8.868936449289321899e-02
0.000000000000000000e+00 9.803367406129837036e-02
0.000000000000000000e+00 1.458589881658554077e-01
0.000000000000000000e+00 1.669485270977020264e-01
0.000000000000000000e+00 1.697422564029693604e-01
0.000000000000000000e+00 2.196702808141708374e-01
0.000000000000000000e+00 2.048674970865249634e-01
0.000000000000000000e+00 1.096289902925491333e-01
0.000000000000000000e+00 1.708676815032958984e-01
0.000000000000000000e+00 1.894978135824203491e-01
0.000000000000000000e+00 1.811624318361282349e-01
0.000000000000000000e+00 2.885253429412841797e-01
0.000000000000000000e+00 2.841603457927703857e-01
0.000000000000000000e+00 4.653268456459045410e-01
0.000000000000000000e+00 5.344483256340026855e-01
0.000000000000000000e+00 5.014733076095581055e-01
0.000000000000000000e+00 5.499575138092041016e-01
0.000000000000000000e+00 4.969757199287414551e-01
0.000000000000000000e+00 5.666846036911010742e-01
0.000000000000000000e+00 5.557318925857543945e-01
0.000000000000000000e+00 5.070019364356994629e-01
0.000000000000000000e+00 4.434067308902740479e-01
0.000000000000000000e+00 1.642298847436904907e-01
0.000000000000000000e+00 2.109968364238739014e-01
0.000000000000000000e+00 2.174728512763977051e-01
0.000000000000000000e+00 2.870201766490936279e-01
0.000000000000000000e+00 2.908588349819183350e-01
0.000000000000000000e+00 3.175461590290069580e-01
0.000000000000000000e+00 3.085123598575592041e-01
0.000000000000000000e+00 3.027884364128112793e-01
0.000000000000000000e+00 2.640509307384490967e-01
0.000000000000000000e+00 2.445567846298217773e-01
0.000000000000000000e+00 2.432457506656646729e-01
0.000000000000000000e+00 2.813097536563873291e-01
0.000000000000000000e+00 3.219452202320098877e-01
0.000000000000000000e+00 3.084490597248077393e-01
0.000000000000000000e+00 3.791312277317047119e-01
1.000000000000000000e+00 3.764718770980834961e-01
1.000000000000000000e+00 3.837918341159820557e-01
0.000000000000000000e+00 3.901238739490509033e-01
0.000000000000000000e+00 3.698675334453582764e-01
0.000000000000000000e+00 3.610668480396270752e-01
1.000000000000000000e+00 3.302568495273590088e-01
1.000000000000000000e+00 3.176710605621337891e-01
0.000000000000000000e+00 3.426674306392669678e-01
0.000000000000000000e+00 3.106682002544403076e-01
0.000000000000000000e+00 3.398090004920959473e-01
0.000000000000000000e+00 3.032389879226684570e-01
0.000000000000000000e+00 3.457989394664764404e-01
1.000000000000000000e+00 3.800107538700103760e-01
0.000000000000000000e+00 3.243296146392822266e-01
0.000000000000000000e+00 2.442159801721572876e-01
0.000000000000000000e+00 2.172951251268386841e-01
0.000000000000000000e+00 1.516139060258865356e-01
1.000000000000000000e+00 1.362634003162384033e-01
0.000000000000000000e+00 1.287958472967147827e-01
0.000000000000000000e+00 1.406397521495819092e-01
0.000000000000000000e+00 1.703972518444061279e-01
0.000000000000000000e+00 2.325704246759414673e-01
1.000000000000000000e+00 2.588876187801361084e-01
1.000000000000000000e+00 2.627043128013610840e-01
0.000000000000000000e+00 2.212592959403991699e-01
0.000000000000000000e+00 2.082137763500213623e-01
0.000000000000000000e+00 1.549437344074249268e-01
0.000000000000000000e+00 1.549030542373657227e-01
0.000000000000000000e+00 1.364782154560089111e-01
1.000000000000000000e+00 1.337702572345733643e-01
0.000000000000000000e+00 1.552618891000747681e-01
0.000000000000000000e+00 1.599038988351821899e-01
0.000000000000000000e+00 1.515520811080932617e-01
0.000000000000000000e+00 1.495470702648162842e-01
0.000000000000000000e+00 1.079667806625366211e-01
0.000000000000000000e+00 8.882573246955871582e-02
0.000000000000000000e+00 8.377189189195632935e-02
0.000000000000000000e+00 9.375195205211639404e-02
0.000000000000000000e+00 1.260974407196044922e-01
0.000000000000000000e+00 1.117260977625846863e-01
0.000000000000000000e+00 1.382229775190353394e-01
0.000000000000000000e+00 1.460153460502624512e-01
0.000000000000000000e+00 1.394835710525512695e-01
0.000000000000000000e+00 1.434399336576461792e-01
0.000000000000000000e+00 1.170490682125091553e-01
0.000000000000000000e+00 9.342394769191741943e-02
0.000000000000000000e+00 1.120244637131690979e-01
0.000000000000000000e+00 1.342641413211822510e-01
0.000000000000000000e+00 1.375066488981246948e-01
0.000000000000000000e+00 1.347544491291046143e-01
0.000000000000000000e+00 1.143940389156341553e-01
0.000000000000000000e+00 1.038816124200820923e-01
0.000000000000000000e+00 9.004465490579605103e-02
0.000000000000000000e+00 9.884633868932723999e-02
0.000000000000000000e+00 1.127751693129539490e-01
0.000000000000000000e+00 1.066324114799499512e-01
0.000000000000000000e+00 1.326330453157424927e-01
0.000000000000000000e+00 1.354330480098724365e-01
0.000000000000000000e+00 1.492800563573837280e-01
0.000000000000000000e+00 1.294971257448196411e-01
0.000000000000000000e+00 2.966175675392150879e-01
0.000000000000000000e+00 2.753318846225738525e-01
0.000000000000000000e+00 2.266955375671386719e-01
0.000000000000000000e+00 2.551061213016510010e-01
0.000000000000000000e+00 1.841332614421844482e-01
0.000000000000000000e+00 2.096462696790695190e-01
0.000000000000000000e+00 1.777101010084152222e-01
0.000000000000000000e+00 2.168311178684234619e-01
0.000000000000000000e+00 2.512225210666656494e-01
0.000000000000000000e+00 2.494591921567916870e-01
0.000000000000000000e+00 2.502959370613098145e-01
0.000000000000000000e+00 3.207825422286987305e-01
0.000000000000000000e+00 3.507374823093414307e-01
0.000000000000000000e+00 4.008585810661315918e-01
1.000000000000000000e+00 3.896075785160064697e-01
1.000000000000000000e+00 3.186913728713989258e-01
1.000000000000000000e+00 2.793701291084289551e-01
1.000000000000000000e+00 2.487171292304992676e-01
1.000000000000000000e+00 2.011416703462600708e-01
0.000000000000000000e+00 2.148072272539138794e-01
0.000000000000000000e+00 2.845661640167236328e-01
0.000000000000000000e+00 3.750444948673248291e-01
0.000000000000000000e+00 5.996832251548767090e-01
0.000000000000000000e+00 6.749022006988525391e-01
0.000000000000000000e+00 7.379077672958374023e-01
0.000000000000000000e+00 8.098801374435424805e-01
0.000000000000000000e+00 8.860610127449035645e-01
0.000000000000000000e+00 8.211295008659362793e-01
0.000000000000000000e+00 7.699761986732482910e-01
0.000000000000000000e+00 5.313315391540527344e-01
0.000000000000000000e+00 3.845426738262176514e-01
1.000000000000000000e+00 2.062557935714721680e-01
1.000000000000000000e+00 1.479909121990203857e-01
1.000000000000000000e+00 1.717159450054168701e-01
0.000000000000000000e+00 2.014744132757186890e-01
0.000000000000000000e+00 3.092984557151794434e-01
0.000000000000000000e+00 4.029555618762969971e-01
1.000000000000000000e+00 4.943956136703491211e-01
1.000000000000000000e+00 4.993051290512084961e-01
0.000000000000000000e+00 5.898255705833435059e-01
0.000000000000000000e+00 6.042171120643615723e-01
0.000000000000000000e+00 4.520033895969390869e-01
0.000000000000000000e+00 4.049685001373291016e-01
0.000000000000000000e+00 3.800140023231506348e-01
0.000000000000000000e+00 3.020826578140258789e-01
0.000000000000000000e+00 3.759855926036834717e-01
0.000000000000000000e+00 5.129088759422302246e-01
0.000000000000000000e+00 7.174596786499023438e-01
0.000000000000000000e+00 8.194653391838073730e-01
0.000000000000000000e+00 8.879261016845703125e-01
1.000000000000000000e+00 8.153020143508911133e-01
1.000000000000000000e+00 7.476009130477905273e-01
1.000000000000000000e+00 6.567283272743225098e-01
1.000000000000000000e+00 5.447433590888977051e-01
0.000000000000000000e+00 4.017270207405090332e-01
0.000000000000000000e+00 2.888320386409759521e-01
0.000000000000000000e+00 2.302694469690322876e-01
0.000000000000000000e+00 3.516717553138732910e-01
0.000000000000000000e+00 3.923526406288146973e-01
0.000000000000000000e+00 4.536073505878448486e-01
0.000000000000000000e+00 5.621929764747619629e-01
0.000000000000000000e+00 5.724529623985290527e-01
0.000000000000000000e+00 6.013652682304382324e-01
0.000000000000000000e+00 6.475086808204650879e-01
0.000000000000000000e+00 7.064649462699890137e-01
0.000000000000000000e+00 7.538447976112365723e-01
0.000000000000000000e+00 8.273217082023620605e-01
0.000000000000000000e+00 8.496738076210021973e-01
0.000000000000000000e+00 8.929089307785034180e-01
0.000000000000000000e+00 9.089420437812805176e-01
0.000000000000000000e+00 8.907399773597717285e-01
0.000000000000000000e+00 8.749239444732666016e-01
0.000000000000000000e+00 7.967168688774108887e-01
0.000000000000000000e+00 6.554527282714843750e-01
0.000000000000000000e+00 5.334022641181945801e-01
0.000000000000000000e+00 4.824549257755279541e-01
0.000000000000000000e+00 5.274608135223388672e-01
0.000000000000000000e+00 5.684609413146972656e-01
1.000000000000000000e+00 5.796374082565307617e-01
1.000000000000000000e+00 5.704733729362487793e-01
0.000000000000000000e+00 5.525923967361450195e-01
0.000000000000000000e+00 4.580667316913604736e-01
0.000000000000000000e+00 3.683456778526306152e-01
0.000000000000000000e+00 3.395043015480041504e-01
0.000000000000000000e+00 2.557692825794219971e-01
0.000000000000000000e+00 2.113322019577026367e-01
0.000000000000000000e+00 2.438737750053405762e-01
0.000000000000000000e+00 2.634907066822052002e-01
0.000000000000000000e+00 2.559470832347869873e-01
1.000000000000000000e+00 2.390900999307632446e-01
1.000000000000000000e+00 2.659172713756561279e-01
1.000000000000000000e+00 3.319087624549865723e-01
1.000000000000000000e+00 3.474697172641754150e-01
0.000000000000000000e+00 3.042496740818023682e-01
0.000000000000000000e+00 3.414042890071868896e-01
0.000000000000000000e+00 4.079092144966125488e-01
0.000000000000000000e+00 4.839433431625366211e-01
0.000000000000000000e+00 5.506876111030578613e-01
0.000000000000000000e+00 5.069296956062316895e-01
0.000000000000000000e+00 5.736327171325683594e-01
0.000000000000000000e+00 5.696148276329040527e-01
0.000000000000000000e+00 5.308769941329956055e-01
0.000000000000000000e+00 4.982865452766418457e-01
0.000000000000000000e+00 4.578349590301513672e-01
0.000000000000000000e+00 4.925454854965209961e-01
0.000000000000000000e+00 4.326439499855041504e-01
0.000000000000000000e+00 4.057705104351043701e-01
1.000000000000000000e+00 4.630213677883148193e-01
0.000000000000000000e+00 4.453074038028717041e-01
0.000000000000000000e+00 4.171311855316162109e-01
0.000000000000000000e+00 3.834828138351440430e-01
0.000000000000000000e+00 4.536190330982208252e-01
1.000000000000000000e+00 4.194110929965972900e-01
0.000000000000000000e+00 4.518908560276031494e-01
0.000000000000000000e+00 3.957488536834716797e-01
0.000000000000000000e+00 3.440231978893280029e-01
0.000000000000000000e+00 2.982552051544189453e-01
0.000000000000000000e+00 2.390417158603668213e-01
0.000000000000000000e+00 2.990203499794006348e-01
0.000000000000000000e+00 2.593895196914672852e-01
0.000000000000000000e+00 3.028751313686370850e-01
0.000000000000000000e+00 3.352203965187072754e-01
0.000000000000000000e+00 3.220824301242828369e-01
0.000000000000000000e+00 3.423316478729248047e-01
0.000000000000000000e+00 3.081754446029663086e-01
0.000000000000000000e+00 2.705138921737670898e-01
0.000000000000000000e+00 2.452182173728942871e-01
0.000000000000000000e+00 2.966964840888977051e-01
0.000000000000000000e+00 3.374330103397369385e-01
0.000000000000000000e+00 3.268773257732391357e-01
0.000000000000000000e+00 2.816759049892425537e-01
0.000000000000000000e+00 2.923832237720489502e-01
0.000000000000000000e+00 2.695676088333129883e-01
0.000000000000000000e+00 2.505599260330200195e-01
0.000000000000000000e+00 2.506123185157775879e-01
0.000000000000000000e+00 2.440737485885620117e-01
1.000000000000000000e+00 2.319712191820144653e-01
0.000000000000000000e+00 2.472376674413681030e-01
0.000000000000000000e+00 2.580531537532806396e-01
0.000000000000000000e+00 2.850525677204132080e-01
0.000000000000000000e+00 2.706316113471984863e-01
0.000000000000000000e+00 2.681608796119689941e-01
0.000000000000000000e+00 2.924437820911407471e-01
0.000000000000000000e+00 3.228334784507751465e-01
0.000000000000000000e+00 3.750630319118499756e-01
0.000000000000000000e+00 4.258525073528289795e-01
0.000000000000000000e+00 4.713465869426727295e-01
0.000000000000000000e+00 4.787142276763916016e-01
0.000000000000000000e+00 4.848541915416717529e-01
0.000000000000000000e+00 4.382487237453460693e-01
