0.000000000000000000e+00 4.862055182456970215e-01
0.000000000000000000e+00 4.734318852424621582e-01
0.000000000000000000e+00 4.296540617942810059e-01
0.000000000000000000e+00 4.254304468631744385e-01
0.000000000000000000e+00 4.897229969501495361e-01
0.000000000000000000e+00 4.191480576992034912e-01
0.000000000000000000e+00 3.953237533569335938e-01
0.000000000000000000e+00 3.945174813270568848e-01
0.000000000000000000e+00 2.856675684452056885e-01
0.000000000000000000e+00 2.619238793849945068e-01
0.000000000000000000e+00 1.972566843032836914e-01
0.000000000000000000e+00 1.726762950420379639e-01
0.000000000000000000e+00 1.800556629896163940e-01
0.000000000000000000e+00 1.659458428621292114e-01
0.000000000000000000e+00 1.281334161758422852e-01
0.000000000000000000e+00 1.368734389543533325e-01
1.000000000000000000e+00 1.487168520689010620e-01
0.000000000000000000e+00 1.715486943721771240e-01
0.000000000000000000e+00 1.553634405136108398e-01
0.000000000000000000e+00 2.043270021677017212e-01
0.000000000000000000e+00 2.397476136684417725e-01
1.000000000000000000e+00 4.175366163253784180e-01
1.000000000000000000e+00 4.317647218704223633e-01
1.000000000000000000e+00 5.418879389762878418e-01
1.000000000000000000e+00 5.749753117561340332e-01
1.000000000000000000e+00 5.168575048446655273e-01
0.000000000000000000e+00 5.852299928665161133e-01
0.000000000000000000e+00 4.579820334911346436e-01
0.000000000000000000e+00 4.478200078010559082e-01
0.000000000000000000e+00 4.145722091197967529e-01
0.000000000000000000e+00 2.606953382492065430e-01
1.000000000000000000e+00 2.532695531845092773e-01
1.000000000000000000e+00 1.587970107793807983e-01
1.000000000000000000e+00 1.547785550355911255e-01
0.000000000000000000e+00 1.306840479373931885e-01
0.000000000000000000e+00 9.990378469228744507e-02
0.000000000000000000e+00 9.813421964645385742e-02
0.000000000000000000e+00 1.055930778384208679e-01
1.000000000000000000e+00 6.886463612318038940e-02
0.000000000000000000e+00 1.291793286800384521e-01
0.000000000000000000e+00 1.056747287511825562e-01
0.000000000000000000e+00 1.245919242501258850e-01
0.000000000000000000e+00 1.397681981325149536e-01
0.000000000000000000e+00 1.093513518571853638e-01
0.000000000000000000e+00 1.487749516963958740e-01
0.000000000000000000e+00 1.243309751152992249e-01
0.000000000000000000e+00 1.433581709861755371e-01
0.000000000000000000e+00 1.738601028919219971e-01
0.000000000000000000e+00 2.152027636766433716e-01
0.000000000000000000e+00 1.490248292684555054e-01
0.000000000000000000e+00 2.523560225963592529e-01
0.000000000000000000e+00 1.758691519498825073e-01
0.000000000000000000e+00 2.304905056953430176e-01
0.000000000000000000e+00 2.819371819496154785e-01
0.000000000000000000e+00 3.246369063854217529e-01
0.000000000000000000e+00 3.582938909530639648e-01
0.000000000000000000e+00 3.247694075107574463e-01
0.000000000000000000e+00 4.260841310024261475e-01
0.000000000000000000e+00 3.740864992141723633e-01
0.000000000000000000e+00 3.325804173946380615e-01
0.000000000000000000e+00 3.093396723270416260e-01
0.000000000000000000e+00 2.489216029644012451e-01
0.000000000000000000e+00 2.669917047023773193e-01
0.000000000000000000e+00 2.447119802236557007e-01
1.000000000000000000e+00 3.191786110401153564e-01
0.000000000000000000e+00 2.951183021068572998e-01
0.000000000000000000e+00 3.984539210796356201e-01
0.000000000000000000e+00 3.640396595001220703e-01
0.000000000000000000e+00 3.563036620616912842e-01
0.000000000000000000e+00 4.172477722167968750e-01
0.000000000000000000e+00 4.533683359622955322e-01
0.000000000000000000e+00 4.064064025878906250e-01
0.000000000000000000e+00 4.050270020961761475e-01
1.000000000000000000e+00 4.239363372325897217e-01
0.000000000000000000e+00 3.474337756633758545e-01
0.000000000000000000e+00 1.472518146038055420e-01
0.000000000000000000e+00 1.510949283838272095e-01
0.000000000000000000e+00 1.518270373344421387e-01
0.000000000000000000e+00 1.278019249439239502e-01
0.000000000000000000e+00 1.185347810387611389e-01
0.000000000000000000e+00 1.167661324143409729e-01
0.000000000000000000e+00 9.982383996248245239e-02
0.000000000000000000e+00 9.699546545743942261e-02
0.000000000000000000e+00 9.296225011348724365e-02
0.000000000000000000e+00 9.533079713582992554e-02
0.000000000000000000e+00 8.118675649166107178e-02
0.000000000000000000e+00 7.629559934139251709e-02
0.000000000000000000e+00 7.580220699310302734e-02
0.000000000000000000e+00 7.595361024141311646e-02
0.000000000000000000e+00 6.466490775346755981e-02
0.000000000000000000e+00 7.577792555093765259e-02
1.000000000000000000e+00 7.720050960779190063e-02
1.000000000000000000e+00 8.075486868619918823e-02
0.000000000000000000e+00 9.144660085439682007e-02
0.000000000000000000e+00 9.249101579189300537e-02
0.000000000000000000e+00 1.155855357646942139e-01
1.000000000000000000e+00 1.269913613796234131e-01
1.000000000000000000e+00 1.766361296176910400e-01
1.000000000000000000e+00 2.256740629673004150e-01
0.000000000000000000e+00 1.980852037668228149e-01
0.000000000000000000e+00 1.813166439533233643e-01
0.000000000000000000e+00 2.740051448345184326e-01
0.000000000000000000e+00 3.564635217189788818e-01
0.000000000000000000e+00 2.676807940006256104e-01
0.000000000000000000e+00 2.200237512588500977e-01
0.000000000000000000e+00 1.955178231000900269e-01
0.000000000000000000e+00 1.595042198896408081e-01
0.000000000000000000e+00 1.905678212642669678e-01
0.000000000000000000e+00 1.575980782508850098e-01
0.000000000000000000e+00 1.909722089767456055e-01
0.000000000000000000e+00 1.686354279518127441e-01
0.000000000000000000e+00 2.124325037002563477e-01
0.000000000000000000e+00 2.124847024679183960e-01
0.000000000000000000e+00 2.533504962921142578e-01
0.000000000000000000e+00 2.588154673576354980e-01
0.000000000000000000e+00 2.035279870033264160e-01
0.000000000000000000e+00 1.837602257728576660e-01
0.000000000000000000e+00 1.820245236158370972e-01
0.000000000000000000e+00 1.689820140600204468e-01
0.000000000000000000e+00 1.607540100812911987e-01
0.000000000000000000e+00 1.596302986145019531e-01
0.000000000000000000e+00 1.810982972383499146e-01
0.000000000000000000e+00 2.106090635061264038e-01
0.000000000000000000e+00 1.505956500768661499e-01
0.000000000000000000e+00 2.815097570419311523e-01
0.000000000000000000e+00 3.140811324119567871e-01
0.000000000000000000e+00 3.105723261833190918e-01
0.000000000000000000e+00 2.810688316822052002e-01
0.000000000000000000e+00 3.595661818981170654e-01
1.000000000000000000e+00 4.912342727184295654e-01
1.000000000000000000e+00 5.084496140480041504e-01
1.000000000000000000e+00 3.600072562694549561e-01
1.000000000000000000e+00 2.405505925416946411e-01
1.000000000000000000e+00 3.150913119316101074e-01
1.000000000000000000e+00 2.657131254673004150e-01
0.000000000000000000e+00 2.308093309402465820e-01
0.000000000000000000e+00 1.906079351902008057e-01
0.000000000000000000e+00 2.320522218942642212e-01
0.000000000000000000e+00 2.162099033594131470e-01
0.000000000000000000e+00 1.674884408712387085e-01
0.000000000000000000e+00 1.553620696067810059e-01
0.000000000000000000e+00 2.053012400865554810e-01
0.000000000000000000e+00 1.891289353370666504e-01
0.000000000000000000e+00 1.760757416486740112e-01
0.000000000000000000e+00 1.725400239229202271e-01
0.000000000000000000e+00 1.929096579551696777e-01
1.000000000000000000e+00 2.790178060531616211e-01
1.000000000000000000e+00 3.168002963066101074e-01
0.000000000000000000e+00 2.780838608741760254e-01
0.000000000000000000e+00 1.995204687118530273e-01
0.000000000000000000e+00 7.031491398811340332e-01
0.000000000000000000e+00 7.310125827789306641e-01
0.000000000000000000e+00 6.799928545951843262e-01
0.000000000000000000e+00 6.072827577590942383e-01
0.000000000000000000e+00 6.229929924011230469e-01
0.000000000000000000e+00 5.472394227981567383e-01
0.000000000000000000e+00 6.447115540504455566e-01
0.000000000000000000e+00 4.649965167045593262e-01
0.000000000000000000e+00 6.245392560958862305e-01
0.000000000000000000e+00 6.551234126091003418e-01
0.000000000000000000e+00 5.775613188743591309e-01
0.000000000000000000e+00 5.585616827011108398e-01
0.000000000000000000e+00 7.018261551856994629e-01
0.000000000000000000e+00 5.976843237876892090e-01
0.000000000000000000e+00 6.285412907600402832e-01
0.000000000000000000e+00 6.992091536521911621e-01
0.000000000000000000e+00 6.241709589958190918e-01
0.000000000000000000e+00 5.453750491142272949e-01
0.000000000000000000e+00 5.472952127456665039e-01
0.000000000000000000e+00 5.068836808204650879e-01
0.000000000000000000e+00 4.847455024719238281e-01
0.000000000000000000e+00 4.700193405151367188e-01
0.000000000000000000e+00 4.867072701454162598e-01
0.000000000000000000e+00 4.450708329677581787e-01
0.000000000000000000e+00 5.501491427421569824e-01
0.000000000000000000e+00 5.769340991973876953e-01
0.000000000000000000e+00 6.160104274749755859e-01
0.000000000000000000e+00 6.505207419395446777e-01
0.000000000000000000e+00 7.288383245468139648e-01
0.000000000000000000e+00 5.496336221694946289e-01
0.000000000000000000e+00 6.366568803787231445e-01
0.000000000000000000e+00 5.751799941062927246e-01
1.000000000000000000e+00 5.064597129821777344e-01
1.000000000000000000e+00 6.230156421661376953e-01
0.000000000000000000e+00 5.861428976058959961e-01
0.000000000000000000e+00 5.445455312728881836e-01
0.000000000000000000e+00 6.971805095672607422e-01
0.000000000000000000e+00 7.326327562332153320e-01
0.000000000000000000e+00 7.022490501403808594e-01
0.000000000000000000e+00 6.893838644027709961e-01
0.000000000000000000e+00 7.547985911369323730e-01
0.000000000000000000e+00 6.646357774734497070e-01
0.000000000000000000e+00 7.014410495758056641e-01
0.000000000000000000e+00 7.532405257225036621e-01
0.000000000000000000e+00 7.661374807357788086e-01
0.000000000000000000e+00 6.447942256927490234e-01
0.000000000000000000e+00 7.408110499382019043e-01
0.000000000000000000e+00 7.065254449844360352e-01
0.000000000000000000e+00 6.218698024749755859e-01
0.000000000000000000e+00 7.248854637145996094e-01
0.000000000000000000e+00 6.696093082427978516e-01
0.000000000000000000e+00 6.887402534484863281e-01
1.000000000000000000e+00 6.907381415367126465e-01
1.000000000000000000e+00 6.035655736923217773e-01
1.000000000000000000e+00 6.822094321250915527e-01
1.000000000000000000e+00 7.176550626754760742e-01
1.000000000000000000e+00 6.385737657546997070e-01
0.000000000000000000e+00 6.717668175697326660e-01
0.000000000000000000e+00 6.645758748054504395e-01
0.000000000000000000e+00 7.278572916984558105e-01
0.000000000000000000e+00 7.275163531303405762e-01
0.000000000000000000e+00 7.519547343254089355e-01
0.000000000000000000e+00 7.620735168457031250e-01
0.000000000000000000e+00 7.328360080718994141e-01
0.000000000000000000e+00 7.405043244361877441e-01
0.000000000000000000e+00 7.731325626373291016e-01
0.000000000000000000e+00 8.076954483985900879e-01
0.000000000000000000e+00 8.113248944282531738e-01
0.000000000000000000e+00 8.240849375724792480e-01
0.000000000000000000e+00 8.488156199455261230e-01
0.000000000000000000e+00 8.293092250823974609e-01
0.000000000000000000e+00 8.135592937469482422e-01
0.000000000000000000e+00 7.470363974571228027e-01
0.000000000000000000e+00 7.272098064422607422e-01
0.000000000000000000e+00 7.470769286155700684e-01
1.000000000000000000e+00 8.068840503692626953e-01
1.000000000000000000e+00 8.757277727127075195e-01
1.000000000000000000e+00 8.952837586402893066e-01
1.000000000000000000e+00 7.970978021621704102e-01
0.000000000000000000e+00 6.763330698013305664e-01
0.000000000000000000e+00 6.476041078567504883e-01
0.000000000000000000e+00 4.554464221000671387e-01
1.000000000000000000e+00 4.289411306381225586e-01
0.000000000000000000e+00 2.345084100961685181e-01
0.000000000000000000e+00 1.787766516208648682e-01
0.000000000000000000e+00 1.363273561000823975e-01
0.000000000000000000e+00 1.076043546199798584e-01
0.000000000000000000e+00 8.151505887508392334e-02
0.000000000000000000e+00 5.769254639744758606e-02
0.000000000000000000e+00 5.102409794926643372e-02
0.000000000000000000e+00 6.539237499237060547e-02
0.000000000000000000e+00 5.830644071102142334e-02
0.000000000000000000e+00 7.134274393320083618e-02
0.000000000000000000e+00 8.264148980379104614e-02
0.000000000000000000e+00 8.999196439981460571e-02
0.000000000000000000e+00 1.139344349503517151e-01
0.000000000000000000e+00 1.219211593270301819e-01
0.000000000000000000e+00 1.514687687158584595e-01
0.000000000000000000e+00 1.227885633707046509e-01
0.000000000000000000e+00 1.394597589969635010e-01
0.000000000000000000e+00 9.787618368864059448e-02
1.000000000000000000e+00 9.278187900781631470e-02
0.000000000000000000e+00 1.221326068043708801e-01
0.000000000000000000e+00 1.613688766956329346e-01
0.000000000000000000e+00 1.762911677360534668e-01
0.000000000000000000e+00 1.422699093818664551e-01
0.000000000000000000e+00 2.037507295608520508e-01
0.000000000000000000e+00 1.480386108160018921e-01
0.000000000000000000e+00 1.501348912715911865e-01
0.000000000000000000e+00 1.577271670103073120e-01
0.000000000000000000e+00 1.819705367088317871e-01
0.000000000000000000e+00 1.832457333803176880e-01
0.000000000000000000e+00 1.460989117622375488e-01
0.000000000000000000e+00 1.717072427272796631e-01
0.000000000000000000e+00 2.213826924562454224e-01
0.000000000000000000e+00 2.323285192251205444e-01
0.000000000000000000e+00 2.505284547805786133e-01
0.000000000000000000e+00 3.072525858879089355e-01
0.000000000000000000e+00 3.377386033535003662e-01
0.000000000000000000e+00 3.941719532012939453e-01
0.000000000000000000e+00 6.612195968627929688e-01
0.000000000000000000e+00 6.165256500244140625e-01
0.000000000000000000e+00 6.658181548118591309e-01
0.000000000000000000e+00 6.631452441215515137e-01
0.000000000000000000e+00 6.788538694381713867e-01
0.000000000000000000e+00 7.326532006263732910e-01
0.000000000000000000e+00 7.627248167991638184e-01
0.000000000000000000e+00 7.413148283958435059e-01
1.000000000000000000e+00 7.190173864364624023e-01
1.000000000000000000e+00 7.351499199867248535e-01
1.000000000000000000e+00 7.622443437576293945e-01
1.000000000000000000e+00 6.809048652648925781e-01
1.000000000000000000e+00 6.346871852874755859e-01
1.000000000000000000e+00 5.920829176902770996e-01
0.000000000000000000e+00 6.224759817123413086e-01
0.000000000000000000e+00 5.749161839485168457e-01
0.000000000000000000e+00 5.206882357597351074e-01
0.000000000000000000e+00 5.296453833580017090e-01
0.000000000000000000e+00 4.962552785873413086e-01
0.000000000000000000e+00 5.204790234565734863e-01
0.000000000000000000e+00 6.040642857551574707e-01
0.000000000000000000e+00 5.093700289726257324e-01
0.000000000000000000e+00 5.629255175590515137e-01
0.000000000000000000e+00 5.930879116058349609e-01
0.000000000000000000e+00 6.090376377105712891e-01
0.000000000000000000e+00 5.407354235649108887e-01
0.000000000000000000e+00 5.031643509864807129e-01
0.000000000000000000e+00 6.112725138664245605e-01
0.000000000000000000e+00 6.290528178215026855e-01
0.000000000000000000e+00 5.992757678031921387e-01
1.000000000000000000e+00 8.810008168220520020e-01
1.000000000000000000e+00 9.355400800704956055e-01
1.000000000000000000e+00 9.411915540695190430e-01
1.000000000000000000e+00 9.086709022521972656e-01
1.000000000000000000e+00 8.849052786827087402e-01
1.000000000000000000e+00 8.119470477104187012e-01
1.000000000000000000e+00 7.682793140411376953e-01
1.000000000000000000e+00 6.468588709831237793e-01
1.000000000000000000e+00 3.104876577854156494e-01
1.000000000000000000e+00 2.133916020393371582e-01
0.000000000000000000e+00 1.400559544563293457e-01
0.000000000000000000e+00 1.058842539787292480e-01
0.000000000000000000e+00 1.025086268782615662e-01
0.000000000000000000e+00 9.195642918348312378e-02
0.000000000000000000e+00 8.388855308294296265e-02
0.000000000000000000e+00 9.379802644252777100e-02
0.000000000000000000e+00 8.462395519018173218e-02
0.000000000000000000e+00 9.694254398345947266e-02
0.000000000000000000e+00 9.675224870443344116e-02
0.000000000000000000e+00 9.417869895696640015e-02
0.000000000000000000e+00 1.117176786065101624e-01
0.000000000000000000e+00 9.811145067214965820e-02
0.000000000000000000e+00 1.082097291946411133e-01
0.000000000000000000e+00 1.045408546924591064e-01
0.000000000000000000e+00 1.253970265388488770e-01
0.000000000000000000e+00 1.442448794841766357e-01
0.000000000000000000e+00 1.504370421171188354e-01
1.000000000000000000e+00 1.993037015199661255e-01
0.000000000000000000e+00 2.011339366436004639e-01
0.000000000000000000e+00 2.039009183645248413e-01
0.000000000000000000e+00 2.270586639642715454e-01
0.000000000000000000e+00 2.169223576784133911e-01
0.000000000000000000e+00 2.795401513576507568e-01
0.000000000000000000e+00 2.451314181089401245e-01
0.000000000000000000e+00 2.254920750856399536e-01
0.000000000000000000e+00 2.974444329738616943e-01
0.000000000000000000e+00 3.277986943721771240e-01
0.000000000000000000e+00 3.864815831184387207e-01
0.000000000000000000e+00 3.995127677917480469e-01
0.000000000000000000e+00 5.105003714561462402e-01
0.000000000000000000e+00 3.930107355117797852e-01
0.000000000000000000e+00 3.764772415161132812e-01
0.000000000000000000e+00 5.767078995704650879e-01
0.000000000000000000e+00 6.049673557281494141e-01
0.000000000000000000e+00 5.510547757148742676e-01
0.000000000000000000e+00 6.049867868423461914e-01
0.000000000000000000e+00 5.871550440788269043e-01
0.000000000000000000e+00 6.104186177253723145e-01
0.000000000000000000e+00 7.225761413574218750e-01
0.000000000000000000e+00 7.837973833084106445e-01
0.000000000000000000e+00 7.994861006736755371e-01
0.000000000000000000e+00 8.012906908988952637e-01
0.000000000000000000e+00 8.457372188568115234e-01
1.000000000000000000e+00 8.911505937576293945e-01
1.000000000000000000e+00 8.366672992706298828e-01
1.000000000000000000e+00 8.479942083358764648e-01
1.000000000000000000e+00 8.436615467071533203e-01
0.000000000000000000e+00 8.033639192581176758e-01
0.000000000000000000e+00 7.622658610343933105e-01
0.000000000000000000e+00 7.599593400955200195e-01
0.000000000000000000e+00 6.986694335937500000e-01
0.000000000000000000e+00 6.194126009941101074e-01
0.000000000000000000e+00 7.119109630584716797e-01
0.000000000000000000e+00 7.527460455894470215e-01
0.000000000000000000e+00 6.601904034614562988e-01
0.000000000000000000e+00 6.959317326545715332e-01
0.000000000000000000e+00 7.251751422882080078e-01
0.000000000000000000e+00 6.242569088935852051e-01
0.000000000000000000e+00 7.157087922096252441e-01
0.000000000000000000e+00 7.073696255683898926e-01
0.000000000000000000e+00 6.975902318954467773e-01
1.000000000000000000e+00 6.215240359306335449e-01
1.000000000000000000e+00 6.435310244560241699e-01
0.000000000000000000e+00 6.032564640045166016e-01
0.000000000000000000e+00 6.701506376266479492e-01
1.000000000000000000e+00 9.256901741027832031e-01
1.000000000000000000e+00 9.214134812355041504e-01
1.000000000000000000e+00 8.861283063888549805e-01
1.000000000000000000e+00 9.435198903083801270e-01
1.000000000000000000e+00 9.157125353813171387e-01
1.000000000000000000e+00 9.095756411552429199e-01
1.000000000000000000e+00 9.219967722892761230e-01
1.000000000000000000e+00 9.069649577140808105e-01
0.000000000000000000e+00 8.813260197639465332e-01
0.000000000000000000e+00 8.256275057792663574e-01
0.000000000000000000e+00 8.429609537124633789e-01
0.000000000000000000e+00 6.696903705596923828e-01
0.000000000000000000e+00 5.628306269645690918e-01
0.000000000000000000e+00 5.265151858329772949e-01
0.000000000000000000e+00 4.055422842502593994e-01
0.000000000000000000e+00 3.545477986335754395e-01
0.000000000000000000e+00 1.972289383411407471e-01
0.000000000000000000e+00 2.645212113857269287e-01
0.000000000000000000e+00 1.655122488737106323e-01
0.000000000000000000e+00 1.552495956420898438e-01
0.000000000000000000e+00 1.256307363510131836e-01
0.000000000000000000e+00 1.259015202522277832e-01
0.000000000000000000e+00 1.383641064167022705e-01
1.000000000000000000e+00 1.293272972106933594e-01
0.000000000000000000e+00 1.356179118156433105e-01
0.000000000000000000e+00 1.293135732412338257e-01
0.000000000000000000e+00 1.044054329395294189e-01
0.000000000000000000e+00 8.595556765794754028e-02
0.000000000000000000e+00 1.102682203054428101e-01
0.000000000000000000e+00 1.359317153692245483e-01
0.000000000000000000e+00 1.204126775264739990e-01
0.000000000000000000e+00 1.008052676916122437e-01
0.000000000000000000e+00 1.097566857933998108e-01
0.000000000000000000e+00 1.086856350302696228e-01
0.000000000000000000e+00 8.846814185380935669e-02
0.000000000000000000e+00 1.196129471063613892e-01
0.000000000000000000e+00 7.879519462585449219e-02
0.000000000000000000e+00 8.987164497375488281e-02
0.000000000000000000e+00 1.219773665070533752e-01
0.000000000000000000e+00 1.180988848209381104e-01
0.000000000000000000e+00 1.030684560537338257e-01
0.000000000000000000e+00 1.057280451059341431e-01
0.000000000000000000e+00 1.002741307020187378e-01
0.000000000000000000e+00 1.184002980589866638e-01
0.000000000000000000e+00 1.176158487796783447e-01
0.000000000000000000e+00 1.367346942424774170e-01
0.000000000000000000e+00 1.451280266046524048e-01
0.000000000000000000e+00 1.843082904815673828e-01
0.000000000000000000e+00 2.111185938119888306e-01
0.000000000000000000e+00 2.097669243812561035e-01
0.000000000000000000e+00 3.383046388626098633e-01
1.000000000000000000e+00 4.206140041351318359e-01
1.000000000000000000e+00 4.420266151428222656e-01
1.000000000000000000e+00 4.897246956825256348e-01
1.000000000000000000e+00 5.891438126564025879e-01
1.000000000000000000e+00 6.252838373184204102e-01
1.000000000000000000e+00 7.483872175216674805e-01
1.000000000000000000e+00 6.874567270278930664e-01
1.000000000000000000e+00 5.881079435348510742e-01
1.000000000000000000e+00 5.498871207237243652e-01
1.000000000000000000e+00 4.152878224849700928e-01
0.000000000000000000e+00 3.481997549533843994e-01
0.000000000000000000e+00 3.807841539382934570e-01
0.000000000000000000e+00 2.388578653335571289e-01
0.000000000000000000e+00 2.440285384654998779e-01
0.000000000000000000e+00 2.190175801515579224e-01
0.000000000000000000e+00 1.445384323596954346e-01
0.000000000000000000e+00 2.026004046201705933e-01
0.000000000000000000e+00 1.856056898832321167e-01
1.000000000000000000e+00 1.361325085163116455e-01
1.000000000000000000e+00 1.952482610940933228e-01
1.000000000000000000e+00 1.939874738454818726e-01
1.000000000000000000e+00 2.142414152622222900e-01
1.000000000000000000e+00 3.215762674808502197e-01
0.000000000000000000e+00 3.540622889995574951e-01
1.000000000000000000e+00 9.831572175025939941e-01
1.000000000000000000e+00 9.682743549346923828e-01
1.000000000000000000e+00 9.730940461158752441e-01
0.000000000000000000e+00 9.699352383613586426e-01
0.000000000000000000e+00 9.170567393302917480e-01
0.000000000000000000e+00 9.642696380615234375e-01
0.000000000000000000e+00 9.480104446411132812e-01
0.000000000000000000e+00 9.007782340049743652e-01
0.000000000000000000e+00 9.240213632583618164e-01
0.000000000000000000e+00 9.076827764511108398e-01
0.000000000000000000e+00 8.992654681205749512e-01
0.000000000000000000e+00 8.915045857429504395e-01
0.000000000000000000e+00 8.991311788558959961e-01
0.000000000000000000e+00 9.243212342262268066e-01
0.000000000000000000e+00 9.233732819557189941e-01
0.000000000000000000e+00 9.276461005210876465e-01
0.000000000000000000e+00 9.392355680465698242e-01
0.000000000000000000e+00 9.606652855873107910e-01
0.000000000000000000e+00 9.686445593833923340e-01
0.000000000000000000e+00 9.702820181846618652e-01
0.000000000000000000e+00 9.777812361717224121e-01
1.000000000000000000e+00 9.800051450729370117e-01
1.000000000000000000e+00 9.925301671028137207e-01
1.000000000000000000e+00 9.904313683509826660e-01
0.000000000000000000e+00 9.937065243721008301e-01
0.000000000000000000e+00 9.957906603813171387e-01
0.000000000000000000e+00 9.972841739654541016e-01
0.000000000000000000e+00 9.971772432327270508e-01
0.000000000000000000e+00 9.978320002555847168e-01
0.000000000000000000e+00 9.963577389717102051e-01
0.000000000000000000e+00 9.961257576942443848e-01
1.000000000000000000e+00 9.967191815376281738e-01
0.000000000000000000e+00 9.974991679191589355e-01
0.000000000000000000e+00 9.964966177940368652e-01
0.000000000000000000e+00 9.975621700286865234e-01
0.000000000000000000e+00 9.978168010711669922e-01
0.000000000000000000e+00 9.990660548210144043e-01
0.000000000000000000e+00 9.987629652023315430e-01
0.000000000000000000e+00 9.985277652740478516e-01
0.000000000000000000e+00 9.993721842765808105e-01
0.000000000000000000e+00 9.994594454765319824e-01
0.000000000000000000e+00 9.993700385093688965e-01
0.000000000000000000e+00 9.992164373397827148e-01
0.000000000000000000e+00 9.990341663360595703e-01
1.000000000000000000e+00 9.994391798973083496e-01
1.000000000000000000e+00 9.994105100631713867e-01
0.000000000000000000e+00 9.994413256645202637e-01
0.000000000000000000e+00 9.995378255844116211e-01
0.000000000000000000e+00 9.993818998336791992e-01
0.000000000000000000e+00 9.995036125183105469e-01
0.000000000000000000e+00 9.994460940361022949e-01
0.000000000000000000e+00 9.994871616363525391e-01
0.000000000000000000e+00 9.992883801460266113e-01
0.000000000000000000e+00 9.994642138481140137e-01
0.000000000000000000e+00 9.993939399719238281e-01
0.000000000000000000e+00 9.994532465934753418e-01
0.000000000000000000e+00 9.991739392280578613e-01
0.000000000000000000e+00 9.992347955703735352e-01
0.000000000000000000e+00 9.989952445030212402e-01
1.000000000000000000e+00 9.986630678176879883e-01
1.000000000000000000e+00 9.991632699966430664e-01
0.000000000000000000e+00 9.987875819206237793e-01
0.000000000000000000e+00 9.992777705192565918e-01
0.000000000000000000e+00 9.988707900047302246e-01
0.000000000000000000e+00 9.979537725448608398e-01
0.000000000000000000e+00 9.973810315132141113e-01
0.000000000000000000e+00 9.976592063903808594e-01
0.000000000000000000e+00 9.973765611648559570e-01
1.000000000000000000e+00 9.972878694534301758e-01
1.000000000000000000e+00 9.970312118530273438e-01
1.000000000000000000e+00 9.956567287445068359e-01
1.000000000000000000e+00 9.949505329132080078e-01
0.000000000000000000e+00 9.927225708961486816e-01
0.000000000000000000e+00 9.884358644485473633e-01
0.000000000000000000e+00 9.861982464790344238e-01
0.000000000000000000e+00 9.190151095390319824e-01
0.000000000000000000e+00 9.413499832153320312e-01
0.000000000000000000e+00 9.230603575706481934e-01
0.000000000000000000e+00 9.525154232978820801e-01
0.000000000000000000e+00 9.446612596511840820e-01
0.000000000000000000e+00 9.577970504760742188e-01
0.000000000000000000e+00 9.622061252593994141e-01
0.000000000000000000e+00 9.655219316482543945e-01
0.000000000000000000e+00 9.770914912223815918e-01
0.000000000000000000e+00 9.783857464790344238e-01
0.000000000000000000e+00 9.782214760780334473e-01
0.000000000000000000e+00 9.732180237770080566e-01
0.000000000000000000e+00 9.846913218498229980e-01
0.000000000000000000e+00 9.783242344856262207e-01
1.000000000000000000e+00 9.815396666526794434e-01
1.000000000000000000e+00 9.745481014251708984e-01
1.000000000000000000e+00 9.767436981201171875e-01
1.000000000000000000e+00 9.756112694740295410e-01
1.000000000000000000e+00 9.698196053504943848e-01
1.000000000000000000e+00 9.541544318199157715e-01
1.000000000000000000e+00 9.543235301971435547e-01
1.000000000000000000e+00 9.313636422157287598e-01
1.000000000000000000e+00 8.080741167068481445e-01
1.000000000000000000e+00 7.763013839721679688e-01
1.000000000000000000e+00 5.535801649093627930e-01
0.000000000000000000e+00 5.384196043014526367e-01
0.000000000000000000e+00 4.597285985946655273e-01
0.000000000000000000e+00 3.716289699077606201e-01
0.000000000000000000e+00 4.129457175731658936e-01
0.000000000000000000e+00 3.395321369171142578e-01
0.000000000000000000e+00 3.671667873859405518e-01
0.000000000000000000e+00 2.713630497455596924e-01
1.000000000000000000e+00 3.051596879959106445e-01
0.000000000000000000e+00 2.525443732738494873e-01
0.000000000000000000e+00 3.898904025554656982e-01
0.000000000000000000e+00 1.975435763597488403e-01
0.000000000000000000e+00 2.433883696794509888e-01
0.000000000000000000e+00 1.997083723545074463e-01
0.000000000000000000e+00 1.924278140068054199e-01
0.000000000000000000e+00 1.967892795801162720e-01
0.000000000000000000e+00 1.475454121828079224e-01
0.000000000000000000e+00 2.320303469896316528e-01
0.000000000000000000e+00 2.108236700296401978e-01
0.000000000000000000e+00 2.210057377815246582e-01
0.000000000000000000e+00 3.197560012340545654e-01
0.000000000000000000e+00 3.095777928829193115e-01
0.000000000000000000e+00 4.453477561473846436e-01
0.000000000000000000e+00 4.853126108646392822e-01
0.000000000000000000e+00 4.874989092350006104e-01
0.000000000000000000e+00 4.576501846313476562e-01
0.000000000000000000e+00 4.127032458782196045e-01
0.000000000000000000e+00 6.132969856262207031e-01
0.000000000000000000e+00 3.814795315265655518e-01
0.000000000000000000e+00 3.319890201091766357e-01
0.000000000000000000e+00 4.272298216819763184e-01
0.000000000000000000e+00 4.431160092353820801e-01
0.000000000000000000e+00 3.241420984268188477e-01
0.000000000000000000e+00 4.051418602466583252e-01
0.000000000000000000e+00 4.049693048000335693e-01
0.000000000000000000e+00 3.071691393852233887e-01
0.000000000000000000e+00 3.756631016731262207e-01
0.000000000000000000e+00 3.762334287166595459e-01
0.000000000000000000e+00 3.523339629173278809e-01
0.000000000000000000e+00 2.256587296724319458e-01
0.000000000000000000e+00 3.445018231868743896e-01
0.000000000000000000e+00 3.918444812297821045e-01
0.000000000000000000e+00 4.307182729244232178e-01
0.000000000000000000e+00 4.285242855548858643e-01
0.000000000000000000e+00 3.830295801162719727e-01
0.000000000000000000e+00 4.788730144500732422e-01
0.000000000000000000e+00 4.043478071689605713e-01
0.000000000000000000e+00 4.055102765560150146e-01
1.000000000000000000e+00 4.845626950263977051e-01
1.000000000000000000e+00 5.221962928771972656e-01
0.000000000000000000e+00 4.822271764278411865e-01
