0.000000000000000000e+00 4.850748926401138306e-02
0.000000000000000000e+00 3.533810144290328026e-03
0.000000000000000000e+00 1.304551959037780762e-03
0.000000000000000000e+00 5.410842713899910450e-04
0.000000000000000000e+00 1.475266908528283238e-04
0.000000000000000000e+00 3.943641786463558674e-05
0.000000000000000000e+00 3.221770384698174894e-05
0.000000000000000000e+00 2.257646883663255721e-05
0.000000000000000000e+00 1.166244419437134638e-05
0.000000000000000000e+00 1.860404881881549954e-05
0.000000000000000000e+00 1.400828023179201409e-05
0.000000000000000000e+00 1.145007900049677119e-05
0.000000000000000000e+00 8.392916242883075029e-06
0.000000000000000000e+00 6.679020771116483957e-06
0.000000000000000000e+00 9.467316886002663523e-06
0.000000000000000000e+00 1.220084141095867380e-05
0.000000000000000000e+00 6.440805009333416820e-05
0.000000000000000000e+00 1.814878196455538273e-04
0.000000000000000000e+00 1.568482985021546483e-04
0.000000000000000000e+00 2.203324402216821909e-04
0.000000000000000000e+00 9.661543881520628929e-04
0.000000000000000000e+00 3.152808872982859612e-03
0.000000000000000000e+00 7.372404448688030243e-03
0.000000000000000000e+00 1.699936762452125549e-02
0.000000000000000000e+00 6.239186972379684448e-02
0.000000000000000000e+00 4.322158172726631165e-02
0.000000000000000000e+00 5.816880986094474792e-02
0.000000000000000000e+00 5.077527835965156555e-02
0.000000000000000000e+00 5.125876888632774353e-02
0.000000000000000000e+00 1.256487704813480377e-02
0.000000000000000000e+00 8.984171785414218903e-03
0.000000000000000000e+00 2.058188803493976593e-02
1.000000000000000000e+00 3.024995513260364532e-02
1.000000000000000000e+00 1.186614576727151871e-02
0.000000000000000000e+00 5.577099975198507309e-03
0.000000000000000000e+00 5.115743260830640793e-03
0.000000000000000000e+00 4.642951767891645432e-03
0.000000000000000000e+00 2.162429969757795334e-03
0.000000000000000000e+00 2.684652339667081833e-03
0.000000000000000000e+00 5.724403075873851776e-03
0.000000000000000000e+00 1.687277294695377350e-02
0.000000000000000000e+00 1.783258840441703796e-02
0.000000000000000000e+00 2.367670461535453796e-02
0.000000000000000000e+00 2.688712067902088165e-02
0.000000000000000000e+00 3.430851176381111145e-02
0.000000000000000000e+00 2.529304288327693939e-02
0.000000000000000000e+00 7.576540112495422363e-02
0.000000000000000000e+00 1.503116637468338013e-01
0.000000000000000000e+00 5.546833202242851257e-02
0.000000000000000000e+00 3.967061638832092285e-02
0.000000000000000000e+00 2.781963162124156952e-02
0.000000000000000000e+00 1.916810311377048492e-02
0.000000000000000000e+00 3.379964083433151245e-02
0.000000000000000000e+00 3.561878204345703125e-02
0.000000000000000000e+00 2.546589449048042297e-02
0.000000000000000000e+00 3.390692546963691711e-02
0.000000000000000000e+00 5.822234973311424255e-02
0.000000000000000000e+00 1.495459079742431641e-01
0.000000000000000000e+00 1.116894334554672241e-01
0.000000000000000000e+00 3.203370422124862671e-02
0.000000000000000000e+00 2.363307215273380280e-02
0.000000000000000000e+00 5.732015240937471390e-03
0.000000000000000000e+00 5.176902748644351959e-03
0.000000000000000000e+00 8.416892960667610168e-03
0.000000000000000000e+00 5.778835155069828033e-03
0.000000000000000000e+00 2.735381014645099640e-02
0.000000000000000000e+00 4.830762743949890137e-02
0.000000000000000000e+00 4.313909262418746948e-02
0.000000000000000000e+00 3.900675848126411438e-02
0.000000000000000000e+00 5.131274834275245667e-02
0.000000000000000000e+00 4.138505831360816956e-02
0.000000000000000000e+00 1.181029248982667923e-02
0.000000000000000000e+00 2.433853410184383392e-02
0.000000000000000000e+00 2.772840112447738647e-02
0.000000000000000000e+00 2.035817131400108337e-02
0.000000000000000000e+00 1.860186785052064806e-06
0.000000000000000000e+00 4.187606464256532490e-06
0.000000000000000000e+00 2.108419948854134418e-06
0.000000000000000000e+00 2.132882627847720869e-06
0.000000000000000000e+00 3.892299389463005355e-07
0.000000000000000000e+00 3.042543141873466084e-07
0.000000000000000000e+00 6.664079705842596013e-07
0.000000000000000000e+00 5.074254545434087049e-07
0.000000000000000000e+00 2.402935024292673916e-07
0.000000000000000000e+00 3.668782539989479119e-07
0.000000000000000000e+00 9.004161682923950139e-08
0.000000000000000000e+00 8.577077892368834000e-08
0.000000000000000000e+00 4.406453513183805626e-08
0.000000000000000000e+00 3.037520812654292968e-08
0.000000000000000000e+00 3.799389958203391870e-08
0.000000000000000000e+00 7.979115679290771368e-08
0.000000000000000000e+00 3.323470210148116166e-08
0.000000000000000000e+00 3.135411077437311178e-07
0.000000000000000000e+00 2.014424751450860640e-07
0.000000000000000000e+00 8.402504931837029289e-07
0.000000000000000000e+00 7.937765985843725502e-06
0.000000000000000000e+00 2.642738581926096231e-05
0.000000000000000000e+00 9.132184641202911735e-05
0.000000000000000000e+00 1.031063511618413031e-04
0.000000000000000000e+00 2.364931569900363684e-04
0.000000000000000000e+00 5.805087275803089142e-04
0.000000000000000000e+00 6.928757065907120705e-04
0.000000000000000000e+00 1.412897254340350628e-03
0.000000000000000000e+00 2.990820794366300106e-04
0.000000000000000000e+00 4.376323777250945568e-04
0.000000000000000000e+00 8.767745457589626312e-04
0.000000000000000000e+00 5.356939509510993958e-04
0.000000000000000000e+00 4.889695555903017521e-04
0.000000000000000000e+00 1.603665528818964958e-03
0.000000000000000000e+00 2.252238336950540543e-03
0.000000000000000000e+00 2.380703343078494072e-03
0.000000000000000000e+00 1.331361243501305580e-03
0.000000000000000000e+00 2.477598609402775764e-03
0.000000000000000000e+00 2.397085539996623993e-03
0.000000000000000000e+00 2.352217677980661392e-03
0.000000000000000000e+00 4.994167480617761612e-03
0.000000000000000000e+00 1.484253676608204842e-03
0.000000000000000000e+00 3.735897829756140709e-03
0.000000000000000000e+00 9.180824272334575653e-03
0.000000000000000000e+00 1.198814436793327332e-02
0.000000000000000000e+00 3.237089887261390686e-02
0.000000000000000000e+00 3.209744766354560852e-02
0.000000000000000000e+00 1.872886344790458679e-02
0.000000000000000000e+00 4.096240699291229248e-01
0.000000000000000000e+00 3.238135278224945068e-01
0.000000000000000000e+00 2.774599790573120117e-01
0.000000000000000000e+00 1.607847511768341064e-01
0.000000000000000000e+00 8.222067356109619141e-02
0.000000000000000000e+00 2.814247310161590576e-01
0.000000000000000000e+00 5.324286818504333496e-01
1.000000000000000000e+00 6.326119303703308105e-01
1.000000000000000000e+00 3.072283267974853516e-01
0.000000000000000000e+00 5.175065398216247559e-01
0.000000000000000000e+00 4.345471262931823730e-01
0.000000000000000000e+00 3.356704711914062500e-01
0.000000000000000000e+00 2.040016055107116699e-01
0.000000000000000000e+00 1.062523126602172852e-01
0.000000000000000000e+00 6.476602703332901001e-02
0.000000000000000000e+00 1.110886484384536743e-01
0.000000000000000000e+00 1.461349874734878540e-01
0.000000000000000000e+00 6.379208713769912720e-02
0.000000000000000000e+00 4.679037630558013916e-02
0.000000000000000000e+00 6.534602493047714233e-02
0.000000000000000000e+00 7.100737839937210083e-02
0.000000000000000000e+00 1.514797210693359375e-01
0.000000000000000000e+00 1.709519922733306885e-01
0.000000000000000000e+00 7.255814224481582642e-02
0.000000000000000000e+00 4.649567604064941406e-02
0.000000000000000000e+00 6.539615988731384277e-02
0.000000000000000000e+00 9.257846325635910034e-02
0.000000000000000000e+00 2.328636497259140015e-02
0.000000000000000000e+00 2.514464221894741058e-02
0.000000000000000000e+00 1.313140802085399628e-02
0.000000000000000000e+00 8.098957128822803497e-03
0.000000000000000000e+00 3.210719907656311989e-03
0.000000000000000000e+00 1.437564962543547153e-03
0.000000000000000000e+00 2.021996537223458290e-03
0.000000000000000000e+00 1.139039522968232632e-03
0.000000000000000000e+00 2.137321280315518379e-03
0.000000000000000000e+00 3.166152164340019226e-03
0.000000000000000000e+00 9.029034525156021118e-03
0.000000000000000000e+00 8.327516727149486542e-03
0.000000000000000000e+00 4.551933147013187408e-03
0.000000000000000000e+00 1.075072493404150009e-02
0.000000000000000000e+00 1.279088668525218964e-02
0.000000000000000000e+00 4.027979448437690735e-02
0.000000000000000000e+00 3.073910437524318695e-02
0.000000000000000000e+00 2.521745301783084869e-02
0.000000000000000000e+00 4.972720146179199219e-02
0.000000000000000000e+00 2.760091051459312439e-02
0.000000000000000000e+00 4.713379591703414917e-02
0.000000000000000000e+00 3.246558085083961487e-02
0.000000000000000000e+00 3.552763164043426514e-02
0.000000000000000000e+00 7.644327729940414429e-02
0.000000000000000000e+00 4.613443836569786072e-02
0.000000000000000000e+00 8.956063538789749146e-02
0.000000000000000000e+00 1.253647953271865845e-01
0.000000000000000000e+00 8.621731400489807129e-02
0.000000000000000000e+00 1.629354208707809448e-01
0.000000000000000000e+00 1.917133927345275879e-01
0.000000000000000000e+00 1.101457327604293823e-01
0.000000000000000000e+00 1.917499154806137085e-01
0.000000000000000000e+00 8.705376088619232178e-02
0.000000000000000000e+00 1.806167662143707275e-01
0.000000000000000000e+00 1.023147627711296082e-01
0.000000000000000000e+00 1.674069464206695557e-01
0.000000000000000000e+00 1.580577194690704346e-01
0.000000000000000000e+00 1.731098443269729614e-01
0.000000000000000000e+00 1.606528162956237793e-01
0.000000000000000000e+00 2.161216437816619873e-01
0.000000000000000000e+00 3.012335598468780518e-01
0.000000000000000000e+00 2.167330384254455566e-01
0.000000000000000000e+00 3.926568627357482910e-01
0.000000000000000000e+00 2.127982825040817261e-01
0.000000000000000000e+00 3.513091504573822021e-01
0.000000000000000000e+00 2.234157025814056396e-01
0.000000000000000000e+00 1.270999014377593994e-01
0.000000000000000000e+00 2.455454319715499878e-01
0.000000000000000000e+00 1.135671287775039673e-01
0.000000000000000000e+00 1.044285446405410767e-01
0.000000000000000000e+00 8.390208333730697632e-02
0.000000000000000000e+00 7.115410268306732178e-02
0.000000000000000000e+00 3.536374866962432861e-02
0.000000000000000000e+00 1.439749002456665039e-01
0.000000000000000000e+00 1.083169206976890564e-01
0.000000000000000000e+00 1.100546419620513916e-01
0.000000000000000000e+00 3.222405612468719482e-01
0.000000000000000000e+00 2.185251265764236450e-01
0.000000000000000000e+00 1.748574674129486084e-01
0.000000000000000000e+00 1.604494303464889526e-01
0.000000000000000000e+00 1.249994486570358276e-01
0.000000000000000000e+00 1.422689259052276611e-01
0.000000000000000000e+00 2.822816967964172363e-01
0.000000000000000000e+00 1.239648014307022095e-01
0.000000000000000000e+00 2.101230025291442871e-01
0.000000000000000000e+00 3.343620896339416504e-01
0.000000000000000000e+00 3.143497407436370850e-01
0.000000000000000000e+00 5.295290946960449219e-01
0.000000000000000000e+00 3.455504775047302246e-01
0.000000000000000000e+00 3.765960633754730225e-01
0.000000000000000000e+00 7.605405449867248535e-01
0.000000000000000000e+00 3.071987628936767578e-01
0.000000000000000000e+00 3.225128054618835449e-01
0.000000000000000000e+00 1.844726800918579102e-01
0.000000000000000000e+00 4.719527363777160645e-01
0.000000000000000000e+00 2.551236450672149658e-01
0.000000000000000000e+00 4.208013415336608887e-02
0.000000000000000000e+00 2.577213943004608154e-02
0.000000000000000000e+00 1.549728028476238251e-02
0.000000000000000000e+00 3.275603055953979492e-03
0.000000000000000000e+00 4.415493749547749758e-04
0.000000000000000000e+00 7.943275704747065902e-05
0.000000000000000000e+00 3.423252928769215941e-05
0.000000000000000000e+00 2.054981996479909867e-05
0.000000000000000000e+00 1.231161058967700228e-05
0.000000000000000000e+00 7.421117516059894115e-06
0.000000000000000000e+00 5.701227564713917673e-06
0.000000000000000000e+00 3.343238631714484654e-06
0.000000000000000000e+00 8.926328973757335916e-07
0.000000000000000000e+00 1.170058226307446603e-06
0.000000000000000000e+00 2.129896756741800345e-06
0.000000000000000000e+00 1.207108880407758988e-06
0.000000000000000000e+00 6.793579814257100224e-07
0.000000000000000000e+00 4.743018564568046713e-07
0.000000000000000000e+00 1.490821773586503696e-06
0.000000000000000000e+00 1.215907104779034853e-06
0.000000000000000000e+00 4.297649411455495283e-06
0.000000000000000000e+00 9.646963007980957627e-06
0.000000000000000000e+00 4.130477827857248485e-05
0.000000000000000000e+00 3.821985228569246829e-05
0.000000000000000000e+00 1.142163455369882286e-04
0.000000000000000000e+00 1.262397418031468987e-04
0.000000000000000000e+00 3.230928559787571430e-04
0.000000000000000000e+00 1.582439988851547241e-03
0.000000000000000000e+00 2.205079421401023865e-03
0.000000000000000000e+00 3.209578571841120720e-03
0.000000000000000000e+00 3.848250024020671844e-03
0.000000000000000000e+00 2.856026589870452881e-02
0.000000000000000000e+00 2.911748923361301422e-02
0.000000000000000000e+00 8.897937089204788208e-02
0.000000000000000000e+00 9.652423113584518433e-02
0.000000000000000000e+00 1.106117591261863708e-01
0.000000000000000000e+00 1.263451278209686279e-01
0.000000000000000000e+00 8.407458662986755371e-02
0.000000000000000000e+00 2.767809331417083740e-01
0.000000000000000000e+00 3.788017481565475464e-02
0.000000000000000000e+00 1.037518233060836792e-01
0.000000000000000000e+00 5.437680706381797791e-02
0.000000000000000000e+00 1.922700256109237671e-01
0.000000000000000000e+00 2.291696369647979736e-01
0.000000000000000000e+00 6.457153558731079102e-01
0.000000000000000000e+00 5.904394984245300293e-01
0.000000000000000000e+00 8.414003252983093262e-01
0.000000000000000000e+00 8.681336641311645508e-01
0.000000000000000000e+00 7.785515785217285156e-01
0.000000000000000000e+00 8.371332883834838867e-01
0.000000000000000000e+00 7.387671470642089844e-01
0.000000000000000000e+00 9.046655297279357910e-01
0.000000000000000000e+00 9.224089980125427246e-01
1.000000000000000000e+00 8.686904907226562500e-01
1.000000000000000000e+00 8.549258708953857422e-01
1.000000000000000000e+00 8.162689208984375000e-01
0.000000000000000000e+00 6.459423899650573730e-01
0.000000000000000000e+00 5.817741751670837402e-01
0.000000000000000000e+00 4.762377440929412842e-01
0.000000000000000000e+00 3.544452190399169922e-01
0.000000000000000000e+00 4.436045289039611816e-01
0.000000000000000000e+00 1.837215870618820190e-01
0.000000000000000000e+00 2.168772965669631958e-01
0.000000000000000000e+00 1.669319123029708862e-01
0.000000000000000000e+00 2.590774595737457275e-01
0.000000000000000000e+00 2.168817818164825439e-01
0.000000000000000000e+00 1.946354806423187256e-01
0.000000000000000000e+00 1.703039556741714478e-01
0.000000000000000000e+00 2.296159714460372925e-01
0.000000000000000000e+00 2.125600576400756836e-01
0.000000000000000000e+00 1.373108625411987305e-01
0.000000000000000000e+00 1.247667297720909119e-01
0.000000000000000000e+00 5.330498516559600830e-02
0.000000000000000000e+00 8.799079805612564087e-02
1.000000000000000000e+00 5.546253547072410583e-02
1.000000000000000000e+00 6.336759030818939209e-02
1.000000000000000000e+00 3.100557997822761536e-02
1.000000000000000000e+00 1.461036354303359985e-01
1.000000000000000000e+00 2.186877876520156860e-01
1.000000000000000000e+00 4.900610074400901794e-02
0.000000000000000000e+00 3.056634366512298584e-01
0.000000000000000000e+00 1.277117878198623657e-01
0.000000000000000000e+00 3.268103897571563721e-01
0.000000000000000000e+00 6.576030701398849487e-02
0.000000000000000000e+00 1.812328770756721497e-02
0.000000000000000000e+00 7.267634384334087372e-03
0.000000000000000000e+00 2.662217477336525917e-03
0.000000000000000000e+00 1.900192815810441971e-03
0.000000000000000000e+00 2.451568609103560448e-03
0.000000000000000000e+00 9.859397541731595993e-04
0.000000000000000000e+00 4.912685835734009743e-04
0.000000000000000000e+00 2.456487272866070271e-04
0.000000000000000000e+00 1.700130524113774300e-04
0.000000000000000000e+00 1.529089786345139146e-04
0.000000000000000000e+00 1.335287088295444846e-04
0.000000000000000000e+00 5.383357711252756417e-05
0.000000000000000000e+00 1.063619056367315352e-04
0.000000000000000000e+00 1.236788230016827583e-04
0.000000000000000000e+00 1.788179506547749043e-04
0.000000000000000000e+00 3.215490432921797037e-04
0.000000000000000000e+00 2.824969415087252855e-04
0.000000000000000000e+00 7.056466420181095600e-04
0.000000000000000000e+00 9.694050531834363937e-04
0.000000000000000000e+00 5.624246550723910332e-04
0.000000000000000000e+00 1.567219966091215611e-03
0.000000000000000000e+00 1.750975847244262695e-03
0.000000000000000000e+00 1.054924097843468189e-03
0.000000000000000000e+00 2.252661623060703278e-03
0.000000000000000000e+00 1.904770731925964355e-03
0.000000000000000000e+00 3.717909101396799088e-03
0.000000000000000000e+00 3.837710013613104820e-03
0.000000000000000000e+00 5.606425460427999496e-03
0.000000000000000000e+00 1.056351978331804276e-02
0.000000000000000000e+00 9.732951410114765167e-03
0.000000000000000000e+00 1.492441166192293167e-02
0.000000000000000000e+00 4.374691285192966461e-03
0.000000000000000000e+00 1.445374730974435806e-02
0.000000000000000000e+00 4.160542506724596024e-03
0.000000000000000000e+00 6.382124964147806168e-03
0.000000000000000000e+00 7.458874490112066269e-03
0.000000000000000000e+00 5.141530185937881470e-03
0.000000000000000000e+00 4.572199657559394836e-03
0.000000000000000000e+00 1.441139727830886841e-02
0.000000000000000000e+00 2.413816004991531372e-02
0.000000000000000000e+00 6.401504576206207275e-02
0.000000000000000000e+00 1.088078022003173828e-01
0.000000000000000000e+00 5.797725170850753784e-02
0.000000000000000000e+00 1.251551508903503418e-01
0.000000000000000000e+00 4.895589947700500488e-01
0.000000000000000000e+00 6.498732566833496094e-01
0.000000000000000000e+00 9.014456272125244141e-01
0.000000000000000000e+00 7.895650863647460938e-01
0.000000000000000000e+00 4.208005964756011963e-01
0.000000000000000000e+00 4.207925200462341309e-01
0.000000000000000000e+00 5.426238179206848145e-01
0.000000000000000000e+00 4.553103148937225342e-01
0.000000000000000000e+00 4.704748392105102539e-01
0.000000000000000000e+00 4.674660861492156982e-01
0.000000000000000000e+00 4.933493137359619141e-01
0.000000000000000000e+00 3.327853381633758545e-01
0.000000000000000000e+00 4.689023792743682861e-01
0.000000000000000000e+00 5.845991373062133789e-01
0.000000000000000000e+00 5.548229813575744629e-01
0.000000000000000000e+00 4.058192670345306396e-01
0.000000000000000000e+00 4.525630772113800049e-01
0.000000000000000000e+00 4.385553002357482910e-01
0.000000000000000000e+00 3.466564118862152100e-01
0.000000000000000000e+00 3.413749635219573975e-01
0.000000000000000000e+00 2.826726138591766357e-01
0.000000000000000000e+00 1.230047291755909100e-05
0.000000000000000000e+00 2.653070396263501607e-06
1.000000000000000000e+00 8.509886356478091329e-06
0.000000000000000000e+00 6.104552085162140429e-06
0.000000000000000000e+00 4.752898803417338058e-06
0.000000000000000000e+00 2.144872496501193382e-06
0.000000000000000000e+00 9.922384833771502599e-07
0.000000000000000000e+00 2.263639999000588432e-06
0.000000000000000000e+00 1.460093130845052656e-06
0.000000000000000000e+00 2.251943897135788575e-06
0.000000000000000000e+00 1.427759002581296954e-06
0.000000000000000000e+00 1.827439291446353309e-06
0.000000000000000000e+00 2.050244575002579950e-06
0.000000000000000000e+00 4.488682861847337335e-06
0.000000000000000000e+00 4.246106072969269007e-06
0.000000000000000000e+00 3.347469146319781430e-06
0.000000000000000000e+00 1.878575858427211642e-06
0.000000000000000000e+00 1.138615175477752928e-06
0.000000000000000000e+00 1.457683424632705282e-06
0.000000000000000000e+00 1.424547804163012188e-06
0.000000000000000000e+00 1.432788167221588083e-06
0.000000000000000000e+00 6.516980874948785640e-07
0.000000000000000000e+00 7.507582040489069186e-07
0.000000000000000000e+00 8.243342790592578240e-07
0.000000000000000000e+00 9.582563507137820125e-07
0.000000000000000000e+00 2.331413952560978942e-06
0.000000000000000000e+00 5.117617092764703557e-06
0.000000000000000000e+00 6.192829914652975276e-06
0.000000000000000000e+00 3.302831100882031024e-05
0.000000000000000000e+00 5.142838199390098453e-05
0.000000000000000000e+00 2.837737847585231066e-04
0.000000000000000000e+00 1.092768157832324505e-03
0.000000000000000000e+00 6.769009632989764214e-04
0.000000000000000000e+00 6.540343165397644043e-04
0.000000000000000000e+00 2.603461267426609993e-03
0.000000000000000000e+00 2.911357209086418152e-03
0.000000000000000000e+00 7.552206981927156448e-03
0.000000000000000000e+00 1.670251786708831787e-02
0.000000000000000000e+00 3.873742371797561646e-02
0.000000000000000000e+00 1.905940286815166473e-02
0.000000000000000000e+00 3.918105736374855042e-02
0.000000000000000000e+00 2.816077694296836853e-02
0.000000000000000000e+00 2.002371288836002350e-02
0.000000000000000000e+00 1.735781133174896240e-02
0.000000000000000000e+00 2.433581650257110596e-02
0.000000000000000000e+00 4.443056136369705200e-02
0.000000000000000000e+00 5.128670483827590942e-02
0.000000000000000000e+00 8.865033090114593506e-02
0.000000000000000000e+00 1.170703321695327759e-01
0.000000000000000000e+00 4.067276716232299805e-01
0.000000000000000000e+00 1.999455839395523071e-01
0.000000000000000000e+00 3.521164953708648682e-01
1.000000000000000000e+00 2.991665601730346680e-01
1.000000000000000000e+00 6.493924260139465332e-01
1.000000000000000000e+00 9.343366622924804688e-01
1.000000000000000000e+00 9.736570119857788086e-01
1.000000000000000000e+00 8.899380564689636230e-01
1.000000000000000000e+00 8.576771020889282227e-01
1.000000000000000000e+00 7.416900992393493652e-01
0.000000000000000000e+00 4.841402471065521240e-01
0.000000000000000000e+00 3.120578527450561523e-01
0.000000000000000000e+00 2.692384719848632812e-01
0.000000000000000000e+00 5.707609653472900391e-02
0.000000000000000000e+00 4.388932883739471436e-02
0.000000000000000000e+00 1.115233544260263443e-02
0.000000000000000000e+00 2.987912856042385101e-03
0.000000000000000000e+00 1.673258375376462936e-03
0.000000000000000000e+00 1.680114539340138435e-03
0.000000000000000000e+00 2.105438848957419395e-03
0.000000000000000000e+00 1.362948329187929630e-03
0.000000000000000000e+00 9.739867527969181538e-04
1.000000000000000000e+00 5.264823557808995247e-04
0.000000000000000000e+00 2.710713888518512249e-04
0.000000000000000000e+00 3.115191939286887646e-04
0.000000000000000000e+00 3.587345709092915058e-04
0.000000000000000000e+00 9.962823987007141113e-01
0.000000000000000000e+00 9.919282197952270508e-01
0.000000000000000000e+00 9.890587925910949707e-01
0.000000000000000000e+00 9.863790273666381836e-01
0.000000000000000000e+00 9.308882355690002441e-01
0.000000000000000000e+00 8.752528429031372070e-01
0.000000000000000000e+00 8.902288079261779785e-01
0.000000000000000000e+00 8.018082976341247559e-01
0.000000000000000000e+00 6.878772974014282227e-01
0.000000000000000000e+00 8.105848431587219238e-01
0.000000000000000000e+00 7.686565518379211426e-01
0.000000000000000000e+00 9.057711958885192871e-01
0.000000000000000000e+00 9.181917309761047363e-01
0.000000000000000000e+00 7.090924978256225586e-01
0.000000000000000000e+00 8.667294383049011230e-01
0.000000000000000000e+00 9.305081367492675781e-01
0.000000000000000000e+00 9.491122364997863770e-01
0.000000000000000000e+00 9.681209325790405273e-01
0.000000000000000000e+00 9.907186627388000488e-01
0.000000000000000000e+00 9.942821264266967773e-01
0.000000000000000000e+00 9.960504174232482910e-01
0.000000000000000000e+00 9.975789189338684082e-01
0.000000000000000000e+00 9.980570673942565918e-01
0.000000000000000000e+00 9.985349178314208984e-01
0.000000000000000000e+00 9.991814494132995605e-01
0.000000000000000000e+00 9.992029070854187012e-01
0.000000000000000000e+00 9.992733597755432129e-01
0.000000000000000000e+00 9.993664622306823730e-01
0.000000000000000000e+00 9.992775321006774902e-01
0.000000000000000000e+00 9.994242191314697266e-01
0.000000000000000000e+00 9.991927742958068848e-01
0.000000000000000000e+00 9.991647005081176758e-01
0.000000000000000000e+00 9.995625615119934082e-01
0.000000000000000000e+00 9.995649456977844238e-01
0.000000000000000000e+00 9.995381832122802734e-01
0.000000000000000000e+00 9.995853304862976074e-01
0.000000000000000000e+00 9.996358156204223633e-01
0.000000000000000000e+00 9.995955824851989746e-01
0.000000000000000000e+00 9.996849298477172852e-01
0.000000000000000000e+00 9.997038245201110840e-01
0.000000000000000000e+00 9.997022747993469238e-01
0.000000000000000000e+00 9.996159076690673828e-01
0.000000000000000000e+00 9.998152852058410645e-01
0.000000000000000000e+00 9.997190833091735840e-01
0.000000000000000000e+00 9.997263550758361816e-01
0.000000000000000000e+00 9.998213648796081543e-01
0.000000000000000000e+00 9.998416900634765625e-01
0.000000000000000000e+00 9.998040795326232910e-01
0.000000000000000000e+00 9.998181462287902832e-01
0.000000000000000000e+00 9.998481273651123047e-01
0.000000000000000000e+00 9.998125433921813965e-01
0.000000000000000000e+00 9.997747540473937988e-01
0.000000000000000000e+00 9.998064637184143066e-01
0.000000000000000000e+00 9.997847676277160645e-01
0.000000000000000000e+00 9.997685551643371582e-01
0.000000000000000000e+00 9.998583793640136719e-01
0.000000000000000000e+00 9.996476173400878906e-01
0.000000000000000000e+00 9.996436834335327148e-01
0.000000000000000000e+00 9.995587468147277832e-01
0.000000000000000000e+00 9.996516704559326172e-01
0.000000000000000000e+00 9.995829463005065918e-01
0.000000000000000000e+00 9.994377493858337402e-01
0.000000000000000000e+00 9.994837045669555664e-01
0.000000000000000000e+00 9.989732503890991211e-01
0.000000000000000000e+00 9.982757568359375000e-01
0.000000000000000000e+00 9.983655810356140137e-01
0.000000000000000000e+00 9.970433115959167480e-01
0.000000000000000000e+00 9.964308738708496094e-01
0.000000000000000000e+00 9.978425502777099609e-01
0.000000000000000000e+00 9.952787160873413086e-01
0.000000000000000000e+00 9.891835451126098633e-01
0.000000000000000000e+00 9.751244187355041504e-01
0.000000000000000000e+00 9.327564239501953125e-01
0.000000000000000000e+00 8.474739193916320801e-01
0.000000000000000000e+00 7.856118083000183105e-01
0.000000000000000000e+00 9.323392510414123535e-01
0.000000000000000000e+00 9.289368391036987305e-01
0.000000000000000000e+00 8.367492556571960449e-01
0.000000000000000000e+00 9.121414422988891602e-01
0.000000000000000000e+00 9.605147838592529297e-01
0.000000000000000000e+00 9.714644551277160645e-01
0.000000000000000000e+00 9.623335003852844238e-01
0.000000000000000000e+00 9.069401621818542480e-01
0.000000000000000000e+00 9.667682051658630371e-01
0.000000000000000000e+00 9.716320037841796875e-01
0.000000000000000000e+00 9.485788345336914062e-01
0.000000000000000000e+00 9.260268807411193848e-01
0.000000000000000000e+00 9.742698073387145996e-01
0.000000000000000000e+00 9.651717543601989746e-01
0.000000000000000000e+00 9.863759875297546387e-01
0.000000000000000000e+00 9.870685338973999023e-01
1.000000000000000000e+00 9.752893447875976562e-01
1.000000000000000000e+00 9.540162682533264160e-01
1.000000000000000000e+00 9.756668806076049805e-01
1.000000000000000000e+00 9.403585791587829590e-01
1.000000000000000000e+00 9.568424224853515625e-01
1.000000000000000000e+00 9.012503027915954590e-01
1.000000000000000000e+00 9.311010837554931641e-01
0.000000000000000000e+00 8.450520038604736328e-01
0.000000000000000000e+00 6.052221655845642090e-01
0.000000000000000000e+00 7.791786789894104004e-01
0.000000000000000000e+00 7.135878801345825195e-01
0.000000000000000000e+00 4.262273609638214111e-01
0.000000000000000000e+00 6.860951185226440430e-01
0.000000000000000000e+00 5.474172830581665039e-01
0.000000000000000000e+00 1.557691097259521484e-01
0.000000000000000000e+00 7.142190635204315186e-02
0.000000000000000000e+00 5.921183526515960693e-02
0.000000000000000000e+00 7.210086286067962646e-02
0.000000000000000000e+00 9.772630780935287476e-02
0.000000000000000000e+00 3.732746094465255737e-02
0.000000000000000000e+00 2.154510281980037689e-02
0.000000000000000000e+00 1.877577044069766998e-02
0.000000000000000000e+00 4.664598032832145691e-03
0.000000000000000000e+00 1.449989341199398041e-02
0.000000000000000000e+00 3.388796001672744751e-03
0.000000000000000000e+00 2.767836675047874451e-03
0.000000000000000000e+00 1.435008016414940357e-03
0.000000000000000000e+00 3.096758446190506220e-04
0.000000000000000000e+00 5.590409855358302593e-04
0.000000000000000000e+00 6.670931470580399036e-04
0.000000000000000000e+00 3.800357517320662737e-04
0.000000000000000000e+00 3.877508570440113544e-04
0.000000000000000000e+00 3.450304502621293068e-04
0.000000000000000000e+00 1.207032619277015328e-04
0.000000000000000000e+00 1.538113720016553998e-04
0.000000000000000000e+00 1.749111979734152555e-04
0.000000000000000000e+00 2.469496976118534803e-04
0.000000000000000000e+00 2.194083645008504391e-04
0.000000000000000000e+00 1.370529498672112823e-04
0.000000000000000000e+00 1.052557927323505282e-04
0.000000000000000000e+00 1.157810329459607601e-04
0.000000000000000000e+00 1.138350271503441036e-04
0.000000000000000000e+00 9.866764594335108995e-05
0.000000000000000000e+00 6.128518725745379925e-05
0.000000000000000000e+00 5.646723002428188920e-05
0.000000000000000000e+00 4.123413600609637797e-05
0.000000000000000000e+00 5.022421828471124172e-05
0.000000000000000000e+00 4.348907532403245568e-05
0.000000000000000000e+00 3.658671266748569906e-05
0.000000000000000000e+00 2.585519905551336706e-05
0.000000000000000000e+00 2.378583303652703762e-05
0.000000000000000000e+00 1.909403363242745399e-05
0.000000000000000000e+00 3.587286119000054896e-05
0.000000000000000000e+00 1.800627433112822473e-05
0.000000000000000000e+00 2.430735730740707368e-05
0.000000000000000000e+00 2.384024446655530483e-05
0.000000000000000000e+00 1.904736564029008150e-05
0.000000000000000000e+00 3.181559441145509481e-05
0.000000000000000000e+00 4.190678373561240733e-05
