0.000000000000000000e+00 7.844987511634826660e-02
0.000000000000000000e+00 5.043729022145271301e-02
0.000000000000000000e+00 6.321476399898529053e-02
0.000000000000000000e+00 6.618435680866241455e-02
0.000000000000000000e+00 4.593214765191078186e-02
0.000000000000000000e+00 6.657594442367553711e-02
0.000000000000000000e+00 2.409643530845642090e-01
0.000000000000000000e+00 2.202295064926147461e-01
0.000000000000000000e+00 5.217617154121398926e-01
0.000000000000000000e+00 5.729895830154418945e-01
0.000000000000000000e+00 6.579312682151794434e-01
0.000000000000000000e+00 7.683070302009582520e-01
0.000000000000000000e+00 7.375784516334533691e-01
0.000000000000000000e+00 7.817934751510620117e-01
0.000000000000000000e+00 7.243381738662719727e-01
1.000000000000000000e+00 5.737837553024291992e-01
1.000000000000000000e+00 5.348937511444091797e-01
1.000000000000000000e+00 2.788378894329071045e-01
0.000000000000000000e+00 3.466350436210632324e-01
0.000000000000000000e+00 2.987785041332244873e-01
0.000000000000000000e+00 2.860503494739532471e-01
0.000000000000000000e+00 4.303857386112213135e-01
0.000000000000000000e+00 4.325586557388305664e-01
0.000000000000000000e+00 4.284808635711669922e-01
0.000000000000000000e+00 5.384485125541687012e-01
0.000000000000000000e+00 7.134315371513366699e-01
0.000000000000000000e+00 3.748090267181396484e-01
1.000000000000000000e+00 7.093307375907897949e-01
0.000000000000000000e+00 5.286749601364135742e-01
0.000000000000000000e+00 4.896216392517089844e-01
0.000000000000000000e+00 3.257980942726135254e-01
0.000000000000000000e+00 3.142593801021575928e-01
1.000000000000000000e+00 2.840508818626403809e-01
0.000000000000000000e+00 2.545564174652099609e-01
0.000000000000000000e+00 2.413194626569747925e-01
0.000000000000000000e+00 2.807906270027160645e-01
0.000000000000000000e+00 3.231168687343597412e-01
1.000000000000000000e+00 5.482975840568542480e-01
1.000000000000000000e+00 5.819265246391296387e-01
0.000000000000000000e+00 6.488237380981445312e-01
0.000000000000000000e+00 7.049091458320617676e-01
0.000000000000000000e+00 5.471143126487731934e-01
0.000000000000000000e+00 4.917638897895812988e-01
0.000000000000000000e+00 2.438511699438095093e-01
0.000000000000000000e+00 1.247337162494659424e-01
0.000000000000000000e+00 6.763132661581039429e-02
0.000000000000000000e+00 6.998988240957260132e-02
0.000000000000000000e+00 4.122280701994895935e-02
0.000000000000000000e+00 3.448813036084175110e-02
0.000000000000000000e+00 6.644532829523086548e-02
0.000000000000000000e+00 4.279747605323791504e-02
0.000000000000000000e+00 3.840817138552665710e-02
0.000000000000000000e+00 3.486280143260955811e-02
0.000000000000000000e+00 6.081372499465942383e-02
0.000000000000000000e+00 6.309660524129867554e-02
0.000000000000000000e+00 7.309251278638839722e-02
0.000000000000000000e+00 5.727418512105941772e-02
0.000000000000000000e+00 6.933955103158950806e-02
0.000000000000000000e+00 3.716939687728881836e-02
0.000000000000000000e+00 1.872934587299823761e-02
0.000000000000000000e+00 5.411498621106147766e-02
0.000000000000000000e+00 2.571866475045681000e-02
0.000000000000000000e+00 4.385310411453247070e-02
0.000000000000000000e+00 8.582877367734909058e-02
0.000000000000000000e+00 1.549848616123199463e-01
0.000000000000000000e+00 4.744259268045425415e-02
0.000000000000000000e+00 3.493238613009452820e-02
0.000000000000000000e+00 3.647613897919654846e-02
0.000000000000000000e+00 2.828275226056575775e-02
0.000000000000000000e+00 1.752998679876327515e-02
0.000000000000000000e+00 1.653426326811313629e-02
0.000000000000000000e+00 8.258278667926788330e-02
0.000000000000000000e+00 7.311762124300003052e-02
1.000000000000000000e+00 3.580490872263908386e-02
0.000000000000000000e+00 5.634929612278938293e-02
0.000000000000000000e+00 1.966920681297779083e-03
0.000000000000000000e+00 3.006140235811471939e-03
0.000000000000000000e+00 2.342553809285163879e-03
0.000000000000000000e+00 1.539762830361723900e-03
0.000000000000000000e+00 2.878089435398578644e-03
0.000000000000000000e+00 2.242073183879256248e-03
0.000000000000000000e+00 5.973123479634523392e-03
0.000000000000000000e+00 4.851573612540960312e-03
0.000000000000000000e+00 5.865577608346939087e-03
0.000000000000000000e+00 6.175158079713582993e-03
0.000000000000000000e+00 4.585321992635726929e-03
0.000000000000000000e+00 2.184955030679702759e-02
0.000000000000000000e+00 2.029562927782535553e-02
0.000000000000000000e+00 8.248486369848251343e-02
0.000000000000000000e+00 1.753475517034530640e-01
0.000000000000000000e+00 1.892846077680587769e-01
0.000000000000000000e+00 3.795415461063385010e-01
0.000000000000000000e+00 5.505239963531494141e-01
0.000000000000000000e+00 7.172169089317321777e-01
0.000000000000000000e+00 8.647584319114685059e-01
1.000000000000000000e+00 7.920117974281311035e-01
1.000000000000000000e+00 8.027619123458862305e-01
1.000000000000000000e+00 7.152953743934631348e-01
1.000000000000000000e+00 6.935994029045104980e-01
1.000000000000000000e+00 5.098657011985778809e-01
1.000000000000000000e+00 5.304874181747436523e-01
1.000000000000000000e+00 6.966931819915771484e-01
0.000000000000000000e+00 6.343701481819152832e-01
0.000000000000000000e+00 8.313575387001037598e-01
0.000000000000000000e+00 8.292842507362365723e-01
0.000000000000000000e+00 8.115239143371582031e-01
1.000000000000000000e+00 7.960545420646667480e-01
1.000000000000000000e+00 7.187074422836303711e-01
1.000000000000000000e+00 7.747716307640075684e-01
1.000000000000000000e+00 7.499800920486450195e-01
1.000000000000000000e+00 7.335879206657409668e-01
1.000000000000000000e+00 7.309279441833496094e-01
1.000000000000000000e+00 6.838901638984680176e-01
0.000000000000000000e+00 6.054759621620178223e-01
0.000000000000000000e+00 5.341669917106628418e-01
0.000000000000000000e+00 5.861218571662902832e-01
0.000000000000000000e+00 5.238677263259887695e-01
0.000000000000000000e+00 7.292439341545104980e-01
0.000000000000000000e+00 7.308400273323059082e-01
0.000000000000000000e+00 8.224330544471740723e-01
0.000000000000000000e+00 7.958447337150573730e-01
0.000000000000000000e+00 7.066537737846374512e-01
0.000000000000000000e+00 3.416785895824432373e-01
0.000000000000000000e+00 1.233450174331665039e-01
0.000000000000000000e+00 2.470482327044010162e-02
0.000000000000000000e+00 7.021566387265920639e-03
0.000000000000000000e+00 2.082777675241231918e-03
0.000000000000000000e+00 1.650931546464562416e-03
0.000000000000000000e+00 1.171875512227416039e-03
0.000000000000000000e+00 1.562301884405314922e-03
0.000000000000000000e+00 1.612477004528045654e-03
0.000000000000000000e+00 1.652895240113139153e-03
1.000000000000000000e+00 2.712230198085308075e-03
1.000000000000000000e+00 3.339764196425676346e-03
0.000000000000000000e+00 6.690787151455879211e-03
0.000000000000000000e+00 1.190104056149721146e-02
0.000000000000000000e+00 2.376082353293895721e-02
0.000000000000000000e+00 1.395786404609680176e-01
1.000000000000000000e+00 1.257314682006835938e-01
1.000000000000000000e+00 1.845695078372955322e-01
0.000000000000000000e+00 1.810861825942993164e-01
0.000000000000000000e+00 1.955876499414443970e-01
0.000000000000000000e+00 6.715869158506393433e-02
0.000000000000000000e+00 8.942194283008575439e-02
0.000000000000000000e+00 1.271022111177444458e-01
0.000000000000000000e+00 2.577261030673980713e-01
0.000000000000000000e+00 1.946797817945480347e-01
0.000000000000000000e+00 1.643212437629699707e-01
0.000000000000000000e+00 2.925521731376647949e-01
0.000000000000000000e+00 4.357124567031860352e-01
0.000000000000000000e+00 6.929005682468414307e-02
0.000000000000000000e+00 8.594872802495956421e-02
0.000000000000000000e+00 9.815574437379837036e-02
0.000000000000000000e+00 8.788454532623291016e-02
0.000000000000000000e+00 8.224901556968688965e-02
0.000000000000000000e+00 1.751383692026138306e-01
0.000000000000000000e+00 2.587895691394805908e-01
0.000000000000000000e+00 2.815650701522827148e-01
0.000000000000000000e+00 2.364520430564880371e-01
0.000000000000000000e+00 3.158381879329681396e-01
0.000000000000000000e+00 3.225372731685638428e-01
0.000000000000000000e+00 4.863737225532531738e-01
0.000000000000000000e+00 7.393473386764526367e-01
0.000000000000000000e+00 7.507663965225219727e-01
0.000000000000000000e+00 6.969525814056396484e-01
0.000000000000000000e+00 7.777705788612365723e-01
0.000000000000000000e+00 7.802000641822814941e-01
0.000000000000000000e+00 7.103088498115539551e-01
0.000000000000000000e+00 7.925084233283996582e-01
0.000000000000000000e+00 7.387456893920898438e-01
0.000000000000000000e+00 8.597598671913146973e-01
0.000000000000000000e+00 8.468078970909118652e-01
0.000000000000000000e+00 8.586398959159851074e-01
0.000000000000000000e+00 9.241231679916381836e-01
0.000000000000000000e+00 9.191818237304687500e-01
0.000000000000000000e+00 9.333927631378173828e-01
0.000000000000000000e+00 9.393176436424255371e-01
0.000000000000000000e+00 9.225671887397766113e-01
0.000000000000000000e+00 9.363283514976501465e-01
0.000000000000000000e+00 9.199178218841552734e-01
0.000000000000000000e+00 9.323030114173889160e-01
0.000000000000000000e+00 9.014338254928588867e-01
0.000000000000000000e+00 8.930465579032897949e-01
0.000000000000000000e+00 8.603854179382324219e-01
0.000000000000000000e+00 8.596248626708984375e-01
0.000000000000000000e+00 8.547842502593994141e-01
0.000000000000000000e+00 7.807973623275756836e-01
0.000000000000000000e+00 6.905752420425415039e-01
0.000000000000000000e+00 6.364117860794067383e-01
0.000000000000000000e+00 5.182198882102966309e-01
0.000000000000000000e+00 6.089635491371154785e-01
0.000000000000000000e+00 3.938411176204681396e-01
0.000000000000000000e+00 2.272190600633621216e-01
0.000000000000000000e+00 2.380755245685577393e-01
1.000000000000000000e+00 2.099030166864395142e-01
1.000000000000000000e+00 2.720406055450439453e-01
0.000000000000000000e+00 2.816819250583648682e-01
0.000000000000000000e+00 2.640296816825866699e-01
0.000000000000000000e+00 2.464344501495361328e-01
0.000000000000000000e+00 4.019453823566436768e-01
0.000000000000000000e+00 5.301702618598937988e-01
0.000000000000000000e+00 6.232752203941345215e-01
0.000000000000000000e+00 5.442289113998413086e-01
0.000000000000000000e+00 6.861901879310607910e-01
0.000000000000000000e+00 7.208029031753540039e-01
0.000000000000000000e+00 7.894593477249145508e-01
0.000000000000000000e+00 7.301480174064636230e-01
0.000000000000000000e+00 7.685607671737670898e-01
0.000000000000000000e+00 8.090013861656188965e-01
0.000000000000000000e+00 7.850536108016967773e-01
0.000000000000000000e+00 8.977118134498596191e-01
0.000000000000000000e+00 9.328331947326660156e-01
0.000000000000000000e+00 8.799970746040344238e-01
0.000000000000000000e+00 7.761010527610778809e-01
0.000000000000000000e+00 5.113176107406616211e-01
1.000000000000000000e+00 3.749605417251586914e-01
1.000000000000000000e+00 3.362997174263000488e-01
1.000000000000000000e+00 3.109404146671295166e-01
0.000000000000000000e+00 2.760874629020690918e-01
0.000000000000000000e+00 1.833930164575576782e-01
0.000000000000000000e+00 2.682290375232696533e-01
0.000000000000000000e+00 2.338956147432327271e-01
0.000000000000000000e+00 3.640935122966766357e-01
0.000000000000000000e+00 3.191553950309753418e-01
0.000000000000000000e+00 3.511309623718261719e-01
0.000000000000000000e+00 6.878952383995056152e-01
0.000000000000000000e+00 7.374094724655151367e-01
0.000000000000000000e+00 5.567370653152465820e-01
0.000000000000000000e+00 6.702305674552917480e-01
0.000000000000000000e+00 4.002494513988494873e-01
0.000000000000000000e+00 4.834739267826080322e-01
0.000000000000000000e+00 4.862488806247711182e-01
0.000000000000000000e+00 2.819685637950897217e-01
0.000000000000000000e+00 3.272803723812103271e-01
1.000000000000000000e+00 5.266147255897521973e-01
0.000000000000000000e+00 6.320658326148986816e-01
0.000000000000000000e+00 5.983560085296630859e-01
0.000000000000000000e+00 5.659844875335693359e-01
0.000000000000000000e+00 6.515925526618957520e-01
1.000000000000000000e+00 6.065581440925598145e-01
0.000000000000000000e+00 4.473020732402801514e-01
0.000000000000000000e+00 6.493265628814697266e-01
0.000000000000000000e+00 3.254252672195434570e-01
0.000000000000000000e+00 2.815101444721221924e-01
0.000000000000000000e+00 3.022639155387878418e-01
0.000000000000000000e+00 2.619192600250244141e-01
0.000000000000000000e+00 2.581297159194946289e-01
0.000000000000000000e+00 2.054135948419570923e-01
0.000000000000000000e+00 2.433346509933471680e-01
1.000000000000000000e+00 3.612391352653503418e-01
1.000000000000000000e+00 3.297497332096099854e-01
1.000000000000000000e+00 3.891298472881317139e-01
1.000000000000000000e+00 2.573300600051879883e-01
0.000000000000000000e+00 2.158903926610946655e-01
0.000000000000000000e+00 1.524766832590103149e-01
0.000000000000000000e+00 1.917324066162109375e-01
0.000000000000000000e+00 1.290551722049713135e-01
0.000000000000000000e+00 1.478301733732223511e-01
0.000000000000000000e+00 1.606541723012924194e-01
0.000000000000000000e+00 2.205098122358322144e-01
0.000000000000000000e+00 2.923971712589263916e-01
0.000000000000000000e+00 2.848179340362548828e-01
0.000000000000000000e+00 3.134657740592956543e-01
0.000000000000000000e+00 3.374039232730865479e-01
0.000000000000000000e+00 2.845130860805511475e-01
0.000000000000000000e+00 2.851721644401550293e-01
0.000000000000000000e+00 2.005494534969329834e-01
0.000000000000000000e+00 1.758983731269836426e-01
0.000000000000000000e+00 1.886581927537918091e-01
1.000000000000000000e+00 1.696663796901702881e-01
1.000000000000000000e+00 2.658222317695617676e-01
1.000000000000000000e+00 1.809338629245758057e-01
0.000000000000000000e+00 1.316200196743011475e-01
0.000000000000000000e+00 1.518075168132781982e-01
0.000000000000000000e+00 1.273322105407714844e-01
0.000000000000000000e+00 1.303085386753082275e-01
0.000000000000000000e+00 1.188251227140426636e-01
0.000000000000000000e+00 9.883381426334381104e-02
0.000000000000000000e+00 1.444706171751022339e-01
0.000000000000000000e+00 8.489450812339782715e-02
0.000000000000000000e+00 1.000354290008544922e-01
0.000000000000000000e+00 8.794599026441574097e-02
0.000000000000000000e+00 9.646663069725036621e-02
0.000000000000000000e+00 1.162346974015235901e-01
0.000000000000000000e+00 1.000069230794906616e-01
0.000000000000000000e+00 9.933963418006896973e-02
0.000000000000000000e+00 1.086264699697494507e-01
0.000000000000000000e+00 1.299536973237991333e-01
0.000000000000000000e+00 1.150146201252937317e-01
0.000000000000000000e+00 1.279060691595077515e-01
0.000000000000000000e+00 1.427424103021621704e-01
1.000000000000000000e+00 9.004033356904983521e-02
0.000000000000000000e+00 1.111947819590568542e-01
0.000000000000000000e+00 1.231432929635047913e-01
0.000000000000000000e+00 1.456339806318283081e-01
0.000000000000000000e+00 1.604461222887039185e-01
0.000000000000000000e+00 1.655135601758956909e-01
0.000000000000000000e+00 1.329857110977172852e-01
0.000000000000000000e+00 9.147217124700546265e-02
0.000000000000000000e+00 7.142025977373123169e-02
0.000000000000000000e+00 1.449145823717117310e-01
0.000000000000000000e+00 2.452558130025863647e-01
0.000000000000000000e+00 3.289345204830169678e-01
0.000000000000000000e+00 3.953490257263183594e-01
0.000000000000000000e+00 4.623486399650573730e-01
0.000000000000000000e+00 4.313741922378540039e-01
0.000000000000000000e+00 5.287294983863830566e-01
0.000000000000000000e+00 3.660115301609039307e-01
0.000000000000000000e+00 3.339903354644775391e-01
0.000000000000000000e+00 1.024224385619163513e-01
0.000000000000000000e+00 1.089841201901435852e-01
0.000000000000000000e+00 1.396262943744659424e-01
0.000000000000000000e+00 1.174435466527938843e-01
0.000000000000000000e+00 1.733645200729370117e-01
0.000000000000000000e+00 2.805719077587127686e-01
0.000000000000000000e+00 2.871503233909606934e-01
1.000000000000000000e+00 2.675153315067291260e-01
0.000000000000000000e+00 2.643740773200988770e-01
0.000000000000000000e+00 4.661056995391845703e-01
0.000000000000000000e+00 3.063737154006958008e-01
1.000000000000000000e+00 3.796967267990112305e-01
1.000000000000000000e+00 2.316446304321289062e-01
1.000000000000000000e+00 2.347584366798400879e-01
1.000000000000000000e+00 2.185813188552856445e-01
1.000000000000000000e+00 1.872991621494293213e-01
1.000000000000000000e+00 1.993934810161590576e-01
1.000000000000000000e+00 2.674841582775115967e-01
1.000000000000000000e+00 4.550508856773376465e-01
1.000000000000000000e+00 6.124301552772521973e-01
1.000000000000000000e+00 4.989136159420013428e-01
0.000000000000000000e+00 4.815371334552764893e-01
0.000000000000000000e+00 6.241592168807983398e-01
0.000000000000000000e+00 6.316401958465576172e-01
1.000000000000000000e+00 6.852401494979858398e-01
0.000000000000000000e+00 7.847791314125061035e-01
0.000000000000000000e+00 8.179802298545837402e-01
0.000000000000000000e+00 8.226040005683898926e-01
1.000000000000000000e+00 8.145096302032470703e-01
0.000000000000000000e+00 8.166500329971313477e-01
0.000000000000000000e+00 7.514147758483886719e-01
0.000000000000000000e+00 8.755140304565429688e-01
0.000000000000000000e+00 7.846552729606628418e-01
0.000000000000000000e+00 8.403909206390380859e-01
0.000000000000000000e+00 8.945224881172180176e-01
0.000000000000000000e+00 8.660011887550354004e-01
0.000000000000000000e+00 8.371860384941101074e-01
0.000000000000000000e+00 6.233501434326171875e-01
0.000000000000000000e+00 2.256974428892135620e-01
1.000000000000000000e+00 2.900849841535091400e-02
1.000000000000000000e+00 4.233313724398612976e-03
1.000000000000000000e+00 5.220814142376184464e-03
1.000000000000000000e+00 4.061130806803703308e-03
0.000000000000000000e+00 3.376645222306251526e-02
0.000000000000000000e+00 1.025260239839553833e-01
0.000000000000000000e+00 2.435633391141891479e-01
0.000000000000000000e+00 3.012157976627349854e-01
0.000000000000000000e+00 1.306829601526260376e-01
0.000000000000000000e+00 1.364916265010833740e-01
0.000000000000000000e+00 5.708434060215950012e-02
0.000000000000000000e+00 3.220333531498908997e-02
0.000000000000000000e+00 1.666070334613323212e-02
0.000000000000000000e+00 3.956701233983039856e-02
0.000000000000000000e+00 1.907920464873313904e-02
0.000000000000000000e+00 1.231301110237836838e-02
0.000000000000000000e+00 9.324166923761367798e-03
0.000000000000000000e+00 6.834165193140506744e-03
0.000000000000000000e+00 4.603653680533170700e-03
0.000000000000000000e+00 7.396587636321783066e-03
0.000000000000000000e+00 3.042689990252256393e-03
0.000000000000000000e+00 5.383017472922801971e-03
0.000000000000000000e+00 7.401237729936838150e-03
0.000000000000000000e+00 6.956659723073244095e-03
0.000000000000000000e+00 1.456891559064388275e-02
0.000000000000000000e+00 2.098594419658184052e-02
0.000000000000000000e+00 2.865724638104438782e-02
0.000000000000000000e+00 2.149921655654907227e-02
0.000000000000000000e+00 2.267667464911937714e-02
0.000000000000000000e+00 5.192371830344200134e-02
0.000000000000000000e+00 5.920299515128135681e-02
0.000000000000000000e+00 7.576752454042434692e-02
0.000000000000000000e+00 1.468336433172225952e-01
0.000000000000000000e+00 1.634351611137390137e-01
0.000000000000000000e+00 2.280720621347427368e-01
0.000000000000000000e+00 2.165696471929550171e-01
0.000000000000000000e+00 1.159807294607162476e-01
0.000000000000000000e+00 1.158786937594413757e-01
0.000000000000000000e+00 1.215779781341552734e-01
0.000000000000000000e+00 6.624975055456161499e-02
0.000000000000000000e+00 1.525315344333648682e-01
0.000000000000000000e+00 1.681634187698364258e-01
1.000000000000000000e+00 2.439926266670227051e-01
1.000000000000000000e+00 2.718722820281982422e-01
0.000000000000000000e+00 2.287074327468872070e-01
0.000000000000000000e+00 1.170305162668228149e-01
0.000000000000000000e+00 4.647780582308769226e-02
1.000000000000000000e+00 9.979915618896484375e-02
1.000000000000000000e+00 5.314743146300315857e-02
0.000000000000000000e+00 4.307597503066062927e-02
0.000000000000000000e+00 3.583753481507301331e-02
0.000000000000000000e+00 3.569101914763450623e-02
0.000000000000000000e+00 6.470566987991333008e-02
0.000000000000000000e+00 6.454044580459594727e-02
1.000000000000000000e+00 4.147036373615264893e-02
0.000000000000000000e+00 1.572901904582977295e-01
0.000000000000000000e+00 9.237694740295410156e-02
0.000000000000000000e+00 7.234031707048416138e-02
0.000000000000000000e+00 3.460201993584632874e-02
1.000000000000000000e+00 1.816474087536334991e-02
0.000000000000000000e+00 2.344197407364845276e-02
0.000000000000000000e+00 1.862074807286262512e-02
0.000000000000000000e+00 2.493144199252128601e-02
0.000000000000000000e+00 3.819512203335762024e-02
1.000000000000000000e+00 8.459860086441040039e-02
1.000000000000000000e+00 9.621396660804748535e-02
0.000000000000000000e+00 1.446354687213897705e-01
0.000000000000000000e+00 8.802515268325805664e-02
0.000000000000000000e+00 4.521709308028221130e-02
0.000000000000000000e+00 3.287625312805175781e-02
0.000000000000000000e+00 1.635704375803470612e-02
1.000000000000000000e+00 4.520658031105995178e-02
0.000000000000000000e+00 3.136192634701728821e-02
0.000000000000000000e+00 5.149910226464271545e-02
0.000000000000000000e+00 3.308328613638877869e-02
0.000000000000000000e+00 2.034365385770797729e-02
0.000000000000000000e+00 1.547635067254304886e-02
0.000000000000000000e+00 1.507787499576807022e-02
0.000000000000000000e+00 5.843993276357650757e-03
0.000000000000000000e+00 8.929295465350151062e-03
0.000000000000000000e+00 1.326226908713579178e-02
0.000000000000000000e+00 2.002727426588535309e-02
0.000000000000000000e+00 9.084804914891719818e-03
0.000000000000000000e+00 1.228518318384885788e-02
0.000000000000000000e+00 2.701055444777011871e-02
0.000000000000000000e+00 1.748195849359035492e-02
0.000000000000000000e+00 9.904149919748306274e-03
0.000000000000000000e+00 1.315965130925178528e-02
0.000000000000000000e+00 2.309804782271385193e-02
0.000000000000000000e+00 3.077722899615764618e-02
0.000000000000000000e+00 3.046956658363342285e-02
0.000000000000000000e+00 3.624725714325904846e-02
0.000000000000000000e+00 2.344487793743610382e-02
0.000000000000000000e+00 1.165045239031314850e-02
0.000000000000000000e+00 1.087220571935176849e-02
0.000000000000000000e+00 6.840385030955076218e-03
0.000000000000000000e+00 4.909748677164316177e-03
0.000000000000000000e+00 6.870581302791833878e-03
0.000000000000000000e+00 1.441469509154558182e-02
0.000000000000000000e+00 9.142680093646049500e-03
0.000000000000000000e+00 2.709691412746906281e-02
0.000000000000000000e+00 1.381253451108932495e-02
0.000000000000000000e+00 1.290504485368728638e-01
0.000000000000000000e+00 1.753081828355789185e-01
0.000000000000000000e+00 2.834563255310058594e-01
0.000000000000000000e+00 2.446384429931640625e-01
0.000000000000000000e+00 2.435804903507232666e-01
0.000000000000000000e+00 2.051757127046585083e-01
0.000000000000000000e+00 1.678358614444732666e-01
0.000000000000000000e+00 2.218561470508575439e-01
0.000000000000000000e+00 2.317955344915390015e-01
0.000000000000000000e+00 2.260458171367645264e-01
0.000000000000000000e+00 1.734000891447067261e-01
0.000000000000000000e+00 2.015846073627471924e-01
0.000000000000000000e+00 2.392811626195907593e-01
0.000000000000000000e+00 2.294738888740539551e-01
1.000000000000000000e+00 1.798007190227508545e-01
1.000000000000000000e+00 2.513462901115417480e-01
1.000000000000000000e+00 1.673267185688018799e-01
1.000000000000000000e+00 1.587593108415603638e-01
1.000000000000000000e+00 1.658359318971633911e-01
0.000000000000000000e+00 1.385003030300140381e-01
0.000000000000000000e+00 1.739208251237869263e-01
0.000000000000000000e+00 3.036817908287048340e-01
0.000000000000000000e+00 4.316924512386322021e-01
0.000000000000000000e+00 3.202356100082397461e-01
0.000000000000000000e+00 3.930524289608001709e-01
0.000000000000000000e+00 3.030343055725097656e-01
0.000000000000000000e+00 2.751169204711914062e-01
0.000000000000000000e+00 3.733855485916137695e-01
0.000000000000000000e+00 1.895523816347122192e-01
0.000000000000000000e+00 1.396566182374954224e-01
0.000000000000000000e+00 8.797351270914077759e-02
1.000000000000000000e+00 7.752396911382675171e-02
1.000000000000000000e+00 9.086357802152633667e-02
1.000000000000000000e+00 1.281013190746307373e-01
0.000000000000000000e+00 1.283636838197708130e-01
0.000000000000000000e+00 2.336312383413314819e-01
0.000000000000000000e+00 3.500659763813018799e-01
1.000000000000000000e+00 5.022387504577636719e-01
1.000000000000000000e+00 3.820099234580993652e-01
0.000000000000000000e+00 5.111423730850219727e-01
0.000000000000000000e+00 4.454608261585235596e-01
0.000000000000000000e+00 4.228433668613433838e-01
0.000000000000000000e+00 2.908162772655487061e-01
0.000000000000000000e+00 2.942250967025756836e-01
0.000000000000000000e+00 2.484997212886810303e-01
0.000000000000000000e+00 2.874782979488372803e-01
0.000000000000000000e+00 2.205531895160675049e-01
0.000000000000000000e+00 3.836725652217864990e-01
0.000000000000000000e+00 4.893626868724822998e-01
0.000000000000000000e+00 5.979170203208923340e-01
1.000000000000000000e+00 4.787466228008270264e-01
1.000000000000000000e+00 4.701432585716247559e-01
1.000000000000000000e+00 3.834007084369659424e-01
1.000000000000000000e+00 2.303874194622039795e-01
0.000000000000000000e+00 2.277051657438278198e-01
0.000000000000000000e+00 2.029453516006469727e-01
0.000000000000000000e+00 1.787583082914352417e-01
0.000000000000000000e+00 2.212755233049392700e-01
0.000000000000000000e+00 4.047691822052001953e-01
0.000000000000000000e+00 4.427369534969329834e-01
0.000000000000000000e+00 5.915804505348205566e-01
0.000000000000000000e+00 5.879346728324890137e-01
0.000000000000000000e+00 6.722810268402099609e-01
0.000000000000000000e+00 5.452480316162109375e-01
0.000000000000000000e+00 7.147192358970642090e-01
0.000000000000000000e+00 6.747770309448242188e-01
0.000000000000000000e+00 7.231410145759582520e-01
0.000000000000000000e+00 8.129901289939880371e-01
0.000000000000000000e+00 8.160750269889831543e-01
0.000000000000000000e+00 7.572649121284484863e-01
0.000000000000000000e+00 8.038355708122253418e-01
0.000000000000000000e+00 7.247567772865295410e-01
0.000000000000000000e+00 6.740035414695739746e-01
0.000000000000000000e+00 5.796942114830017090e-01
0.000000000000000000e+00 3.477037847042083740e-01
0.000000000000000000e+00 2.120180130004882812e-01
0.000000000000000000e+00 3.799142837524414062e-01
0.000000000000000000e+00 3.521509170532226562e-01
1.000000000000000000e+00 4.034292399883270264e-01
1.000000000000000000e+00 4.849421679973602295e-01
0.000000000000000000e+00 6.948237419128417969e-01
0.000000000000000000e+00 6.679742932319641113e-01
0.000000000000000000e+00 6.133148670196533203e-01
0.000000000000000000e+00 7.118243575096130371e-01
0.000000000000000000e+00 6.133312582969665527e-01
0.000000000000000000e+00 5.918987989425659180e-01
0.000000000000000000e+00 6.505954265594482422e-01
0.000000000000000000e+00 4.904253482818603516e-01
0.000000000000000000e+00 4.909048676490783691e-01
1.000000000000000000e+00 4.779070019721984863e-01
1.000000000000000000e+00 4.205354452133178711e-01
1.000000000000000000e+00 5.973421335220336914e-01
1.000000000000000000e+00 6.359321475028991699e-01
0.000000000000000000e+00 6.519544124603271484e-01
0.000000000000000000e+00 6.756935119628906250e-01
0.000000000000000000e+00 7.116118073463439941e-01
0.000000000000000000e+00 6.703417301177978516e-01
0.000000000000000000e+00 7.780268192291259766e-01
0.000000000000000000e+00 7.153214812278747559e-01
0.000000000000000000e+00 7.802301049232482910e-01
0.000000000000000000e+00 7.529271245002746582e-01
0.000000000000000000e+00 6.921600699424743652e-01
0.000000000000000000e+00 6.772786378860473633e-01
0.000000000000000000e+00 5.918034911155700684e-01
0.000000000000000000e+00 3.579086661338806152e-01
0.000000000000000000e+00 3.221204578876495361e-01
0.000000000000000000e+00 3.483004868030548096e-01
1.000000000000000000e+00 3.211815357208251953e-01
0.000000000000000000e+00 3.431000411510467529e-01
0.000000000000000000e+00 2.848645150661468506e-01
0.000000000000000000e+00 3.052943050861358643e-01
0.000000000000000000e+00 3.438374698162078857e-01
1.000000000000000000e+00 3.643027245998382568e-01
0.000000000000000000e+00 3.441002070903778076e-01
0.000000000000000000e+00 2.232661396265029907e-01
0.000000000000000000e+00 2.264737039804458618e-01
0.000000000000000000e+00 2.259913682937622070e-01
0.000000000000000000e+00 1.593947559595108032e-01
0.000000000000000000e+00 2.116761505603790283e-01
0.000000000000000000e+00 2.172951996326446533e-01
0.000000000000000000e+00 2.037331014871597290e-01
0.000000000000000000e+00 2.396960705518722534e-01
0.000000000000000000e+00 1.775320023298263550e-01
0.000000000000000000e+00 2.620878517627716064e-01
0.000000000000000000e+00 2.434002906084060669e-01
0.000000000000000000e+00 2.098341286182403564e-01
0.000000000000000000e+00 1.338298767805099487e-01
0.000000000000000000e+00 1.820354908704757690e-01
0.000000000000000000e+00 1.612973809242248535e-01
0.000000000000000000e+00 1.145909056067466736e-01
0.000000000000000000e+00 1.170504242181777954e-01
0.000000000000000000e+00 1.099812760949134827e-01
0.000000000000000000e+00 1.165802180767059326e-01
0.000000000000000000e+00 1.135167703032493591e-01
0.000000000000000000e+00 1.401863992214202881e-01
0.000000000000000000e+00 1.368363350629806519e-01
1.000000000000000000e+00 2.284998744726181030e-01
0.000000000000000000e+00 1.492931544780731201e-01
0.000000000000000000e+00 1.290866732597351074e-01
0.000000000000000000e+00 1.441654115915298462e-01
0.000000000000000000e+00 9.836961328983306885e-02
0.000000000000000000e+00 1.926401853561401367e-01
0.000000000000000000e+00 1.639642864465713501e-01
0.000000000000000000e+00 1.705877929925918579e-01
0.000000000000000000e+00 2.110918760299682617e-01
0.000000000000000000e+00 2.184878885746002197e-01
0.000000000000000000e+00 2.292434871196746826e-01
0.000000000000000000e+00 2.171564549207687378e-01
0.000000000000000000e+00 2.517772614955902100e-01
0.000000000000000000e+00 1.845113039016723633e-01
