0.000000000000000000e+00 3.735188245773315430e-01
0.000000000000000000e+00 4.364490807056427002e-01
0.000000000000000000e+00 2.915865480899810791e-01
0.000000000000000000e+00 1.974824517965316772e-01
0.000000000000000000e+00 2.321510612964630127e-01
0.000000000000000000e+00 3.408011496067047119e-01
0.000000000000000000e+00 5.292535424232482910e-01
0.000000000000000000e+00 4.967283904552459717e-01
0.000000000000000000e+00 6.024217009544372559e-01
0.000000000000000000e+00 5.755718946456909180e-01
0.000000000000000000e+00 6.026754975318908691e-01
0.000000000000000000e+00 6.770549416542053223e-01
0.000000000000000000e+00 7.283362150192260742e-01
0.000000000000000000e+00 7.379302382469177246e-01
0.000000000000000000e+00 7.537636160850524902e-01
1.000000000000000000e+00 7.790477871894836426e-01
1.000000000000000000e+00 7.893037796020507812e-01
1.000000000000000000e+00 7.811971306800842285e-01
0.000000000000000000e+00 7.902088165283203125e-01
0.000000000000000000e+00 7.455121874809265137e-01
0.000000000000000000e+00 7.320017814636230469e-01
0.000000000000000000e+00 6.890377402305603027e-01
0.000000000000000000e+00 7.059966921806335449e-01
0.000000000000000000e+00 7.417858242988586426e-01
0.000000000000000000e+00 7.715976834297180176e-01
0.000000000000000000e+00 7.504647970199584961e-01
0.000000000000000000e+00 7.648050785064697266e-01
1.000000000000000000e+00 7.805647850036621094e-01
0.000000000000000000e+00 8.162063360214233398e-01
0.000000000000000000e+00 7.971777915954589844e-01
0.000000000000000000e+00 6.682881116867065430e-01
0.000000000000000000e+00 6.726676821708679199e-01
1.000000000000000000e+00 6.149661540985107422e-01
0.000000000000000000e+00 5.420134067535400391e-01
0.000000000000000000e+00 4.376602768898010254e-01
0.000000000000000000e+00 4.767343401908874512e-01
0.000000000000000000e+00 5.092490911483764648e-01
1.000000000000000000e+00 6.181659102439880371e-01
1.000000000000000000e+00 6.989381313323974609e-01
0.000000000000000000e+00 6.918924450874328613e-01
0.000000000000000000e+00 6.621652841567993164e-01
0.000000000000000000e+00 6.052960753440856934e-01
0.000000000000000000e+00 4.983619749546051025e-01
0.000000000000000000e+00 4.532881081104278564e-01
0.000000000000000000e+00 4.389293193817138672e-01
0.000000000000000000e+00 3.687570691108703613e-01
0.000000000000000000e+00 3.883522152900695801e-01
0.000000000000000000e+00 4.005510210990905762e-01
0.000000000000000000e+00 3.703651726245880127e-01
0.000000000000000000e+00 2.777815461158752441e-01
0.000000000000000000e+00 2.292683571577072144e-01
0.000000000000000000e+00 1.823885291814804077e-01
0.000000000000000000e+00 1.992153376340866089e-01
0.000000000000000000e+00 1.937413215637207031e-01
0.000000000000000000e+00 2.159395664930343628e-01
0.000000000000000000e+00 1.460574418306350708e-01
0.000000000000000000e+00 1.909788250923156738e-01
0.000000000000000000e+00 1.923422217369079590e-01
0.000000000000000000e+00 1.680421680212020874e-01
0.000000000000000000e+00 1.644625365734100342e-01
0.000000000000000000e+00 1.951841711997985840e-01
0.000000000000000000e+00 2.362612783908843994e-01
0.000000000000000000e+00 3.302786350250244141e-01
0.000000000000000000e+00 2.975165545940399170e-01
0.000000000000000000e+00 3.407654762268066406e-01
0.000000000000000000e+00 2.633578777313232422e-01
0.000000000000000000e+00 2.039386332035064697e-01
0.000000000000000000e+00 1.912237703800201416e-01
0.000000000000000000e+00 2.061949968338012695e-01
0.000000000000000000e+00 2.124268263578414917e-01
0.000000000000000000e+00 2.070891410112380981e-01
0.000000000000000000e+00 3.205968737602233887e-01
0.000000000000000000e+00 3.426589667797088623e-01
1.000000000000000000e+00 2.907218933105468750e-01
0.000000000000000000e+00 2.725424766540527344e-01
0.000000000000000000e+00 8.139952272176742554e-02
0.000000000000000000e+00 7.582493871450424194e-02
0.000000000000000000e+00 8.121636509895324707e-02
0.000000000000000000e+00 8.986107259988784790e-02
0.000000000000000000e+00 8.351704478263854980e-02
0.000000000000000000e+00 1.151128634810447693e-01
0.000000000000000000e+00 1.244618445634841919e-01
0.000000000000000000e+00 1.537881046533584595e-01
0.000000000000000000e+00 1.352907866239547729e-01
0.000000000000000000e+00 1.185528188943862915e-01
0.000000000000000000e+00 1.177370175719261169e-01
0.000000000000000000e+00 1.907928138971328735e-01
0.000000000000000000e+00 1.871331334114074707e-01
0.000000000000000000e+00 1.613772511482238770e-01
0.000000000000000000e+00 2.304515987634658813e-01
0.000000000000000000e+00 2.298724353313446045e-01
0.000000000000000000e+00 2.753752768039703369e-01
0.000000000000000000e+00 4.259678423404693604e-01
0.000000000000000000e+00 5.530431270599365234e-01
0.000000000000000000e+00 5.697057843208312988e-01
1.000000000000000000e+00 6.118823885917663574e-01
1.000000000000000000e+00 6.748644709587097168e-01
1.000000000000000000e+00 5.828687548637390137e-01
1.000000000000000000e+00 6.120474338531494141e-01
1.000000000000000000e+00 6.985137462615966797e-01
1.000000000000000000e+00 6.964514851570129395e-01
1.000000000000000000e+00 7.885575890541076660e-01
0.000000000000000000e+00 8.063670396804809570e-01
0.000000000000000000e+00 7.985460162162780762e-01
0.000000000000000000e+00 7.638345956802368164e-01
0.000000000000000000e+00 7.659985423088073730e-01
1.000000000000000000e+00 7.345561385154724121e-01
1.000000000000000000e+00 6.973336338996887207e-01
1.000000000000000000e+00 6.648111343383789062e-01
1.000000000000000000e+00 6.530769467353820801e-01
1.000000000000000000e+00 6.526185870170593262e-01
1.000000000000000000e+00 6.405152678489685059e-01
1.000000000000000000e+00 5.739091038703918457e-01
0.000000000000000000e+00 5.072214603424072266e-01
0.000000000000000000e+00 4.438962340354919434e-01
0.000000000000000000e+00 4.485033154487609863e-01
0.000000000000000000e+00 4.573435485363006592e-01
0.000000000000000000e+00 4.420666992664337158e-01
0.000000000000000000e+00 4.842397868633270264e-01
0.000000000000000000e+00 5.498578548431396484e-01
0.000000000000000000e+00 5.902706980705261230e-01
0.000000000000000000e+00 5.687080621719360352e-01
0.000000000000000000e+00 3.724803030490875244e-01
0.000000000000000000e+00 2.569702267646789551e-01
0.000000000000000000e+00 1.820993870496749878e-01
0.000000000000000000e+00 1.012862101197242737e-01
0.000000000000000000e+00 1.107260808348655701e-01
0.000000000000000000e+00 7.017350941896438599e-02
0.000000000000000000e+00 1.098318845033645630e-01
0.000000000000000000e+00 7.715491950511932373e-02
0.000000000000000000e+00 1.921305805444717407e-01
0.000000000000000000e+00 2.558031082153320312e-01
1.000000000000000000e+00 2.330319583415985107e-01
1.000000000000000000e+00 2.827658057212829590e-01
0.000000000000000000e+00 3.255501687526702881e-01
0.000000000000000000e+00 2.738819718360900879e-01
0.000000000000000000e+00 3.189457654953002930e-01
0.000000000000000000e+00 4.264096021652221680e-01
1.000000000000000000e+00 4.738895595073699951e-01
1.000000000000000000e+00 4.579021334648132324e-01
0.000000000000000000e+00 5.318099856376647949e-01
0.000000000000000000e+00 4.236780703067779541e-01
0.000000000000000000e+00 3.808649182319641113e-01
0.000000000000000000e+00 3.105913698673248291e-01
0.000000000000000000e+00 3.604639172554016113e-01
0.000000000000000000e+00 3.129771649837493896e-01
0.000000000000000000e+00 3.273608684539794922e-01
0.000000000000000000e+00 3.745855391025543213e-01
0.000000000000000000e+00 3.874842226505279541e-01
0.000000000000000000e+00 4.015799164772033691e-01
0.000000000000000000e+00 1.108107417821884155e-01
0.000000000000000000e+00 9.777494519948959351e-02
0.000000000000000000e+00 1.119151487946510315e-01
0.000000000000000000e+00 1.241733655333518982e-01
0.000000000000000000e+00 1.838978081941604614e-01
0.000000000000000000e+00 3.288504183292388916e-01
0.000000000000000000e+00 4.452650249004364014e-01
0.000000000000000000e+00 5.146220326423645020e-01
0.000000000000000000e+00 5.691739320755004883e-01
0.000000000000000000e+00 6.323772668838500977e-01
0.000000000000000000e+00 5.847865939140319824e-01
0.000000000000000000e+00 7.071625590324401855e-01
0.000000000000000000e+00 7.447177767753601074e-01
0.000000000000000000e+00 7.663425803184509277e-01
0.000000000000000000e+00 7.275530695915222168e-01
0.000000000000000000e+00 6.551512479782104492e-01
0.000000000000000000e+00 6.939798593521118164e-01
0.000000000000000000e+00 6.607940196990966797e-01
0.000000000000000000e+00 6.637293100357055664e-01
0.000000000000000000e+00 7.987955808639526367e-01
0.000000000000000000e+00 8.238311409950256348e-01
0.000000000000000000e+00 8.931018114089965820e-01
0.000000000000000000e+00 9.068844914436340332e-01
0.000000000000000000e+00 9.312772154808044434e-01
0.000000000000000000e+00 9.166618585586547852e-01
0.000000000000000000e+00 9.237493872642517090e-01
0.000000000000000000e+00 9.234240055084228516e-01
0.000000000000000000e+00 9.311412572860717773e-01
0.000000000000000000e+00 9.336860775947570801e-01
0.000000000000000000e+00 9.216451644897460938e-01
0.000000000000000000e+00 9.006892442703247070e-01
0.000000000000000000e+00 9.195089936256408691e-01
0.000000000000000000e+00 8.781844973564147949e-01
0.000000000000000000e+00 8.740442991256713867e-01
0.000000000000000000e+00 8.421008586883544922e-01
0.000000000000000000e+00 7.625402212142944336e-01
0.000000000000000000e+00 7.665199637413024902e-01
0.000000000000000000e+00 7.366233468055725098e-01
0.000000000000000000e+00 6.499476432800292969e-01
0.000000000000000000e+00 5.464309453964233398e-01
0.000000000000000000e+00 5.581032037734985352e-01
0.000000000000000000e+00 6.082490086555480957e-01
0.000000000000000000e+00 4.643516838550567627e-01
0.000000000000000000e+00 4.090019166469573975e-01
1.000000000000000000e+00 4.510055184364318848e-01
1.000000000000000000e+00 4.307786524295806885e-01
0.000000000000000000e+00 4.636731743812561035e-01
0.000000000000000000e+00 5.092826485633850098e-01
0.000000000000000000e+00 5.918852090835571289e-01
0.000000000000000000e+00 7.344842553138732910e-01
0.000000000000000000e+00 7.897265553474426270e-01
0.000000000000000000e+00 7.836561203002929688e-01
0.000000000000000000e+00 8.106793165206909180e-01
0.000000000000000000e+00 7.901266813278198242e-01
0.000000000000000000e+00 7.995661497116088867e-01
0.000000000000000000e+00 7.484366893768310547e-01
0.000000000000000000e+00 8.198639154434204102e-01
0.000000000000000000e+00 8.333899378776550293e-01
0.000000000000000000e+00 8.567252159118652344e-01
0.000000000000000000e+00 8.846494555473327637e-01
0.000000000000000000e+00 8.872876167297363281e-01
0.000000000000000000e+00 8.938752412796020508e-01
0.000000000000000000e+00 8.697144389152526855e-01
0.000000000000000000e+00 8.519194722175598145e-01
0.000000000000000000e+00 8.189730048179626465e-01
1.000000000000000000e+00 7.621084451675415039e-01
1.000000000000000000e+00 7.628012895584106445e-01
1.000000000000000000e+00 7.299750447273254395e-01
0.000000000000000000e+00 6.781928539276123047e-01
0.000000000000000000e+00 6.768473386764526367e-01
0.000000000000000000e+00 6.169846653938293457e-01
0.000000000000000000e+00 5.971649885177612305e-01
0.000000000000000000e+00 5.927468538284301758e-01
0.000000000000000000e+00 5.901395082473754883e-01
0.000000000000000000e+00 5.743495821952819824e-01
0.000000000000000000e+00 5.631547570228576660e-01
0.000000000000000000e+00 5.502055287361145020e-01
0.000000000000000000e+00 5.506213903427124023e-01
0.000000000000000000e+00 5.409692525863647461e-01
0.000000000000000000e+00 4.033842980861663818e-01
0.000000000000000000e+00 3.376375734806060791e-01
0.000000000000000000e+00 2.566725909709930420e-01
0.000000000000000000e+00 3.173717856407165527e-01
0.000000000000000000e+00 2.449325621128082275e-01
1.000000000000000000e+00 3.093242943286895752e-01
0.000000000000000000e+00 3.565154671669006348e-01
0.000000000000000000e+00 3.452833592891693115e-01
0.000000000000000000e+00 3.703123331069946289e-01
0.000000000000000000e+00 3.721383810043334961e-01
1.000000000000000000e+00 3.344784975051879883e-01
0.000000000000000000e+00 3.646464645862579346e-01
0.000000000000000000e+00 4.451052248477935791e-01
0.000000000000000000e+00 4.982142150402069092e-01
0.000000000000000000e+00 4.910258948802947998e-01
0.000000000000000000e+00 3.890388309955596924e-01
0.000000000000000000e+00 5.014166235923767090e-01
0.000000000000000000e+00 5.405421853065490723e-01
0.000000000000000000e+00 4.515388906002044678e-01
0.000000000000000000e+00 4.504352211952209473e-01
1.000000000000000000e+00 4.661969542503356934e-01
1.000000000000000000e+00 6.013817787170410156e-01
1.000000000000000000e+00 6.088400483131408691e-01
1.000000000000000000e+00 5.208647847175598145e-01
0.000000000000000000e+00 5.554943680763244629e-01
0.000000000000000000e+00 5.088058710098266602e-01
0.000000000000000000e+00 5.801536440849304199e-01
0.000000000000000000e+00 5.520598292350769043e-01
0.000000000000000000e+00 5.068234801292419434e-01
0.000000000000000000e+00 4.842079281806945801e-01
0.000000000000000000e+00 5.959275364875793457e-01
0.000000000000000000e+00 6.406170725822448730e-01
0.000000000000000000e+00 6.452388167381286621e-01
0.000000000000000000e+00 6.087698340415954590e-01
0.000000000000000000e+00 5.260946154594421387e-01
0.000000000000000000e+00 4.559154808521270752e-01
0.000000000000000000e+00 4.609472751617431641e-01
0.000000000000000000e+00 4.723432362079620361e-01
0.000000000000000000e+00 4.236727952957153320e-01
0.000000000000000000e+00 2.642186880111694336e-01
1.000000000000000000e+00 2.508086860179901123e-01
1.000000000000000000e+00 3.257931768894195557e-01
1.000000000000000000e+00 3.506849110126495361e-01
0.000000000000000000e+00 2.659327089786529541e-01
0.000000000000000000e+00 3.688438236713409424e-01
0.000000000000000000e+00 3.325429558753967285e-01
0.000000000000000000e+00 3.669798076152801514e-01
0.000000000000000000e+00 2.923608720302581787e-01
0.000000000000000000e+00 2.908716201782226562e-01
0.000000000000000000e+00 2.576086223125457764e-01
0.000000000000000000e+00 3.518931567668914795e-01
0.000000000000000000e+00 4.323075413703918457e-01
0.000000000000000000e+00 4.119661450386047363e-01
0.000000000000000000e+00 3.563787043094635010e-01
0.000000000000000000e+00 3.589563667774200439e-01
0.000000000000000000e+00 4.525141716003417969e-01
0.000000000000000000e+00 4.287862479686737061e-01
0.000000000000000000e+00 4.464567601680755615e-01
0.000000000000000000e+00 4.229778349399566650e-01
0.000000000000000000e+00 4.985989928245544434e-01
0.000000000000000000e+00 3.800238966941833496e-01
0.000000000000000000e+00 4.065485894680023193e-01
1.000000000000000000e+00 4.142879247665405273e-01
0.000000000000000000e+00 4.643828570842742920e-01
0.000000000000000000e+00 4.478734433650970459e-01
0.000000000000000000e+00 5.254606604576110840e-01
0.000000000000000000e+00 5.197986960411071777e-01
0.000000000000000000e+00 4.617127478122711182e-01
0.000000000000000000e+00 4.812920093536376953e-01
0.000000000000000000e+00 3.695410490036010742e-01
0.000000000000000000e+00 4.819861352443695068e-01
0.000000000000000000e+00 2.658401727676391602e-01
0.000000000000000000e+00 3.491282463073730469e-01
0.000000000000000000e+00 3.715761601924896240e-01
0.000000000000000000e+00 4.102085530757904053e-01
0.000000000000000000e+00 6.011052131652832031e-01
0.000000000000000000e+00 5.338975787162780762e-01
0.000000000000000000e+00 5.891425609588623047e-01
0.000000000000000000e+00 3.180101811885833740e-01
0.000000000000000000e+00 2.684094905853271484e-01
0.000000000000000000e+00 2.048879116773605347e-01
0.000000000000000000e+00 2.117709219455718994e-01
0.000000000000000000e+00 1.842315047979354858e-01
0.000000000000000000e+00 2.240300029516220093e-01
0.000000000000000000e+00 3.312366902828216553e-01
0.000000000000000000e+00 3.637265563011169434e-01
0.000000000000000000e+00 4.528374969959259033e-01
1.000000000000000000e+00 4.400270879268646240e-01
0.000000000000000000e+00 4.442904889583587646e-01
0.000000000000000000e+00 4.401395916938781738e-01
0.000000000000000000e+00 4.494525790214538574e-01
1.000000000000000000e+00 4.538880288600921631e-01
1.000000000000000000e+00 4.475489258766174316e-01
1.000000000000000000e+00 4.293336570262908936e-01
1.000000000000000000e+00 5.253736376762390137e-01
1.000000000000000000e+00 6.102805137634277344e-01
1.000000000000000000e+00 7.051013112068176270e-01
1.000000000000000000e+00 7.494323849678039551e-01
1.000000000000000000e+00 7.828288674354553223e-01
1.000000000000000000e+00 8.627835512161254883e-01
1.000000000000000000e+00 8.622717261314392090e-01
0.000000000000000000e+00 9.119962453842163086e-01
0.000000000000000000e+00 9.412856698036193848e-01
0.000000000000000000e+00 9.551929831504821777e-01
1.000000000000000000e+00 9.779769182205200195e-01
0.000000000000000000e+00 9.724143147468566895e-01
0.000000000000000000e+00 9.793339371681213379e-01
0.000000000000000000e+00 9.677483439445495605e-01
1.000000000000000000e+00 9.481971263885498047e-01
0.000000000000000000e+00 8.940299749374389648e-01
0.000000000000000000e+00 8.444997668266296387e-01
0.000000000000000000e+00 8.484749794006347656e-01
0.000000000000000000e+00 7.619495391845703125e-01
0.000000000000000000e+00 7.152403593063354492e-01
0.000000000000000000e+00 6.200038790702819824e-01
0.000000000000000000e+00 5.399848222732543945e-01
0.000000000000000000e+00 5.722426772117614746e-01
0.000000000000000000e+00 3.660199642181396484e-01
0.000000000000000000e+00 1.957156360149383545e-01
1.000000000000000000e+00 1.515979915857315063e-01
1.000000000000000000e+00 5.612102895975112915e-02
1.000000000000000000e+00 4.118612036108970642e-02
1.000000000000000000e+00 6.391006708145141602e-02
0.000000000000000000e+00 6.714113056659698486e-02
0.000000000000000000e+00 1.444576978683471680e-01
0.000000000000000000e+00 2.078236341476440430e-01
0.000000000000000000e+00 2.140139192342758179e-01
0.000000000000000000e+00 1.527726203203201294e-01
0.000000000000000000e+00 1.199745386838912964e-01
0.000000000000000000e+00 6.678411364555358887e-02
0.000000000000000000e+00 3.842477500438690186e-02
0.000000000000000000e+00 3.122608363628387451e-02
0.000000000000000000e+00 2.816868200898170471e-02
0.000000000000000000e+00 3.051732853055000305e-02
0.000000000000000000e+00 2.748405002057552338e-02
0.000000000000000000e+00 2.529554627835750580e-02
0.000000000000000000e+00 2.369781583547592163e-02
0.000000000000000000e+00 2.084998413920402527e-02
0.000000000000000000e+00 2.773246914148330688e-02
0.000000000000000000e+00 2.388690784573554993e-02
0.000000000000000000e+00 3.146285936236381531e-02
0.000000000000000000e+00 3.028587624430656433e-02
0.000000000000000000e+00 3.857311233878135681e-02
0.000000000000000000e+00 4.649379849433898926e-02
0.000000000000000000e+00 7.220455259084701538e-02
0.000000000000000000e+00 8.531744778156280518e-02
0.000000000000000000e+00 1.829816997051239014e-01
0.000000000000000000e+00 1.934059709310531616e-01
0.000000000000000000e+00 1.839013546705245972e-01
0.000000000000000000e+00 2.005668580532073975e-01
0.000000000000000000e+00 2.494377344846725464e-01
0.000000000000000000e+00 2.276421338319778442e-01
0.000000000000000000e+00 2.587679922580718994e-01
0.000000000000000000e+00 2.393836975097656250e-01
0.000000000000000000e+00 2.465054988861083984e-01
0.000000000000000000e+00 2.283061742782592773e-01
0.000000000000000000e+00 2.190522998571395874e-01
0.000000000000000000e+00 2.567504644393920898e-01
0.000000000000000000e+00 2.695557475090026855e-01
0.000000000000000000e+00 2.770254909992218018e-01
0.000000000000000000e+00 2.924040257930755615e-01
1.000000000000000000e+00 3.216327130794525146e-01
1.000000000000000000e+00 3.197376430034637451e-01
0.000000000000000000e+00 3.275107741355895996e-01
0.000000000000000000e+00 3.565756976604461670e-01
0.000000000000000000e+00 3.056765198707580566e-01
1.000000000000000000e+00 2.969297766685485840e-01
1.000000000000000000e+00 3.057297766208648682e-01
0.000000000000000000e+00 3.204225003719329834e-01
0.000000000000000000e+00 2.971727252006530762e-01
0.000000000000000000e+00 3.050142824649810791e-01
0.000000000000000000e+00 2.922294735908508301e-01
0.000000000000000000e+00 3.065516054630279541e-01
1.000000000000000000e+00 2.983545958995819092e-01
0.000000000000000000e+00 3.044050335884094238e-01
0.000000000000000000e+00 2.405680567026138306e-01
0.000000000000000000e+00 2.402599751949310303e-01
0.000000000000000000e+00 1.967586129903793335e-01
1.000000000000000000e+00 1.825353950262069702e-01
0.000000000000000000e+00 1.782720237970352173e-01
0.000000000000000000e+00 2.069903761148452759e-01
0.000000000000000000e+00 2.199744135141372681e-01
0.000000000000000000e+00 2.320254743099212646e-01
1.000000000000000000e+00 2.362290769815444946e-01
1.000000000000000000e+00 2.201849967241287231e-01
0.000000000000000000e+00 2.053107917308807373e-01
0.000000000000000000e+00 1.962806880474090576e-01
0.000000000000000000e+00 1.854305416345596313e-01
0.000000000000000000e+00 1.722698211669921875e-01
0.000000000000000000e+00 1.683253347873687744e-01
1.000000000000000000e+00 1.658781319856643677e-01
0.000000000000000000e+00 1.759776175022125244e-01
0.000000000000000000e+00 1.632250696420669556e-01
0.000000000000000000e+00 1.605322659015655518e-01
0.000000000000000000e+00 1.690416932106018066e-01
0.000000000000000000e+00 1.643683314323425293e-01
0.000000000000000000e+00 1.438107043504714966e-01
0.000000000000000000e+00 1.498283743858337402e-01
0.000000000000000000e+00 1.410412937402725220e-01
0.000000000000000000e+00 1.554831415414810181e-01
0.000000000000000000e+00 1.419629156589508057e-01
0.000000000000000000e+00 1.561479121446609497e-01
0.000000000000000000e+00 1.285020112991333008e-01
0.000000000000000000e+00 1.437176764011383057e-01
0.000000000000000000e+00 1.307454556226730347e-01
0.000000000000000000e+00 1.253490149974822998e-01
0.000000000000000000e+00 1.209903433918952942e-01
0.000000000000000000e+00 1.148876100778579712e-01
0.000000000000000000e+00 1.259524226188659668e-01
0.000000000000000000e+00 1.348656862974166870e-01
0.000000000000000000e+00 1.287216246128082275e-01
0.000000000000000000e+00 1.418189853429794312e-01
0.000000000000000000e+00 1.278418153524398804e-01
0.000000000000000000e+00 1.210785135626792908e-01
0.000000000000000000e+00 1.290978640317916870e-01
0.000000000000000000e+00 1.224448010325431824e-01
0.000000000000000000e+00 1.132312789559364319e-01
0.000000000000000000e+00 1.276788860559463501e-01
0.000000000000000000e+00 1.311397552490234375e-01
0.000000000000000000e+00 1.231221705675125122e-01
0.000000000000000000e+00 1.387360543012619019e-01
0.000000000000000000e+00 2.925863564014434814e-01
0.000000000000000000e+00 2.354492694139480591e-01
0.000000000000000000e+00 3.292033076286315918e-01
0.000000000000000000e+00 4.150419235229492188e-01
0.000000000000000000e+00 2.730799019336700439e-01
0.000000000000000000e+00 2.187346369028091431e-01
0.000000000000000000e+00 2.343513369560241699e-01
0.000000000000000000e+00 3.737564682960510254e-01
0.000000000000000000e+00 3.517806231975555420e-01
0.000000000000000000e+00 3.383022248744964600e-01
0.000000000000000000e+00 3.048836588859558105e-01
0.000000000000000000e+00 4.244174659252166748e-01
0.000000000000000000e+00 4.720514416694641113e-01
0.000000000000000000e+00 4.762213230133056641e-01
1.000000000000000000e+00 4.464527964591979980e-01
1.000000000000000000e+00 3.511670529842376709e-01
1.000000000000000000e+00 2.505958974361419678e-01
1.000000000000000000e+00 3.016515970230102539e-01
1.000000000000000000e+00 2.415465414524078369e-01
0.000000000000000000e+00 2.981638908386230469e-01
0.000000000000000000e+00 3.701170384883880615e-01
0.000000000000000000e+00 5.200853943824768066e-01
0.000000000000000000e+00 6.434749960899353027e-01
0.000000000000000000e+00 7.508144974708557129e-01
0.000000000000000000e+00 7.534015774726867676e-01
0.000000000000000000e+00 6.991471052169799805e-01
0.000000000000000000e+00 7.746671438217163086e-01
0.000000000000000000e+00 7.962937951087951660e-01
0.000000000000000000e+00 6.599762439727783203e-01
0.000000000000000000e+00 4.837219715118408203e-01
0.000000000000000000e+00 3.392701447010040283e-01
1.000000000000000000e+00 3.389157950878143311e-01
1.000000000000000000e+00 2.211827784776687622e-01
1.000000000000000000e+00 2.365593165159225464e-01
0.000000000000000000e+00 2.390306293964385986e-01
0.000000000000000000e+00 3.805526196956634521e-01
0.000000000000000000e+00 5.571198463439941406e-01
1.000000000000000000e+00 5.186272859573364258e-01
1.000000000000000000e+00 6.160994768142700195e-01
0.000000000000000000e+00 6.043522357940673828e-01
0.000000000000000000e+00 6.767278313636779785e-01
0.000000000000000000e+00 5.443063974380493164e-01
0.000000000000000000e+00 5.463010668754577637e-01
0.000000000000000000e+00 4.270040988922119141e-01
0.000000000000000000e+00 3.536424934864044189e-01
0.000000000000000000e+00 3.422459363937377930e-01
0.000000000000000000e+00 4.113388657569885254e-01
0.000000000000000000e+00 5.535156130790710449e-01
0.000000000000000000e+00 7.021067142486572266e-01
0.000000000000000000e+00 7.625738978385925293e-01
1.000000000000000000e+00 7.440212368965148926e-01
1.000000000000000000e+00 7.085142135620117188e-01
1.000000000000000000e+00 6.157747507095336914e-01
1.000000000000000000e+00 5.851596593856811523e-01
0.000000000000000000e+00 4.359571039676666260e-01
0.000000000000000000e+00 3.583499193191528320e-01
0.000000000000000000e+00 4.183948040008544922e-01
0.000000000000000000e+00 3.476201295852661133e-01
0.000000000000000000e+00 5.612139105796813965e-01
0.000000000000000000e+00 6.922393441200256348e-01
0.000000000000000000e+00 7.574889063835144043e-01
0.000000000000000000e+00 8.201143145561218262e-01
0.000000000000000000e+00 7.795640230178833008e-01
0.000000000000000000e+00 8.353300094604492188e-01
0.000000000000000000e+00 8.046416640281677246e-01
0.000000000000000000e+00 8.095638155937194824e-01
0.000000000000000000e+00 8.284908533096313477e-01
0.000000000000000000e+00 8.602144122123718262e-01
0.000000000000000000e+00 8.774373531341552734e-01
0.000000000000000000e+00 8.759427666664123535e-01
0.000000000000000000e+00 8.849151730537414551e-01
0.000000000000000000e+00 8.587555885314941406e-01
0.000000000000000000e+00 8.447363376617431641e-01
0.000000000000000000e+00 7.568369507789611816e-01
0.000000000000000000e+00 7.413313984870910645e-01
0.000000000000000000e+00 1.968174129724502563e-01
0.000000000000000000e+00 2.523955702781677246e-01
0.000000000000000000e+00 2.494954466819763184e-01
1.000000000000000000e+00 3.030033111572265625e-01
1.000000000000000000e+00 4.005125761032104492e-01
0.000000000000000000e+00 5.121460556983947754e-01
0.000000000000000000e+00 4.921662211418151855e-01
0.000000000000000000e+00 5.061836242675781250e-01
0.000000000000000000e+00 4.867985546588897705e-01
0.000000000000000000e+00 5.783740282058715820e-01
0.000000000000000000e+00 6.132543087005615234e-01
0.000000000000000000e+00 5.481480360031127930e-01
0.000000000000000000e+00 6.018962264060974121e-01
0.000000000000000000e+00 5.128433108329772949e-01
1.000000000000000000e+00 4.614230394363403320e-01
1.000000000000000000e+00 3.604313433170318604e-01
1.000000000000000000e+00 3.952520787715911865e-01
1.000000000000000000e+00 3.910620510578155518e-01
0.000000000000000000e+00 4.129152595996856689e-01
0.000000000000000000e+00 4.130275249481201172e-01
0.000000000000000000e+00 4.729909598827362061e-01
0.000000000000000000e+00 5.117498636245727539e-01
0.000000000000000000e+00 6.548313498497009277e-01
0.000000000000000000e+00 6.877595782279968262e-01
0.000000000000000000e+00 7.537965178489685059e-01
0.000000000000000000e+00 7.593326568603515625e-01
0.000000000000000000e+00 7.693918943405151367e-01
0.000000000000000000e+00 7.382620573043823242e-01
0.000000000000000000e+00 7.089209556579589844e-01
0.000000000000000000e+00 6.603417396545410156e-01
0.000000000000000000e+00 5.850992798805236816e-01
0.000000000000000000e+00 4.957641363143920898e-01
1.000000000000000000e+00 4.706517159938812256e-01
0.000000000000000000e+00 4.248261153697967529e-01
0.000000000000000000e+00 3.807024657726287842e-01
0.000000000000000000e+00 3.507251441478729248e-01
0.000000000000000000e+00 4.018160998821258545e-01
1.000000000000000000e+00 4.147779047489166260e-01
0.000000000000000000e+00 4.719430804252624512e-01
0.000000000000000000e+00 4.714913964271545410e-01
0.000000000000000000e+00 4.836860001087188721e-01
0.000000000000000000e+00 3.784672319889068604e-01
0.000000000000000000e+00 3.546577990055084229e-01
0.000000000000000000e+00 3.379486799240112305e-01
0.000000000000000000e+00 2.670020759105682373e-01
0.000000000000000000e+00 3.125394880771636963e-01
0.000000000000000000e+00 3.860556781291961670e-01
0.000000000000000000e+00 4.320722818374633789e-01
0.000000000000000000e+00 4.692209959030151367e-01
0.000000000000000000e+00 4.445625841617584229e-01
0.000000000000000000e+00 3.734669983386993408e-01
0.000000000000000000e+00 3.039121329784393311e-01
0.000000000000000000e+00 2.747538387775421143e-01
0.000000000000000000e+00 2.858071923255920410e-01
0.000000000000000000e+00 2.669289708137512207e-01
0.000000000000000000e+00 2.398037612438201904e-01
0.000000000000000000e+00 2.081407755613327026e-01
0.000000000000000000e+00 2.312599867582321167e-01
0.000000000000000000e+00 2.134150415658950806e-01
0.000000000000000000e+00 2.796652615070343018e-01
0.000000000000000000e+00 2.748203873634338379e-01
1.000000000000000000e+00 2.752582728862762451e-01
0.000000000000000000e+00 2.888032197952270508e-01
0.000000000000000000e+00 2.547740936279296875e-01
0.000000000000000000e+00 2.733494639396667480e-01
0.000000000000000000e+00 2.159352302551269531e-01
0.000000000000000000e+00 2.568640708923339844e-01
0.000000000000000000e+00 2.809166908264160156e-01
0.000000000000000000e+00 3.807350099086761475e-01
0.000000000000000000e+00 4.129853546619415283e-01
0.000000000000000000e+00 4.118717312812805176e-01
0.000000000000000000e+00 5.077213048934936523e-01
0.000000000000000000e+00 5.272883772850036621e-01
0.000000000000000000e+00 5.060073733329772949e-01
0.000000000000000000e+00 3.989162445068359375e-01
