0.000000000000000000e+00 4.790671765804290771e-01
0.000000000000000000e+00 3.488788902759552002e-01
0.000000000000000000e+00 2.702698707580566406e-01
0.000000000000000000e+00 1.687136143445968628e-01
0.000000000000000000e+00 1.712820380926132202e-01
0.000000000000000000e+00 2.791148722171783447e-01
0.000000000000000000e+00 2.966752052307128906e-01
0.000000000000000000e+00 4.044227302074432373e-01
0.000000000000000000e+00 5.055744051933288574e-01
0.000000000000000000e+00 5.108094215393066406e-01
0.000000000000000000e+00 6.294394731521606445e-01
0.000000000000000000e+00 6.236128807067871094e-01
0.000000000000000000e+00 6.269283294677734375e-01
0.000000000000000000e+00 6.802312731742858887e-01
0.000000000000000000e+00 6.796875000000000000e-01
1.000000000000000000e+00 7.085702419281005859e-01
1.000000000000000000e+00 7.243435382843017578e-01
1.000000000000000000e+00 6.743078231811523438e-01
0.000000000000000000e+00 6.944660544395446777e-01
0.000000000000000000e+00 6.786060929298400879e-01
0.000000000000000000e+00 6.290428042411804199e-01
0.000000000000000000e+00 6.684283018112182617e-01
0.000000000000000000e+00 6.724250316619873047e-01
0.000000000000000000e+00 5.609499812126159668e-01
0.000000000000000000e+00 6.081845760345458984e-01
0.000000000000000000e+00 5.809743404388427734e-01
0.000000000000000000e+00 7.011656165122985840e-01
1.000000000000000000e+00 7.877950072288513184e-01
0.000000000000000000e+00 7.715302705764770508e-01
0.000000000000000000e+00 6.984892487525939941e-01
0.000000000000000000e+00 5.174225568771362305e-01
0.000000000000000000e+00 5.005561113357543945e-01
1.000000000000000000e+00 4.320772886276245117e-01
0.000000000000000000e+00 2.027213871479034424e-01
0.000000000000000000e+00 1.989054083824157715e-01
0.000000000000000000e+00 1.489900648593902588e-01
0.000000000000000000e+00 3.076914250850677490e-01
1.000000000000000000e+00 4.791129827499389648e-01
1.000000000000000000e+00 5.111414194107055664e-01
0.000000000000000000e+00 4.640157818794250488e-01
0.000000000000000000e+00 4.216747283935546875e-01
0.000000000000000000e+00 2.805834412574768066e-01
0.000000000000000000e+00 1.842697262763977051e-01
0.000000000000000000e+00 2.314770519733428955e-01
0.000000000000000000e+00 1.795255839824676514e-01
0.000000000000000000e+00 2.411854714155197144e-01
0.000000000000000000e+00 3.554325997829437256e-01
0.000000000000000000e+00 2.933596074581146240e-01
0.000000000000000000e+00 2.697547972202301025e-01
0.000000000000000000e+00 2.012394368648529053e-01
0.000000000000000000e+00 1.176277771592140198e-01
0.000000000000000000e+00 9.479185938835144043e-02
0.000000000000000000e+00 8.020523190498352051e-02
0.000000000000000000e+00 1.113832816481590271e-01
0.000000000000000000e+00 1.145762801170349121e-01
0.000000000000000000e+00 9.674645215272903442e-02
0.000000000000000000e+00 8.252158761024475098e-02
0.000000000000000000e+00 1.360529512166976929e-01
0.000000000000000000e+00 9.736721962690353394e-02
0.000000000000000000e+00 1.296573579311370850e-01
0.000000000000000000e+00 1.101225465536117554e-01
0.000000000000000000e+00 1.239965558052062988e-01
0.000000000000000000e+00 3.133789896965026855e-01
0.000000000000000000e+00 2.729869782924652100e-01
0.000000000000000000e+00 3.286975324153900146e-01
0.000000000000000000e+00 1.940450668334960938e-01
0.000000000000000000e+00 1.417697519063949585e-01
0.000000000000000000e+00 1.387635618448257446e-01
0.000000000000000000e+00 1.444261521100997925e-01
0.000000000000000000e+00 1.202314496040344238e-01
0.000000000000000000e+00 1.504869461059570312e-01
0.000000000000000000e+00 2.415544688701629639e-01
0.000000000000000000e+00 2.754315137863159180e-01
1.000000000000000000e+00 2.403496354818344116e-01
0.000000000000000000e+00 2.009287476539611816e-01
0.000000000000000000e+00 7.946267724037170410e-02
0.000000000000000000e+00 6.803414225578308105e-02
0.000000000000000000e+00 7.086594402790069580e-02
0.000000000000000000e+00 9.267701208591461182e-02
0.000000000000000000e+00 1.050935685634613037e-01
0.000000000000000000e+00 1.376993954181671143e-01
0.000000000000000000e+00 1.990880370140075684e-01
0.000000000000000000e+00 1.828920841217041016e-01
0.000000000000000000e+00 1.960805803537368774e-01
0.000000000000000000e+00 1.710163652896881104e-01
0.000000000000000000e+00 1.731637716293334961e-01
0.000000000000000000e+00 1.468768417835235596e-01
0.000000000000000000e+00 1.392104923725128174e-01
0.000000000000000000e+00 2.078829258680343628e-01
0.000000000000000000e+00 1.867537796497344971e-01
0.000000000000000000e+00 3.217238783836364746e-01
0.000000000000000000e+00 3.298693299293518066e-01
0.000000000000000000e+00 5.119195580482482910e-01
0.000000000000000000e+00 5.472732782363891602e-01
0.000000000000000000e+00 6.172396540641784668e-01
1.000000000000000000e+00 6.295568943023681641e-01
1.000000000000000000e+00 4.784952700138092041e-01
1.000000000000000000e+00 5.394389033317565918e-01
1.000000000000000000e+00 4.367391467094421387e-01
1.000000000000000000e+00 5.273782610893249512e-01
1.000000000000000000e+00 5.905010104179382324e-01
1.000000000000000000e+00 5.454264879226684570e-01
0.000000000000000000e+00 5.761580467224121094e-01
0.000000000000000000e+00 5.562126636505126953e-01
0.000000000000000000e+00 5.427224636077880859e-01
0.000000000000000000e+00 4.483164250850677490e-01
1.000000000000000000e+00 2.909333407878875732e-01
1.000000000000000000e+00 2.894683480262756348e-01
1.000000000000000000e+00 2.353750020265579224e-01
1.000000000000000000e+00 3.251799643039703369e-01
1.000000000000000000e+00 3.084326088428497314e-01
1.000000000000000000e+00 4.334351718425750732e-01
1.000000000000000000e+00 2.493079453706741333e-01
0.000000000000000000e+00 1.756328791379928589e-01
0.000000000000000000e+00 9.676007926464080811e-02
0.000000000000000000e+00 9.860607236623764038e-02
0.000000000000000000e+00 1.541524827480316162e-01
0.000000000000000000e+00 1.807349175214767456e-01
0.000000000000000000e+00 1.683355271816253662e-01
0.000000000000000000e+00 2.446058243513107300e-01
0.000000000000000000e+00 2.119315862655639648e-01
0.000000000000000000e+00 2.607313394546508789e-01
0.000000000000000000e+00 2.245223671197891235e-01
0.000000000000000000e+00 1.328423917293548584e-01
0.000000000000000000e+00 7.462377846240997314e-02
0.000000000000000000e+00 4.054115712642669678e-02
0.000000000000000000e+00 3.367028012871742249e-02
0.000000000000000000e+00 2.015147171914577484e-02
0.000000000000000000e+00 2.766404859721660614e-02
0.000000000000000000e+00 2.221748791635036469e-02
0.000000000000000000e+00 4.406202211976051331e-02
0.000000000000000000e+00 5.658746510744094849e-02
1.000000000000000000e+00 1.254567652940750122e-01
1.000000000000000000e+00 1.322101950645446777e-01
0.000000000000000000e+00 1.416198611259460449e-01
0.000000000000000000e+00 2.477850466966629028e-01
0.000000000000000000e+00 2.764632999897003174e-01
0.000000000000000000e+00 2.454547584056854248e-01
1.000000000000000000e+00 2.679402530193328857e-01
1.000000000000000000e+00 3.144080042839050293e-01
0.000000000000000000e+00 3.504581451416015625e-01
0.000000000000000000e+00 3.907931149005889893e-01
0.000000000000000000e+00 3.979217112064361572e-01
0.000000000000000000e+00 3.109108805656433105e-01
0.000000000000000000e+00 3.268217444419860840e-01
0.000000000000000000e+00 2.205591201782226562e-01
0.000000000000000000e+00 3.063319623470306396e-01
0.000000000000000000e+00 3.298662900924682617e-01
0.000000000000000000e+00 3.094146549701690674e-01
0.000000000000000000e+00 5.376570224761962891e-01
0.000000000000000000e+00 1.729876548051834106e-02
0.000000000000000000e+00 2.727137878537178040e-02
0.000000000000000000e+00 2.431077882647514343e-02
0.000000000000000000e+00 4.284243658185005188e-02
0.000000000000000000e+00 1.024141684174537659e-01
0.000000000000000000e+00 1.543977409601211548e-01
0.000000000000000000e+00 3.205497264862060547e-01
0.000000000000000000e+00 3.773824572563171387e-01
0.000000000000000000e+00 5.203279256820678711e-01
0.000000000000000000e+00 4.973842501640319824e-01
0.000000000000000000e+00 6.463590860366821289e-01
0.000000000000000000e+00 7.923727035522460938e-01
0.000000000000000000e+00 8.257568478584289551e-01
0.000000000000000000e+00 8.427645564079284668e-01
0.000000000000000000e+00 8.627943992614746094e-01
0.000000000000000000e+00 8.279868364334106445e-01
0.000000000000000000e+00 7.534815669059753418e-01
0.000000000000000000e+00 7.529073357582092285e-01
0.000000000000000000e+00 6.804924011230468750e-01
0.000000000000000000e+00 7.544105052947998047e-01
0.000000000000000000e+00 7.987034916877746582e-01
0.000000000000000000e+00 8.675412535667419434e-01
0.000000000000000000e+00 8.583689332008361816e-01
0.000000000000000000e+00 8.793870210647583008e-01
0.000000000000000000e+00 9.373877644538879395e-01
0.000000000000000000e+00 9.425456523895263672e-01
0.000000000000000000e+00 9.581576585769653320e-01
0.000000000000000000e+00 9.569322466850280762e-01
0.000000000000000000e+00 9.481368064880371094e-01
0.000000000000000000e+00 9.233744740486145020e-01
0.000000000000000000e+00 9.192353487014770508e-01
0.000000000000000000e+00 8.882482051849365234e-01
0.000000000000000000e+00 8.043951988220214844e-01
0.000000000000000000e+00 8.749589920043945312e-01
0.000000000000000000e+00 8.229952454566955566e-01
0.000000000000000000e+00 7.358086109161376953e-01
0.000000000000000000e+00 7.067744135856628418e-01
0.000000000000000000e+00 6.601766347885131836e-01
0.000000000000000000e+00 5.944080352783203125e-01
0.000000000000000000e+00 5.298954844474792480e-01
0.000000000000000000e+00 4.508123993873596191e-01
0.000000000000000000e+00 3.900998532772064209e-01
0.000000000000000000e+00 2.969596683979034424e-01
0.000000000000000000e+00 2.314767390489578247e-01
1.000000000000000000e+00 1.684397608041763306e-01
1.000000000000000000e+00 2.711876928806304932e-01
0.000000000000000000e+00 2.052230685949325562e-01
0.000000000000000000e+00 4.751678705215454102e-01
0.000000000000000000e+00 4.897070825099945068e-01
0.000000000000000000e+00 6.295753717422485352e-01
0.000000000000000000e+00 6.092430949211120605e-01
0.000000000000000000e+00 7.743846774101257324e-01
0.000000000000000000e+00 7.137569189071655273e-01
0.000000000000000000e+00 7.782594561576843262e-01
0.000000000000000000e+00 6.754621863365173340e-01
0.000000000000000000e+00 7.289853096008300781e-01
0.000000000000000000e+00 7.811483740806579590e-01
0.000000000000000000e+00 7.757824063301086426e-01
0.000000000000000000e+00 8.294369578361511230e-01
0.000000000000000000e+00 8.430814146995544434e-01
0.000000000000000000e+00 8.595424294471740723e-01
0.000000000000000000e+00 8.672992587089538574e-01
0.000000000000000000e+00 8.359116911888122559e-01
0.000000000000000000e+00 8.570646643638610840e-01
0.000000000000000000e+00 7.206633687019348145e-01
1.000000000000000000e+00 7.009217739105224609e-01
1.000000000000000000e+00 6.292694211006164551e-01
1.000000000000000000e+00 6.404412388801574707e-01
0.000000000000000000e+00 5.363818407058715820e-01
0.000000000000000000e+00 5.712241530418395996e-01
0.000000000000000000e+00 5.350859165191650391e-01
0.000000000000000000e+00 4.253246486186981201e-01
0.000000000000000000e+00 4.505500793457031250e-01
0.000000000000000000e+00 4.412424266338348389e-01
0.000000000000000000e+00 3.482919633388519287e-01
0.000000000000000000e+00 6.853206157684326172e-01
0.000000000000000000e+00 6.986888647079467773e-01
0.000000000000000000e+00 6.392340064048767090e-01
0.000000000000000000e+00 6.254114508628845215e-01
0.000000000000000000e+00 5.775883197784423828e-01
0.000000000000000000e+00 6.010048985481262207e-01
0.000000000000000000e+00 5.518463850021362305e-01
0.000000000000000000e+00 5.294120907783508301e-01
0.000000000000000000e+00 4.904822409152984619e-01
1.000000000000000000e+00 5.193127989768981934e-01
0.000000000000000000e+00 5.514272451400756836e-01
0.000000000000000000e+00 5.792254805564880371e-01
0.000000000000000000e+00 6.169357895851135254e-01
0.000000000000000000e+00 6.274839043617248535e-01
1.000000000000000000e+00 6.795923113822937012e-01
0.000000000000000000e+00 6.813855171203613281e-01
0.000000000000000000e+00 6.811718940734863281e-01
0.000000000000000000e+00 6.612393260002136230e-01
0.000000000000000000e+00 6.706664562225341797e-01
0.000000000000000000e+00 6.995283365249633789e-01
0.000000000000000000e+00 6.509894728660583496e-01
0.000000000000000000e+00 6.947422027587890625e-01
0.000000000000000000e+00 7.127803564071655273e-01
0.000000000000000000e+00 7.200800776481628418e-01
1.000000000000000000e+00 6.928581595420837402e-01
1.000000000000000000e+00 6.688551902770996094e-01
1.000000000000000000e+00 6.533207893371582031e-01
1.000000000000000000e+00 7.078413367271423340e-01
0.000000000000000000e+00 6.956149339675903320e-01
0.000000000000000000e+00 6.716585159301757812e-01
0.000000000000000000e+00 6.470143198966979980e-01
0.000000000000000000e+00 6.692224144935607910e-01
0.000000000000000000e+00 6.470703482627868652e-01
0.000000000000000000e+00 6.843801140785217285e-01
0.000000000000000000e+00 6.872648596763610840e-01
0.000000000000000000e+00 7.085349559783935547e-01
0.000000000000000000e+00 7.219505906105041504e-01
0.000000000000000000e+00 7.238807678222656250e-01
0.000000000000000000e+00 6.950673460960388184e-01
0.000000000000000000e+00 6.851401925086975098e-01
0.000000000000000000e+00 6.557046175003051758e-01
0.000000000000000000e+00 6.237263679504394531e-01
0.000000000000000000e+00 6.553689241409301758e-01
0.000000000000000000e+00 6.100065112113952637e-01
1.000000000000000000e+00 6.115580797195434570e-01
1.000000000000000000e+00 5.716575980186462402e-01
1.000000000000000000e+00 6.157768964767456055e-01
0.000000000000000000e+00 6.367940902709960938e-01
0.000000000000000000e+00 5.655867457389831543e-01
0.000000000000000000e+00 4.814993143081665039e-01
0.000000000000000000e+00 5.085946321487426758e-01
0.000000000000000000e+00 5.413272380828857422e-01
0.000000000000000000e+00 5.409350395202636719e-01
0.000000000000000000e+00 5.776266455650329590e-01
0.000000000000000000e+00 6.553846001625061035e-01
0.000000000000000000e+00 6.595793962478637695e-01
0.000000000000000000e+00 6.306097507476806641e-01
0.000000000000000000e+00 6.095922589302062988e-01
0.000000000000000000e+00 6.287748813629150391e-01
0.000000000000000000e+00 6.104514598846435547e-01
0.000000000000000000e+00 6.256797313690185547e-01
0.000000000000000000e+00 6.363429427146911621e-01
0.000000000000000000e+00 6.259886026382446289e-01
0.000000000000000000e+00 5.891382098197937012e-01
0.000000000000000000e+00 5.971855521202087402e-01
0.000000000000000000e+00 5.847938656806945801e-01
1.000000000000000000e+00 5.163841843605041504e-01
0.000000000000000000e+00 5.124359130859375000e-01
0.000000000000000000e+00 5.219403505325317383e-01
0.000000000000000000e+00 4.880160689353942871e-01
0.000000000000000000e+00 4.829867184162139893e-01
0.000000000000000000e+00 5.224444270133972168e-01
0.000000000000000000e+00 5.702485442161560059e-01
0.000000000000000000e+00 5.605238080024719238e-01
0.000000000000000000e+00 5.754576921463012695e-01
0.000000000000000000e+00 2.893069684505462646e-01
0.000000000000000000e+00 2.545766234397888184e-01
0.000000000000000000e+00 2.957552671432495117e-01
0.000000000000000000e+00 3.133820891380310059e-01
0.000000000000000000e+00 3.349176943302154541e-01
0.000000000000000000e+00 4.142154753208160400e-01
0.000000000000000000e+00 4.027238190174102783e-01
0.000000000000000000e+00 3.770020604133605957e-01
0.000000000000000000e+00 2.517431080341339111e-01
0.000000000000000000e+00 2.819769680500030518e-01
0.000000000000000000e+00 3.057256340980529785e-01
0.000000000000000000e+00 3.141944706439971924e-01
0.000000000000000000e+00 3.453128039836883545e-01
0.000000000000000000e+00 3.754254579544067383e-01
0.000000000000000000e+00 3.277090787887573242e-01
0.000000000000000000e+00 3.608935475349426270e-01
1.000000000000000000e+00 3.045629262924194336e-01
0.000000000000000000e+00 3.664054572582244873e-01
0.000000000000000000e+00 3.345468640327453613e-01
0.000000000000000000e+00 3.027620613574981689e-01
1.000000000000000000e+00 3.065482079982757568e-01
1.000000000000000000e+00 3.325736224651336670e-01
1.000000000000000000e+00 3.771836757659912109e-01
1.000000000000000000e+00 4.510845839977264404e-01
1.000000000000000000e+00 4.764116108417510986e-01
1.000000000000000000e+00 5.091942548751831055e-01
1.000000000000000000e+00 4.693274199962615967e-01
1.000000000000000000e+00 6.216515302658081055e-01
1.000000000000000000e+00 6.620893478393554688e-01
1.000000000000000000e+00 7.235144972801208496e-01
0.000000000000000000e+00 8.209784030914306641e-01
0.000000000000000000e+00 9.021343588829040527e-01
0.000000000000000000e+00 9.338306188583374023e-01
1.000000000000000000e+00 9.530810713768005371e-01
0.000000000000000000e+00 9.680836200714111328e-01
0.000000000000000000e+00 9.748067855834960938e-01
0.000000000000000000e+00 9.610836505889892578e-01
1.000000000000000000e+00 9.317861795425415039e-01
0.000000000000000000e+00 9.034863710403442383e-01
0.000000000000000000e+00 8.120574355125427246e-01
0.000000000000000000e+00 6.782881021499633789e-01
0.000000000000000000e+00 5.024400949478149414e-01
0.000000000000000000e+00 4.432800114154815674e-01
0.000000000000000000e+00 3.024631440639495850e-01
0.000000000000000000e+00 2.177505493164062500e-01
0.000000000000000000e+00 2.557233870029449463e-01
0.000000000000000000e+00 2.122509181499481201e-01
0.000000000000000000e+00 1.181992962956428528e-01
1.000000000000000000e+00 9.088572114706039429e-02
1.000000000000000000e+00 3.819374740123748779e-02
1.000000000000000000e+00 3.102185763418674469e-02
1.000000000000000000e+00 3.161910176277160645e-02
0.000000000000000000e+00 4.030418768525123596e-02
0.000000000000000000e+00 4.995605349540710449e-02
0.000000000000000000e+00 9.763166308403015137e-02
0.000000000000000000e+00 1.129053682088851929e-01
0.000000000000000000e+00 7.802077382802963257e-02
0.000000000000000000e+00 4.323616623878479004e-02
0.000000000000000000e+00 3.821429237723350525e-02
0.000000000000000000e+00 2.662111818790435791e-02
0.000000000000000000e+00 2.341038174927234650e-02
0.000000000000000000e+00 2.324678190052509308e-02
0.000000000000000000e+00 1.945764385163784027e-02
0.000000000000000000e+00 3.096643462777137756e-02
0.000000000000000000e+00 3.337290510535240173e-02
0.000000000000000000e+00 2.953985892236232758e-02
0.000000000000000000e+00 3.130784630775451660e-02
0.000000000000000000e+00 3.479159623384475708e-02
0.000000000000000000e+00 5.745289474725723267e-02
0.000000000000000000e+00 7.540957629680633545e-02
0.000000000000000000e+00 7.741421461105346680e-02
0.000000000000000000e+00 1.079626455903053284e-01
0.000000000000000000e+00 1.278015673160552979e-01
0.000000000000000000e+00 1.596479862928390503e-01
0.000000000000000000e+00 2.039726525545120239e-01
0.000000000000000000e+00 2.483158558607101440e-01
0.000000000000000000e+00 2.202097326517105103e-01
0.000000000000000000e+00 2.833196520805358887e-01
0.000000000000000000e+00 3.089064657688140869e-01
0.000000000000000000e+00 3.397381603717803955e-01
0.000000000000000000e+00 2.987967133522033691e-01
0.000000000000000000e+00 3.018951416015625000e-01
0.000000000000000000e+00 1.675011068582534790e-01
0.000000000000000000e+00 1.313924938440322876e-01
0.000000000000000000e+00 1.109769344329833984e-01
0.000000000000000000e+00 1.060735136270523071e-01
0.000000000000000000e+00 1.412125974893569946e-01
0.000000000000000000e+00 1.134878247976303101e-01
0.000000000000000000e+00 1.396646648645401001e-01
0.000000000000000000e+00 1.204840317368507385e-01
1.000000000000000000e+00 1.758214086294174194e-01
1.000000000000000000e+00 2.039186954498291016e-01
0.000000000000000000e+00 1.463570743799209595e-01
0.000000000000000000e+00 1.911767274141311646e-01
0.000000000000000000e+00 1.426046192646026611e-01
1.000000000000000000e+00 1.197129711508750916e-01
1.000000000000000000e+00 1.458301246166229248e-01
0.000000000000000000e+00 1.031564995646476746e-01
0.000000000000000000e+00 1.350374817848205566e-01
0.000000000000000000e+00 1.716721504926681519e-01
0.000000000000000000e+00 1.801812350749969482e-01
0.000000000000000000e+00 1.855338364839553833e-01
1.000000000000000000e+00 2.626652121543884277e-01
0.000000000000000000e+00 1.613724082708358765e-01
0.000000000000000000e+00 1.502132862806320190e-01
0.000000000000000000e+00 1.144030988216400146e-01
0.000000000000000000e+00 8.893290907144546509e-02
1.000000000000000000e+00 7.556938380002975464e-02
0.000000000000000000e+00 6.464613974094390869e-02
0.000000000000000000e+00 6.524685770273208618e-02
0.000000000000000000e+00 1.046187654137611389e-01
0.000000000000000000e+00 1.227104514837265015e-01
1.000000000000000000e+00 1.679225564002990723e-01
1.000000000000000000e+00 1.321230083703994751e-01
0.000000000000000000e+00 9.574404358863830566e-02
0.000000000000000000e+00 8.486808836460113525e-02
0.000000000000000000e+00 7.126640528440475464e-02
0.000000000000000000e+00 6.973160803318023682e-02
0.000000000000000000e+00 7.500634342432022095e-02
1.000000000000000000e+00 6.937734782695770264e-02
0.000000000000000000e+00 7.359363883733749390e-02
0.000000000000000000e+00 7.628004252910614014e-02
0.000000000000000000e+00 5.463369563221931458e-02
0.000000000000000000e+00 4.805058613419532776e-02
0.000000000000000000e+00 2.876734919846057892e-02
0.000000000000000000e+00 2.315160445868968964e-02
0.000000000000000000e+00 1.901246979832649231e-02
0.000000000000000000e+00 2.500441111624240875e-02
0.000000000000000000e+00 3.693104162812232971e-02
0.000000000000000000e+00 3.993867710232734680e-02
0.000000000000000000e+00 3.131761774420738220e-02
0.000000000000000000e+00 4.400599747896194458e-02
0.000000000000000000e+00 4.259447380900382996e-02
0.000000000000000000e+00 5.538923665881156921e-02
0.000000000000000000e+00 4.436106234788894653e-02
0.000000000000000000e+00 3.501116111874580383e-02
0.000000000000000000e+00 4.961933940649032593e-02
0.000000000000000000e+00 5.500491708517074585e-02
0.000000000000000000e+00 5.616033449769020081e-02
0.000000000000000000e+00 5.408953875303268433e-02
0.000000000000000000e+00 4.821758717298507690e-02
0.000000000000000000e+00 3.542454540729522705e-02
0.000000000000000000e+00 2.960114367306232452e-02
0.000000000000000000e+00 3.050306811928749084e-02
0.000000000000000000e+00 3.395887836813926697e-02
0.000000000000000000e+00 3.446679562330245972e-02
0.000000000000000000e+00 4.730936139822006226e-02
0.000000000000000000e+00 3.281659260392189026e-02
0.000000000000000000e+00 4.487759247422218323e-02
0.000000000000000000e+00 5.300010368227958679e-02
0.000000000000000000e+00 2.425722926855087280e-01
0.000000000000000000e+00 2.239821404218673706e-01
0.000000000000000000e+00 2.680812776088714600e-01
0.000000000000000000e+00 2.215038836002349854e-01
0.000000000000000000e+00 2.009123116731643677e-01
0.000000000000000000e+00 2.186659425497055054e-01
0.000000000000000000e+00 2.375628054141998291e-01
0.000000000000000000e+00 2.739732861518859863e-01
0.000000000000000000e+00 2.850367426872253418e-01
0.000000000000000000e+00 3.397427201271057129e-01
0.000000000000000000e+00 4.173498153686523438e-01
0.000000000000000000e+00 4.348508715629577637e-01
0.000000000000000000e+00 4.735456407070159912e-01
0.000000000000000000e+00 4.920705556869506836e-01
1.000000000000000000e+00 4.506739974021911621e-01
1.000000000000000000e+00 4.113226532936096191e-01
1.000000000000000000e+00 2.986088097095489502e-01
1.000000000000000000e+00 2.993856370449066162e-01
1.000000000000000000e+00 2.581082880496978760e-01
0.000000000000000000e+00 3.280646502971649170e-01
0.000000000000000000e+00 3.919143378734588623e-01
0.000000000000000000e+00 5.258879661560058594e-01
0.000000000000000000e+00 7.386670708656311035e-01
0.000000000000000000e+00 8.160167932510375977e-01
0.000000000000000000e+00 8.353391885757446289e-01
0.000000000000000000e+00 7.963941693305969238e-01
0.000000000000000000e+00 8.080286383628845215e-01
0.000000000000000000e+00 8.470906019210815430e-01
0.000000000000000000e+00 7.211418151855468750e-01
0.000000000000000000e+00 6.524566411972045898e-01
0.000000000000000000e+00 5.594469904899597168e-01
1.000000000000000000e+00 4.267844855785369873e-01
1.000000000000000000e+00 3.635187149047851562e-01
1.000000000000000000e+00 3.432422280311584473e-01
0.000000000000000000e+00 3.224608004093170166e-01
0.000000000000000000e+00 3.667567968368530273e-01
0.000000000000000000e+00 3.279934823513031006e-01
1.000000000000000000e+00 5.717674493789672852e-01
1.000000000000000000e+00 6.026155352592468262e-01
0.000000000000000000e+00 6.554921865463256836e-01
0.000000000000000000e+00 6.669809222221374512e-01
0.000000000000000000e+00 7.008327841758728027e-01
0.000000000000000000e+00 6.238627433776855469e-01
0.000000000000000000e+00 5.776848793029785156e-01
0.000000000000000000e+00 4.796626567840576172e-01
0.000000000000000000e+00 5.120385289192199707e-01
0.000000000000000000e+00 6.497607231140136719e-01
0.000000000000000000e+00 6.941725015640258789e-01
0.000000000000000000e+00 8.469070196151733398e-01
0.000000000000000000e+00 8.172193765640258789e-01
1.000000000000000000e+00 8.199459314346313477e-01
1.000000000000000000e+00 8.152415156364440918e-01
1.000000000000000000e+00 7.862960696220397949e-01
1.000000000000000000e+00 6.654058098793029785e-01
0.000000000000000000e+00 5.349364876747131348e-01
0.000000000000000000e+00 4.699120223522186279e-01
0.000000000000000000e+00 3.482412099838256836e-01
0.000000000000000000e+00 4.222663044929504395e-01
0.000000000000000000e+00 4.956611990928649902e-01
0.000000000000000000e+00 6.301355957984924316e-01
0.000000000000000000e+00 7.507389187812805176e-01
0.000000000000000000e+00 7.675679922103881836e-01
0.000000000000000000e+00 7.704752683639526367e-01
0.000000000000000000e+00 8.184418082237243652e-01
0.000000000000000000e+00 8.353692293167114258e-01
0.000000000000000000e+00 8.262837529182434082e-01
0.000000000000000000e+00 8.815253973007202148e-01
0.000000000000000000e+00 9.017617702484130859e-01
0.000000000000000000e+00 9.044569134712219238e-01
0.000000000000000000e+00 9.042449593544006348e-01
0.000000000000000000e+00 9.239252209663391113e-01
0.000000000000000000e+00 8.999032378196716309e-01
0.000000000000000000e+00 8.665036559104919434e-01
0.000000000000000000e+00 8.318321704864501953e-01
0.000000000000000000e+00 7.268524765968322754e-01
0.000000000000000000e+00 1.015180945396423340e-01
0.000000000000000000e+00 1.272891908884048462e-01
0.000000000000000000e+00 2.077035456895828247e-01
1.000000000000000000e+00 2.257950603961944580e-01
1.000000000000000000e+00 4.199367463588714600e-01
0.000000000000000000e+00 4.726719856262207031e-01
0.000000000000000000e+00 4.823896288871765137e-01
0.000000000000000000e+00 4.464247226715087891e-01
0.000000000000000000e+00 4.648400545120239258e-01
0.000000000000000000e+00 4.690692722797393799e-01
0.000000000000000000e+00 3.918138742446899414e-01
0.000000000000000000e+00 3.210913538932800293e-01
0.000000000000000000e+00 2.549694776535034180e-01
0.000000000000000000e+00 2.800770699977874756e-01
1.000000000000000000e+00 2.482868582010269165e-01
1.000000000000000000e+00 2.290818691253662109e-01
1.000000000000000000e+00 2.634438872337341309e-01
1.000000000000000000e+00 2.966649234294891357e-01
0.000000000000000000e+00 3.714280128479003906e-01
0.000000000000000000e+00 4.667235314846038818e-01
0.000000000000000000e+00 4.835894703865051270e-01
0.000000000000000000e+00 6.174556016921997070e-01
0.000000000000000000e+00 6.693575978279113770e-01
0.000000000000000000e+00 6.795545816421508789e-01
0.000000000000000000e+00 7.335724830627441406e-01
0.000000000000000000e+00 7.335448861122131348e-01
0.000000000000000000e+00 7.576721310615539551e-01
0.000000000000000000e+00 7.098827362060546875e-01
0.000000000000000000e+00 6.889342665672302246e-01
0.000000000000000000e+00 6.916667819023132324e-01
0.000000000000000000e+00 5.814816355705261230e-01
0.000000000000000000e+00 5.108624696731567383e-01
1.000000000000000000e+00 5.738503932952880859e-01
0.000000000000000000e+00 5.528121590614318848e-01
0.000000000000000000e+00 5.340398550033569336e-01
0.000000000000000000e+00 4.651555716991424561e-01
0.000000000000000000e+00 4.898437857627868652e-01
1.000000000000000000e+00 5.316313505172729492e-01
0.000000000000000000e+00 5.070659518241882324e-01
0.000000000000000000e+00 4.247819781303405762e-01
0.000000000000000000e+00 3.904638290405273438e-01
0.000000000000000000e+00 3.540493547916412354e-01
0.000000000000000000e+00 3.272872567176818848e-01
0.000000000000000000e+00 2.641646265983581543e-01
0.000000000000000000e+00 1.833565086126327515e-01
0.000000000000000000e+00 3.148484528064727783e-01
0.000000000000000000e+00 4.169121384620666504e-01
0.000000000000000000e+00 5.361775755882263184e-01
0.000000000000000000e+00 5.083212256431579590e-01
0.000000000000000000e+00 5.036534070968627930e-01
0.000000000000000000e+00 4.173155426979064941e-01
0.000000000000000000e+00 3.039000332355499268e-01
0.000000000000000000e+00 3.383098542690277100e-01
0.000000000000000000e+00 3.272838592529296875e-01
0.000000000000000000e+00 2.607397735118865967e-01
0.000000000000000000e+00 1.886073052883148193e-01
0.000000000000000000e+00 1.483428478240966797e-01
0.000000000000000000e+00 2.116207629442214966e-01
0.000000000000000000e+00 1.677988171577453613e-01
0.000000000000000000e+00 2.200824916362762451e-01
0.000000000000000000e+00 1.378721743822097778e-01
1.000000000000000000e+00 1.215854734182357788e-01
0.000000000000000000e+00 1.140629351139068604e-01
0.000000000000000000e+00 1.760901212692260742e-01
0.000000000000000000e+00 1.918316483497619629e-01
0.000000000000000000e+00 1.882039010524749756e-01
0.000000000000000000e+00 3.282721042633056641e-01
0.000000000000000000e+00 3.259090781211853027e-01
0.000000000000000000e+00 4.537088274955749512e-01
0.000000000000000000e+00 5.389459133148193359e-01
0.000000000000000000e+00 4.623696506023406982e-01
0.000000000000000000e+00 5.776677727699279785e-01
0.000000000000000000e+00 5.787461400032043457e-01
0.000000000000000000e+00 5.416945219039916992e-01
0.000000000000000000e+00 4.075058698654174805e-01
