0.000000000000000000e+00 1.905626505613327026e-01
0.000000000000000000e+00 1.592550724744796753e-01
0.000000000000000000e+00 1.205957680940628052e-01
0.000000000000000000e+00 1.021934375166893005e-01
0.000000000000000000e+00 1.018492057919502258e-01
0.000000000000000000e+00 8.951618522405624390e-02
0.000000000000000000e+00 9.495530277490615845e-02
0.000000000000000000e+00 1.070108637213706970e-01
0.000000000000000000e+00 1.252670735120773315e-01
0.000000000000000000e+00 1.392187625169754028e-01
0.000000000000000000e+00 1.676648706197738647e-01
0.000000000000000000e+00 1.926300525665283203e-01
0.000000000000000000e+00 2.190844267606735229e-01
0.000000000000000000e+00 2.036922276020050049e-01
0.000000000000000000e+00 2.196967750787734985e-01
0.000000000000000000e+00 2.258674055337905884e-01
0.000000000000000000e+00 2.425498813390731812e-01
0.000000000000000000e+00 2.386152744293212891e-01
0.000000000000000000e+00 2.203097641468048096e-01
0.000000000000000000e+00 1.940157413482666016e-01
0.000000000000000000e+00 1.864822357892990112e-01
0.000000000000000000e+00 1.651256680488586426e-01
0.000000000000000000e+00 1.925939023494720459e-01
0.000000000000000000e+00 2.640346288681030273e-01
0.000000000000000000e+00 3.825396299362182617e-01
0.000000000000000000e+00 5.140319466590881348e-01
0.000000000000000000e+00 6.441127657890319824e-01
0.000000000000000000e+00 6.627157330513000488e-01
0.000000000000000000e+00 6.943312287330627441e-01
0.000000000000000000e+00 6.502813696861267090e-01
0.000000000000000000e+00 6.016769409179687500e-01
0.000000000000000000e+00 5.075258612632751465e-01
0.000000000000000000e+00 4.363462030887603760e-01
0.000000000000000000e+00 3.991729319095611572e-01
0.000000000000000000e+00 4.651751816272735596e-01
0.000000000000000000e+00 4.349533617496490479e-01
0.000000000000000000e+00 5.178036689758300781e-01
0.000000000000000000e+00 4.790352284908294678e-01
0.000000000000000000e+00 4.973539710044860840e-01
0.000000000000000000e+00 4.385462701320648193e-01
0.000000000000000000e+00 4.057067930698394775e-01
0.000000000000000000e+00 3.413170576095581055e-01
0.000000000000000000e+00 2.862723469734191895e-01
0.000000000000000000e+00 1.901701241731643677e-01
0.000000000000000000e+00 1.531468480825424194e-01
0.000000000000000000e+00 1.451397687196731567e-01
0.000000000000000000e+00 1.512375921010971069e-01
0.000000000000000000e+00 1.780745238065719604e-01
0.000000000000000000e+00 1.891620904207229614e-01
0.000000000000000000e+00 2.015269994735717773e-01
0.000000000000000000e+00 1.865303814411163330e-01
0.000000000000000000e+00 1.803706139326095581e-01
0.000000000000000000e+00 1.563631147146224976e-01
0.000000000000000000e+00 1.431183367967605591e-01
0.000000000000000000e+00 1.460550278425216675e-01
0.000000000000000000e+00 1.645741611719131470e-01
0.000000000000000000e+00 1.599556207656860352e-01
0.000000000000000000e+00 1.582601815462112427e-01
0.000000000000000000e+00 1.577514857053756714e-01
0.000000000000000000e+00 1.389842033386230469e-01
0.000000000000000000e+00 1.270986199378967285e-01
0.000000000000000000e+00 1.311363130807876587e-01
0.000000000000000000e+00 1.299133598804473877e-01
0.000000000000000000e+00 1.616375148296356201e-01
0.000000000000000000e+00 1.621380597352981567e-01
0.000000000000000000e+00 1.655092388391494751e-01
0.000000000000000000e+00 1.769127547740936279e-01
0.000000000000000000e+00 1.529467552900314331e-01
0.000000000000000000e+00 1.483932435512542725e-01
0.000000000000000000e+00 1.624232828617095947e-01
0.000000000000000000e+00 1.657503098249435425e-01
0.000000000000000000e+00 1.866979748010635376e-01
0.000000000000000000e+00 2.027155905961990356e-01
0.000000000000000000e+00 2.010055035352706909e-01
0.000000000000000000e+00 1.996039003133773804e-01
0.000000000000000000e+00 3.197728097438812256e-01
0.000000000000000000e+00 2.851248979568481445e-01
0.000000000000000000e+00 2.618087232112884521e-01
0.000000000000000000e+00 2.311496585607528687e-01
0.000000000000000000e+00 2.323525100946426392e-01
0.000000000000000000e+00 2.404055893421173096e-01
0.000000000000000000e+00 2.322695255279541016e-01
0.000000000000000000e+00 2.674245238304138184e-01
0.000000000000000000e+00 2.766436040401458740e-01
0.000000000000000000e+00 3.376747071743011475e-01
0.000000000000000000e+00 4.481268227100372314e-01
0.000000000000000000e+00 4.651933908462524414e-01
0.000000000000000000e+00 4.664007723331451416e-01
0.000000000000000000e+00 5.134698748588562012e-01
0.000000000000000000e+00 4.808137714862823486e-01
0.000000000000000000e+00 4.053293466567993164e-01
0.000000000000000000e+00 2.977044582366943359e-01
0.000000000000000000e+00 2.450994402170181274e-01
0.000000000000000000e+00 2.491771876811981201e-01
0.000000000000000000e+00 2.268929928541183472e-01
0.000000000000000000e+00 2.184916883707046509e-01
1.000000000000000000e+00 2.554966509342193604e-01
1.000000000000000000e+00 2.533301711082458496e-01
0.000000000000000000e+00 3.597472012042999268e-01
0.000000000000000000e+00 4.191138148307800293e-01
0.000000000000000000e+00 3.812462389469146729e-01
0.000000000000000000e+00 3.474152982234954834e-01
0.000000000000000000e+00 2.223372161388397217e-01
0.000000000000000000e+00 1.265774965286254883e-01
0.000000000000000000e+00 8.915764838457107544e-02
0.000000000000000000e+00 5.397823452949523926e-02
0.000000000000000000e+00 3.818899020552635193e-02
1.000000000000000000e+00 2.327216789126396179e-02
1.000000000000000000e+00 1.099456753581762314e-02
1.000000000000000000e+00 6.573002319782972336e-03
1.000000000000000000e+00 3.675181185826659203e-03
0.000000000000000000e+00 1.733201206661760807e-03
0.000000000000000000e+00 1.049849088303744793e-03
0.000000000000000000e+00 6.609786069020628929e-04
0.000000000000000000e+00 3.729484742507338524e-04
0.000000000000000000e+00 3.927126526832580566e-04
0.000000000000000000e+00 3.930265083909034729e-04
0.000000000000000000e+00 5.432819016277790070e-04
0.000000000000000000e+00 8.805122924968600273e-04
0.000000000000000000e+00 1.484334352426230907e-03
0.000000000000000000e+00 3.625366371124982834e-03
0.000000000000000000e+00 1.067408174276351929e-02
0.000000000000000000e+00 2.871229127049446106e-02
0.000000000000000000e+00 7.209140807390213013e-02
0.000000000000000000e+00 1.581683307886123657e-01
0.000000000000000000e+00 2.058513909578323364e-01
0.000000000000000000e+00 2.326975762844085693e-01
0.000000000000000000e+00 2.475914359092712402e-01
0.000000000000000000e+00 2.439783513545989990e-01
0.000000000000000000e+00 1.793229728937149048e-01
0.000000000000000000e+00 2.136468142271041870e-01
0.000000000000000000e+00 2.142302691936492920e-01
0.000000000000000000e+00 2.245510220527648926e-01
0.000000000000000000e+00 2.175734788179397583e-01
0.000000000000000000e+00 2.185935080051422119e-01
0.000000000000000000e+00 2.322162538766860962e-01
0.000000000000000000e+00 2.002302557229995728e-01
0.000000000000000000e+00 1.752135306596755981e-01
0.000000000000000000e+00 1.963927894830703735e-01
0.000000000000000000e+00 2.896305620670318604e-01
0.000000000000000000e+00 3.805769085884094238e-01
0.000000000000000000e+00 4.346318244934082031e-01
0.000000000000000000e+00 4.535142779350280762e-01
0.000000000000000000e+00 4.025688171386718750e-01
0.000000000000000000e+00 2.761542499065399170e-01
0.000000000000000000e+00 1.872533261775970459e-01
0.000000000000000000e+00 9.625326097011566162e-02
0.000000000000000000e+00 5.348831415176391602e-02
0.000000000000000000e+00 3.175346925854682922e-02
0.000000000000000000e+00 2.149949781596660614e-02
0.000000000000000000e+00 1.391447037458419800e-01
0.000000000000000000e+00 1.282903403043746948e-01
0.000000000000000000e+00 1.295590847730636597e-01
0.000000000000000000e+00 1.506456583738327026e-01
0.000000000000000000e+00 1.533859968185424805e-01
0.000000000000000000e+00 1.717552393674850464e-01
0.000000000000000000e+00 1.824179440736770630e-01
0.000000000000000000e+00 1.963345855474472046e-01
0.000000000000000000e+00 2.173034101724624634e-01
0.000000000000000000e+00 2.437414079904556274e-01
0.000000000000000000e+00 2.623322606086730957e-01
0.000000000000000000e+00 2.602119445800781250e-01
0.000000000000000000e+00 2.601702809333801270e-01
0.000000000000000000e+00 2.664698660373687744e-01
0.000000000000000000e+00 2.460545897483825684e-01
0.000000000000000000e+00 2.497116923332214355e-01
0.000000000000000000e+00 2.504346370697021484e-01
0.000000000000000000e+00 2.473731338977813721e-01
0.000000000000000000e+00 2.507310211658477783e-01
0.000000000000000000e+00 2.568426728248596191e-01
0.000000000000000000e+00 2.899381816387176514e-01
0.000000000000000000e+00 3.713924884796142578e-01
0.000000000000000000e+00 5.372652411460876465e-01
0.000000000000000000e+00 6.255887150764465332e-01
0.000000000000000000e+00 7.095395922660827637e-01
0.000000000000000000e+00 6.852184534072875977e-01
0.000000000000000000e+00 7.156527638435363770e-01
0.000000000000000000e+00 7.361724972724914551e-01
0.000000000000000000e+00 7.486700415611267090e-01
0.000000000000000000e+00 7.645099759101867676e-01
0.000000000000000000e+00 7.398980855941772461e-01
0.000000000000000000e+00 7.005795836448669434e-01
0.000000000000000000e+00 6.429236531257629395e-01
0.000000000000000000e+00 6.003457307815551758e-01
0.000000000000000000e+00 5.386424064636230469e-01
0.000000000000000000e+00 4.857982099056243896e-01
0.000000000000000000e+00 3.123675882816314697e-01
0.000000000000000000e+00 3.486248254776000977e-01
0.000000000000000000e+00 2.707862854003906250e-01
0.000000000000000000e+00 2.933715879917144775e-01
0.000000000000000000e+00 2.625609934329986572e-01
0.000000000000000000e+00 2.272844165563583374e-01
0.000000000000000000e+00 1.692157238721847534e-01
0.000000000000000000e+00 1.616356223821640015e-01
0.000000000000000000e+00 1.481673866510391235e-01
0.000000000000000000e+00 1.776313185691833496e-01
0.000000000000000000e+00 2.167710512876510620e-01
0.000000000000000000e+00 3.420712053775787354e-01
0.000000000000000000e+00 4.485403001308441162e-01
0.000000000000000000e+00 4.732004106044769287e-01
0.000000000000000000e+00 4.917770028114318848e-01
0.000000000000000000e+00 4.717825055122375488e-01
0.000000000000000000e+00 5.123713612556457520e-01
0.000000000000000000e+00 5.677104592323303223e-01
0.000000000000000000e+00 5.692604184150695801e-01
0.000000000000000000e+00 4.562827050685882568e-01
0.000000000000000000e+00 4.598635733127593994e-01
0.000000000000000000e+00 4.293848276138305664e-01
0.000000000000000000e+00 5.175672173500061035e-01
0.000000000000000000e+00 5.728102326393127441e-01
0.000000000000000000e+00 5.555667281150817871e-01
0.000000000000000000e+00 5.215262174606323242e-01
0.000000000000000000e+00 4.130506813526153564e-01
0.000000000000000000e+00 3.170032799243927002e-01
0.000000000000000000e+00 2.595039010047912598e-01
0.000000000000000000e+00 2.273946106433868408e-01
0.000000000000000000e+00 2.798748016357421875e-01
0.000000000000000000e+00 2.859220504760742188e-01
0.000000000000000000e+00 2.841910421848297119e-01
0.000000000000000000e+00 3.643967211246490479e-01
0.000000000000000000e+00 2.996613085269927979e-01
0.000000000000000000e+00 2.341236174106597900e-01
0.000000000000000000e+00 2.250807434320449829e-01
0.000000000000000000e+00 2.298000156879425049e-01
0.000000000000000000e+00 2.159911245107650757e-01
0.000000000000000000e+00 2.732656002044677734e-01
0.000000000000000000e+00 2.774845361709594727e-01
0.000000000000000000e+00 2.505990564823150635e-01
0.000000000000000000e+00 2.399427294731140137e-01
0.000000000000000000e+00 1.907350122928619385e-01
0.000000000000000000e+00 1.894149482250213623e-01
0.000000000000000000e+00 1.747560203075408936e-01
0.000000000000000000e+00 1.728366315364837646e-01
0.000000000000000000e+00 1.599203944206237793e-01
0.000000000000000000e+00 1.455526947975158691e-01
0.000000000000000000e+00 1.469223648309707642e-01
0.000000000000000000e+00 1.216998621821403503e-01
0.000000000000000000e+00 1.160624325275421143e-01
0.000000000000000000e+00 1.315220743417739868e-01
0.000000000000000000e+00 1.186156943440437317e-01
0.000000000000000000e+00 1.281966716051101685e-01
0.000000000000000000e+00 1.659340113401412964e-01
0.000000000000000000e+00 1.499542891979217529e-01
0.000000000000000000e+00 1.393915265798568726e-01
0.000000000000000000e+00 1.333805173635482788e-01
0.000000000000000000e+00 1.301166117191314697e-01
0.000000000000000000e+00 1.542918384075164795e-01
0.000000000000000000e+00 1.666045635938644409e-01
0.000000000000000000e+00 1.632723212242126465e-01
0.000000000000000000e+00 1.429934352636337280e-01
0.000000000000000000e+00 1.468948721885681152e-01
0.000000000000000000e+00 1.391908675432205200e-01
0.000000000000000000e+00 1.615480631589889526e-01
0.000000000000000000e+00 2.091062366962432861e-01
0.000000000000000000e+00 2.207371741533279419e-01
0.000000000000000000e+00 2.339755892753601074e-01
0.000000000000000000e+00 2.374097108840942383e-01
0.000000000000000000e+00 2.330477535724639893e-01
0.000000000000000000e+00 2.475834637880325317e-01
0.000000000000000000e+00 2.517808377742767334e-01
0.000000000000000000e+00 2.476918846368789673e-01
0.000000000000000000e+00 2.122290581464767456e-01
0.000000000000000000e+00 1.687576025724411011e-01
0.000000000000000000e+00 1.533742696046829224e-01
0.000000000000000000e+00 1.288413256406784058e-01
0.000000000000000000e+00 1.266906708478927612e-01
0.000000000000000000e+00 1.345080286264419556e-01
0.000000000000000000e+00 1.405309140682220459e-01
0.000000000000000000e+00 1.690814495086669922e-01
0.000000000000000000e+00 1.632254719734191895e-01
0.000000000000000000e+00 1.550238132476806641e-01
0.000000000000000000e+00 1.360245048999786377e-01
0.000000000000000000e+00 1.377454251050949097e-01
0.000000000000000000e+00 1.455303132534027100e-01
0.000000000000000000e+00 1.171304881572723389e-01
0.000000000000000000e+00 1.001061126589775085e-01
0.000000000000000000e+00 1.113793402910232544e-01
0.000000000000000000e+00 1.321305930614471436e-01
0.000000000000000000e+00 2.038817703723907471e-01
0.000000000000000000e+00 2.292579263448715210e-01
0.000000000000000000e+00 2.273876816034317017e-01
0.000000000000000000e+00 2.164973914623260498e-01
0.000000000000000000e+00 2.443470954895019531e-01
0.000000000000000000e+00 2.516852617263793945e-01
0.000000000000000000e+00 2.418206036090850830e-01
0.000000000000000000e+00 2.198420017957687378e-01
0.000000000000000000e+00 1.925698369741439819e-01
0.000000000000000000e+00 1.913360655307769775e-01
0.000000000000000000e+00 2.041472047567367554e-01
0.000000000000000000e+00 2.068530023097991943e-01
0.000000000000000000e+00 1.856056004762649536e-01
0.000000000000000000e+00 1.770837455987930298e-01
0.000000000000000000e+00 1.425919532775878906e-01
0.000000000000000000e+00 1.344198137521743774e-01
0.000000000000000000e+00 1.407760232686996460e-01
0.000000000000000000e+00 1.509111374616622925e-01
0.000000000000000000e+00 1.656167060136795044e-01
0.000000000000000000e+00 1.860854476690292358e-01
0.000000000000000000e+00 1.821189373731613159e-01
0.000000000000000000e+00 2.157538235187530518e-01
0.000000000000000000e+00 2.191924154758453369e-01
0.000000000000000000e+00 2.048126161098480225e-01
0.000000000000000000e+00 1.942261606454849243e-01
0.000000000000000000e+00 1.849892288446426392e-01
0.000000000000000000e+00 1.776049435138702393e-01
0.000000000000000000e+00 1.611418128013610840e-01
0.000000000000000000e+00 1.250865161418914795e-01
0.000000000000000000e+00 1.176234260201454163e-01
0.000000000000000000e+00 1.034383550286293030e-01
0.000000000000000000e+00 1.051237508654594421e-01
0.000000000000000000e+00 1.147628277540206909e-01
0.000000000000000000e+00 1.331282556056976318e-01
0.000000000000000000e+00 1.465213000774383545e-01
0.000000000000000000e+00 1.500125229358673096e-01
0.000000000000000000e+00 1.398161500692367554e-01
0.000000000000000000e+00 1.645971536636352539e-01
0.000000000000000000e+00 1.771720051765441895e-01
0.000000000000000000e+00 1.852890551090240479e-01
0.000000000000000000e+00 1.872582733631134033e-01
0.000000000000000000e+00 1.928372532129287720e-01
0.000000000000000000e+00 2.105473428964614868e-01
0.000000000000000000e+00 2.312550842761993408e-01
0.000000000000000000e+00 2.577520906925201416e-01
0.000000000000000000e+00 2.850960195064544678e-01
0.000000000000000000e+00 3.062521219253540039e-01
0.000000000000000000e+00 3.281708657741546631e-01
1.000000000000000000e+00 3.338564634323120117e-01
1.000000000000000000e+00 3.648608922958374023e-01
1.000000000000000000e+00 4.049060046672821045e-01
0.000000000000000000e+00 4.344063103199005127e-01
0.000000000000000000e+00 4.417859613895416260e-01
0.000000000000000000e+00 4.732476472854614258e-01
0.000000000000000000e+00 5.002632737159729004e-01
0.000000000000000000e+00 6.725913882255554199e-01
0.000000000000000000e+00 7.742314338684082031e-01
0.000000000000000000e+00 8.303709030151367188e-01
0.000000000000000000e+00 7.685862183570861816e-01
0.000000000000000000e+00 4.906524121761322021e-01
0.000000000000000000e+00 5.029007792472839355e-01
0.000000000000000000e+00 5.929902791976928711e-01
0.000000000000000000e+00 4.184560775756835938e-01
0.000000000000000000e+00 1.537782251834869385e-01
0.000000000000000000e+00 1.468917727470397949e-01
0.000000000000000000e+00 1.352479457855224609e-01
0.000000000000000000e+00 1.332820206880569458e-01
0.000000000000000000e+00 1.230608597397804260e-01
0.000000000000000000e+00 1.500042676925659180e-01
0.000000000000000000e+00 1.248941570520401001e-01
0.000000000000000000e+00 1.008005216717720032e-01
0.000000000000000000e+00 9.434993565082550049e-02
0.000000000000000000e+00 8.614231646060943604e-02
0.000000000000000000e+00 1.029740497469902039e-01
0.000000000000000000e+00 1.185104697942733765e-01
0.000000000000000000e+00 1.524497419595718384e-01
0.000000000000000000e+00 2.108189463615417480e-01
0.000000000000000000e+00 2.335713803768157959e-01
0.000000000000000000e+00 2.493886500597000122e-01
0.000000000000000000e+00 2.351447343826293945e-01
0.000000000000000000e+00 2.293100208044052124e-01
0.000000000000000000e+00 2.162366360425949097e-01
0.000000000000000000e+00 2.134497314691543579e-01
0.000000000000000000e+00 1.653489917516708374e-01
0.000000000000000000e+00 1.378425210714340210e-01
0.000000000000000000e+00 1.180024221539497375e-01
0.000000000000000000e+00 1.050771027803421021e-01
0.000000000000000000e+00 1.353119015693664551e-01
0.000000000000000000e+00 1.565249413251876831e-01
0.000000000000000000e+00 1.652477979660034180e-01
0.000000000000000000e+00 1.734417974948883057e-01
0.000000000000000000e+00 1.871549934148788452e-01
0.000000000000000000e+00 1.894710361957550049e-01
0.000000000000000000e+00 2.012379318475723267e-01
0.000000000000000000e+00 2.091137021780014038e-01
0.000000000000000000e+00 2.294838577508926392e-01
0.000000000000000000e+00 2.283268570899963379e-01
0.000000000000000000e+00 7.372094690799713135e-02
0.000000000000000000e+00 7.776495814323425293e-02
0.000000000000000000e+00 9.622987359762191772e-02
0.000000000000000000e+00 1.431834548711776733e-01
0.000000000000000000e+00 2.198248803615570068e-01
0.000000000000000000e+00 2.551670074462890625e-01
0.000000000000000000e+00 2.575375735759735107e-01
0.000000000000000000e+00 2.641464769840240479e-01
0.000000000000000000e+00 2.652832567691802979e-01
0.000000000000000000e+00 2.636112868785858154e-01
0.000000000000000000e+00 2.590225636959075928e-01
0.000000000000000000e+00 2.594086527824401855e-01
0.000000000000000000e+00 2.570926249027252197e-01
0.000000000000000000e+00 2.542693614959716797e-01
0.000000000000000000e+00 2.626964747905731201e-01
0.000000000000000000e+00 2.929462492465972900e-01
0.000000000000000000e+00 3.287422955036163330e-01
0.000000000000000000e+00 3.804687857627868652e-01
0.000000000000000000e+00 4.419669210910797119e-01
0.000000000000000000e+00 4.572806060314178467e-01
0.000000000000000000e+00 4.888194501399993896e-01
0.000000000000000000e+00 4.953069090843200684e-01
0.000000000000000000e+00 5.016232132911682129e-01
0.000000000000000000e+00 3.474368453025817871e-01
0.000000000000000000e+00 2.916807234287261963e-01
0.000000000000000000e+00 1.655003577470779419e-01
0.000000000000000000e+00 1.116715520620346069e-01
0.000000000000000000e+00 8.487641066312789917e-02
0.000000000000000000e+00 7.852181792259216309e-02
0.000000000000000000e+00 1.045718044042587280e-01
0.000000000000000000e+00 1.105052903294563293e-01
0.000000000000000000e+00 1.306852698326110840e-01
0.000000000000000000e+00 1.962093263864517212e-01
0.000000000000000000e+00 2.519972324371337891e-01
0.000000000000000000e+00 1.779703050851821899e-01
0.000000000000000000e+00 1.487024575471878052e-01
0.000000000000000000e+00 9.888067096471786499e-02
0.000000000000000000e+00 6.899227946996688843e-02
0.000000000000000000e+00 5.980035290122032166e-02
0.000000000000000000e+00 7.627564668655395508e-02
0.000000000000000000e+00 1.240263730287551880e-01
0.000000000000000000e+00 1.796068102121353149e-01
0.000000000000000000e+00 2.338380813598632812e-01
0.000000000000000000e+00 2.652948200702667236e-01
0.000000000000000000e+00 2.626678347587585449e-01
0.000000000000000000e+00 2.609025239944458008e-01
0.000000000000000000e+00 2.575792968273162842e-01
0.000000000000000000e+00 2.662942409515380859e-01
0.000000000000000000e+00 2.427226155996322632e-01
0.000000000000000000e+00 2.123335450887680054e-01
0.000000000000000000e+00 2.254277914762496948e-01
0.000000000000000000e+00 2.840884625911712646e-01
0.000000000000000000e+00 3.290924727916717529e-01
0.000000000000000000e+00 3.112824559211730957e-01
0.000000000000000000e+00 2.918325960636138916e-01
0.000000000000000000e+00 3.093002140522003174e-01
0.000000000000000000e+00 2.919981777667999268e-01
0.000000000000000000e+00 2.775229513645172119e-01
0.000000000000000000e+00 2.391538769006729126e-01
0.000000000000000000e+00 2.017853558063507080e-01
0.000000000000000000e+00 1.841240227222442627e-01
0.000000000000000000e+00 1.252596229314804077e-01
0.000000000000000000e+00 9.531235694885253906e-02
0.000000000000000000e+00 1.136605665087699890e-01
0.000000000000000000e+00 1.367230862379074097e-01
0.000000000000000000e+00 1.463989317417144775e-01
0.000000000000000000e+00 1.492783129215240479e-01
0.000000000000000000e+00 1.666874140501022339e-01
0.000000000000000000e+00 1.495685726404190063e-01
0.000000000000000000e+00 1.299557983875274658e-01
0.000000000000000000e+00 1.499192118644714355e-01
0.000000000000000000e+00 1.250389814376831055e-01
0.000000000000000000e+00 1.287847012281417847e-01
0.000000000000000000e+00 1.703772693872451782e-01
0.000000000000000000e+00 2.290540486574172974e-01
0.000000000000000000e+00 9.722240269184112549e-02
0.000000000000000000e+00 8.505598455667495728e-02
0.000000000000000000e+00 7.791844010353088379e-02
0.000000000000000000e+00 7.648389786481857300e-02
0.000000000000000000e+00 7.289721071720123291e-02
0.000000000000000000e+00 8.646250516176223755e-02
0.000000000000000000e+00 8.672329038381576538e-02
0.000000000000000000e+00 9.299403429031372070e-02
0.000000000000000000e+00 1.148228198289871216e-01
0.000000000000000000e+00 1.259896010160446167e-01
0.000000000000000000e+00 1.268358230590820312e-01
0.000000000000000000e+00 1.350774914026260376e-01
0.000000000000000000e+00 1.406330764293670654e-01
0.000000000000000000e+00 1.283845454454421997e-01
0.000000000000000000e+00 1.099673435091972351e-01
0.000000000000000000e+00 9.376374632120132446e-02
1.000000000000000000e+00 7.487194240093231201e-02
0.000000000000000000e+00 7.032130658626556396e-02
0.000000000000000000e+00 6.733638793230056763e-02
0.000000000000000000e+00 7.323670387268066406e-02
0.000000000000000000e+00 9.291049838066101074e-02
0.000000000000000000e+00 1.271030902862548828e-01
0.000000000000000000e+00 2.393688261508941650e-01
0.000000000000000000e+00 3.850383758544921875e-01
0.000000000000000000e+00 4.665209352970123291e-01
0.000000000000000000e+00 5.017238855361938477e-01
0.000000000000000000e+00 4.908401370048522949e-01
0.000000000000000000e+00 4.763136208057403564e-01
0.000000000000000000e+00 4.349696934223175049e-01
0.000000000000000000e+00 3.120169341564178467e-01
0.000000000000000000e+00 2.530577182769775391e-01
0.000000000000000000e+00 1.708470284938812256e-01
0.000000000000000000e+00 1.067622154951095581e-01
0.000000000000000000e+00 7.289826124906539917e-02
0.000000000000000000e+00 5.695959553122520447e-02
0.000000000000000000e+00 5.042235925793647766e-02
0.000000000000000000e+00 4.711805656552314758e-02
0.000000000000000000e+00 5.561019852757453918e-02
0.000000000000000000e+00 6.817103922367095947e-02
0.000000000000000000e+00 8.244936168193817139e-02
0.000000000000000000e+00 8.787017315626144409e-02
0.000000000000000000e+00 9.198009967803955078e-02
0.000000000000000000e+00 9.101765602827072144e-02
0.000000000000000000e+00 1.022006571292877197e-01
0.000000000000000000e+00 1.081543415784835815e-01
0.000000000000000000e+00 1.201865002512931824e-01
0.000000000000000000e+00 1.544503271579742432e-01
0.000000000000000000e+00 2.328025996685028076e-01
0.000000000000000000e+00 3.211370706558227539e-01
0.000000000000000000e+00 3.439451158046722412e-01
0.000000000000000000e+00 3.016935884952545166e-01
0.000000000000000000e+00 3.165967464447021484e-01
0.000000000000000000e+00 2.213900685310363770e-01
0.000000000000000000e+00 1.438557356595993042e-01
0.000000000000000000e+00 1.074567511677742004e-01
0.000000000000000000e+00 9.483530372381210327e-02
0.000000000000000000e+00 9.071819484233856201e-02
0.000000000000000000e+00 9.116714447736740112e-02
0.000000000000000000e+00 8.477461338043212891e-02
0.000000000000000000e+00 8.422853052616119385e-02
0.000000000000000000e+00 9.469491243362426758e-02
0.000000000000000000e+00 9.980429708957672119e-02
0.000000000000000000e+00 9.761247038841247559e-02
0.000000000000000000e+00 9.977313876152038574e-02
0.000000000000000000e+00 1.276245266199111938e-01
0.000000000000000000e+00 1.198128163814544678e-01
0.000000000000000000e+00 1.410216540098190308e-01
0.000000000000000000e+00 1.662880331277847290e-01
0.000000000000000000e+00 1.750058680772781372e-01
0.000000000000000000e+00 2.181118577718734741e-01
0.000000000000000000e+00 1.770228594541549683e-01
0.000000000000000000e+00 1.516415178775787354e-01
0.000000000000000000e+00 1.408434957265853882e-01
0.000000000000000000e+00 1.259599179029464722e-01
0.000000000000000000e+00 1.172144636511802673e-01
0.000000000000000000e+00 2.443643659353256226e-02
0.000000000000000000e+00 2.603732980787754059e-02
0.000000000000000000e+00 2.871732413768768311e-02
0.000000000000000000e+00 3.852038830518722534e-02
0.000000000000000000e+00 5.291973054409027100e-02
0.000000000000000000e+00 5.825912207365036011e-02
0.000000000000000000e+00 5.945137515664100647e-02
0.000000000000000000e+00 7.715144008398056030e-02
0.000000000000000000e+00 8.576695621013641357e-02
0.000000000000000000e+00 9.898465871810913086e-02
0.000000000000000000e+00 7.232125848531723022e-02
0.000000000000000000e+00 5.492005124688148499e-02
0.000000000000000000e+00 6.083531677722930908e-02
0.000000000000000000e+00 4.827275127172470093e-02
0.000000000000000000e+00 3.181518241763114929e-02
0.000000000000000000e+00 2.543069422245025635e-02
1.000000000000000000e+00 3.261149674654006958e-02
0.000000000000000000e+00 5.113603174686431885e-02
0.000000000000000000e+00 6.585238128900527954e-02
0.000000000000000000e+00 6.967669725418090820e-02
0.000000000000000000e+00 6.218748539686203003e-02
0.000000000000000000e+00 7.838279753923416138e-02
0.000000000000000000e+00 1.101192981004714966e-01
0.000000000000000000e+00 1.715369224548339844e-01
0.000000000000000000e+00 2.097941637039184570e-01
0.000000000000000000e+00 2.785917818546295166e-01
0.000000000000000000e+00 2.795995473861694336e-01
0.000000000000000000e+00 3.112874031066894531e-01
0.000000000000000000e+00 4.262826740741729736e-01
0.000000000000000000e+00 5.451164245605468750e-01
0.000000000000000000e+00 4.954732060432434082e-01
0.000000000000000000e+00 4.247024059295654297e-01
0.000000000000000000e+00 3.072514235973358154e-01
0.000000000000000000e+00 2.881323993206024170e-01
0.000000000000000000e+00 1.736563891172409058e-01
0.000000000000000000e+00 1.260654181241989136e-01
0.000000000000000000e+00 1.200631558895111084e-01
0.000000000000000000e+00 9.589016437530517578e-02
0.000000000000000000e+00 8.960450440645217896e-02
0.000000000000000000e+00 8.476989716291427612e-02
0.000000000000000000e+00 8.246023952960968018e-02
0.000000000000000000e+00 4.876314848661422729e-02
0.000000000000000000e+00 3.935252502560615540e-02
0.000000000000000000e+00 3.958932310342788696e-02
0.000000000000000000e+00 4.494790360331535339e-02
0.000000000000000000e+00 5.276399850845336914e-02
0.000000000000000000e+00 7.663592696189880371e-02
0.000000000000000000e+00 1.891878098249435425e-01
0.000000000000000000e+00 2.051281034946441650e-01
0.000000000000000000e+00 1.862850040197372437e-01
0.000000000000000000e+00 1.255373507738113403e-01
0.000000000000000000e+00 1.216897517442703247e-01
0.000000000000000000e+00 9.766010940074920654e-02
0.000000000000000000e+00 1.076005101203918457e-01
0.000000000000000000e+00 1.040371134877204895e-01
0.000000000000000000e+00 1.081869974732398987e-01
0.000000000000000000e+00 1.197319477796554565e-01
0.000000000000000000e+00 7.849056273698806763e-02
0.000000000000000000e+00 5.120066553354263306e-02
0.000000000000000000e+00 3.133157268166542053e-02
0.000000000000000000e+00 3.107007406651973724e-02
0.000000000000000000e+00 2.983575314283370972e-02
0.000000000000000000e+00 2.816909365355968475e-02
0.000000000000000000e+00 2.869676239788532257e-02
0.000000000000000000e+00 2.864344045519828796e-02
0.000000000000000000e+00 2.635083161294460297e-02
0.000000000000000000e+00 2.987523935735225677e-02
0.000000000000000000e+00 4.073345661163330078e-02
0.000000000000000000e+00 4.897130280733108521e-02
0.000000000000000000e+00 7.090459764003753662e-02
0.000000000000000000e+00 9.273877739906311035e-02
0.000000000000000000e+00 1.188597008585929871e-01
0.000000000000000000e+00 1.574843078851699829e-01
0.000000000000000000e+00 1.750402897596359253e-01
0.000000000000000000e+00 2.017973363399505615e-01
