0.000000000000000000e+00 5.812942981719970703e-01
0.000000000000000000e+00 5.706620812416076660e-01
0.000000000000000000e+00 4.547584950923919678e-01
0.000000000000000000e+00 4.975254833698272705e-01
0.000000000000000000e+00 4.926536083221435547e-01
0.000000000000000000e+00 4.579983353614807129e-01
0.000000000000000000e+00 4.920286834239959717e-01
0.000000000000000000e+00 4.545460939407348633e-01
0.000000000000000000e+00 3.507949709892272949e-01
0.000000000000000000e+00 3.158484995365142822e-01
0.000000000000000000e+00 2.624920308589935303e-01
0.000000000000000000e+00 2.439582496881484985e-01
0.000000000000000000e+00 1.683299094438552856e-01
0.000000000000000000e+00 2.301598638296127319e-01
0.000000000000000000e+00 1.525716036558151245e-01
0.000000000000000000e+00 1.470527797937393188e-01
1.000000000000000000e+00 1.494200080633163452e-01
0.000000000000000000e+00 1.714165359735488892e-01
0.000000000000000000e+00 2.220509350299835205e-01
0.000000000000000000e+00 2.108722329139709473e-01
0.000000000000000000e+00 2.301466763019561768e-01
1.000000000000000000e+00 2.689014971256256104e-01
1.000000000000000000e+00 4.658105075359344482e-01
1.000000000000000000e+00 4.234647452831268311e-01
1.000000000000000000e+00 4.879823625087738037e-01
1.000000000000000000e+00 5.026332139968872070e-01
0.000000000000000000e+00 4.182960689067840576e-01
0.000000000000000000e+00 2.891915142536163330e-01
0.000000000000000000e+00 3.047331273555755615e-01
0.000000000000000000e+00 3.715125620365142822e-01
0.000000000000000000e+00 2.545214891433715820e-01
1.000000000000000000e+00 1.537529230117797852e-01
1.000000000000000000e+00 1.736169755458831787e-01
1.000000000000000000e+00 1.170680150389671326e-01
0.000000000000000000e+00 1.329270452260971069e-01
0.000000000000000000e+00 1.170289665460586548e-01
0.000000000000000000e+00 1.055603399872779846e-01
0.000000000000000000e+00 9.453203529119491577e-02
1.000000000000000000e+00 7.708809524774551392e-02
0.000000000000000000e+00 1.097143664956092834e-01
0.000000000000000000e+00 1.035263240337371826e-01
0.000000000000000000e+00 9.960561245679855347e-02
0.000000000000000000e+00 8.710075169801712036e-02
0.000000000000000000e+00 8.879730850458145142e-02
0.000000000000000000e+00 6.986203044652938843e-02
0.000000000000000000e+00 1.030433550477027893e-01
0.000000000000000000e+00 1.229977831244468689e-01
0.000000000000000000e+00 1.513289511203765869e-01
0.000000000000000000e+00 1.955592185258865356e-01
0.000000000000000000e+00 1.308233588933944702e-01
0.000000000000000000e+00 2.047049254179000854e-01
0.000000000000000000e+00 2.836204767227172852e-01
0.000000000000000000e+00 2.711222171783447266e-01
0.000000000000000000e+00 2.546663880348205566e-01
0.000000000000000000e+00 2.629643082618713379e-01
0.000000000000000000e+00 3.686406016349792480e-01
0.000000000000000000e+00 3.665755689144134521e-01
0.000000000000000000e+00 3.745571374893188477e-01
0.000000000000000000e+00 2.431377619504928589e-01
0.000000000000000000e+00 3.232925832271575928e-01
0.000000000000000000e+00 3.721341490745544434e-01
0.000000000000000000e+00 2.200219035148620605e-01
0.000000000000000000e+00 2.570464611053466797e-01
0.000000000000000000e+00 2.634941339492797852e-01
1.000000000000000000e+00 3.055564761161804199e-01
0.000000000000000000e+00 2.849422693252563477e-01
0.000000000000000000e+00 4.235052764415740967e-01
0.000000000000000000e+00 2.864700257778167725e-01
0.000000000000000000e+00 4.504207074642181396e-01
0.000000000000000000e+00 3.599996864795684814e-01
0.000000000000000000e+00 3.628261685371398926e-01
0.000000000000000000e+00 2.955913245677947998e-01
0.000000000000000000e+00 3.853383660316467285e-01
1.000000000000000000e+00 2.579777240753173828e-01
0.000000000000000000e+00 2.983393669128417969e-01
0.000000000000000000e+00 2.812693417072296143e-01
0.000000000000000000e+00 1.345530599355697632e-01
0.000000000000000000e+00 8.834158629179000854e-02
0.000000000000000000e+00 1.045962572097778320e-01
0.000000000000000000e+00 1.294056922197341919e-01
0.000000000000000000e+00 1.142520457506179810e-01
0.000000000000000000e+00 7.812626659870147705e-02
0.000000000000000000e+00 6.947725266218185425e-02
0.000000000000000000e+00 6.507553905248641968e-02
0.000000000000000000e+00 4.842849820852279663e-02
0.000000000000000000e+00 4.157672077417373657e-02
0.000000000000000000e+00 3.551304340362548828e-02
0.000000000000000000e+00 3.064604103565216064e-02
0.000000000000000000e+00 2.775642462074756622e-02
0.000000000000000000e+00 2.577497810125350952e-02
0.000000000000000000e+00 3.235984221100807190e-02
1.000000000000000000e+00 3.958313912153244019e-02
1.000000000000000000e+00 5.109908059239387512e-02
0.000000000000000000e+00 7.628906518220901489e-02
0.000000000000000000e+00 1.357870101928710938e-01
0.000000000000000000e+00 1.575414389371871948e-01
1.000000000000000000e+00 2.394746690988540649e-01
1.000000000000000000e+00 3.342376649379730225e-01
1.000000000000000000e+00 3.926877081394195557e-01
0.000000000000000000e+00 5.442718267440795898e-01
0.000000000000000000e+00 5.486367940902709961e-01
0.000000000000000000e+00 5.733467936515808105e-01
0.000000000000000000e+00 5.400245189666748047e-01
0.000000000000000000e+00 5.194311141967773438e-01
0.000000000000000000e+00 3.372719883918762207e-01
0.000000000000000000e+00 2.738398611545562744e-01
0.000000000000000000e+00 2.720561325550079346e-01
0.000000000000000000e+00 2.658157944679260254e-01
0.000000000000000000e+00 2.218558192253112793e-01
0.000000000000000000e+00 2.736035287380218506e-01
0.000000000000000000e+00 2.829373180866241455e-01
0.000000000000000000e+00 1.653541624546051025e-01
0.000000000000000000e+00 2.677068114280700684e-01
0.000000000000000000e+00 2.029872089624404907e-01
0.000000000000000000e+00 2.723996043205261230e-01
0.000000000000000000e+00 2.330247312784194946e-01
0.000000000000000000e+00 2.732257544994354248e-01
0.000000000000000000e+00 1.715656965970993042e-01
0.000000000000000000e+00 1.413332223892211914e-01
0.000000000000000000e+00 2.282449454069137573e-01
0.000000000000000000e+00 2.074492126703262329e-01
0.000000000000000000e+00 3.447059988975524902e-01
0.000000000000000000e+00 2.678076624870300293e-01
0.000000000000000000e+00 3.857013881206512451e-01
0.000000000000000000e+00 4.449441730976104736e-01
0.000000000000000000e+00 3.639188408851623535e-01
0.000000000000000000e+00 4.041705727577209473e-01
0.000000000000000000e+00 4.577621221542358398e-01
0.000000000000000000e+00 4.406794905662536621e-01
1.000000000000000000e+00 4.667102098464965820e-01
1.000000000000000000e+00 3.994680941104888916e-01
1.000000000000000000e+00 5.926201343536376953e-01
1.000000000000000000e+00 4.816553592681884766e-01
1.000000000000000000e+00 3.853744864463806152e-01
1.000000000000000000e+00 3.378181457519531250e-01
0.000000000000000000e+00 3.148016631603240967e-01
0.000000000000000000e+00 2.554923593997955322e-01
0.000000000000000000e+00 3.690073788166046143e-01
0.000000000000000000e+00 2.915478348731994629e-01
0.000000000000000000e+00 2.869885861873626709e-01
0.000000000000000000e+00 3.023719489574432373e-01
0.000000000000000000e+00 3.092579245567321777e-01
0.000000000000000000e+00 3.096839189529418945e-01
0.000000000000000000e+00 2.791288197040557861e-01
0.000000000000000000e+00 2.692031562328338623e-01
0.000000000000000000e+00 4.120405316352844238e-01
1.000000000000000000e+00 3.374300003051757812e-01
1.000000000000000000e+00 2.699546515941619873e-01
0.000000000000000000e+00 2.582052648067474365e-01
0.000000000000000000e+00 2.674038112163543701e-01
0.000000000000000000e+00 6.682079434394836426e-01
0.000000000000000000e+00 6.493293046951293945e-01
0.000000000000000000e+00 6.665825247764587402e-01
0.000000000000000000e+00 6.140384674072265625e-01
0.000000000000000000e+00 5.602623820304870605e-01
0.000000000000000000e+00 5.333870649337768555e-01
0.000000000000000000e+00 5.969278812408447266e-01
0.000000000000000000e+00 5.423030257225036621e-01
0.000000000000000000e+00 5.760031342506408691e-01
0.000000000000000000e+00 5.508011579513549805e-01
0.000000000000000000e+00 6.464619636535644531e-01
0.000000000000000000e+00 5.969553589820861816e-01
0.000000000000000000e+00 6.255112886428833008e-01
0.000000000000000000e+00 6.042934060096740723e-01
0.000000000000000000e+00 6.585408449172973633e-01
0.000000000000000000e+00 5.614407658576965332e-01
0.000000000000000000e+00 6.220920085906982422e-01
0.000000000000000000e+00 5.763799548149108887e-01
0.000000000000000000e+00 4.731934964656829834e-01
0.000000000000000000e+00 5.728458166122436523e-01
0.000000000000000000e+00 4.978581964969635010e-01
0.000000000000000000e+00 5.125830769538879395e-01
0.000000000000000000e+00 4.074551761150360107e-01
0.000000000000000000e+00 4.397221207618713379e-01
0.000000000000000000e+00 5.520344376564025879e-01
0.000000000000000000e+00 5.204786658287048340e-01
0.000000000000000000e+00 5.673586726188659668e-01
0.000000000000000000e+00 6.115155816078186035e-01
0.000000000000000000e+00 6.530365943908691406e-01
0.000000000000000000e+00 6.237520575523376465e-01
0.000000000000000000e+00 6.329943537712097168e-01
0.000000000000000000e+00 6.390731930732727051e-01
1.000000000000000000e+00 5.225383639335632324e-01
1.000000000000000000e+00 5.822714567184448242e-01
0.000000000000000000e+00 5.694347620010375977e-01
0.000000000000000000e+00 6.433643698692321777e-01
0.000000000000000000e+00 6.855807304382324219e-01
0.000000000000000000e+00 6.597862243652343750e-01
0.000000000000000000e+00 7.155380249023437500e-01
0.000000000000000000e+00 7.238755226135253906e-01
0.000000000000000000e+00 7.242534756660461426e-01
0.000000000000000000e+00 6.723247766494750977e-01
0.000000000000000000e+00 6.294857859611511230e-01
0.000000000000000000e+00 7.113627791404724121e-01
0.000000000000000000e+00 7.193067669868469238e-01
0.000000000000000000e+00 7.168388366699218750e-01
0.000000000000000000e+00 6.587830185890197754e-01
0.000000000000000000e+00 5.892279744148254395e-01
0.000000000000000000e+00 6.948946714401245117e-01
0.000000000000000000e+00 6.991479396820068359e-01
0.000000000000000000e+00 6.274780035018920898e-01
0.000000000000000000e+00 6.085405945777893066e-01
1.000000000000000000e+00 6.938027739524841309e-01
1.000000000000000000e+00 6.728858947753906250e-01
1.000000000000000000e+00 6.270998716354370117e-01
1.000000000000000000e+00 7.209032773971557617e-01
1.000000000000000000e+00 7.187690138816833496e-01
0.000000000000000000e+00 7.088731527328491211e-01
0.000000000000000000e+00 7.222152352333068848e-01
0.000000000000000000e+00 7.309463620185852051e-01
0.000000000000000000e+00 7.287844419479370117e-01
0.000000000000000000e+00 7.313314080238342285e-01
0.000000000000000000e+00 7.304490208625793457e-01
0.000000000000000000e+00 7.198941111564636230e-01
0.000000000000000000e+00 7.248548865318298340e-01
0.000000000000000000e+00 6.890897750854492188e-01
0.000000000000000000e+00 6.929944157600402832e-01
0.000000000000000000e+00 6.966810822486877441e-01
0.000000000000000000e+00 6.913691163063049316e-01
0.000000000000000000e+00 6.702832579612731934e-01
0.000000000000000000e+00 6.659002304077148438e-01
0.000000000000000000e+00 6.519180536270141602e-01
0.000000000000000000e+00 6.465460062026977539e-01
0.000000000000000000e+00 6.276538968086242676e-01
0.000000000000000000e+00 6.362384557723999023e-01
1.000000000000000000e+00 6.046604514122009277e-01
1.000000000000000000e+00 7.801411151885986328e-01
1.000000000000000000e+00 5.847516655921936035e-01
1.000000000000000000e+00 5.637964606285095215e-01
0.000000000000000000e+00 6.864371299743652344e-01
0.000000000000000000e+00 4.719217419624328613e-01
0.000000000000000000e+00 5.289814472198486328e-01
1.000000000000000000e+00 3.512372672557830811e-01
0.000000000000000000e+00 2.789244353771209717e-01
0.000000000000000000e+00 2.095791548490524292e-01
0.000000000000000000e+00 1.173545196652412415e-01
0.000000000000000000e+00 1.447610110044479370e-01
0.000000000000000000e+00 7.251602411270141602e-02
0.000000000000000000e+00 7.866320013999938965e-02
0.000000000000000000e+00 6.910184025764465332e-02
0.000000000000000000e+00 9.927747398614883423e-02
0.000000000000000000e+00 1.225458830595016479e-01
0.000000000000000000e+00 1.036415100097656250e-01
0.000000000000000000e+00 1.030050218105316162e-01
0.000000000000000000e+00 7.806939631700515747e-02
0.000000000000000000e+00 9.402313828468322754e-02
0.000000000000000000e+00 1.113537102937698364e-01
0.000000000000000000e+00 1.260056197643280029e-01
0.000000000000000000e+00 1.738108843564987183e-01
0.000000000000000000e+00 1.733073443174362183e-01
0.000000000000000000e+00 1.035845950245857239e-01
1.000000000000000000e+00 9.724441170692443848e-02
0.000000000000000000e+00 1.553971469402313232e-01
0.000000000000000000e+00 1.844233721494674683e-01
0.000000000000000000e+00 9.126541763544082642e-02
0.000000000000000000e+00 2.369381040334701538e-01
0.000000000000000000e+00 1.849003136157989502e-01
0.000000000000000000e+00 1.395752578973770142e-01
0.000000000000000000e+00 9.897147864103317261e-02
0.000000000000000000e+00 1.971513181924819946e-01
0.000000000000000000e+00 1.629466712474822998e-01
0.000000000000000000e+00 2.387152314186096191e-01
0.000000000000000000e+00 3.176952004432678223e-01
0.000000000000000000e+00 1.661630421876907349e-01
0.000000000000000000e+00 2.596096992492675781e-01
0.000000000000000000e+00 2.512840032577514648e-01
0.000000000000000000e+00 3.189255595207214355e-01
0.000000000000000000e+00 2.508975267410278320e-01
0.000000000000000000e+00 3.105605244636535645e-01
0.000000000000000000e+00 4.754353463649749756e-01
0.000000000000000000e+00 7.206707000732421875e-01
0.000000000000000000e+00 7.800849676132202148e-01
0.000000000000000000e+00 7.157102227210998535e-01
0.000000000000000000e+00 7.579566836357116699e-01
0.000000000000000000e+00 8.549548387527465820e-01
0.000000000000000000e+00 8.259116411209106445e-01
0.000000000000000000e+00 8.391873240470886230e-01
0.000000000000000000e+00 7.836601138114929199e-01
1.000000000000000000e+00 7.915112972259521484e-01
1.000000000000000000e+00 8.219969272613525391e-01
1.000000000000000000e+00 8.143646121025085449e-01
1.000000000000000000e+00 7.424514293670654297e-01
1.000000000000000000e+00 6.465456485748291016e-01
1.000000000000000000e+00 5.604768991470336914e-01
0.000000000000000000e+00 5.648652911186218262e-01
0.000000000000000000e+00 4.662028551101684570e-01
0.000000000000000000e+00 4.419113695621490479e-01
0.000000000000000000e+00 3.729998171329498291e-01
0.000000000000000000e+00 3.349483907222747803e-01
0.000000000000000000e+00 4.783964455127716064e-01
0.000000000000000000e+00 4.716016650199890137e-01
0.000000000000000000e+00 4.812889397144317627e-01
0.000000000000000000e+00 4.866575598716735840e-01
0.000000000000000000e+00 4.296546876430511475e-01
0.000000000000000000e+00 5.811166763305664062e-01
0.000000000000000000e+00 6.421235203742980957e-01
0.000000000000000000e+00 4.428294301033020020e-01
0.000000000000000000e+00 5.803286433219909668e-01
0.000000000000000000e+00 5.048311352729797363e-01
0.000000000000000000e+00 6.703556180000305176e-01
1.000000000000000000e+00 8.435404896736145020e-01
1.000000000000000000e+00 9.118209481239318848e-01
1.000000000000000000e+00 9.149494767189025879e-01
1.000000000000000000e+00 9.235742688179016113e-01
1.000000000000000000e+00 8.973968029022216797e-01
1.000000000000000000e+00 8.834399580955505371e-01
1.000000000000000000e+00 8.793032765388488770e-01
1.000000000000000000e+00 7.149394154548645020e-01
1.000000000000000000e+00 6.116762161254882812e-01
1.000000000000000000e+00 3.663669824600219727e-01
0.000000000000000000e+00 2.780830264091491699e-01
0.000000000000000000e+00 3.007142543792724609e-01
0.000000000000000000e+00 1.811135709285736084e-01
0.000000000000000000e+00 1.481536179780960083e-01
0.000000000000000000e+00 1.685716062784194946e-01
0.000000000000000000e+00 1.395577788352966309e-01
0.000000000000000000e+00 1.293762624263763428e-01
0.000000000000000000e+00 1.174138337373733521e-01
0.000000000000000000e+00 1.239976808428764343e-01
0.000000000000000000e+00 1.151569113135337830e-01
0.000000000000000000e+00 1.009822711348533630e-01
0.000000000000000000e+00 8.154669404029846191e-02
0.000000000000000000e+00 7.672907412052154541e-02
0.000000000000000000e+00 1.009784266352653503e-01
0.000000000000000000e+00 8.637960255146026611e-02
0.000000000000000000e+00 8.356486260890960693e-02
0.000000000000000000e+00 8.732981979846954346e-02
1.000000000000000000e+00 9.120830148458480835e-02
0.000000000000000000e+00 8.934998512268066406e-02
0.000000000000000000e+00 1.134380549192428589e-01
0.000000000000000000e+00 8.280630409717559814e-02
0.000000000000000000e+00 1.119187101721763611e-01
0.000000000000000000e+00 8.328180015087127686e-02
0.000000000000000000e+00 1.185686141252517700e-01
0.000000000000000000e+00 1.158154979348182678e-01
0.000000000000000000e+00 1.295179873704910278e-01
0.000000000000000000e+00 1.547196656465530396e-01
0.000000000000000000e+00 1.682447493076324463e-01
0.000000000000000000e+00 2.022032290697097778e-01
0.000000000000000000e+00 1.702625006437301636e-01
0.000000000000000000e+00 2.678782343864440918e-01
0.000000000000000000e+00 2.705855071544647217e-01
0.000000000000000000e+00 3.344975709915161133e-01
0.000000000000000000e+00 3.777431845664978027e-01
0.000000000000000000e+00 3.063769936561584473e-01
0.000000000000000000e+00 4.213367104530334473e-01
0.000000000000000000e+00 4.836778044700622559e-01
0.000000000000000000e+00 4.237631261348724365e-01
0.000000000000000000e+00 4.241499900817871094e-01
0.000000000000000000e+00 5.959652066230773926e-01
0.000000000000000000e+00 5.641752481460571289e-01
0.000000000000000000e+00 6.116948127746582031e-01
0.000000000000000000e+00 6.182171702384948730e-01
1.000000000000000000e+00 6.666593551635742188e-01
1.000000000000000000e+00 7.205363512039184570e-01
1.000000000000000000e+00 7.462866902351379395e-01
1.000000000000000000e+00 7.548221945762634277e-01
0.000000000000000000e+00 7.257577776908874512e-01
0.000000000000000000e+00 7.638671398162841797e-01
0.000000000000000000e+00 6.391691565513610840e-01
0.000000000000000000e+00 6.379088759422302246e-01
0.000000000000000000e+00 6.022017002105712891e-01
0.000000000000000000e+00 6.420931220054626465e-01
0.000000000000000000e+00 5.855371952056884766e-01
0.000000000000000000e+00 6.033258438110351562e-01
0.000000000000000000e+00 5.593800544738769531e-01
0.000000000000000000e+00 6.325735449790954590e-01
0.000000000000000000e+00 6.475009322166442871e-01
0.000000000000000000e+00 6.454319357872009277e-01
0.000000000000000000e+00 6.787279844284057617e-01
0.000000000000000000e+00 6.773589849472045898e-01
1.000000000000000000e+00 6.488902568817138672e-01
1.000000000000000000e+00 6.800414919853210449e-01
0.000000000000000000e+00 6.226468086242675781e-01
0.000000000000000000e+00 5.696104764938354492e-01
1.000000000000000000e+00 1.893269270658493042e-01
1.000000000000000000e+00 2.251107543706893921e-01
1.000000000000000000e+00 1.930000633001327515e-01
1.000000000000000000e+00 1.961421370506286621e-01
1.000000000000000000e+00 2.758675217628479004e-01
1.000000000000000000e+00 1.648294925689697266e-01
1.000000000000000000e+00 1.664576828479766846e-01
1.000000000000000000e+00 9.491832554340362549e-02
0.000000000000000000e+00 1.137700527906417847e-01
0.000000000000000000e+00 1.419271826744079590e-01
0.000000000000000000e+00 1.081675365567207336e-01
0.000000000000000000e+00 1.229009330272674561e-01
0.000000000000000000e+00 5.012237280607223511e-02
0.000000000000000000e+00 4.394998773932456970e-02
0.000000000000000000e+00 5.168563872575759888e-02
0.000000000000000000e+00 6.290756911039352417e-02
0.000000000000000000e+00 5.458069965243339539e-02
0.000000000000000000e+00 8.278993517160415649e-02
0.000000000000000000e+00 9.417942911386489868e-02
0.000000000000000000e+00 8.352470397949218750e-02
0.000000000000000000e+00 7.965406775474548340e-02
0.000000000000000000e+00 9.539599716663360596e-02
0.000000000000000000e+00 1.418546736240386963e-01
1.000000000000000000e+00 1.505889445543289185e-01
0.000000000000000000e+00 1.672896891832351685e-01
0.000000000000000000e+00 1.773376017808914185e-01
0.000000000000000000e+00 2.149330228567123413e-01
0.000000000000000000e+00 1.781078279018402100e-01
0.000000000000000000e+00 2.842682898044586182e-01
0.000000000000000000e+00 3.061346411705017090e-01
0.000000000000000000e+00 2.666334509849548340e-01
0.000000000000000000e+00 2.860091328620910645e-01
0.000000000000000000e+00 2.142795324325561523e-01
0.000000000000000000e+00 2.226641923189163208e-01
0.000000000000000000e+00 1.967772096395492554e-01
0.000000000000000000e+00 2.058044075965881348e-01
0.000000000000000000e+00 1.881588995456695557e-01
0.000000000000000000e+00 1.897971183061599731e-01
0.000000000000000000e+00 2.084420621395111084e-01
0.000000000000000000e+00 2.017994672060012817e-01
0.000000000000000000e+00 2.305195480585098267e-01
0.000000000000000000e+00 1.645472645759582520e-01
0.000000000000000000e+00 1.892639547586441040e-01
0.000000000000000000e+00 1.416828185319900513e-01
0.000000000000000000e+00 1.742297708988189697e-01
0.000000000000000000e+00 1.933845877647399902e-01
0.000000000000000000e+00 2.507560551166534424e-01
0.000000000000000000e+00 2.621676623821258545e-01
0.000000000000000000e+00 1.983553171157836914e-01
0.000000000000000000e+00 2.772779762744903564e-01
0.000000000000000000e+00 3.071712851524353027e-01
1.000000000000000000e+00 3.725957274436950684e-01
1.000000000000000000e+00 4.361760616302490234e-01
1.000000000000000000e+00 5.092217922210693359e-01
1.000000000000000000e+00 5.295010805130004883e-01
1.000000000000000000e+00 5.933229923248291016e-01
1.000000000000000000e+00 5.986997485160827637e-01
1.000000000000000000e+00 6.348731517791748047e-01
1.000000000000000000e+00 5.907769203186035156e-01
1.000000000000000000e+00 5.570387840270996094e-01
1.000000000000000000e+00 4.748988151550292969e-01
0.000000000000000000e+00 4.389737844467163086e-01
0.000000000000000000e+00 3.731413781642913818e-01
0.000000000000000000e+00 3.906802535057067871e-01
0.000000000000000000e+00 3.388458192348480225e-01
0.000000000000000000e+00 3.186628520488739014e-01
0.000000000000000000e+00 3.556936383247375488e-01
0.000000000000000000e+00 3.085483312606811523e-01
0.000000000000000000e+00 3.215830326080322266e-01
1.000000000000000000e+00 3.159725964069366455e-01
1.000000000000000000e+00 3.281559348106384277e-01
1.000000000000000000e+00 2.995580732822418213e-01
1.000000000000000000e+00 3.375746905803680420e-01
1.000000000000000000e+00 2.641296088695526123e-01
0.000000000000000000e+00 2.630975246429443359e-01
1.000000000000000000e+00 9.948683977127075195e-01
1.000000000000000000e+00 9.843703508377075195e-01
1.000000000000000000e+00 9.891772866249084473e-01
0.000000000000000000e+00 9.900805354118347168e-01
0.000000000000000000e+00 9.839630722999572754e-01
0.000000000000000000e+00 9.751073718070983887e-01
0.000000000000000000e+00 9.610496163368225098e-01
0.000000000000000000e+00 9.431542158126831055e-01
0.000000000000000000e+00 9.508743882179260254e-01
0.000000000000000000e+00 9.396972656250000000e-01
0.000000000000000000e+00 9.382095932960510254e-01
0.000000000000000000e+00 9.294312596321105957e-01
0.000000000000000000e+00 9.334052205085754395e-01
0.000000000000000000e+00 9.356754422187805176e-01
0.000000000000000000e+00 9.545320272445678711e-01
0.000000000000000000e+00 9.238426089286804199e-01
0.000000000000000000e+00 9.175013303756713867e-01
0.000000000000000000e+00 9.538053274154663086e-01
0.000000000000000000e+00 9.411793351173400879e-01
0.000000000000000000e+00 9.728789925575256348e-01
0.000000000000000000e+00 9.756059050559997559e-01
1.000000000000000000e+00 9.684457182884216309e-01
1.000000000000000000e+00 9.739995598793029785e-01
1.000000000000000000e+00 9.913115501403808594e-01
0.000000000000000000e+00 9.841549396514892578e-01
0.000000000000000000e+00 9.859075546264648438e-01
0.000000000000000000e+00 9.904656410217285156e-01
0.000000000000000000e+00 9.890157580375671387e-01
0.000000000000000000e+00 9.930102229118347168e-01
0.000000000000000000e+00 9.957699179649353027e-01
0.000000000000000000e+00 9.947988986968994141e-01
1.000000000000000000e+00 9.925814867019653320e-01
0.000000000000000000e+00 9.958620071411132812e-01
0.000000000000000000e+00 9.963975548744201660e-01
0.000000000000000000e+00 9.966415166854858398e-01
0.000000000000000000e+00 9.943443536758422852e-01
0.000000000000000000e+00 9.972285628318786621e-01
0.000000000000000000e+00 9.973037242889404297e-01
0.000000000000000000e+00 9.963865280151367188e-01
0.000000000000000000e+00 9.981506466865539551e-01
0.000000000000000000e+00 9.983781576156616211e-01
0.000000000000000000e+00 9.983817338943481445e-01
0.000000000000000000e+00 9.986687898635864258e-01
0.000000000000000000e+00 9.985465407371520996e-01
1.000000000000000000e+00 9.992098808288574219e-01
1.000000000000000000e+00 9.988333582878112793e-01
0.000000000000000000e+00 9.994237422943115234e-01
0.000000000000000000e+00 9.995862841606140137e-01
0.000000000000000000e+00 9.995428323745727539e-01
0.000000000000000000e+00 9.994909763336181641e-01
0.000000000000000000e+00 9.995255470275878906e-01
0.000000000000000000e+00 9.997134804725646973e-01
0.000000000000000000e+00 9.994962215423583984e-01
0.000000000000000000e+00 9.993959665298461914e-01
0.000000000000000000e+00 9.996103644371032715e-01
0.000000000000000000e+00 9.997069239616394043e-01
0.000000000000000000e+00 9.996085762977600098e-01
0.000000000000000000e+00 9.994356036186218262e-01
0.000000000000000000e+00 9.989719390869140625e-01
1.000000000000000000e+00 9.992803931236267090e-01
1.000000000000000000e+00 9.990887641906738281e-01
0.000000000000000000e+00 9.991117119789123535e-01
0.000000000000000000e+00 9.992293119430541992e-01
0.000000000000000000e+00 9.991408586502075195e-01
0.000000000000000000e+00 9.984733462333679199e-01
0.000000000000000000e+00 9.974514842033386230e-01
0.000000000000000000e+00 9.972872734069824219e-01
0.000000000000000000e+00 9.958086013793945312e-01
1.000000000000000000e+00 9.951857924461364746e-01
1.000000000000000000e+00 9.943406581878662109e-01
1.000000000000000000e+00 9.917920827865600586e-01
1.000000000000000000e+00 9.886716604232788086e-01
0.000000000000000000e+00 9.844291210174560547e-01
0.000000000000000000e+00 9.574412107467651367e-01
0.000000000000000000e+00 8.860436081886291504e-01
0.000000000000000000e+00 8.468107581138610840e-01
0.000000000000000000e+00 9.092915058135986328e-01
0.000000000000000000e+00 9.116547107696533203e-01
0.000000000000000000e+00 9.220000505447387695e-01
0.000000000000000000e+00 8.959884643554687500e-01
0.000000000000000000e+00 9.515127539634704590e-01
0.000000000000000000e+00 9.501847028732299805e-01
0.000000000000000000e+00 9.615030288696289062e-01
0.000000000000000000e+00 9.479151368141174316e-01
0.000000000000000000e+00 9.543942213058471680e-01
0.000000000000000000e+00 9.572592377662658691e-01
0.000000000000000000e+00 9.687445759773254395e-01
0.000000000000000000e+00 9.717264175415039062e-01
0.000000000000000000e+00 9.658775925636291504e-01
1.000000000000000000e+00 9.672533273696899414e-01
1.000000000000000000e+00 9.728820323944091797e-01
1.000000000000000000e+00 9.741277098655700684e-01
1.000000000000000000e+00 9.734296798706054688e-01
1.000000000000000000e+00 9.722065925598144531e-01
1.000000000000000000e+00 9.702403545379638672e-01
1.000000000000000000e+00 9.609990715980529785e-01
1.000000000000000000e+00 9.504137039184570312e-01
1.000000000000000000e+00 9.413635134696960449e-01
1.000000000000000000e+00 9.041524529457092285e-01
1.000000000000000000e+00 8.505682945251464844e-01
0.000000000000000000e+00 7.926623225212097168e-01
0.000000000000000000e+00 7.127309441566467285e-01
0.000000000000000000e+00 6.050348281860351562e-01
0.000000000000000000e+00 5.301425457000732422e-01
0.000000000000000000e+00 5.362743139266967773e-01
0.000000000000000000e+00 4.655931293964385986e-01
0.000000000000000000e+00 3.898026347160339355e-01
1.000000000000000000e+00 3.753927648067474365e-01
0.000000000000000000e+00 4.403605163097381592e-01
0.000000000000000000e+00 3.044953942298889160e-01
0.000000000000000000e+00 2.584297358989715576e-01
0.000000000000000000e+00 2.418131381273269653e-01
0.000000000000000000e+00 2.305281609296798706e-01
0.000000000000000000e+00 2.162359952926635742e-01
0.000000000000000000e+00 1.864044666290283203e-01
0.000000000000000000e+00 1.965874284505844116e-01
0.000000000000000000e+00 2.276854366064071655e-01
0.000000000000000000e+00 2.173031717538833618e-01
0.000000000000000000e+00 2.389852255582809448e-01
0.000000000000000000e+00 2.702096998691558838e-01
0.000000000000000000e+00 2.419685721397399902e-01
0.000000000000000000e+00 2.710273861885070801e-01
0.000000000000000000e+00 2.958473563194274902e-01
0.000000000000000000e+00 2.668553888797760010e-01
0.000000000000000000e+00 2.634492218494415283e-01
0.000000000000000000e+00 3.070636391639709473e-01
0.000000000000000000e+00 3.177994787693023682e-01
0.000000000000000000e+00 3.123361170291900635e-01
0.000000000000000000e+00 2.965146899223327637e-01
0.000000000000000000e+00 3.171570301055908203e-01
0.000000000000000000e+00 3.042905926704406738e-01
0.000000000000000000e+00 2.978568971157073975e-01
0.000000000000000000e+00 2.899145483970642090e-01
0.000000000000000000e+00 3.205426037311553955e-01
0.000000000000000000e+00 3.226311206817626953e-01
0.000000000000000000e+00 3.278023898601531982e-01
0.000000000000000000e+00 2.835716605186462402e-01
0.000000000000000000e+00 2.763143777847290039e-01
0.000000000000000000e+00 2.945253252983093262e-01
0.000000000000000000e+00 3.321941196918487549e-01
0.000000000000000000e+00 2.802497148513793945e-01
0.000000000000000000e+00 3.012171983718872070e-01
0.000000000000000000e+00 3.341471552848815918e-01
0.000000000000000000e+00 3.435258865356445312e-01
0.000000000000000000e+00 3.000498414039611816e-01
0.000000000000000000e+00 4.293992519378662109e-01
0.000000000000000000e+00 3.558073937892913818e-01
1.000000000000000000e+00 4.222098588943481445e-01
1.000000000000000000e+00 3.280672132968902588e-01
0.000000000000000000e+00 4.214232265949249268e-01
