0.000000000000000000e+00 2.330510169267654419e-01
0.000000000000000000e+00 1.547037810087203979e-01
0.000000000000000000e+00 1.534058451652526855e-01
0.000000000000000000e+00 1.206468716263771057e-01
0.000000000000000000e+00 1.336438357830047607e-01
0.000000000000000000e+00 9.288875758647918701e-02
0.000000000000000000e+00 8.420664817094802856e-02
0.000000000000000000e+00 1.414384990930557251e-01
0.000000000000000000e+00 1.015819907188415527e-01
0.000000000000000000e+00 1.127539873123168945e-01
0.000000000000000000e+00 1.281500160694122314e-01
0.000000000000000000e+00 1.104746758937835693e-01
0.000000000000000000e+00 1.488803029060363770e-01
0.000000000000000000e+00 1.807538866996765137e-01
0.000000000000000000e+00 1.499314606189727783e-01
0.000000000000000000e+00 2.143036276102066040e-01
1.000000000000000000e+00 2.211223989725112915e-01
0.000000000000000000e+00 2.468146830797195435e-01
0.000000000000000000e+00 2.917059957981109619e-01
0.000000000000000000e+00 3.747271001338958740e-01
0.000000000000000000e+00 4.660466313362121582e-01
1.000000000000000000e+00 5.629453659057617188e-01
1.000000000000000000e+00 5.814579725265502930e-01
1.000000000000000000e+00 5.986181497573852539e-01
1.000000000000000000e+00 5.900323390960693359e-01
1.000000000000000000e+00 5.794052481651306152e-01
0.000000000000000000e+00 5.760594606399536133e-01
0.000000000000000000e+00 5.616299510002136230e-01
0.000000000000000000e+00 4.208044111728668213e-01
0.000000000000000000e+00 4.386512339115142822e-01
0.000000000000000000e+00 3.160906732082366943e-01
1.000000000000000000e+00 2.853533923625946045e-01
1.000000000000000000e+00 2.568894624710083008e-01
1.000000000000000000e+00 2.068629115819931030e-01
0.000000000000000000e+00 1.479097157716751099e-01
0.000000000000000000e+00 1.543850302696228027e-01
0.000000000000000000e+00 1.489879041910171509e-01
0.000000000000000000e+00 1.061468273401260376e-01
1.000000000000000000e+00 1.028435528278350830e-01
0.000000000000000000e+00 8.741035312414169312e-02
0.000000000000000000e+00 1.091858893632888794e-01
0.000000000000000000e+00 1.750844120979309082e-01
0.000000000000000000e+00 1.527270823717117310e-01
0.000000000000000000e+00 1.503102630376815796e-01
0.000000000000000000e+00 1.795951575040817261e-01
0.000000000000000000e+00 1.996832787990570068e-01
0.000000000000000000e+00 1.694642752408981323e-01
0.000000000000000000e+00 1.816528439521789551e-01
0.000000000000000000e+00 1.900997012853622437e-01
0.000000000000000000e+00 2.215862125158309937e-01
0.000000000000000000e+00 2.020901590585708618e-01
0.000000000000000000e+00 1.896088868379592896e-01
0.000000000000000000e+00 1.987728774547576904e-01
0.000000000000000000e+00 1.882095336914062500e-01
0.000000000000000000e+00 1.826831102371215820e-01
0.000000000000000000e+00 1.770592480897903442e-01
0.000000000000000000e+00 1.719721704721450806e-01
0.000000000000000000e+00 1.701369434595108032e-01
0.000000000000000000e+00 1.740031391382217407e-01
0.000000000000000000e+00 1.605979353189468384e-01
0.000000000000000000e+00 1.604681611061096191e-01
0.000000000000000000e+00 1.893623173236846924e-01
0.000000000000000000e+00 2.108314633369445801e-01
0.000000000000000000e+00 2.146424651145935059e-01
1.000000000000000000e+00 2.179111838340759277e-01
0.000000000000000000e+00 2.186006605625152588e-01
0.000000000000000000e+00 2.012417316436767578e-01
0.000000000000000000e+00 1.841284483671188354e-01
0.000000000000000000e+00 1.873182952404022217e-01
0.000000000000000000e+00 2.076178491115570068e-01
0.000000000000000000e+00 2.393545657396316528e-01
0.000000000000000000e+00 2.770234346389770508e-01
0.000000000000000000e+00 2.699085772037506104e-01
1.000000000000000000e+00 2.843524813652038574e-01
0.000000000000000000e+00 3.187883794307708740e-01
0.000000000000000000e+00 3.837534487247467041e-01
0.000000000000000000e+00 4.223431348800659180e-01
0.000000000000000000e+00 3.507196307182312012e-01
0.000000000000000000e+00 3.388779461383819580e-01
0.000000000000000000e+00 2.822823822498321533e-01
0.000000000000000000e+00 2.998822331428527832e-01
0.000000000000000000e+00 2.301848679780960083e-01
0.000000000000000000e+00 2.569107711315155029e-01
0.000000000000000000e+00 2.270354181528091431e-01
0.000000000000000000e+00 1.973649710416793823e-01
0.000000000000000000e+00 1.883094906806945801e-01
0.000000000000000000e+00 1.526509076356887817e-01
0.000000000000000000e+00 1.652198731899261475e-01
0.000000000000000000e+00 1.491319090127944946e-01
0.000000000000000000e+00 1.305195689201354980e-01
0.000000000000000000e+00 1.349511742591857910e-01
1.000000000000000000e+00 1.329219639301300049e-01
1.000000000000000000e+00 1.537123918533325195e-01
0.000000000000000000e+00 1.721996814012527466e-01
0.000000000000000000e+00 1.940646916627883911e-01
0.000000000000000000e+00 2.465754747390747070e-01
1.000000000000000000e+00 4.195587038993835449e-01
1.000000000000000000e+00 4.699166417121887207e-01
1.000000000000000000e+00 5.033431053161621094e-01
0.000000000000000000e+00 5.367544293403625488e-01
0.000000000000000000e+00 6.157310009002685547e-01
0.000000000000000000e+00 5.286917090415954590e-01
0.000000000000000000e+00 5.425820946693420410e-01
0.000000000000000000e+00 4.785698056221008301e-01
0.000000000000000000e+00 4.736166000366210938e-01
0.000000000000000000e+00 5.191280841827392578e-01
0.000000000000000000e+00 5.087077617645263672e-01
0.000000000000000000e+00 5.281535983085632324e-01
0.000000000000000000e+00 5.251078009605407715e-01
0.000000000000000000e+00 5.523803234100341797e-01
0.000000000000000000e+00 5.450053215026855469e-01
0.000000000000000000e+00 4.763828217983245850e-01
0.000000000000000000e+00 4.743495881557464600e-01
0.000000000000000000e+00 4.791748821735382080e-01
0.000000000000000000e+00 5.271110534667968750e-01
0.000000000000000000e+00 4.927678704261779785e-01
0.000000000000000000e+00 4.498933553695678711e-01
0.000000000000000000e+00 4.253787994384765625e-01
0.000000000000000000e+00 4.440871775150299072e-01
0.000000000000000000e+00 4.772222638130187988e-01
0.000000000000000000e+00 5.599501132965087891e-01
0.000000000000000000e+00 5.307468175888061523e-01
0.000000000000000000e+00 5.956797003746032715e-01
0.000000000000000000e+00 5.853202939033508301e-01
0.000000000000000000e+00 6.332679986953735352e-01
0.000000000000000000e+00 6.241876482963562012e-01
0.000000000000000000e+00 6.117823719978332520e-01
0.000000000000000000e+00 5.572134852409362793e-01
0.000000000000000000e+00 5.972146987915039062e-01
1.000000000000000000e+00 6.310922503471374512e-01
1.000000000000000000e+00 6.437656879425048828e-01
1.000000000000000000e+00 6.888822913169860840e-01
1.000000000000000000e+00 6.853609681129455566e-01
1.000000000000000000e+00 6.397811174392700195e-01
1.000000000000000000e+00 6.201211810111999512e-01
0.000000000000000000e+00 6.073620915412902832e-01
0.000000000000000000e+00 6.258150935173034668e-01
0.000000000000000000e+00 6.082874536514282227e-01
0.000000000000000000e+00 5.603565573692321777e-01
0.000000000000000000e+00 5.602802038192749023e-01
0.000000000000000000e+00 5.022206902503967285e-01
0.000000000000000000e+00 4.899785816669464111e-01
0.000000000000000000e+00 4.795331656932830811e-01
0.000000000000000000e+00 4.885456264019012451e-01
0.000000000000000000e+00 4.962780177593231201e-01
0.000000000000000000e+00 5.206879377365112305e-01
1.000000000000000000e+00 5.152781009674072266e-01
1.000000000000000000e+00 5.038351416587829590e-01
0.000000000000000000e+00 4.853101372718811035e-01
0.000000000000000000e+00 5.062474012374877930e-01
0.000000000000000000e+00 2.751227021217346191e-01
0.000000000000000000e+00 2.379447817802429199e-01
0.000000000000000000e+00 2.501217424869537354e-01
0.000000000000000000e+00 2.011486738920211792e-01
0.000000000000000000e+00 1.643196195363998413e-01
0.000000000000000000e+00 1.459269821643829346e-01
0.000000000000000000e+00 1.446348726749420166e-01
0.000000000000000000e+00 1.505389511585235596e-01
0.000000000000000000e+00 1.654223948717117310e-01
0.000000000000000000e+00 1.670787483453750610e-01
0.000000000000000000e+00 1.859045773744583130e-01
0.000000000000000000e+00 2.067421376705169678e-01
0.000000000000000000e+00 2.104954272508621216e-01
0.000000000000000000e+00 2.508000433444976807e-01
0.000000000000000000e+00 2.496409565210342407e-01
0.000000000000000000e+00 2.674144804477691650e-01
0.000000000000000000e+00 3.083631694316864014e-01
0.000000000000000000e+00 2.663195133209228516e-01
0.000000000000000000e+00 2.885986566543579102e-01
0.000000000000000000e+00 2.601159512996673584e-01
0.000000000000000000e+00 3.135817050933837891e-01
0.000000000000000000e+00 3.609977066516876221e-01
0.000000000000000000e+00 3.840079009532928467e-01
0.000000000000000000e+00 3.827259838581085205e-01
0.000000000000000000e+00 5.052937269210815430e-01
0.000000000000000000e+00 5.254022479057312012e-01
0.000000000000000000e+00 5.812042951583862305e-01
0.000000000000000000e+00 5.786557197570800781e-01
0.000000000000000000e+00 6.103578209877014160e-01
0.000000000000000000e+00 5.267556309700012207e-01
0.000000000000000000e+00 4.479142427444458008e-01
0.000000000000000000e+00 4.203080832958221436e-01
1.000000000000000000e+00 3.532238900661468506e-01
1.000000000000000000e+00 3.799296915531158447e-01
0.000000000000000000e+00 3.821416199207305908e-01
0.000000000000000000e+00 4.752182662487030029e-01
0.000000000000000000e+00 5.254363417625427246e-01
0.000000000000000000e+00 5.866504907608032227e-01
0.000000000000000000e+00 5.945121645927429199e-01
0.000000000000000000e+00 6.428599357604980469e-01
0.000000000000000000e+00 6.083685755729675293e-01
0.000000000000000000e+00 5.992552638053894043e-01
0.000000000000000000e+00 5.460740923881530762e-01
0.000000000000000000e+00 5.056061744689941406e-01
0.000000000000000000e+00 5.068252086639404297e-01
0.000000000000000000e+00 5.124990940093994141e-01
0.000000000000000000e+00 5.244725942611694336e-01
0.000000000000000000e+00 5.051928162574768066e-01
0.000000000000000000e+00 4.752142727375030518e-01
0.000000000000000000e+00 4.819463491439819336e-01
0.000000000000000000e+00 5.003075003623962402e-01
0.000000000000000000e+00 4.633900821208953857e-01
1.000000000000000000e+00 4.565911591053009033e-01
1.000000000000000000e+00 4.996712505817413330e-01
1.000000000000000000e+00 4.517684280872344971e-01
1.000000000000000000e+00 4.764478802680969238e-01
1.000000000000000000e+00 5.145087838172912598e-01
0.000000000000000000e+00 5.911985039710998535e-01
0.000000000000000000e+00 6.323284506797790527e-01
0.000000000000000000e+00 6.676086187362670898e-01
0.000000000000000000e+00 7.274512052536010742e-01
0.000000000000000000e+00 6.999842524528503418e-01
0.000000000000000000e+00 7.321213483810424805e-01
0.000000000000000000e+00 7.324329018592834473e-01
0.000000000000000000e+00 7.526566386222839355e-01
0.000000000000000000e+00 7.493101358413696289e-01
0.000000000000000000e+00 7.720636725425720215e-01
0.000000000000000000e+00 7.604120969772338867e-01
0.000000000000000000e+00 7.670153379440307617e-01
0.000000000000000000e+00 7.694183588027954102e-01
0.000000000000000000e+00 7.793896198272705078e-01
0.000000000000000000e+00 7.411316633224487305e-01
0.000000000000000000e+00 7.267967462539672852e-01
0.000000000000000000e+00 6.580231189727783203e-01
0.000000000000000000e+00 5.970363020896911621e-01
1.000000000000000000e+00 8.954473137855529785e-01
1.000000000000000000e+00 7.378315925598144531e-01
1.000000000000000000e+00 7.431438565254211426e-01
1.000000000000000000e+00 6.940663456916809082e-01
0.000000000000000000e+00 5.240327715873718262e-01
0.000000000000000000e+00 4.720205068588256836e-01
0.000000000000000000e+00 3.546710312366485596e-01
1.000000000000000000e+00 2.807628214359283447e-01
0.000000000000000000e+00 2.380319088697433472e-01
0.000000000000000000e+00 2.268276512622833252e-01
0.000000000000000000e+00 2.151481658220291138e-01
0.000000000000000000e+00 1.555507183074951172e-01
0.000000000000000000e+00 1.396793723106384277e-01
0.000000000000000000e+00 1.420799642801284790e-01
0.000000000000000000e+00 1.236963272094726562e-01
0.000000000000000000e+00 1.189777106046676636e-01
0.000000000000000000e+00 1.163705810904502869e-01
0.000000000000000000e+00 1.177201494574546814e-01
0.000000000000000000e+00 1.229933947324752808e-01
0.000000000000000000e+00 1.209180578589439392e-01
0.000000000000000000e+00 1.321535408496856689e-01
0.000000000000000000e+00 1.564060449600219727e-01
0.000000000000000000e+00 1.650655120611190796e-01
0.000000000000000000e+00 1.722985357046127319e-01
0.000000000000000000e+00 1.780803352594375610e-01
0.000000000000000000e+00 1.707043796777725220e-01
1.000000000000000000e+00 1.782683134078979492e-01
0.000000000000000000e+00 1.924206912517547607e-01
0.000000000000000000e+00 2.186270505189895630e-01
0.000000000000000000e+00 2.201009541749954224e-01
0.000000000000000000e+00 2.387220561504364014e-01
0.000000000000000000e+00 2.574455142021179199e-01
0.000000000000000000e+00 2.977044284343719482e-01
0.000000000000000000e+00 2.763241827487945557e-01
0.000000000000000000e+00 2.776269912719726562e-01
0.000000000000000000e+00 3.169858157634735107e-01
0.000000000000000000e+00 2.865797877311706543e-01
0.000000000000000000e+00 2.868836522102355957e-01
0.000000000000000000e+00 3.267196416854858398e-01
0.000000000000000000e+00 3.583025336265563965e-01
0.000000000000000000e+00 3.623721003532409668e-01
0.000000000000000000e+00 3.985040485858917236e-01
0.000000000000000000e+00 3.964230418205261230e-01
0.000000000000000000e+00 4.096704125404357910e-01
0.000000000000000000e+00 5.387268066406250000e-01
0.000000000000000000e+00 6.755580306053161621e-01
0.000000000000000000e+00 6.782283186912536621e-01
0.000000000000000000e+00 6.898382306098937988e-01
0.000000000000000000e+00 6.988112926483154297e-01
0.000000000000000000e+00 6.821417808532714844e-01
0.000000000000000000e+00 6.683154702186584473e-01
0.000000000000000000e+00 6.414412260055541992e-01
0.000000000000000000e+00 6.262941956520080566e-01
1.000000000000000000e+00 6.389362215995788574e-01
1.000000000000000000e+00 6.647049188613891602e-01
1.000000000000000000e+00 6.926116347312927246e-01
1.000000000000000000e+00 6.913402080535888672e-01
1.000000000000000000e+00 6.588121652603149414e-01
1.000000000000000000e+00 6.139755845069885254e-01
0.000000000000000000e+00 5.954079031944274902e-01
0.000000000000000000e+00 5.534575581550598145e-01
0.000000000000000000e+00 5.311198830604553223e-01
0.000000000000000000e+00 5.264450311660766602e-01
0.000000000000000000e+00 5.160067081451416016e-01
0.000000000000000000e+00 5.429190397262573242e-01
0.000000000000000000e+00 5.297178626060485840e-01
0.000000000000000000e+00 5.912790894508361816e-01
0.000000000000000000e+00 5.936852097511291504e-01
0.000000000000000000e+00 6.197466850280761719e-01
0.000000000000000000e+00 5.758346915245056152e-01
0.000000000000000000e+00 5.805246829986572266e-01
0.000000000000000000e+00 5.426636934280395508e-01
0.000000000000000000e+00 5.194384455680847168e-01
0.000000000000000000e+00 4.845530092716217041e-01
0.000000000000000000e+00 4.571278095245361328e-01
1.000000000000000000e+00 8.419936299324035645e-01
1.000000000000000000e+00 8.337107300758361816e-01
1.000000000000000000e+00 8.372382521629333496e-01
1.000000000000000000e+00 8.188778162002563477e-01
1.000000000000000000e+00 8.270133137702941895e-01
1.000000000000000000e+00 7.412450313568115234e-01
1.000000000000000000e+00 7.469503283500671387e-01
1.000000000000000000e+00 6.562203764915466309e-01
1.000000000000000000e+00 4.744081497192382812e-01
1.000000000000000000e+00 4.825090467929840088e-01
0.000000000000000000e+00 4.193557500839233398e-01
0.000000000000000000e+00 4.667042195796966553e-01
0.000000000000000000e+00 3.406004011631011963e-01
0.000000000000000000e+00 2.443292737007141113e-01
0.000000000000000000e+00 2.034395188093185425e-01
0.000000000000000000e+00 1.525978744029998779e-01
0.000000000000000000e+00 1.732489317655563354e-01
0.000000000000000000e+00 1.388799697160720825e-01
0.000000000000000000e+00 1.026833802461624146e-01
0.000000000000000000e+00 8.332025259733200073e-02
0.000000000000000000e+00 9.543546289205551147e-02
0.000000000000000000e+00 9.883436560630798340e-02
0.000000000000000000e+00 8.533103018999099731e-02
0.000000000000000000e+00 8.026337623596191406e-02
0.000000000000000000e+00 9.302943944931030273e-02
0.000000000000000000e+00 1.027982831001281738e-01
0.000000000000000000e+00 1.105877384543418884e-01
1.000000000000000000e+00 1.461617052555084229e-01
0.000000000000000000e+00 1.628414094448089600e-01
0.000000000000000000e+00 1.823683381080627441e-01
0.000000000000000000e+00 1.959211975336074829e-01
0.000000000000000000e+00 1.972878277301788330e-01
0.000000000000000000e+00 2.289803177118301392e-01
0.000000000000000000e+00 2.524166703224182129e-01
0.000000000000000000e+00 2.775637805461883545e-01
0.000000000000000000e+00 2.909916341304779053e-01
0.000000000000000000e+00 3.292203545570373535e-01
0.000000000000000000e+00 3.286776840686798096e-01
0.000000000000000000e+00 3.640595078468322754e-01
0.000000000000000000e+00 3.580688536167144775e-01
0.000000000000000000e+00 3.607670962810516357e-01
0.000000000000000000e+00 4.103484749794006348e-01
0.000000000000000000e+00 4.141199886798858643e-01
0.000000000000000000e+00 3.833250999450683594e-01
0.000000000000000000e+00 3.933816552162170410e-01
0.000000000000000000e+00 4.555810391902923584e-01
0.000000000000000000e+00 4.157845377922058105e-01
0.000000000000000000e+00 4.460295438766479492e-01
0.000000000000000000e+00 4.287849068641662598e-01
0.000000000000000000e+00 5.593198537826538086e-01
0.000000000000000000e+00 5.627739429473876953e-01
0.000000000000000000e+00 5.596621632575988770e-01
0.000000000000000000e+00 6.351034045219421387e-01
1.000000000000000000e+00 6.443572044372558594e-01
1.000000000000000000e+00 6.460118293762207031e-01
1.000000000000000000e+00 5.762053132057189941e-01
1.000000000000000000e+00 6.090137958526611328e-01
0.000000000000000000e+00 6.401134729385375977e-01
0.000000000000000000e+00 6.749611496925354004e-01
0.000000000000000000e+00 6.298466920852661133e-01
0.000000000000000000e+00 6.379719972610473633e-01
0.000000000000000000e+00 6.699622869491577148e-01
0.000000000000000000e+00 6.597332358360290527e-01
0.000000000000000000e+00 6.605775356292724609e-01
0.000000000000000000e+00 6.289907693862915039e-01
0.000000000000000000e+00 5.990512967109680176e-01
0.000000000000000000e+00 5.690617561340332031e-01
0.000000000000000000e+00 5.503312349319458008e-01
0.000000000000000000e+00 4.933679997920989990e-01
0.000000000000000000e+00 5.255423188209533691e-01
0.000000000000000000e+00 5.246823430061340332e-01
1.000000000000000000e+00 5.257303118705749512e-01
1.000000000000000000e+00 5.052937269210815430e-01
0.000000000000000000e+00 4.949266016483306885e-01
0.000000000000000000e+00 4.109582602977752686e-01
1.000000000000000000e+00 8.628608584403991699e-01
1.000000000000000000e+00 8.632469177246093750e-01
1.000000000000000000e+00 8.739475011825561523e-01
1.000000000000000000e+00 8.744733929634094238e-01
1.000000000000000000e+00 8.540083169937133789e-01
1.000000000000000000e+00 8.693509101867675781e-01
1.000000000000000000e+00 8.545579910278320312e-01
1.000000000000000000e+00 8.233906030654907227e-01
0.000000000000000000e+00 7.398500442504882812e-01
0.000000000000000000e+00 6.981390714645385742e-01
0.000000000000000000e+00 6.382955312728881836e-01
0.000000000000000000e+00 5.525592565536499023e-01
0.000000000000000000e+00 4.401946365833282471e-01
0.000000000000000000e+00 3.484028279781341553e-01
0.000000000000000000e+00 3.309819400310516357e-01
0.000000000000000000e+00 2.679019570350646973e-01
0.000000000000000000e+00 1.924715787172317505e-01
0.000000000000000000e+00 1.408914625644683838e-01
0.000000000000000000e+00 1.547656357288360596e-01
0.000000000000000000e+00 1.386406123638153076e-01
0.000000000000000000e+00 1.310729384422302246e-01
0.000000000000000000e+00 1.609390676021575928e-01
0.000000000000000000e+00 1.774252355098724365e-01
1.000000000000000000e+00 1.980401724576950073e-01
0.000000000000000000e+00 2.243996411561965942e-01
0.000000000000000000e+00 2.250804454088211060e-01
0.000000000000000000e+00 2.483992576599121094e-01
0.000000000000000000e+00 2.657619714736938477e-01
0.000000000000000000e+00 3.128213286399841309e-01
0.000000000000000000e+00 3.160966932773590088e-01
0.000000000000000000e+00 3.727400302886962891e-01
0.000000000000000000e+00 3.588285744190216064e-01
0.000000000000000000e+00 3.890223503112792969e-01
0.000000000000000000e+00 3.874250650405883789e-01
0.000000000000000000e+00 4.049988090991973877e-01
0.000000000000000000e+00 4.254013299942016602e-01
0.000000000000000000e+00 4.041441977024078369e-01
0.000000000000000000e+00 4.478279650211334229e-01
0.000000000000000000e+00 4.222735166549682617e-01
0.000000000000000000e+00 4.588562846183776855e-01
0.000000000000000000e+00 4.374518394470214844e-01
0.000000000000000000e+00 4.565224945545196533e-01
0.000000000000000000e+00 4.706764221191406250e-01
0.000000000000000000e+00 4.792743027210235596e-01
0.000000000000000000e+00 4.968790411949157715e-01
0.000000000000000000e+00 5.070630311965942383e-01
0.000000000000000000e+00 4.887664020061492920e-01
0.000000000000000000e+00 4.981367588043212891e-01
0.000000000000000000e+00 5.172224640846252441e-01
0.000000000000000000e+00 5.175534486770629883e-01
0.000000000000000000e+00 5.504499077796936035e-01
1.000000000000000000e+00 5.749518871307373047e-01
1.000000000000000000e+00 5.669063329696655273e-01
1.000000000000000000e+00 5.816386938095092773e-01
1.000000000000000000e+00 6.090020537376403809e-01
1.000000000000000000e+00 6.377682685852050781e-01
1.000000000000000000e+00 6.276565790176391602e-01
1.000000000000000000e+00 6.083698272705078125e-01
1.000000000000000000e+00 5.915910005569458008e-01
1.000000000000000000e+00 5.773492455482482910e-01
1.000000000000000000e+00 5.639988183975219727e-01
0.000000000000000000e+00 5.603053569793701172e-01
0.000000000000000000e+00 5.404266119003295898e-01
0.000000000000000000e+00 5.515878796577453613e-01
0.000000000000000000e+00 5.272039175033569336e-01
0.000000000000000000e+00 5.348886847496032715e-01
0.000000000000000000e+00 5.292243361473083496e-01
0.000000000000000000e+00 4.453882575035095215e-01
0.000000000000000000e+00 4.166330099105834961e-01
1.000000000000000000e+00 3.683362007141113281e-01
1.000000000000000000e+00 3.281849026679992676e-01
1.000000000000000000e+00 2.711326479911804199e-01
1.000000000000000000e+00 2.421709001064300537e-01
1.000000000000000000e+00 2.337189614772796631e-01
0.000000000000000000e+00 2.282103300094604492e-01
1.000000000000000000e+00 9.199811220169067383e-01
1.000000000000000000e+00 9.170484542846679688e-01
1.000000000000000000e+00 8.771175146102905273e-01
0.000000000000000000e+00 8.862916827201843262e-01
0.000000000000000000e+00 8.810870051383972168e-01
0.000000000000000000e+00 8.749377131462097168e-01
0.000000000000000000e+00 8.583397865295410156e-01
0.000000000000000000e+00 8.489682078361511230e-01
0.000000000000000000e+00 8.179321885108947754e-01
0.000000000000000000e+00 8.046032190322875977e-01
0.000000000000000000e+00 8.294014930725097656e-01
0.000000000000000000e+00 7.940081357955932617e-01
0.000000000000000000e+00 7.479733824729919434e-01
0.000000000000000000e+00 7.865057587623596191e-01
0.000000000000000000e+00 7.550208568572998047e-01
0.000000000000000000e+00 7.848157882690429688e-01
0.000000000000000000e+00 7.427666783332824707e-01
0.000000000000000000e+00 7.846320271492004395e-01
0.000000000000000000e+00 8.019151091575622559e-01
0.000000000000000000e+00 8.174116015434265137e-01
0.000000000000000000e+00 8.355563282966613770e-01
1.000000000000000000e+00 8.478109836578369141e-01
1.000000000000000000e+00 8.740468025207519531e-01
1.000000000000000000e+00 9.171468019485473633e-01
0.000000000000000000e+00 9.322158694267272949e-01
0.000000000000000000e+00 9.286100268363952637e-01
0.000000000000000000e+00 9.315388798713684082e-01
0.000000000000000000e+00 9.422572255134582520e-01
0.000000000000000000e+00 9.469373226165771484e-01
0.000000000000000000e+00 9.469839334487915039e-01
0.000000000000000000e+00 9.568926692008972168e-01
1.000000000000000000e+00 9.580165147781372070e-01
0.000000000000000000e+00 9.539102911949157715e-01
0.000000000000000000e+00 9.475248456001281738e-01
0.000000000000000000e+00 9.453288316726684570e-01
0.000000000000000000e+00 9.507862925529479980e-01
0.000000000000000000e+00 9.344183206558227539e-01
0.000000000000000000e+00 9.287114739418029785e-01
0.000000000000000000e+00 9.273079633712768555e-01
0.000000000000000000e+00 9.473801851272583008e-01
0.000000000000000000e+00 9.383901357650756836e-01
0.000000000000000000e+00 9.466117024421691895e-01
0.000000000000000000e+00 9.543942213058471680e-01
0.000000000000000000e+00 9.427835345268249512e-01
1.000000000000000000e+00 9.557323455810546875e-01
1.000000000000000000e+00 9.632602930068969727e-01
0.000000000000000000e+00 9.577503800392150879e-01
0.000000000000000000e+00 9.615221619606018066e-01
0.000000000000000000e+00 9.613088369369506836e-01
0.000000000000000000e+00 9.623031020164489746e-01
0.000000000000000000e+00 9.611361622810363770e-01
0.000000000000000000e+00 9.676901698112487793e-01
0.000000000000000000e+00 9.576169848442077637e-01
0.000000000000000000e+00 9.531849622726440430e-01
0.000000000000000000e+00 9.692580699920654297e-01
0.000000000000000000e+00 9.683504700660705566e-01
0.000000000000000000e+00 9.677983522415161133e-01
0.000000000000000000e+00 9.555300474166870117e-01
0.000000000000000000e+00 9.458657503128051758e-01
1.000000000000000000e+00 9.394927620887756348e-01
1.000000000000000000e+00 9.223269820213317871e-01
0.000000000000000000e+00 9.089534878730773926e-01
0.000000000000000000e+00 9.352378845214843750e-01
0.000000000000000000e+00 9.331019520759582520e-01
0.000000000000000000e+00 8.539361953735351562e-01
0.000000000000000000e+00 8.499796390533447266e-01
0.000000000000000000e+00 8.816115260124206543e-01
0.000000000000000000e+00 8.570157289505004883e-01
1.000000000000000000e+00 8.243932723999023438e-01
1.000000000000000000e+00 8.624089360237121582e-01
1.000000000000000000e+00 8.261519670486450195e-01
1.000000000000000000e+00 7.362622022628784180e-01
0.000000000000000000e+00 7.105366587638854980e-01
0.000000000000000000e+00 7.061716318130493164e-01
0.000000000000000000e+00 7.385523915290832520e-01
0.000000000000000000e+00 9.198397397994995117e-01
0.000000000000000000e+00 9.163923859596252441e-01
0.000000000000000000e+00 9.093964099884033203e-01
0.000000000000000000e+00 8.696419596672058105e-01
0.000000000000000000e+00 8.932491540908813477e-01
0.000000000000000000e+00 8.728952407836914062e-01
0.000000000000000000e+00 8.832751512527465820e-01
0.000000000000000000e+00 8.340334892272949219e-01
0.000000000000000000e+00 8.447307348251342773e-01
0.000000000000000000e+00 8.135542273521423340e-01
0.000000000000000000e+00 7.705078721046447754e-01
0.000000000000000000e+00 6.839485764503479004e-01
0.000000000000000000e+00 6.872994303703308105e-01
0.000000000000000000e+00 6.893216967582702637e-01
1.000000000000000000e+00 6.418598294258117676e-01
1.000000000000000000e+00 6.306981444358825684e-01
1.000000000000000000e+00 6.144753098487854004e-01
1.000000000000000000e+00 5.698478221893310547e-01
1.000000000000000000e+00 6.384702920913696289e-01
1.000000000000000000e+00 6.414160728454589844e-01
1.000000000000000000e+00 6.470464468002319336e-01
1.000000000000000000e+00 6.600101590156555176e-01
1.000000000000000000e+00 6.249025464057922363e-01
1.000000000000000000e+00 6.437335610389709473e-01
1.000000000000000000e+00 6.505073308944702148e-01
0.000000000000000000e+00 6.421446204185485840e-01
0.000000000000000000e+00 6.706957817077636719e-01
0.000000000000000000e+00 6.740818023681640625e-01
0.000000000000000000e+00 6.949720978736877441e-01
0.000000000000000000e+00 6.827409863471984863e-01
0.000000000000000000e+00 6.905050873756408691e-01
0.000000000000000000e+00 6.874163746833801270e-01
1.000000000000000000e+00 6.410282254219055176e-01
0.000000000000000000e+00 6.760980486869812012e-01
0.000000000000000000e+00 6.594893336296081543e-01
0.000000000000000000e+00 6.542140841484069824e-01
0.000000000000000000e+00 6.176517605781555176e-01
0.000000000000000000e+00 6.114174127578735352e-01
0.000000000000000000e+00 5.878773927688598633e-01
0.000000000000000000e+00 6.199291348457336426e-01
0.000000000000000000e+00 5.068122148513793945e-01
0.000000000000000000e+00 4.763929843902587891e-01
0.000000000000000000e+00 5.422243475914001465e-01
0.000000000000000000e+00 6.052531003952026367e-01
0.000000000000000000e+00 6.217889785766601562e-01
0.000000000000000000e+00 6.580040454864501953e-01
0.000000000000000000e+00 6.442833542823791504e-01
0.000000000000000000e+00 6.889653205871582031e-01
0.000000000000000000e+00 6.930412054061889648e-01
0.000000000000000000e+00 7.778767943382263184e-01
0.000000000000000000e+00 7.606416344642639160e-01
0.000000000000000000e+00 7.645881772041320801e-01
0.000000000000000000e+00 7.543529272079467773e-01
0.000000000000000000e+00 7.458765506744384766e-01
0.000000000000000000e+00 7.285670042037963867e-01
0.000000000000000000e+00 7.438714504241943359e-01
0.000000000000000000e+00 7.190763354301452637e-01
0.000000000000000000e+00 6.966878175735473633e-01
0.000000000000000000e+00 6.720614433288574219e-01
0.000000000000000000e+00 6.647675633430480957e-01
0.000000000000000000e+00 7.086721658706665039e-01
0.000000000000000000e+00 7.355950474739074707e-01
0.000000000000000000e+00 7.380710244178771973e-01
0.000000000000000000e+00 7.321870923042297363e-01
0.000000000000000000e+00 6.837505698204040527e-01
0.000000000000000000e+00 6.483823657035827637e-01
0.000000000000000000e+00 7.208568453788757324e-01
0.000000000000000000e+00 6.985849142074584961e-01
0.000000000000000000e+00 6.669486165046691895e-01
0.000000000000000000e+00 7.574549913406372070e-01
0.000000000000000000e+00 7.694795727729797363e-01
0.000000000000000000e+00 7.624056935310363770e-01
1.000000000000000000e+00 7.945943474769592285e-01
1.000000000000000000e+00 8.035553097724914551e-01
0.000000000000000000e+00 8.565468788146972656e-01
