0.000000000000000000e+00 2.950649559497833252e-01
1.000000000000000000e+00 2.824009656906127930e-01
1.000000000000000000e+00 2.902634143829345703e-01
1.000000000000000000e+00 2.340758442878723145e-01
0.000000000000000000e+00 4.006572961807250977e-01
0.000000000000000000e+00 5.011702775955200195e-01
0.000000000000000000e+00 6.581433415412902832e-01
0.000000000000000000e+00 6.636624932289123535e-01
0.000000000000000000e+00 6.744413971900939941e-01
0.000000000000000000e+00 6.595083475112915039e-01
0.000000000000000000e+00 7.183775305747985840e-01
0.000000000000000000e+00 7.429638504981994629e-01
0.000000000000000000e+00 6.867829561233520508e-01
1.000000000000000000e+00 6.985414624214172363e-01
1.000000000000000000e+00 6.865175962448120117e-01
1.000000000000000000e+00 7.369277477264404297e-01
1.000000000000000000e+00 7.621837854385375977e-01
1.000000000000000000e+00 7.313680052757263184e-01
1.000000000000000000e+00 7.729060053825378418e-01
1.000000000000000000e+00 7.065772414207458496e-01
1.000000000000000000e+00 7.305655479431152344e-01
1.000000000000000000e+00 7.342391014099121094e-01
1.000000000000000000e+00 7.348733544349670410e-01
1.000000000000000000e+00 6.069056987762451172e-01
1.000000000000000000e+00 6.686869859695434570e-01
1.000000000000000000e+00 4.471381306648254395e-01
1.000000000000000000e+00 4.928017854690551758e-01
1.000000000000000000e+00 2.584072947502136230e-01
0.000000000000000000e+00 1.403793841600418091e-01
0.000000000000000000e+00 5.510982871055603027e-02
0.000000000000000000e+00 2.214416116476058960e-02
0.000000000000000000e+00 7.790890987962484360e-03
0.000000000000000000e+00 5.800738930702209473e-03
0.000000000000000000e+00 4.532926715910434723e-03
0.000000000000000000e+00 2.887365641072392464e-03
0.000000000000000000e+00 1.925083925016224384e-03
0.000000000000000000e+00 1.299785799346864223e-03
0.000000000000000000e+00 6.128013483248651028e-04
1.000000000000000000e+00 7.685939199291169643e-04
1.000000000000000000e+00 4.293490201234817505e-04
1.000000000000000000e+00 3.602332144510000944e-04
1.000000000000000000e+00 2.898136153817176819e-04
1.000000000000000000e+00 3.286644641775637865e-04
1.000000000000000000e+00 3.883516474161297083e-04
1.000000000000000000e+00 4.698233096860349178e-04
1.000000000000000000e+00 1.852247267961502075e-01
0.000000000000000000e+00 1.406545788049697876e-01
0.000000000000000000e+00 7.083914428949356079e-02
0.000000000000000000e+00 5.565435439348220825e-02
0.000000000000000000e+00 3.766153380274772644e-02
0.000000000000000000e+00 3.168214112520217896e-02
0.000000000000000000e+00 5.023580044507980347e-02
0.000000000000000000e+00 2.573709003627300262e-02
0.000000000000000000e+00 1.894909143447875977e-02
0.000000000000000000e+00 2.108102291822433472e-02
0.000000000000000000e+00 1.361021772027015686e-02
0.000000000000000000e+00 9.809321723878383636e-03
0.000000000000000000e+00 7.603235077112913132e-03
0.000000000000000000e+00 7.750672753900289536e-03
0.000000000000000000e+00 5.875523667782545090e-03
0.000000000000000000e+00 9.247732348740100861e-03
0.000000000000000000e+00 5.295930895954370499e-03
0.000000000000000000e+00 3.665151773020625114e-03
0.000000000000000000e+00 5.148564465343952179e-03
0.000000000000000000e+00 3.819984616711735725e-03
0.000000000000000000e+00 2.620185725390911102e-03
0.000000000000000000e+00 2.389739733189344406e-03
0.000000000000000000e+00 2.736133988946676254e-03
0.000000000000000000e+00 1.941677415743470192e-03
0.000000000000000000e+00 2.485420554876327515e-03
0.000000000000000000e+00 2.519576810300350189e-03
0.000000000000000000e+00 1.276824157685041428e-03
0.000000000000000000e+00 1.255126320756971836e-03
0.000000000000000000e+00 2.590928692370653152e-03
0.000000000000000000e+00 1.846608472988009453e-03
0.000000000000000000e+00 3.066001459956169128e-03
0.000000000000000000e+00 2.603265922516584396e-03
0.000000000000000000e+00 2.698505762964487076e-03
0.000000000000000000e+00 2.642576349899172783e-03
0.000000000000000000e+00 3.854005131870508194e-03
0.000000000000000000e+00 2.733855275437235832e-03
0.000000000000000000e+00 2.960664685815572739e-03
0.000000000000000000e+00 4.018727689981460571e-03
0.000000000000000000e+00 3.233305178582668304e-03
0.000000000000000000e+00 3.245878731831908226e-03
0.000000000000000000e+00 4.253514576703310013e-03
0.000000000000000000e+00 2.908219583332538605e-03
0.000000000000000000e+00 3.129458287730813026e-03
0.000000000000000000e+00 3.744621528312563896e-03
0.000000000000000000e+00 3.727611387148499489e-03
0.000000000000000000e+00 3.370697498321533203e-01
0.000000000000000000e+00 3.725182712078094482e-01
0.000000000000000000e+00 2.543586194515228271e-01
0.000000000000000000e+00 1.997426748275756836e-01
0.000000000000000000e+00 1.929061114788055420e-01
0.000000000000000000e+00 1.578756570816040039e-01
0.000000000000000000e+00 1.314366012811660767e-01
0.000000000000000000e+00 1.092592403292655945e-01
0.000000000000000000e+00 1.249496713280677795e-01
0.000000000000000000e+00 7.004033029079437256e-02
0.000000000000000000e+00 8.405987173318862915e-02
0.000000000000000000e+00 6.805376708507537842e-02
0.000000000000000000e+00 3.531435504555702209e-02
0.000000000000000000e+00 4.059041291475296021e-02
0.000000000000000000e+00 2.300099469721317291e-02
0.000000000000000000e+00 3.750549629330635071e-02
0.000000000000000000e+00 3.810100629925727844e-02
0.000000000000000000e+00 3.757537528872489929e-02
0.000000000000000000e+00 2.865302748978137970e-02
0.000000000000000000e+00 1.552822440862655640e-02
0.000000000000000000e+00 1.928918808698654175e-02
0.000000000000000000e+00 1.242392603307962418e-02
0.000000000000000000e+00 1.380552072077989578e-02
0.000000000000000000e+00 1.304406020790338516e-02
0.000000000000000000e+00 4.825756419450044632e-03
0.000000000000000000e+00 8.905017748475074768e-03
0.000000000000000000e+00 1.027110312134027481e-02
0.000000000000000000e+00 6.738313473761081696e-03
0.000000000000000000e+00 6.719605065882205963e-03
0.000000000000000000e+00 7.059345021843910217e-03
0.000000000000000000e+00 4.584294743835926056e-03
0.000000000000000000e+00 5.997842177748680115e-03
0.000000000000000000e+00 4.178065340965986252e-03
0.000000000000000000e+00 4.644565749913454056e-03
0.000000000000000000e+00 5.014153197407722473e-03
0.000000000000000000e+00 4.730546381324529648e-03
0.000000000000000000e+00 3.992192912846803665e-03
0.000000000000000000e+00 2.920860191807150841e-03
0.000000000000000000e+00 4.932390991598367691e-03
0.000000000000000000e+00 5.324517842382192612e-03
0.000000000000000000e+00 5.692159291356801987e-03
0.000000000000000000e+00 7.622241508215665817e-03
0.000000000000000000e+00 6.262078881263732910e-03
0.000000000000000000e+00 1.351140066981315613e-02
0.000000000000000000e+00 8.516579866409301758e-03
0.000000000000000000e+00 1.782936602830886841e-01
0.000000000000000000e+00 1.094222366809844971e-01
0.000000000000000000e+00 1.052519381046295166e-01
0.000000000000000000e+00 8.280945569276809692e-02
0.000000000000000000e+00 6.190337985754013062e-02
0.000000000000000000e+00 5.140254646539688110e-02
0.000000000000000000e+00 4.706398397684097290e-02
0.000000000000000000e+00 4.316254332661628723e-02
0.000000000000000000e+00 3.861719742417335510e-02
0.000000000000000000e+00 3.510583192110061646e-02
0.000000000000000000e+00 3.226071223616600037e-02
0.000000000000000000e+00 3.483870998024940491e-02
0.000000000000000000e+00 3.256804496049880981e-02
0.000000000000000000e+00 3.264509141445159912e-02
0.000000000000000000e+00 3.718799725174903870e-02
0.000000000000000000e+00 3.473522514104843140e-02
0.000000000000000000e+00 3.849735856056213379e-02
0.000000000000000000e+00 3.964794427156448364e-02
0.000000000000000000e+00 3.240419551730155945e-02
0.000000000000000000e+00 3.604751080274581909e-02
0.000000000000000000e+00 2.672640606760978699e-02
0.000000000000000000e+00 3.176112100481987000e-02
0.000000000000000000e+00 3.889140114188194275e-02
0.000000000000000000e+00 2.527191489934921265e-02
0.000000000000000000e+00 3.058008663356304169e-02
0.000000000000000000e+00 2.845940552651882172e-02
0.000000000000000000e+00 2.932683378458023071e-02
0.000000000000000000e+00 2.682479284703731537e-02
0.000000000000000000e+00 2.810512110590934753e-02
0.000000000000000000e+00 3.125685825943946838e-02
0.000000000000000000e+00 2.778576500713825226e-02
0.000000000000000000e+00 3.039245307445526123e-02
0.000000000000000000e+00 3.237974643707275391e-02
0.000000000000000000e+00 3.124308772385120392e-02
0.000000000000000000e+00 3.498227149248123169e-02
0.000000000000000000e+00 3.889853879809379578e-02
0.000000000000000000e+00 3.469148278236389160e-02
0.000000000000000000e+00 3.401983156800270081e-02
0.000000000000000000e+00 3.734309971332550049e-02
0.000000000000000000e+00 4.212289303541183472e-02
0.000000000000000000e+00 4.192747548222541809e-02
0.000000000000000000e+00 4.906989634037017822e-02
0.000000000000000000e+00 3.752993047237396240e-02
0.000000000000000000e+00 5.154279991984367371e-02
0.000000000000000000e+00 4.810514301061630249e-02
0.000000000000000000e+00 7.883545756340026855e-01
0.000000000000000000e+00 7.225316166877746582e-01
0.000000000000000000e+00 7.076238393783569336e-01
0.000000000000000000e+00 6.260845065116882324e-01
0.000000000000000000e+00 5.464218258857727051e-01
0.000000000000000000e+00 5.401260256767272949e-01
0.000000000000000000e+00 4.596651792526245117e-01
0.000000000000000000e+00 4.263533651828765869e-01
0.000000000000000000e+00 3.391781151294708252e-01
0.000000000000000000e+00 3.789678812026977539e-01
0.000000000000000000e+00 3.588466644287109375e-01
0.000000000000000000e+00 3.769632279872894287e-01
0.000000000000000000e+00 3.379500806331634521e-01
0.000000000000000000e+00 2.666691243648529053e-01
0.000000000000000000e+00 2.376200407743453979e-01
0.000000000000000000e+00 2.360629886388778687e-01
0.000000000000000000e+00 1.686648130416870117e-01
0.000000000000000000e+00 1.758362203836441040e-01
0.000000000000000000e+00 1.965220272541046143e-01
0.000000000000000000e+00 1.163359805941581726e-01
0.000000000000000000e+00 4.762991517782211304e-02
0.000000000000000000e+00 6.708234548568725586e-02
0.000000000000000000e+00 3.820041567087173462e-02
0.000000000000000000e+00 3.142957761883735657e-02
0.000000000000000000e+00 3.756888210773468018e-02
0.000000000000000000e+00 2.585950121283531189e-02
0.000000000000000000e+00 2.948219887912273407e-02
0.000000000000000000e+00 2.693066187202930450e-02
0.000000000000000000e+00 2.480414137244224548e-02
0.000000000000000000e+00 2.854236029088497162e-02
0.000000000000000000e+00 2.573764137923717499e-02
0.000000000000000000e+00 2.438348717987537384e-02
0.000000000000000000e+00 1.552961487323045731e-02
0.000000000000000000e+00 2.018248103559017181e-02
0.000000000000000000e+00 2.230277471244335175e-02
0.000000000000000000e+00 2.085555531084537506e-02
0.000000000000000000e+00 2.810979634523391724e-02
0.000000000000000000e+00 1.487481128424406052e-02
0.000000000000000000e+00 1.143172755837440491e-02
0.000000000000000000e+00 2.064500004053115845e-02
0.000000000000000000e+00 1.970983482897281647e-02
0.000000000000000000e+00 1.985266432166099548e-02
0.000000000000000000e+00 1.638191193342208862e-02
0.000000000000000000e+00 1.297755539417266846e-02
0.000000000000000000e+00 1.457905024290084839e-02
0.000000000000000000e+00 7.265322208404541016e-01
1.000000000000000000e+00 7.047348022460937500e-01
0.000000000000000000e+00 7.638357281684875488e-01
0.000000000000000000e+00 7.226771712303161621e-01
0.000000000000000000e+00 6.735592484474182129e-01
0.000000000000000000e+00 7.077081799507141113e-01
0.000000000000000000e+00 6.453009843826293945e-01
0.000000000000000000e+00 6.836454272270202637e-01
0.000000000000000000e+00 6.707720160484313965e-01
0.000000000000000000e+00 6.338085532188415527e-01
0.000000000000000000e+00 6.538128852844238281e-01
0.000000000000000000e+00 6.300052404403686523e-01
0.000000000000000000e+00 6.625655293464660645e-01
1.000000000000000000e+00 6.014711260795593262e-01
1.000000000000000000e+00 6.525009870529174805e-01
1.000000000000000000e+00 5.662994980812072754e-01
1.000000000000000000e+00 5.549599528312683105e-01
1.000000000000000000e+00 6.356285810470581055e-01
1.000000000000000000e+00 5.638291239738464355e-01
1.000000000000000000e+00 5.948744416236877441e-01
1.000000000000000000e+00 5.687527060508728027e-01
1.000000000000000000e+00 5.983558297157287598e-01
1.000000000000000000e+00 5.275448560714721680e-01
1.000000000000000000e+00 5.251852869987487793e-01
1.000000000000000000e+00 5.329294800758361816e-01
1.000000000000000000e+00 5.235946774482727051e-01
0.000000000000000000e+00 5.036132335662841797e-01
0.000000000000000000e+00 4.539762735366821289e-01
0.000000000000000000e+00 4.355085790157318115e-01
0.000000000000000000e+00 4.352537989616394043e-01
0.000000000000000000e+00 4.804357886314392090e-01
0.000000000000000000e+00 4.223850369453430176e-01
0.000000000000000000e+00 4.009426236152648926e-01
0.000000000000000000e+00 4.539932608604431152e-01
0.000000000000000000e+00 3.901506066322326660e-01
0.000000000000000000e+00 4.369429051876068115e-01
0.000000000000000000e+00 4.093836247920989990e-01
0.000000000000000000e+00 4.127595722675323486e-01
0.000000000000000000e+00 4.953283667564392090e-01
0.000000000000000000e+00 3.262268602848052979e-01
0.000000000000000000e+00 3.216381967067718506e-01
0.000000000000000000e+00 4.513755142688751221e-01
0.000000000000000000e+00 4.273424744606018066e-01
0.000000000000000000e+00 4.004213511943817139e-01
0.000000000000000000e+00 4.033447802066802979e-01
0.000000000000000000e+00 4.684727464336901903e-04
0.000000000000000000e+00 2.512864302843809128e-04
0.000000000000000000e+00 2.729997504502534866e-04
0.000000000000000000e+00 1.714809477562084794e-04
0.000000000000000000e+00 6.895855767652392387e-05
0.000000000000000000e+00 5.004078047932125628e-05
0.000000000000000000e+00 7.203563291113823652e-05
0.000000000000000000e+00 1.215414231410250068e-04
0.000000000000000000e+00 2.843817856046371162e-05
0.000000000000000000e+00 5.267778396955691278e-05
0.000000000000000000e+00 5.167896597413346171e-05
1.000000000000000000e+00 7.800830644555389881e-05
0.000000000000000000e+00 5.731070268666371703e-05
1.000000000000000000e+00 3.336581721669062972e-05
1.000000000000000000e+00 6.093012780183926225e-05
1.000000000000000000e+00 4.805688877240754664e-05
1.000000000000000000e+00 2.340205173823051155e-05
1.000000000000000000e+00 1.328061443928163499e-05
1.000000000000000000e+00 7.387872301478637382e-06
1.000000000000000000e+00 6.036689683242002502e-06
1.000000000000000000e+00 4.028845523862401024e-06
1.000000000000000000e+00 4.601346972776809707e-06
1.000000000000000000e+00 3.059572691199718975e-06
1.000000000000000000e+00 7.461390396201750264e-06
1.000000000000000000e+00 1.941260507010156289e-06
0.000000000000000000e+00 1.312710651291126851e-06
0.000000000000000000e+00 7.373150765488389879e-07
0.000000000000000000e+00 1.234489559465146158e-06
0.000000000000000000e+00 1.086169731934205629e-06
0.000000000000000000e+00 1.211053586303023621e-06
0.000000000000000000e+00 2.155921237090296927e-07
0.000000000000000000e+00 5.803314593322284054e-07
0.000000000000000000e+00 3.968261808040551841e-07
1.000000000000000000e+00 3.568979423107521143e-07
0.000000000000000000e+00 5.374005809244408738e-07
0.000000000000000000e+00 5.181327082937059458e-07
0.000000000000000000e+00 7.336859653150895610e-07
0.000000000000000000e+00 6.426243999158032238e-07
0.000000000000000000e+00 2.016344069488695823e-06
0.000000000000000000e+00 4.682462076743831858e-06
0.000000000000000000e+00 2.063603233182220720e-06
0.000000000000000000e+00 7.875243682065047324e-06
0.000000000000000000e+00 6.991485406615538523e-06
0.000000000000000000e+00 8.900658031052444130e-06
0.000000000000000000e+00 1.240997371496632695e-04
0.000000000000000000e+00 6.906484961509704590e-01
0.000000000000000000e+00 6.932727098464965820e-01
1.000000000000000000e+00 6.882732510566711426e-01
0.000000000000000000e+00 7.321240305900573730e-01
0.000000000000000000e+00 7.226370573043823242e-01
0.000000000000000000e+00 7.276218533515930176e-01
0.000000000000000000e+00 7.484470605850219727e-01
0.000000000000000000e+00 7.958173751831054688e-01
0.000000000000000000e+00 7.509371638298034668e-01
0.000000000000000000e+00 7.281250357627868652e-01
0.000000000000000000e+00 8.376185894012451172e-01
1.000000000000000000e+00 8.342630267143249512e-01
1.000000000000000000e+00 7.938063144683837891e-01
1.000000000000000000e+00 8.789919018745422363e-01
1.000000000000000000e+00 8.765549659729003906e-01
1.000000000000000000e+00 9.005459547042846680e-01
1.000000000000000000e+00 9.229788780212402344e-01
1.000000000000000000e+00 9.254059791564941406e-01
1.000000000000000000e+00 9.284715056419372559e-01
1.000000000000000000e+00 9.151118397712707520e-01
1.000000000000000000e+00 9.018393754959106445e-01
1.000000000000000000e+00 9.204654097557067871e-01
1.000000000000000000e+00 9.270953536033630371e-01
1.000000000000000000e+00 9.233038425445556641e-01
1.000000000000000000e+00 9.092189073562622070e-01
1.000000000000000000e+00 8.602486252784729004e-01
0.000000000000000000e+00 8.279636502265930176e-01
0.000000000000000000e+00 8.017279505729675293e-01
0.000000000000000000e+00 6.579011678695678711e-01
0.000000000000000000e+00 5.284754037857055664e-01
0.000000000000000000e+00 4.589055478572845459e-01
0.000000000000000000e+00 4.772660732269287109e-01
0.000000000000000000e+00 3.872552216053009033e-01
0.000000000000000000e+00 3.835208714008331299e-01
0.000000000000000000e+00 3.572938740253448486e-01
0.000000000000000000e+00 2.888726890087127686e-01
0.000000000000000000e+00 2.574183046817779541e-01
0.000000000000000000e+00 2.499863803386688232e-01
0.000000000000000000e+00 3.241713643074035645e-01
0.000000000000000000e+00 2.806489765644073486e-01
0.000000000000000000e+00 1.796288043260574341e-01
0.000000000000000000e+00 1.152920499444007874e-01
0.000000000000000000e+00 1.020795255899429321e-01
0.000000000000000000e+00 6.405473500490188599e-02
0.000000000000000000e+00 3.569656983017921448e-02
