0.000000000000000000e+00 7.205049991607666016e-01
0.000000000000000000e+00 7.999938130378723145e-01
0.000000000000000000e+00 7.251555919647216797e-01
0.000000000000000000e+00 8.191715478897094727e-01
0.000000000000000000e+00 7.926169633865356445e-01
0.000000000000000000e+00 8.171748518943786621e-01
0.000000000000000000e+00 5.913233757019042969e-01
0.000000000000000000e+00 7.139994502067565918e-01
0.000000000000000000e+00 6.796885728836059570e-01
0.000000000000000000e+00 7.557004094123840332e-01
0.000000000000000000e+00 7.425042390823364258e-01
0.000000000000000000e+00 6.885755658149719238e-01
0.000000000000000000e+00 7.546254992485046387e-01
0.000000000000000000e+00 8.158225417137145996e-01
0.000000000000000000e+00 6.820261478424072266e-01
1.000000000000000000e+00 8.949040770530700684e-01
1.000000000000000000e+00 7.419407963752746582e-01
1.000000000000000000e+00 8.738656044006347656e-01
1.000000000000000000e+00 8.575186729431152344e-01
1.000000000000000000e+00 9.072798490524291992e-01
1.000000000000000000e+00 9.337772130966186523e-01
1.000000000000000000e+00 9.455683827400207520e-01
1.000000000000000000e+00 9.718070030212402344e-01
1.000000000000000000e+00 9.241781830787658691e-01
0.000000000000000000e+00 6.912974715232849121e-01
0.000000000000000000e+00 5.469130873680114746e-01
0.000000000000000000e+00 2.671480476856231689e-01
0.000000000000000000e+00 8.027894049882888794e-02
0.000000000000000000e+00 7.810551207512617111e-03
0.000000000000000000e+00 4.660829436033964157e-03
0.000000000000000000e+00 7.361093303188681602e-04
0.000000000000000000e+00 2.047359594143927097e-04
0.000000000000000000e+00 5.904553472646512091e-05
0.000000000000000000e+00 2.292827230121474713e-05
0.000000000000000000e+00 5.775245426775654778e-06
0.000000000000000000e+00 3.232954895793227479e-06
0.000000000000000000e+00 1.951378408193704672e-06
0.000000000000000000e+00 9.290636739933688659e-07
0.000000000000000000e+00 4.839611165152746253e-07
0.000000000000000000e+00 3.136209159038116923e-07
0.000000000000000000e+00 2.613645051496860106e-07
0.000000000000000000e+00 2.134369196937768720e-07
0.000000000000000000e+00 3.188889365901559358e-07
0.000000000000000000e+00 4.208366419788944768e-07
0.000000000000000000e+00 3.954729095312359277e-07
0.000000000000000000e+00 9.695538319647312164e-03
0.000000000000000000e+00 4.675991367548704147e-03
0.000000000000000000e+00 6.226294790394604206e-04
0.000000000000000000e+00 1.082367307390086353e-04
0.000000000000000000e+00 3.048760117962956429e-05
0.000000000000000000e+00 7.477175131498370320e-06
0.000000000000000000e+00 1.304749048358644359e-06
0.000000000000000000e+00 5.001100475965358783e-07
0.000000000000000000e+00 1.045162534296650847e-07
0.000000000000000000e+00 4.865717073698760942e-08
0.000000000000000000e+00 2.000137833135795518e-08
0.000000000000000000e+00 8.899917247617850080e-09
0.000000000000000000e+00 5.388074431067479964e-09
0.000000000000000000e+00 3.377319091057984224e-09
0.000000000000000000e+00 2.800344400810672596e-09
0.000000000000000000e+00 2.880542915306705254e-09
0.000000000000000000e+00 2.707227775289311467e-09
0.000000000000000000e+00 3.764209388634753850e-09
0.000000000000000000e+00 6.142668151909447261e-09
0.000000000000000000e+00 8.294701814293148345e-09
0.000000000000000000e+00 1.206186261981656571e-08
0.000000000000000000e+00 1.388595105566992061e-08
0.000000000000000000e+00 2.732097037494440883e-08
0.000000000000000000e+00 3.487706834448545123e-08
0.000000000000000000e+00 5.303986228000212577e-08
0.000000000000000000e+00 6.196932389457288082e-08
0.000000000000000000e+00 8.715871047115797410e-08
0.000000000000000000e+00 9.069746198520078906e-08
0.000000000000000000e+00 1.023542637312857551e-07
0.000000000000000000e+00 1.265615594547853107e-07
0.000000000000000000e+00 1.079580513874134340e-07
0.000000000000000000e+00 9.194562977654641145e-08
0.000000000000000000e+00 9.051910865309764631e-08
0.000000000000000000e+00 6.107855199388723122e-08
0.000000000000000000e+00 5.429135185863742663e-08
0.000000000000000000e+00 7.175690797112110886e-08
0.000000000000000000e+00 7.799916801332074101e-08
0.000000000000000000e+00 9.868504236010267050e-08
0.000000000000000000e+00 1.085541683210067276e-07
0.000000000000000000e+00 1.096918182952322240e-07
0.000000000000000000e+00 1.003979193114901136e-07
0.000000000000000000e+00 1.013444972386423615e-07
0.000000000000000000e+00 9.368973508117051097e-08
0.000000000000000000e+00 1.057555252259589906e-07
0.000000000000000000e+00 1.267275138161494397e-07
0.000000000000000000e+00 3.088775789365172386e-03
0.000000000000000000e+00 1.335953478701412678e-03
0.000000000000000000e+00 4.675650561694055796e-04
0.000000000000000000e+00 1.340398739557713270e-04
0.000000000000000000e+00 5.619118019239977002e-05
0.000000000000000000e+00 2.375568328716326505e-05
0.000000000000000000e+00 1.220900048792827874e-05
0.000000000000000000e+00 5.930904535489389673e-06
0.000000000000000000e+00 3.784744194490485825e-06
0.000000000000000000e+00 1.883634922705823556e-06
0.000000000000000000e+00 1.207128434543847106e-06
0.000000000000000000e+00 5.877570856682723388e-07
0.000000000000000000e+00 4.540484326298610540e-07
0.000000000000000000e+00 2.439809918541868683e-07
0.000000000000000000e+00 1.905831652493361617e-07
0.000000000000000000e+00 1.354145098275694181e-07
0.000000000000000000e+00 1.278809804716729559e-07
0.000000000000000000e+00 1.005840317702677567e-07
0.000000000000000000e+00 1.136597944650930003e-07
0.000000000000000000e+00 9.610929652126287692e-08
0.000000000000000000e+00 8.424910191706658225e-08
0.000000000000000000e+00 8.419704755624479731e-08
0.000000000000000000e+00 6.302232691268727649e-08
0.000000000000000000e+00 4.719514379303291207e-08
0.000000000000000000e+00 4.446887302833602007e-08
0.000000000000000000e+00 3.674636417372312280e-08
0.000000000000000000e+00 4.037245915355924808e-08
0.000000000000000000e+00 3.269299497787869768e-08
0.000000000000000000e+00 2.977344593091402203e-08
0.000000000000000000e+00 2.361003481610168819e-08
0.000000000000000000e+00 1.901459434350272204e-08
0.000000000000000000e+00 1.678710681574102637e-08
0.000000000000000000e+00 1.391782422643927930e-08
0.000000000000000000e+00 1.187436282634735107e-08
0.000000000000000000e+00 1.164615692772486000e-08
0.000000000000000000e+00 8.967633746692627028e-09
0.000000000000000000e+00 8.099496184854615422e-09
0.000000000000000000e+00 8.108862914468772942e-09
0.000000000000000000e+00 7.506542054613873916e-09
0.000000000000000000e+00 7.732427143025688565e-09
0.000000000000000000e+00 8.035913268145122856e-09
0.000000000000000000e+00 8.093782533080684516e-09
0.000000000000000000e+00 8.864729394986170519e-09
0.000000000000000000e+00 1.042892083802371417e-08
0.000000000000000000e+00 9.904724151965638157e-09
0.000000000000000000e+00 7.352704415097832680e-04
0.000000000000000000e+00 3.705158305820077658e-04
0.000000000000000000e+00 7.775439007673412561e-05
0.000000000000000000e+00 4.412787893670611084e-05
0.000000000000000000e+00 1.914749736897647381e-05
0.000000000000000000e+00 5.391996637627016753e-06
0.000000000000000000e+00 2.446289727231487632e-06
0.000000000000000000e+00 1.398743734171148390e-06
0.000000000000000000e+00 7.070122478580742609e-07
0.000000000000000000e+00 3.123070939636818366e-07
0.000000000000000000e+00 1.956995987484333455e-07
0.000000000000000000e+00 1.330354280071333051e-07
0.000000000000000000e+00 9.736152861705704709e-08
0.000000000000000000e+00 6.768469518192432588e-08
0.000000000000000000e+00 7.554979930546323885e-08
0.000000000000000000e+00 6.646055794590211008e-08
0.000000000000000000e+00 5.155784066346313921e-08
0.000000000000000000e+00 5.717414452988123230e-08
0.000000000000000000e+00 5.518230139500701625e-08
0.000000000000000000e+00 4.836672218289095326e-08
0.000000000000000000e+00 6.064625068802342867e-08
0.000000000000000000e+00 4.952276810854527866e-08
0.000000000000000000e+00 4.715358414841830381e-08
0.000000000000000000e+00 5.291345672731040395e-08
0.000000000000000000e+00 5.961384630381871830e-08
0.000000000000000000e+00 6.771956151396807400e-08
0.000000000000000000e+00 8.305502063876701868e-08
0.000000000000000000e+00 8.921404059947235510e-08
0.000000000000000000e+00 1.132597589048600639e-07
0.000000000000000000e+00 1.099794602055226278e-07
0.000000000000000000e+00 1.158110336518802796e-07
0.000000000000000000e+00 1.240711497985103051e-07
0.000000000000000000e+00 1.222596068828352145e-07
0.000000000000000000e+00 1.500732764725398738e-07
0.000000000000000000e+00 1.696466256362327840e-07
0.000000000000000000e+00 2.180105269644627697e-07
0.000000000000000000e+00 2.202526729888631962e-07
0.000000000000000000e+00 2.485604397861607140e-07
0.000000000000000000e+00 2.837958845702814870e-07
0.000000000000000000e+00 2.534700911382969934e-07
0.000000000000000000e+00 2.322412626654113410e-07
0.000000000000000000e+00 2.678155794910708209e-07
0.000000000000000000e+00 2.755559194156376179e-07
0.000000000000000000e+00 2.777507575046911370e-07
0.000000000000000000e+00 3.317795744806062430e-07
0.000000000000000000e+00 1.031194068491458893e-02
0.000000000000000000e+00 1.890129526145756245e-03
0.000000000000000000e+00 3.003596793860197067e-04
0.000000000000000000e+00 6.482657045125961304e-05
0.000000000000000000e+00 1.990307464438956231e-05
0.000000000000000000e+00 6.800380560889607295e-06
0.000000000000000000e+00 2.249614908578223549e-06
0.000000000000000000e+00 4.413064687014411902e-07
0.000000000000000000e+00 1.537456029154782300e-07
0.000000000000000000e+00 4.863796121412633511e-08
0.000000000000000000e+00 2.137566568194415595e-08
0.000000000000000000e+00 1.077529088178152961e-08
0.000000000000000000e+00 5.606805242308610104e-09
0.000000000000000000e+00 2.954454680903495500e-09
0.000000000000000000e+00 1.796292892208839476e-09
0.000000000000000000e+00 1.591743070683548922e-09
0.000000000000000000e+00 1.307076336054535659e-09
0.000000000000000000e+00 1.142982930524283347e-09
0.000000000000000000e+00 1.497279078499502702e-09
0.000000000000000000e+00 1.428092533117819585e-09
0.000000000000000000e+00 1.231896029629808709e-09
0.000000000000000000e+00 1.068666044545807381e-09
0.000000000000000000e+00 1.033732099919859593e-09
0.000000000000000000e+00 8.992225297710376708e-10
0.000000000000000000e+00 8.674119200691166043e-10
0.000000000000000000e+00 9.594930405754098501e-10
0.000000000000000000e+00 1.024371809599244898e-09
0.000000000000000000e+00 1.170168295594464780e-09
0.000000000000000000e+00 1.106030933506474412e-09
0.000000000000000000e+00 1.179575548349021119e-09
0.000000000000000000e+00 9.059899497287915437e-10
0.000000000000000000e+00 8.593330491635242652e-10
0.000000000000000000e+00 8.756002034537857526e-10
0.000000000000000000e+00 9.051643878876802773e-10
0.000000000000000000e+00 8.446656152294451658e-10
0.000000000000000000e+00 8.470792400849802561e-10
0.000000000000000000e+00 8.873352608240736572e-10
0.000000000000000000e+00 9.310374693427547754e-10
0.000000000000000000e+00 7.995760165080412207e-10
0.000000000000000000e+00 1.088970691398571944e-09
0.000000000000000000e+00 8.976339116451015343e-10
0.000000000000000000e+00 1.016553174970624696e-09
0.000000000000000000e+00 8.774626580887456839e-10
0.000000000000000000e+00 8.849993515802623278e-10
0.000000000000000000e+00 8.225408132389588900e-10
0.000000000000000000e+00 6.713250279426574707e-01
0.000000000000000000e+00 7.632621526718139648e-01
0.000000000000000000e+00 8.243055343627929688e-01
0.000000000000000000e+00 7.152007222175598145e-01
0.000000000000000000e+00 7.413897514343261719e-01
0.000000000000000000e+00 8.268585205078125000e-01
0.000000000000000000e+00 7.297546267509460449e-01
0.000000000000000000e+00 8.608700037002563477e-01
0.000000000000000000e+00 8.332053422927856445e-01
0.000000000000000000e+00 7.531683444976806641e-01
0.000000000000000000e+00 6.522270441055297852e-01
0.000000000000000000e+00 7.264057993888854980e-01
0.000000000000000000e+00 7.448493242263793945e-01
0.000000000000000000e+00 7.487604618072509766e-01
0.000000000000000000e+00 7.700119018554687500e-01
0.000000000000000000e+00 8.188056349754333496e-01
1.000000000000000000e+00 8.138779401779174805e-01
1.000000000000000000e+00 7.462505102157592773e-01
1.000000000000000000e+00 7.982822656631469727e-01
1.000000000000000000e+00 8.436127901077270508e-01
1.000000000000000000e+00 9.341859817504882812e-01
1.000000000000000000e+00 9.222763776779174805e-01
1.000000000000000000e+00 9.415569901466369629e-01
1.000000000000000000e+00 9.471226930618286133e-01
0.000000000000000000e+00 9.556139111518859863e-01
0.000000000000000000e+00 8.632782697677612305e-01
0.000000000000000000e+00 7.254436612129211426e-01
0.000000000000000000e+00 3.173502981662750244e-01
0.000000000000000000e+00 1.819579303264617920e-01
0.000000000000000000e+00 9.998855739831924438e-02
0.000000000000000000e+00 6.403513252735137939e-02
0.000000000000000000e+00 1.401299890130758286e-02
0.000000000000000000e+00 1.061378419399261475e-02
0.000000000000000000e+00 4.857751540839672089e-03
0.000000000000000000e+00 3.259493969380855560e-03
0.000000000000000000e+00 1.874069450423121452e-03
0.000000000000000000e+00 1.686096424236893654e-03
0.000000000000000000e+00 7.395860156975686550e-04
0.000000000000000000e+00 5.820836522616446018e-04
0.000000000000000000e+00 3.361223207321017981e-04
0.000000000000000000e+00 2.648929075803607702e-04
0.000000000000000000e+00 5.583742749877274036e-04
0.000000000000000000e+00 5.941145936958491802e-04
0.000000000000000000e+00 5.650179227814078331e-04
0.000000000000000000e+00 7.936889887787401676e-04
0.000000000000000000e+00 7.947716116905212402e-01
0.000000000000000000e+00 7.142395377159118652e-01
0.000000000000000000e+00 8.065418601036071777e-01
0.000000000000000000e+00 7.549993991851806641e-01
0.000000000000000000e+00 8.152267336845397949e-01
0.000000000000000000e+00 7.727577090263366699e-01
0.000000000000000000e+00 7.579937577247619629e-01
0.000000000000000000e+00 8.072228431701660156e-01
0.000000000000000000e+00 8.336355686187744141e-01
0.000000000000000000e+00 7.385397553443908691e-01
0.000000000000000000e+00 7.939413189888000488e-01
0.000000000000000000e+00 7.644073963165283203e-01
0.000000000000000000e+00 7.612618803977966309e-01
0.000000000000000000e+00 7.630833387374877930e-01
0.000000000000000000e+00 7.738451957702636719e-01
0.000000000000000000e+00 7.740231156349182129e-01
1.000000000000000000e+00 8.305221199989318848e-01
1.000000000000000000e+00 7.620405554771423340e-01
1.000000000000000000e+00 7.788612246513366699e-01
1.000000000000000000e+00 8.124199509620666504e-01
1.000000000000000000e+00 9.006070494651794434e-01
1.000000000000000000e+00 9.134135246276855469e-01
1.000000000000000000e+00 9.434587955474853516e-01
1.000000000000000000e+00 8.639289140701293945e-01
0.000000000000000000e+00 7.150161862373352051e-01
0.000000000000000000e+00 2.457526028156280518e-01
0.000000000000000000e+00 3.538262099027633667e-02
0.000000000000000000e+00 1.335573848336935043e-02
0.000000000000000000e+00 1.939789508469402790e-03
0.000000000000000000e+00 4.478408663999289274e-04
0.000000000000000000e+00 9.022048470797017217e-05
0.000000000000000000e+00 1.618316673557274044e-05
0.000000000000000000e+00 3.991915491496911272e-06
0.000000000000000000e+00 5.489162049343576655e-07
0.000000000000000000e+00 3.239190391468582675e-07
0.000000000000000000e+00 1.383150447509251535e-07
0.000000000000000000e+00 6.053011247786344029e-08
0.000000000000000000e+00 2.772132567940843728e-08
0.000000000000000000e+00 1.712362340811068862e-08
0.000000000000000000e+00 6.976091704302689323e-09
0.000000000000000000e+00 3.257123681876805676e-09
0.000000000000000000e+00 2.049342473497972605e-09
0.000000000000000000e+00 1.538242422327584791e-09
0.000000000000000000e+00 1.120939785437258251e-09
0.000000000000000000e+00 1.359792722865904580e-09
0.000000000000000000e+00 7.714841365814208984e-01
0.000000000000000000e+00 7.747135758399963379e-01
0.000000000000000000e+00 7.498206496238708496e-01
0.000000000000000000e+00 8.193712234497070312e-01
0.000000000000000000e+00 8.159842491149902344e-01
0.000000000000000000e+00 7.956457138061523438e-01
0.000000000000000000e+00 7.973936200141906738e-01
0.000000000000000000e+00 8.072193264961242676e-01
0.000000000000000000e+00 7.806361317634582520e-01
0.000000000000000000e+00 7.494295835494995117e-01
0.000000000000000000e+00 7.858404517173767090e-01
0.000000000000000000e+00 7.992146611213684082e-01
0.000000000000000000e+00 7.899541258811950684e-01
0.000000000000000000e+00 7.878159880638122559e-01
0.000000000000000000e+00 8.387683033943176270e-01
1.000000000000000000e+00 8.263959288597106934e-01
1.000000000000000000e+00 7.963515520095825195e-01
1.000000000000000000e+00 7.635689377784729004e-01
1.000000000000000000e+00 8.346132636070251465e-01
1.000000000000000000e+00 9.123330116271972656e-01
1.000000000000000000e+00 9.232740998268127441e-01
1.000000000000000000e+00 8.850816488265991211e-01
1.000000000000000000e+00 8.386539816856384277e-01
1.000000000000000000e+00 7.698110342025756836e-01
0.000000000000000000e+00 4.983086287975311279e-01
0.000000000000000000e+00 1.334939897060394287e-01
0.000000000000000000e+00 6.108169257640838623e-02
0.000000000000000000e+00 8.665149100124835968e-03
0.000000000000000000e+00 2.215282758697867393e-03
0.000000000000000000e+00 6.628108094446361065e-04
0.000000000000000000e+00 1.401532499585300684e-04
0.000000000000000000e+00 3.212875526514835656e-05
0.000000000000000000e+00 1.039523613144410774e-05
0.000000000000000000e+00 3.799687647187965922e-06
0.000000000000000000e+00 1.034619231177202892e-06
0.000000000000000000e+00 4.290820072583301226e-07
0.000000000000000000e+00 1.534719586970823002e-07
0.000000000000000000e+00 6.060196255930350162e-08
0.000000000000000000e+00 2.741006888129504659e-08
0.000000000000000000e+00 9.712983306542355422e-09
0.000000000000000000e+00 4.532750175201272214e-09
0.000000000000000000e+00 2.039932223141249779e-09
0.000000000000000000e+00 9.515760401868078588e-10
0.000000000000000000e+00 5.472942654627388492e-10
0.000000000000000000e+00 2.482623273625250704e-10
