0.000000000000000000e+00 8.679854869842529297e-02
1.000000000000000000e+00 1.097260564565658569e-01
1.000000000000000000e+00 1.187926009297370911e-01
1.000000000000000000e+00 1.200006604194641113e-01
0.000000000000000000e+00 1.496771723031997681e-01
0.000000000000000000e+00 3.976475894451141357e-01
0.000000000000000000e+00 4.616641700267791748e-01
0.000000000000000000e+00 4.048343002796173096e-01
0.000000000000000000e+00 5.992360115051269531e-01
0.000000000000000000e+00 6.234706640243530273e-01
0.000000000000000000e+00 6.536030769348144531e-01
0.000000000000000000e+00 6.544864773750305176e-01
0.000000000000000000e+00 6.387349367141723633e-01
1.000000000000000000e+00 8.295885920524597168e-01
1.000000000000000000e+00 8.062832355499267578e-01
1.000000000000000000e+00 7.529131174087524414e-01
1.000000000000000000e+00 8.741972446441650391e-01
1.000000000000000000e+00 8.677191138267517090e-01
1.000000000000000000e+00 7.615741491317749023e-01
1.000000000000000000e+00 8.898431062698364258e-01
1.000000000000000000e+00 8.856562376022338867e-01
1.000000000000000000e+00 8.321549892425537109e-01
1.000000000000000000e+00 8.509256243705749512e-01
1.000000000000000000e+00 8.103538751602172852e-01
1.000000000000000000e+00 6.851998567581176758e-01
1.000000000000000000e+00 5.410005450248718262e-01
1.000000000000000000e+00 3.814990222454071045e-01
1.000000000000000000e+00 2.244004905223846436e-01
0.000000000000000000e+00 1.303925067186355591e-01
0.000000000000000000e+00 7.136207818984985352e-02
0.000000000000000000e+00 2.700126357376575470e-02
0.000000000000000000e+00 2.419478818774223328e-02
0.000000000000000000e+00 8.346940390765666962e-03
0.000000000000000000e+00 7.030508946627378464e-03
0.000000000000000000e+00 7.772327400743961334e-03
0.000000000000000000e+00 3.679379355162382126e-03
0.000000000000000000e+00 3.445599693804979324e-03
0.000000000000000000e+00 2.160546835511922836e-03
1.000000000000000000e+00 2.015449572354555130e-03
1.000000000000000000e+00 1.351809478364884853e-03
1.000000000000000000e+00 6.839926936663687229e-04
1.000000000000000000e+00 6.358659593388438225e-04
1.000000000000000000e+00 4.410685214679688215e-04
1.000000000000000000e+00 3.412114456295967102e-04
1.000000000000000000e+00 5.333521403372287750e-04
1.000000000000000000e+00 1.718944609165191650e-01
0.000000000000000000e+00 1.586203575134277344e-01
0.000000000000000000e+00 1.010580137372016907e-01
0.000000000000000000e+00 1.012489050626754761e-01
0.000000000000000000e+00 8.267811685800552368e-02
0.000000000000000000e+00 5.295704305171966553e-02
0.000000000000000000e+00 4.020377993583679199e-02
0.000000000000000000e+00 4.547079652547836304e-02
0.000000000000000000e+00 3.268208727240562439e-02
0.000000000000000000e+00 3.715805336833000183e-02
0.000000000000000000e+00 4.599641263484954834e-02
0.000000000000000000e+00 3.521778061985969543e-02
0.000000000000000000e+00 2.106045559048652649e-02
0.000000000000000000e+00 2.449111267924308777e-02
0.000000000000000000e+00 1.721343770623207092e-02
0.000000000000000000e+00 2.214764058589935303e-02
0.000000000000000000e+00 2.001004666090011597e-02
0.000000000000000000e+00 1.503685861825942993e-02
0.000000000000000000e+00 1.080355886369943619e-02
0.000000000000000000e+00 8.245654404163360596e-03
0.000000000000000000e+00 3.406654112040996552e-03
0.000000000000000000e+00 2.584758680313825607e-03
0.000000000000000000e+00 2.498008310794830322e-03
0.000000000000000000e+00 3.239116165786981583e-03
0.000000000000000000e+00 9.934490080922842026e-04
0.000000000000000000e+00 1.029669540002942085e-03
0.000000000000000000e+00 1.029542996548116207e-03
0.000000000000000000e+00 1.522764447145164013e-03
0.000000000000000000e+00 1.061582472175359726e-03
0.000000000000000000e+00 1.851656823419034481e-03
0.000000000000000000e+00 1.054205233231186867e-03
0.000000000000000000e+00 1.798750949092209339e-03
0.000000000000000000e+00 1.669447170570492744e-03
0.000000000000000000e+00 2.292218850925564766e-03
0.000000000000000000e+00 1.427118666470050812e-03
0.000000000000000000e+00 1.791911083273589611e-03
0.000000000000000000e+00 1.764057320542633533e-03
0.000000000000000000e+00 1.337293419055640697e-03
0.000000000000000000e+00 7.443700451403856277e-04
0.000000000000000000e+00 2.200847025960683823e-03
0.000000000000000000e+00 1.312410109676420689e-03
0.000000000000000000e+00 1.476333825848996639e-03
0.000000000000000000e+00 1.522683887742459774e-03
0.000000000000000000e+00 1.995705766603350639e-03
0.000000000000000000e+00 2.051641466096043587e-03
0.000000000000000000e+00 3.902472555637359619e-01
0.000000000000000000e+00 2.301448285579681396e-01
0.000000000000000000e+00 2.880272567272186279e-01
0.000000000000000000e+00 1.299951821565628052e-01
0.000000000000000000e+00 9.032016247510910034e-02
0.000000000000000000e+00 6.819009780883789062e-02
0.000000000000000000e+00 4.014287143945693970e-02
0.000000000000000000e+00 3.677372261881828308e-02
0.000000000000000000e+00 3.539974614977836609e-02
0.000000000000000000e+00 4.407160356640815735e-02
0.000000000000000000e+00 3.722935169935226440e-02
0.000000000000000000e+00 3.284168988466262817e-02
0.000000000000000000e+00 4.626459255814552307e-02
0.000000000000000000e+00 3.039527311921119690e-02
0.000000000000000000e+00 2.412720024585723877e-02
0.000000000000000000e+00 1.881966739892959595e-02
0.000000000000000000e+00 1.686761714518070221e-02
0.000000000000000000e+00 2.524115890264511108e-02
0.000000000000000000e+00 2.019525133073329926e-02
0.000000000000000000e+00 1.384660415351390839e-02
0.000000000000000000e+00 1.807630807161331177e-02
0.000000000000000000e+00 9.530697017908096313e-03
0.000000000000000000e+00 1.558507420122623444e-02
0.000000000000000000e+00 1.773034408688545227e-02
0.000000000000000000e+00 1.848152279853820801e-02
0.000000000000000000e+00 1.180171594023704529e-02
0.000000000000000000e+00 1.444768998771905899e-02
0.000000000000000000e+00 1.151385717093944550e-02
0.000000000000000000e+00 1.157205458730459213e-02
0.000000000000000000e+00 1.020270586013793945e-02
0.000000000000000000e+00 8.775623515248298645e-03
0.000000000000000000e+00 6.070970091968774796e-03
0.000000000000000000e+00 7.157988380640745163e-03
0.000000000000000000e+00 8.537672460079193115e-03
0.000000000000000000e+00 7.258818019181489944e-03
0.000000000000000000e+00 1.160077843815088272e-02
0.000000000000000000e+00 6.251749116927385330e-03
0.000000000000000000e+00 6.428249180316925049e-03
0.000000000000000000e+00 5.450373049825429916e-03
0.000000000000000000e+00 1.166407577693462372e-02
0.000000000000000000e+00 1.087895128875970840e-02
0.000000000000000000e+00 6.504063028842210770e-03
0.000000000000000000e+00 1.161920186132192612e-02
0.000000000000000000e+00 9.104701690375804901e-03
0.000000000000000000e+00 1.519322860985994339e-02
0.000000000000000000e+00 1.233836077153682709e-02
0.000000000000000000e+00 1.229263842105865479e-02
0.000000000000000000e+00 2.975830342620611191e-03
0.000000000000000000e+00 3.254948882386088371e-03
0.000000000000000000e+00 2.994829788804054260e-03
0.000000000000000000e+00 3.917087335139513016e-03
0.000000000000000000e+00 4.070928320288658142e-03
0.000000000000000000e+00 2.100795274600386620e-03
0.000000000000000000e+00 2.127588493749499321e-03
0.000000000000000000e+00 1.824223785661160946e-03
0.000000000000000000e+00 1.823074766434729099e-03
0.000000000000000000e+00 1.349658006802201271e-03
0.000000000000000000e+00 1.368508674204349518e-03
0.000000000000000000e+00 1.474166871048510075e-03
0.000000000000000000e+00 2.106136176735162735e-03
0.000000000000000000e+00 2.403171965852379799e-03
0.000000000000000000e+00 3.736893413588404655e-03
0.000000000000000000e+00 2.978360978886485100e-03
0.000000000000000000e+00 5.758889485150575638e-03
0.000000000000000000e+00 5.167554598301649094e-03
0.000000000000000000e+00 8.430988527834415436e-03
0.000000000000000000e+00 8.789646439254283905e-03
0.000000000000000000e+00 6.480089388787746429e-03
0.000000000000000000e+00 9.898138232529163361e-03
0.000000000000000000e+00 7.373007480055093765e-03
0.000000000000000000e+00 1.582653634250164032e-02
0.000000000000000000e+00 8.764221332967281342e-03
0.000000000000000000e+00 1.081328094005584717e-02
0.000000000000000000e+00 1.604649983346462250e-02
0.000000000000000000e+00 1.633377559483051300e-02
0.000000000000000000e+00 1.704411022365093231e-02
0.000000000000000000e+00 1.854573935270309448e-02
0.000000000000000000e+00 2.408634498715400696e-02
0.000000000000000000e+00 4.049074277281761169e-02
0.000000000000000000e+00 2.031972445547580719e-02
0.000000000000000000e+00 2.708535641431808472e-02
0.000000000000000000e+00 2.612279541790485382e-02
0.000000000000000000e+00 3.741583973169326782e-02
0.000000000000000000e+00 3.007625043392181396e-02
0.000000000000000000e+00 4.270227253437042236e-02
0.000000000000000000e+00 5.451988801360130310e-02
0.000000000000000000e+00 3.917158022522926331e-02
0.000000000000000000e+00 5.047143995761871338e-02
0.000000000000000000e+00 7.482723146677017212e-02
0.000000000000000000e+00 7.749143987894058228e-02
0.000000000000000000e+00 7.321087718009948730e-01
0.000000000000000000e+00 6.457851529121398926e-01
0.000000000000000000e+00 5.660889148712158203e-01
0.000000000000000000e+00 4.904664754867553711e-01
0.000000000000000000e+00 3.501397371292114258e-01
0.000000000000000000e+00 3.320061564445495605e-01
0.000000000000000000e+00 3.077234625816345215e-01
0.000000000000000000e+00 3.041662275791168213e-01
0.000000000000000000e+00 3.476878106594085693e-01
0.000000000000000000e+00 2.543063461780548096e-01
0.000000000000000000e+00 2.517544031143188477e-01
0.000000000000000000e+00 3.501652479171752930e-01
0.000000000000000000e+00 3.434692323207855225e-01
0.000000000000000000e+00 3.631152808666229248e-01
0.000000000000000000e+00 2.109901309013366699e-01
0.000000000000000000e+00 3.054675459861755371e-01
0.000000000000000000e+00 2.138104438781738281e-01
0.000000000000000000e+00 1.314168423414230347e-01
0.000000000000000000e+00 1.332158893346786499e-01
0.000000000000000000e+00 7.629106938838958740e-02
0.000000000000000000e+00 5.413283035159111023e-02
0.000000000000000000e+00 6.911725550889968872e-02
0.000000000000000000e+00 6.706031411886215210e-02
0.000000000000000000e+00 3.137439861893653870e-02
0.000000000000000000e+00 2.038234472274780273e-02
0.000000000000000000e+00 1.780810952186584473e-02
0.000000000000000000e+00 9.829517453908920288e-03
0.000000000000000000e+00 1.649848558008670807e-02
0.000000000000000000e+00 1.351839397102594376e-02
0.000000000000000000e+00 1.721218787133693695e-02
0.000000000000000000e+00 1.020692940801382065e-02
0.000000000000000000e+00 1.705991849303245544e-02
0.000000000000000000e+00 1.352127455174922943e-02
0.000000000000000000e+00 1.676056161522865295e-02
0.000000000000000000e+00 1.169248670339584351e-02
0.000000000000000000e+00 1.202910952270030975e-02
0.000000000000000000e+00 1.042469590902328491e-02
0.000000000000000000e+00 5.406369455158710480e-03
0.000000000000000000e+00 6.296918727457523346e-03
0.000000000000000000e+00 1.072082575410604477e-02
0.000000000000000000e+00 9.486505761742591858e-03
0.000000000000000000e+00 8.935762569308280945e-03
0.000000000000000000e+00 1.188272424042224884e-02
0.000000000000000000e+00 1.057450845837593079e-02
0.000000000000000000e+00 1.135672349482774734e-02
0.000000000000000000e+00 7.970628142356872559e-01
1.000000000000000000e+00 5.948043465614318848e-01
0.000000000000000000e+00 6.573814749717712402e-01
0.000000000000000000e+00 6.088521480560302734e-01
0.000000000000000000e+00 6.606544852256774902e-01
0.000000000000000000e+00 5.957558155059814453e-01
0.000000000000000000e+00 3.554629981517791748e-01
0.000000000000000000e+00 6.490200757980346680e-01
0.000000000000000000e+00 4.537208974361419678e-01
0.000000000000000000e+00 4.905257225036621094e-01
0.000000000000000000e+00 4.332978427410125732e-01
0.000000000000000000e+00 4.185195863246917725e-01
0.000000000000000000e+00 6.231752634048461914e-01
1.000000000000000000e+00 3.902237117290496826e-01
1.000000000000000000e+00 3.575903177261352539e-01
1.000000000000000000e+00 3.624719977378845215e-01
1.000000000000000000e+00 4.190874099731445312e-01
1.000000000000000000e+00 3.103854954242706299e-01
1.000000000000000000e+00 3.353181183338165283e-01
1.000000000000000000e+00 2.885839641094207764e-01
1.000000000000000000e+00 4.422440826892852783e-01
1.000000000000000000e+00 4.334303438663482666e-01
1.000000000000000000e+00 4.148736894130706787e-01
1.000000000000000000e+00 5.413070917129516602e-01
1.000000000000000000e+00 4.694669246673583984e-01
1.000000000000000000e+00 5.058804750442504883e-01
0.000000000000000000e+00 5.534919500350952148e-01
0.000000000000000000e+00 4.401617944240570068e-01
0.000000000000000000e+00 4.376390874385833740e-01
0.000000000000000000e+00 4.436274766921997070e-01
0.000000000000000000e+00 3.239656388759613037e-01
0.000000000000000000e+00 5.310617089271545410e-01
0.000000000000000000e+00 4.610052406787872314e-01
0.000000000000000000e+00 5.573660731315612793e-01
0.000000000000000000e+00 5.631345510482788086e-01
0.000000000000000000e+00 6.486269235610961914e-01
0.000000000000000000e+00 5.558633208274841309e-01
0.000000000000000000e+00 4.198945462703704834e-01
0.000000000000000000e+00 4.975553452968597412e-01
0.000000000000000000e+00 4.845167994499206543e-01
0.000000000000000000e+00 4.690320491790771484e-01
0.000000000000000000e+00 5.004848837852478027e-01
0.000000000000000000e+00 5.075454711914062500e-01
0.000000000000000000e+00 4.867329001426696777e-01
0.000000000000000000e+00 6.128889322280883789e-01
0.000000000000000000e+00 3.354377404320985079e-04
0.000000000000000000e+00 4.579992964863777161e-04
0.000000000000000000e+00 3.043589822482317686e-04
0.000000000000000000e+00 1.839130709413439035e-04
0.000000000000000000e+00 1.073764942702837288e-04
0.000000000000000000e+00 6.548062083311378956e-05
0.000000000000000000e+00 1.970183220691978931e-04
0.000000000000000000e+00 1.089287979993969202e-04
0.000000000000000000e+00 1.201400300487875938e-04
0.000000000000000000e+00 7.261559949256479740e-05
0.000000000000000000e+00 6.432936061173677444e-05
1.000000000000000000e+00 7.689235644647851586e-05
0.000000000000000000e+00 1.352710969513282180e-04
1.000000000000000000e+00 8.794041059445589781e-05
1.000000000000000000e+00 6.026047049090266228e-05
1.000000000000000000e+00 6.121153273852542043e-05
1.000000000000000000e+00 5.442096880869939923e-05
1.000000000000000000e+00 3.631699655670672655e-05
1.000000000000000000e+00 3.709168231580406427e-05
1.000000000000000000e+00 2.354657772229984403e-05
1.000000000000000000e+00 1.778438490873668343e-05
1.000000000000000000e+00 2.412958565400913358e-05
1.000000000000000000e+00 2.426795799692627043e-05
1.000000000000000000e+00 1.477368459745775908e-05
1.000000000000000000e+00 1.628064273972995579e-05
0.000000000000000000e+00 1.006941783998627216e-05
0.000000000000000000e+00 1.313962002313928679e-05
0.000000000000000000e+00 6.608546755160205066e-06
0.000000000000000000e+00 8.948883078119251877e-06
0.000000000000000000e+00 8.018582775548566133e-06
0.000000000000000000e+00 1.080698984878836200e-05
0.000000000000000000e+00 1.065677952283294871e-05
0.000000000000000000e+00 4.445913873496465385e-06
1.000000000000000000e+00 8.810850886220578104e-06
0.000000000000000000e+00 5.606472313957056031e-06
0.000000000000000000e+00 1.045281442202394828e-05
0.000000000000000000e+00 1.145465557783609256e-05
0.000000000000000000e+00 1.367847289657220244e-05
0.000000000000000000e+00 2.795978252834174782e-05
0.000000000000000000e+00 2.613846845633815974e-05
0.000000000000000000e+00 2.552263867983128875e-05
0.000000000000000000e+00 6.124060746515169740e-05
0.000000000000000000e+00 7.683796866331249475e-05
0.000000000000000000e+00 1.513806200819090009e-04
0.000000000000000000e+00 3.271763562224805355e-04
0.000000000000000000e+00 9.929550290107727051e-01
0.000000000000000000e+00 9.940910935401916504e-01
1.000000000000000000e+00 9.946994781494140625e-01
0.000000000000000000e+00 9.971793889999389648e-01
0.000000000000000000e+00 9.976168870925903320e-01
0.000000000000000000e+00 9.987158775329589844e-01
0.000000000000000000e+00 9.983219504356384277e-01
0.000000000000000000e+00 9.980995059013366699e-01
0.000000000000000000e+00 9.980722665786743164e-01
0.000000000000000000e+00 9.984053969383239746e-01
0.000000000000000000e+00 9.982668161392211914e-01
1.000000000000000000e+00 9.976444840431213379e-01
1.000000000000000000e+00 9.978825449943542480e-01
1.000000000000000000e+00 9.973673224449157715e-01
1.000000000000000000e+00 9.978384375572204590e-01
1.000000000000000000e+00 9.974560141563415527e-01
1.000000000000000000e+00 9.978644251823425293e-01
1.000000000000000000e+00 9.978163242340087891e-01
1.000000000000000000e+00 9.986842274665832520e-01
1.000000000000000000e+00 9.984082579612731934e-01
1.000000000000000000e+00 9.981028437614440918e-01
1.000000000000000000e+00 9.985083937644958496e-01
1.000000000000000000e+00 9.982395172119140625e-01
1.000000000000000000e+00 9.985874891281127930e-01
1.000000000000000000e+00 9.980721473693847656e-01
1.000000000000000000e+00 9.970292448997497559e-01
0.000000000000000000e+00 9.953941106796264648e-01
0.000000000000000000e+00 9.927202463150024414e-01
0.000000000000000000e+00 9.849994778633117676e-01
0.000000000000000000e+00 9.737059473991394043e-01
0.000000000000000000e+00 9.182673096656799316e-01
0.000000000000000000e+00 8.648771643638610840e-01
0.000000000000000000e+00 8.550999760627746582e-01
0.000000000000000000e+00 7.055444717407226562e-01
0.000000000000000000e+00 7.332170009613037109e-01
0.000000000000000000e+00 6.789783835411071777e-01
0.000000000000000000e+00 6.330984830856323242e-01
0.000000000000000000e+00 6.012660861015319824e-01
0.000000000000000000e+00 5.325586795806884766e-01
0.000000000000000000e+00 5.336347222328186035e-01
0.000000000000000000e+00 4.306295216083526611e-01
0.000000000000000000e+00 4.435095191001892090e-01
0.000000000000000000e+00 2.882361114025115967e-01
0.000000000000000000e+00 2.815681695938110352e-01
0.000000000000000000e+00 9.536208957433700562e-02
