0.000000000000000000e+00 1.145872026681900024e-01
0.000000000000000000e+00 1.169871836900711060e-01
0.000000000000000000e+00 1.644861847162246704e-01
0.000000000000000000e+00 1.902089864015579224e-01
0.000000000000000000e+00 2.203283309936523438e-01
0.000000000000000000e+00 3.154194355010986328e-01
0.000000000000000000e+00 4.311134517192840576e-01
0.000000000000000000e+00 5.841569900512695312e-01
0.000000000000000000e+00 6.219585537910461426e-01
0.000000000000000000e+00 7.406769394874572754e-01
0.000000000000000000e+00 7.717469334602355957e-01
0.000000000000000000e+00 6.694613695144653320e-01
0.000000000000000000e+00 5.992424488067626953e-01
0.000000000000000000e+00 7.853025197982788086e-01
0.000000000000000000e+00 8.368167877197265625e-01
1.000000000000000000e+00 8.369141221046447754e-01
1.000000000000000000e+00 7.760876417160034180e-01
1.000000000000000000e+00 8.602362275123596191e-01
1.000000000000000000e+00 8.577940464019775391e-01
1.000000000000000000e+00 8.527162671089172363e-01
1.000000000000000000e+00 8.870750069618225098e-01
1.000000000000000000e+00 8.610041737556457520e-01
1.000000000000000000e+00 8.358260989189147949e-01
1.000000000000000000e+00 6.733247041702270508e-01
0.000000000000000000e+00 4.276723265647888184e-01
0.000000000000000000e+00 3.108096718788146973e-01
0.000000000000000000e+00 1.230295002460479736e-01
0.000000000000000000e+00 1.995225809514522552e-02
0.000000000000000000e+00 4.884450696408748627e-03
0.000000000000000000e+00 1.019483897835016251e-03
0.000000000000000000e+00 2.090635971399024129e-04
0.000000000000000000e+00 6.861169822514057159e-05
0.000000000000000000e+00 1.745650115481112152e-05
0.000000000000000000e+00 7.913586159702390432e-06
0.000000000000000000e+00 3.125760486000217497e-06
0.000000000000000000e+00 1.120404817811504472e-06
0.000000000000000000e+00 4.993989932700060308e-07
0.000000000000000000e+00 2.427724439257872291e-07
0.000000000000000000e+00 1.448825770467010443e-07
0.000000000000000000e+00 6.867115587283478817e-08
0.000000000000000000e+00 4.908660500291261997e-08
0.000000000000000000e+00 1.937967830656361912e-08
0.000000000000000000e+00 5.064015340394689701e-08
0.000000000000000000e+00 4.973689016196658486e-08
0.000000000000000000e+00 4.642784290354029508e-08
0.000000000000000000e+00 1.619066460989415646e-04
0.000000000000000000e+00 2.043498243438079953e-04
0.000000000000000000e+00 3.227665365557186306e-05
0.000000000000000000e+00 1.077238721336470917e-05
0.000000000000000000e+00 5.671309736499097198e-06
0.000000000000000000e+00 1.111087954086542595e-06
0.000000000000000000e+00 4.788157639268320054e-07
0.000000000000000000e+00 1.660716293372388463e-07
0.000000000000000000e+00 5.523473944890611165e-08
0.000000000000000000e+00 4.849383117289107759e-08
0.000000000000000000e+00 2.450451930258168431e-08
0.000000000000000000e+00 4.493806216032680823e-09
0.000000000000000000e+00 2.232680262892472456e-09
0.000000000000000000e+00 1.979128194662393980e-09
0.000000000000000000e+00 1.284384487654222085e-09
0.000000000000000000e+00 7.560320702815204186e-10
0.000000000000000000e+00 8.164293685553047908e-10
0.000000000000000000e+00 6.055418388939415308e-10
0.000000000000000000e+00 7.484550201830586502e-10
0.000000000000000000e+00 4.730974501043760938e-10
0.000000000000000000e+00 1.136847282978692419e-09
0.000000000000000000e+00 1.061867593854515235e-09
0.000000000000000000e+00 1.208230293592293947e-09
0.000000000000000000e+00 1.277492223117349113e-09
0.000000000000000000e+00 1.327031928788358073e-09
0.000000000000000000e+00 2.156365752625788446e-09
0.000000000000000000e+00 1.580582442706202073e-09
0.000000000000000000e+00 1.236146851546493508e-09
0.000000000000000000e+00 1.892232814881822378e-09
0.000000000000000000e+00 2.624470640810727673e-09
0.000000000000000000e+00 2.664275244868008485e-09
0.000000000000000000e+00 2.875970128712879159e-09
0.000000000000000000e+00 2.488346417806042155e-09
0.000000000000000000e+00 2.265527099254427412e-09
0.000000000000000000e+00 2.525460063296236513e-09
0.000000000000000000e+00 2.328227388659342978e-09
0.000000000000000000e+00 2.247073416228317910e-09
0.000000000000000000e+00 4.132519659805211631e-09
0.000000000000000000e+00 2.980962587884050663e-09
0.000000000000000000e+00 2.267809717793056734e-09
0.000000000000000000e+00 3.498758838205162647e-09
0.000000000000000000e+00 2.597191794961872802e-09
0.000000000000000000e+00 2.491390649339564334e-09
0.000000000000000000e+00 6.065570712365797590e-09
0.000000000000000000e+00 5.726458862653771575e-09
0.000000000000000000e+00 2.869791751436423510e-05
0.000000000000000000e+00 1.394033915858017281e-05
0.000000000000000000e+00 3.771754109038738534e-06
0.000000000000000000e+00 1.603558644092117902e-06
0.000000000000000000e+00 5.313661404215963557e-07
0.000000000000000000e+00 3.288496941422636155e-07
0.000000000000000000e+00 1.316884379320981679e-07
0.000000000000000000e+00 6.633581506321206689e-08
0.000000000000000000e+00 3.457002861750879674e-08
0.000000000000000000e+00 2.867754922419862851e-08
0.000000000000000000e+00 1.612184874488775677e-08
0.000000000000000000e+00 8.681340091243328061e-09
0.000000000000000000e+00 3.925620273292906859e-09
0.000000000000000000e+00 7.523943246212638769e-09
0.000000000000000000e+00 6.929901097407764610e-09
0.000000000000000000e+00 5.106573830460092722e-09
0.000000000000000000e+00 6.137643726589203652e-09
0.000000000000000000e+00 8.770832060633892979e-09
0.000000000000000000e+00 2.449750624577973213e-08
0.000000000000000000e+00 3.214705657228478231e-08
0.000000000000000000e+00 6.137611308076884598e-08
0.000000000000000000e+00 6.278236952539373306e-08
0.000000000000000000e+00 6.845368005770069431e-08
0.000000000000000000e+00 1.070200994490733137e-07
0.000000000000000000e+00 9.951425283816206502e-08
0.000000000000000000e+00 1.530606397182054934e-07
0.000000000000000000e+00 1.299715250979716075e-07
0.000000000000000000e+00 1.056940206467515964e-07
0.000000000000000000e+00 1.361831323265505489e-07
0.000000000000000000e+00 1.166468024393907399e-07
0.000000000000000000e+00 9.329635020094428910e-08
0.000000000000000000e+00 6.512973982353287283e-08
0.000000000000000000e+00 1.011239945114539296e-07
0.000000000000000000e+00 8.123015504679642618e-08
0.000000000000000000e+00 6.595053037017351016e-08
0.000000000000000000e+00 6.560038201541829039e-08
0.000000000000000000e+00 4.601639602697105147e-08
0.000000000000000000e+00 2.985578717584758124e-08
0.000000000000000000e+00 3.641606483029136143e-08
0.000000000000000000e+00 2.808256738262571162e-08
0.000000000000000000e+00 2.861100334428101633e-08
0.000000000000000000e+00 4.399533182208870130e-08
0.000000000000000000e+00 2.843870028357287083e-08
0.000000000000000000e+00 4.067491232717657113e-08
0.000000000000000000e+00 3.349498101101744396e-08
0.000000000000000000e+00 2.761619398370385170e-03
0.000000000000000000e+00 1.259466866031289101e-03
0.000000000000000000e+00 4.893052973784506321e-04
0.000000000000000000e+00 1.788225490599870682e-04
0.000000000000000000e+00 6.923919863766059279e-05
0.000000000000000000e+00 3.393748556845821440e-05
0.000000000000000000e+00 1.054146923706866801e-05
0.000000000000000000e+00 3.447233211772982031e-06
0.000000000000000000e+00 2.042946789515553974e-06
0.000000000000000000e+00 6.384047424035088625e-07
0.000000000000000000e+00 6.631854034822026733e-07
0.000000000000000000e+00 4.219035361074929824e-07
0.000000000000000000e+00 1.614922950921027223e-07
0.000000000000000000e+00 1.479874640608613845e-07
0.000000000000000000e+00 2.104445258055420709e-07
0.000000000000000000e+00 1.616397469206276583e-07
0.000000000000000000e+00 9.916183785207977053e-08
0.000000000000000000e+00 1.701580032431593281e-07
0.000000000000000000e+00 2.390195277257589623e-07
0.000000000000000000e+00 1.442753472247204627e-07
0.000000000000000000e+00 3.053501700378546957e-07
0.000000000000000000e+00 1.592372882441850379e-07
0.000000000000000000e+00 3.993668542534578592e-07
0.000000000000000000e+00 3.160457424655760406e-07
0.000000000000000000e+00 3.909755150743876584e-07
0.000000000000000000e+00 4.076244124462391483e-07
0.000000000000000000e+00 7.097597745087114163e-07
0.000000000000000000e+00 3.914930175596964546e-07
0.000000000000000000e+00 8.044580113164556678e-07
0.000000000000000000e+00 5.319877800502581522e-07
0.000000000000000000e+00 7.337195029322174378e-07
0.000000000000000000e+00 6.315522682598384563e-07
0.000000000000000000e+00 4.762181902151496615e-07
0.000000000000000000e+00 4.794792403117753565e-07
0.000000000000000000e+00 5.818104682475677691e-07
0.000000000000000000e+00 6.595146828658471350e-07
0.000000000000000000e+00 4.279071674773149425e-07
0.000000000000000000e+00 5.242997644927527290e-07
0.000000000000000000e+00 7.175771656875440385e-07
0.000000000000000000e+00 4.093669758731266484e-07
0.000000000000000000e+00 4.726506119823170593e-07
0.000000000000000000e+00 3.671089245926850708e-07
0.000000000000000000e+00 4.041835097723378567e-07
0.000000000000000000e+00 8.153771773322660010e-07
0.000000000000000000e+00 2.605092106477968628e-07
0.000000000000000000e+00 4.812236293219029903e-04
0.000000000000000000e+00 1.359285815851762891e-04
0.000000000000000000e+00 4.203907155897468328e-05
0.000000000000000000e+00 1.334004628006368876e-05
0.000000000000000000e+00 4.787705620401538908e-06
0.000000000000000000e+00 9.673963177192490548e-07
0.000000000000000000e+00 1.038222990246140398e-06
0.000000000000000000e+00 1.998500493982646731e-07
0.000000000000000000e+00 1.487838829916654504e-07
0.000000000000000000e+00 2.508648755394915497e-08
0.000000000000000000e+00 1.674479932489703060e-08
0.000000000000000000e+00 2.195096548973651807e-08
0.000000000000000000e+00 1.678816374806046952e-08
0.000000000000000000e+00 7.078560404494282920e-09
0.000000000000000000e+00 5.918940448879084215e-09
0.000000000000000000e+00 6.167345301122395540e-09
0.000000000000000000e+00 6.818768660821206140e-09
0.000000000000000000e+00 1.307750352452785592e-08
0.000000000000000000e+00 1.533152271804283373e-08
0.000000000000000000e+00 4.609950110534555279e-08
0.000000000000000000e+00 4.496432026712682273e-08
0.000000000000000000e+00 6.572349064981608535e-08
0.000000000000000000e+00 1.426687532557480154e-07
0.000000000000000000e+00 1.003339846761264198e-07
0.000000000000000000e+00 1.396891775584663264e-07
0.000000000000000000e+00 2.066085187379940180e-07
0.000000000000000000e+00 3.396938552668871125e-07
0.000000000000000000e+00 1.312127011487973505e-07
0.000000000000000000e+00 2.390856366218940821e-07
0.000000000000000000e+00 2.125190547985766898e-07
0.000000000000000000e+00 2.858316463516530348e-07
0.000000000000000000e+00 3.677670008528366452e-07
0.000000000000000000e+00 1.526369004523076001e-07
0.000000000000000000e+00 2.014151903040328762e-07
0.000000000000000000e+00 2.903107088059186935e-07
0.000000000000000000e+00 1.999919021500318195e-07
0.000000000000000000e+00 1.614205444866456673e-07
0.000000000000000000e+00 1.809490441928574000e-07
0.000000000000000000e+00 1.069554045329823566e-07
0.000000000000000000e+00 3.594429927034070715e-07
0.000000000000000000e+00 2.011069284435507143e-07
0.000000000000000000e+00 1.364524990776772029e-07
0.000000000000000000e+00 1.335051820205990225e-07
0.000000000000000000e+00 1.618603278075170238e-07
0.000000000000000000e+00 1.218220972987182904e-07
0.000000000000000000e+00 1.402503694407641888e-03
0.000000000000000000e+00 1.331506413407623768e-03
0.000000000000000000e+00 3.464756766334176064e-03
0.000000000000000000e+00 4.347254056483507156e-03
0.000000000000000000e+00 2.345219440758228302e-02
0.000000000000000000e+00 1.244470011442899704e-02
0.000000000000000000e+00 2.134416252374649048e-02
0.000000000000000000e+00 1.117491163313388824e-02
0.000000000000000000e+00 7.386938203126192093e-03
0.000000000000000000e+00 6.668921560049057007e-03
0.000000000000000000e+00 4.765609744936227798e-03
0.000000000000000000e+00 3.165280912071466446e-03
0.000000000000000000e+00 2.025215653702616692e-03
0.000000000000000000e+00 3.149555530399084091e-03
0.000000000000000000e+00 1.953368540853261948e-03
0.000000000000000000e+00 1.404992188327014446e-03
1.000000000000000000e+00 1.888030208647251129e-03
1.000000000000000000e+00 1.154019031673669815e-03
1.000000000000000000e+00 8.836442721076309681e-04
1.000000000000000000e+00 2.833200385794043541e-03
1.000000000000000000e+00 8.992737857624888420e-04
1.000000000000000000e+00 1.359177520498633385e-03
1.000000000000000000e+00 1.485019340179860592e-03
1.000000000000000000e+00 5.089371697977185249e-04
0.000000000000000000e+00 1.806697691790759563e-04
0.000000000000000000e+00 5.810789662064053118e-05
0.000000000000000000e+00 6.773827044526115060e-05
0.000000000000000000e+00 2.128933192580007017e-05
0.000000000000000000e+00 7.922322765807621181e-06
0.000000000000000000e+00 4.930519480694783852e-06
0.000000000000000000e+00 1.131297267420450225e-06
0.000000000000000000e+00 1.374632120132446289e-06
0.000000000000000000e+00 6.050823344594391529e-07
0.000000000000000000e+00 3.395902012925944291e-07
0.000000000000000000e+00 2.714911317980295280e-07
0.000000000000000000e+00 1.112319338858469564e-07
0.000000000000000000e+00 1.544814978160502505e-07
0.000000000000000000e+00 1.126355613223495311e-07
0.000000000000000000e+00 6.736156166198270512e-08
0.000000000000000000e+00 7.017358427674480481e-08
0.000000000000000000e+00 5.738871777793974616e-08
0.000000000000000000e+00 2.902915419156215648e-08
0.000000000000000000e+00 3.988886732031460269e-08
0.000000000000000000e+00 4.816777376959180401e-08
0.000000000000000000e+00 1.099140405358411954e-07
0.000000000000000000e+00 2.544511808082461357e-03
0.000000000000000000e+00 3.244461258873343468e-03
0.000000000000000000e+00 2.423146739602088928e-03
0.000000000000000000e+00 2.006221096962690353e-03
0.000000000000000000e+00 3.042065072804689407e-03
0.000000000000000000e+00 1.724009285680949688e-03
0.000000000000000000e+00 1.610729959793388844e-03
0.000000000000000000e+00 1.941236550919711590e-03
0.000000000000000000e+00 1.251263776794075966e-03
0.000000000000000000e+00 1.630784710869193077e-03
0.000000000000000000e+00 2.380349906161427498e-03
0.000000000000000000e+00 2.137740375474095345e-03
0.000000000000000000e+00 1.959207700565457344e-03
0.000000000000000000e+00 3.452474949881434441e-03
0.000000000000000000e+00 1.557850511744618416e-03
0.000000000000000000e+00 1.618592999875545502e-03
1.000000000000000000e+00 5.604318575933575630e-04
1.000000000000000000e+00 1.096220919862389565e-03
1.000000000000000000e+00 2.152777742594480515e-03
1.000000000000000000e+00 8.392755407840013504e-04
1.000000000000000000e+00 5.082388524897396564e-04
1.000000000000000000e+00 3.154781006742268801e-04
1.000000000000000000e+00 3.017209528479725122e-04
1.000000000000000000e+00 1.678466069279238582e-04
0.000000000000000000e+00 2.135669928975403309e-04
0.000000000000000000e+00 6.661975930910557508e-05
0.000000000000000000e+00 1.686826180957723409e-05
0.000000000000000000e+00 1.261515990336192772e-05
0.000000000000000000e+00 7.299434855667641386e-06
0.000000000000000000e+00 4.344934041000669822e-06
0.000000000000000000e+00 1.699414724498637952e-06
0.000000000000000000e+00 4.718925481483893236e-07
0.000000000000000000e+00 1.354139982367996708e-07
0.000000000000000000e+00 4.127850417035006103e-08
0.000000000000000000e+00 3.200078069198752928e-08
0.000000000000000000e+00 9.227024477809209202e-09
0.000000000000000000e+00 1.268189731007396404e-08
0.000000000000000000e+00 2.282311672985315454e-09
0.000000000000000000e+00 5.320063056757362574e-09
0.000000000000000000e+00 5.132371860838702560e-09
0.000000000000000000e+00 1.074907274301040161e-09
0.000000000000000000e+00 2.069110216496028443e-09
0.000000000000000000e+00 7.641535737512583637e-10
0.000000000000000000e+00 1.235927582499130040e-09
0.000000000000000000e+00 7.141562341494989141e-10
0.000000000000000000e+00 9.507985115051269531e-01
0.000000000000000000e+00 9.384124875068664551e-01
0.000000000000000000e+00 9.583428502082824707e-01
0.000000000000000000e+00 9.783490300178527832e-01
0.000000000000000000e+00 9.748426675796508789e-01
0.000000000000000000e+00 9.885997772216796875e-01
0.000000000000000000e+00 9.887986779212951660e-01
0.000000000000000000e+00 9.879077076911926270e-01
0.000000000000000000e+00 9.898498058319091797e-01
0.000000000000000000e+00 9.926136732101440430e-01
0.000000000000000000e+00 9.940024018287658691e-01
0.000000000000000000e+00 9.952097535133361816e-01
0.000000000000000000e+00 9.947776794433593750e-01
0.000000000000000000e+00 9.932378530502319336e-01
0.000000000000000000e+00 9.944548010826110840e-01
1.000000000000000000e+00 9.940446019172668457e-01
1.000000000000000000e+00 9.964872598648071289e-01
1.000000000000000000e+00 9.963552951812744141e-01
1.000000000000000000e+00 9.958796501159667969e-01
1.000000000000000000e+00 9.957301020622253418e-01
1.000000000000000000e+00 9.951136708259582520e-01
1.000000000000000000e+00 9.931396842002868652e-01
1.000000000000000000e+00 9.933998584747314453e-01
1.000000000000000000e+00 9.901490211486816406e-01
0.000000000000000000e+00 9.764211773872375488e-01
0.000000000000000000e+00 8.872632980346679688e-01
0.000000000000000000e+00 4.799308776855468750e-01
0.000000000000000000e+00 1.184975951910018921e-01
0.000000000000000000e+00 2.266392856836318970e-02
0.000000000000000000e+00 4.620033316314220428e-03
0.000000000000000000e+00 1.759001315804198384e-04
0.000000000000000000e+00 4.726361657958477736e-05
0.000000000000000000e+00 1.736408557917457074e-05
0.000000000000000000e+00 1.394633159179647919e-06
0.000000000000000000e+00 6.048135219316463917e-07
0.000000000000000000e+00 7.869672913329850417e-08
0.000000000000000000e+00 3.011630056448666437e-08
0.000000000000000000e+00 2.675520605066594726e-08
0.000000000000000000e+00 8.922931726829119725e-09
0.000000000000000000e+00 3.077295973596960721e-09
0.000000000000000000e+00 1.683458483725530641e-09
0.000000000000000000e+00 1.426965323680917663e-09
0.000000000000000000e+00 1.563909224344683935e-09
0.000000000000000000e+00 1.768136970170530731e-09
0.000000000000000000e+00 9.379388377084296735e-10
