0.000000000000000000e+00 9.599622488021850586e-01
1.000000000000000000e+00 9.549754858016967773e-01
1.000000000000000000e+00 9.539636969566345215e-01
1.000000000000000000e+00 9.400393962860107422e-01
0.000000000000000000e+00 9.494239687919616699e-01
0.000000000000000000e+00 9.405035376548767090e-01
0.000000000000000000e+00 9.325621128082275391e-01
0.000000000000000000e+00 9.145280122756958008e-01
0.000000000000000000e+00 9.143108129501342773e-01
0.000000000000000000e+00 9.291937947273254395e-01
0.000000000000000000e+00 9.025610089302062988e-01
0.000000000000000000e+00 8.960281014442443848e-01
0.000000000000000000e+00 9.363694190979003906e-01
1.000000000000000000e+00 8.957548737525939941e-01
1.000000000000000000e+00 9.130396246910095215e-01
1.000000000000000000e+00 9.268554449081420898e-01
1.000000000000000000e+00 9.107691049575805664e-01
1.000000000000000000e+00 9.233464598655700684e-01
1.000000000000000000e+00 9.185962677001953125e-01
1.000000000000000000e+00 9.250361323356628418e-01
1.000000000000000000e+00 9.456298947334289551e-01
1.000000000000000000e+00 9.062135815620422363e-01
1.000000000000000000e+00 9.159156084060668945e-01
1.000000000000000000e+00 9.211844801902770996e-01
1.000000000000000000e+00 8.700547814369201660e-01
1.000000000000000000e+00 7.556564211845397949e-01
1.000000000000000000e+00 6.184791922569274902e-01
1.000000000000000000e+00 5.056330561637878418e-01
0.000000000000000000e+00 3.915011882781982422e-01
0.000000000000000000e+00 2.331795394420623779e-01
0.000000000000000000e+00 1.651346534490585327e-01
0.000000000000000000e+00 9.649161249399185181e-02
0.000000000000000000e+00 6.906769424676895142e-02
0.000000000000000000e+00 3.099383600056171417e-02
0.000000000000000000e+00 2.663876675069332123e-02
0.000000000000000000e+00 1.717633008956909180e-02
0.000000000000000000e+00 1.607977226376533508e-02
0.000000000000000000e+00 1.093913242220878601e-02
1.000000000000000000e+00 9.136893786489963531e-03
1.000000000000000000e+00 7.367774378508329391e-03
1.000000000000000000e+00 6.651618052273988724e-03
1.000000000000000000e+00 5.695455241948366165e-03
1.000000000000000000e+00 6.160315591841936111e-03
1.000000000000000000e+00 5.934829358011484146e-03
1.000000000000000000e+00 5.171544384211301804e-03
1.000000000000000000e+00 7.405871152877807617e-02
0.000000000000000000e+00 7.439469546079635620e-02
0.000000000000000000e+00 6.514471024274826050e-02
0.000000000000000000e+00 5.718307569622993469e-02
0.000000000000000000e+00 8.075121790170669556e-02
0.000000000000000000e+00 6.011311337351799011e-02
0.000000000000000000e+00 6.796889007091522217e-02
0.000000000000000000e+00 5.653316527605056763e-02
0.000000000000000000e+00 4.763141646981239319e-02
0.000000000000000000e+00 3.359390050172805786e-02
0.000000000000000000e+00 2.993374876677989960e-02
0.000000000000000000e+00 4.335232079029083252e-02
0.000000000000000000e+00 2.607389353215694427e-02
0.000000000000000000e+00 2.390482276678085327e-02
0.000000000000000000e+00 2.109162323176860809e-02
0.000000000000000000e+00 2.250551804900169373e-02
0.000000000000000000e+00 2.220706269145011902e-02
0.000000000000000000e+00 1.485709380358457565e-02
0.000000000000000000e+00 1.103873737156391144e-02
0.000000000000000000e+00 1.339471992105245590e-02
0.000000000000000000e+00 9.210566990077495575e-03
0.000000000000000000e+00 7.636249065399169922e-03
0.000000000000000000e+00 6.208596285432577133e-03
0.000000000000000000e+00 4.258954431861639023e-03
0.000000000000000000e+00 3.549551358446478844e-03
0.000000000000000000e+00 3.967620432376861572e-03
0.000000000000000000e+00 2.531565260142087936e-03
0.000000000000000000e+00 3.052325453609228134e-03
0.000000000000000000e+00 3.035069443285465240e-03
0.000000000000000000e+00 3.134299302473664284e-03
0.000000000000000000e+00 4.186808131635189056e-03
0.000000000000000000e+00 4.371923394501209259e-03
0.000000000000000000e+00 4.422374069690704346e-03
0.000000000000000000e+00 3.865443170070648193e-03
0.000000000000000000e+00 4.416994284838438034e-03
0.000000000000000000e+00 3.895460627973079681e-03
0.000000000000000000e+00 4.753074608743190765e-03
0.000000000000000000e+00 3.568148240447044373e-03
0.000000000000000000e+00 3.790054935961961746e-03
0.000000000000000000e+00 4.772145766764879227e-03
0.000000000000000000e+00 4.176819697022438049e-03
0.000000000000000000e+00 5.322361364960670471e-03
0.000000000000000000e+00 4.644281230866909027e-03
0.000000000000000000e+00 5.404718685895204544e-03
0.000000000000000000e+00 4.507218021899461746e-03
0.000000000000000000e+00 2.464765012264251709e-01
0.000000000000000000e+00 2.097744196653366089e-01
0.000000000000000000e+00 2.099713832139968872e-01
0.000000000000000000e+00 1.676383763551712036e-01
0.000000000000000000e+00 1.719412505626678467e-01
0.000000000000000000e+00 1.300623714923858643e-01
0.000000000000000000e+00 1.352725923061370850e-01
0.000000000000000000e+00 1.251420974731445312e-01
0.000000000000000000e+00 1.237492337822914124e-01
0.000000000000000000e+00 1.217030659317970276e-01
0.000000000000000000e+00 1.388537883758544922e-01
0.000000000000000000e+00 1.403264552354812622e-01
0.000000000000000000e+00 1.346342265605926514e-01
0.000000000000000000e+00 1.543754041194915771e-01
0.000000000000000000e+00 1.573249399662017822e-01
0.000000000000000000e+00 1.370892822742462158e-01
0.000000000000000000e+00 1.343795210123062134e-01
0.000000000000000000e+00 1.339983195066452026e-01
0.000000000000000000e+00 5.488327145576477051e-02
0.000000000000000000e+00 4.078909382224082947e-02
0.000000000000000000e+00 1.942437887191772461e-02
0.000000000000000000e+00 1.847997866570949554e-02
0.000000000000000000e+00 1.540232915431261063e-02
0.000000000000000000e+00 1.263818796724081039e-02
0.000000000000000000e+00 6.228955928236246109e-03
0.000000000000000000e+00 6.338180042803287506e-03
0.000000000000000000e+00 9.604197926819324493e-03
0.000000000000000000e+00 9.628262370824813843e-03
0.000000000000000000e+00 7.494723889976739883e-03
0.000000000000000000e+00 6.045389920473098755e-03
0.000000000000000000e+00 5.487181711941957474e-03
0.000000000000000000e+00 5.622171331197023392e-03
0.000000000000000000e+00 4.969132132828235626e-03
0.000000000000000000e+00 4.368043970316648483e-03
0.000000000000000000e+00 6.349246948957443237e-03
0.000000000000000000e+00 8.250822313129901886e-03
0.000000000000000000e+00 6.008767988532781601e-03
0.000000000000000000e+00 5.693457555025815964e-03
0.000000000000000000e+00 8.319652639329433441e-03
0.000000000000000000e+00 5.105228163301944733e-03
0.000000000000000000e+00 4.369143396615982056e-03
0.000000000000000000e+00 4.702276084572076797e-03
0.000000000000000000e+00 4.448977299034595490e-03
0.000000000000000000e+00 5.154434591531753540e-03
0.000000000000000000e+00 5.348923150449991226e-03
0.000000000000000000e+00 2.595269978046417236e-01
0.000000000000000000e+00 2.530412971973419189e-01
0.000000000000000000e+00 2.276784330606460571e-01
0.000000000000000000e+00 2.004417032003402710e-01
0.000000000000000000e+00 1.667308509349822998e-01
0.000000000000000000e+00 1.259947568178176880e-01
0.000000000000000000e+00 1.045075729489326477e-01
0.000000000000000000e+00 9.997441619634628296e-02
0.000000000000000000e+00 7.964639365673065186e-02
0.000000000000000000e+00 5.562053993344306946e-02
0.000000000000000000e+00 5.758159235119819641e-02
0.000000000000000000e+00 5.117490142583847046e-02
0.000000000000000000e+00 3.419730812311172485e-02
0.000000000000000000e+00 3.447495400905609131e-02
0.000000000000000000e+00 2.830895781517028809e-02
0.000000000000000000e+00 2.044618502259254456e-02
0.000000000000000000e+00 1.499543711543083191e-02
0.000000000000000000e+00 1.609658263623714447e-02
0.000000000000000000e+00 7.680568378418684006e-03
0.000000000000000000e+00 7.297815755009651184e-03
0.000000000000000000e+00 5.702637601643800735e-03
0.000000000000000000e+00 6.342866457998752594e-03
0.000000000000000000e+00 6.276941858232021332e-03
0.000000000000000000e+00 5.463483277708292007e-03
0.000000000000000000e+00 4.104160238057374954e-03
0.000000000000000000e+00 3.608969505876302719e-03
0.000000000000000000e+00 3.924165386706590652e-03
0.000000000000000000e+00 6.858439184725284576e-03
0.000000000000000000e+00 3.682514885440468788e-03
0.000000000000000000e+00 5.217422265559434891e-03
0.000000000000000000e+00 8.520406670868396759e-03
0.000000000000000000e+00 4.662630148231983185e-03
0.000000000000000000e+00 6.053148303180932999e-03
0.000000000000000000e+00 5.192842800170183182e-03
0.000000000000000000e+00 6.025389302521944046e-03
0.000000000000000000e+00 5.988921970129013062e-03
0.000000000000000000e+00 9.203067980706691742e-03
0.000000000000000000e+00 8.896046318113803864e-03
0.000000000000000000e+00 7.603458128869533539e-03
0.000000000000000000e+00 6.192294415086507797e-03
0.000000000000000000e+00 6.798706948757171631e-03
0.000000000000000000e+00 1.069901511073112488e-02
0.000000000000000000e+00 7.179889362305402756e-03
0.000000000000000000e+00 6.812014617025852203e-03
0.000000000000000000e+00 7.744598202407360077e-03
0.000000000000000000e+00 5.031747221946716309e-01
0.000000000000000000e+00 3.827387392520904541e-01
0.000000000000000000e+00 3.804507553577423096e-01
0.000000000000000000e+00 3.922711312770843506e-01
0.000000000000000000e+00 3.759078681468963623e-01
0.000000000000000000e+00 3.719983696937561035e-01
0.000000000000000000e+00 3.615132868289947510e-01
0.000000000000000000e+00 4.042853415012359619e-01
0.000000000000000000e+00 3.773720562458038330e-01
0.000000000000000000e+00 4.264856576919555664e-01
0.000000000000000000e+00 5.110559463500976562e-01
0.000000000000000000e+00 5.479280948638916016e-01
0.000000000000000000e+00 5.025851726531982422e-01
0.000000000000000000e+00 5.643444657325744629e-01
0.000000000000000000e+00 5.780190229415893555e-01
0.000000000000000000e+00 5.009042024612426758e-01
0.000000000000000000e+00 4.394676983356475830e-01
0.000000000000000000e+00 4.172997176647186279e-01
0.000000000000000000e+00 2.997044920921325684e-01
0.000000000000000000e+00 1.347017139196395874e-01
0.000000000000000000e+00 5.003247037529945374e-02
0.000000000000000000e+00 2.231976948678493500e-02
0.000000000000000000e+00 2.217232435941696167e-02
0.000000000000000000e+00 9.814019314944744110e-03
0.000000000000000000e+00 1.417936291545629501e-02
0.000000000000000000e+00 1.048378273844718933e-02
0.000000000000000000e+00 6.027999799698591232e-03
0.000000000000000000e+00 1.654771342873573303e-02
0.000000000000000000e+00 7.380133494734764099e-03
0.000000000000000000e+00 7.903850637376308441e-03
0.000000000000000000e+00 9.801506996154785156e-03
0.000000000000000000e+00 8.783445693552494049e-03
0.000000000000000000e+00 9.234639815986156464e-03
0.000000000000000000e+00 4.920647479593753815e-03
0.000000000000000000e+00 1.815428398549556732e-02
0.000000000000000000e+00 6.714915856719017029e-03
0.000000000000000000e+00 6.965269800275564194e-03
0.000000000000000000e+00 1.006695628166198730e-02
0.000000000000000000e+00 9.704539552330970764e-03
0.000000000000000000e+00 7.807532791048288345e-03
0.000000000000000000e+00 6.174935027956962585e-03
0.000000000000000000e+00 7.412550970911979675e-03
0.000000000000000000e+00 4.968179389834403992e-03
0.000000000000000000e+00 1.091045979410409927e-02
0.000000000000000000e+00 6.758343428373336792e-03
0.000000000000000000e+00 8.173205852508544922e-01
1.000000000000000000e+00 8.024319410324096680e-01
0.000000000000000000e+00 8.111181855201721191e-01
0.000000000000000000e+00 8.434347510337829590e-01
0.000000000000000000e+00 8.793125152587890625e-01
0.000000000000000000e+00 9.145883321762084961e-01
0.000000000000000000e+00 9.172059893608093262e-01
0.000000000000000000e+00 9.256949424743652344e-01
0.000000000000000000e+00 8.927339911460876465e-01
0.000000000000000000e+00 8.554924130439758301e-01
0.000000000000000000e+00 8.440005779266357422e-01
0.000000000000000000e+00 8.417804241180419922e-01
0.000000000000000000e+00 8.143493533134460449e-01
1.000000000000000000e+00 8.396732807159423828e-01
1.000000000000000000e+00 8.409072160720825195e-01
1.000000000000000000e+00 8.097609877586364746e-01
1.000000000000000000e+00 8.308885097503662109e-01
1.000000000000000000e+00 8.177917003631591797e-01
1.000000000000000000e+00 8.053389787673950195e-01
1.000000000000000000e+00 7.831279635429382324e-01
1.000000000000000000e+00 7.885857224464416504e-01
1.000000000000000000e+00 8.064756393432617188e-01
1.000000000000000000e+00 7.980333566665649414e-01
1.000000000000000000e+00 7.941222786903381348e-01
1.000000000000000000e+00 7.718327641487121582e-01
1.000000000000000000e+00 7.278919219970703125e-01
0.000000000000000000e+00 7.265143394470214844e-01
0.000000000000000000e+00 6.307497620582580566e-01
0.000000000000000000e+00 6.264503598213195801e-01
0.000000000000000000e+00 6.152037382125854492e-01
0.000000000000000000e+00 6.288873553276062012e-01
0.000000000000000000e+00 6.419140100479125977e-01
0.000000000000000000e+00 6.814925074577331543e-01
0.000000000000000000e+00 7.298477888107299805e-01
0.000000000000000000e+00 7.380365133285522461e-01
0.000000000000000000e+00 7.641697525978088379e-01
0.000000000000000000e+00 7.672120928764343262e-01
0.000000000000000000e+00 7.744560241699218750e-01
0.000000000000000000e+00 7.848609685897827148e-01
0.000000000000000000e+00 7.823675870895385742e-01
0.000000000000000000e+00 8.009679913520812988e-01
0.000000000000000000e+00 7.976166009902954102e-01
0.000000000000000000e+00 7.891601920127868652e-01
0.000000000000000000e+00 8.139358162879943848e-01
0.000000000000000000e+00 7.938154339790344238e-01
0.000000000000000000e+00 7.037785649299621582e-01
0.000000000000000000e+00 6.492674350738525391e-01
0.000000000000000000e+00 6.917086243629455566e-01
0.000000000000000000e+00 6.219431161880493164e-01
0.000000000000000000e+00 6.383738517761230469e-01
0.000000000000000000e+00 7.135840058326721191e-01
0.000000000000000000e+00 6.561017036437988281e-01
0.000000000000000000e+00 6.281522512435913086e-01
0.000000000000000000e+00 5.727945566177368164e-01
0.000000000000000000e+00 5.746096372604370117e-01
0.000000000000000000e+00 5.974164009094238281e-01
1.000000000000000000e+00 6.481189727783203125e-01
0.000000000000000000e+00 7.367804646492004395e-01
1.000000000000000000e+00 5.553585886955261230e-01
1.000000000000000000e+00 5.974849462509155273e-01
1.000000000000000000e+00 5.029560327529907227e-01
1.000000000000000000e+00 6.346581578254699707e-01
1.000000000000000000e+00 6.355507969856262207e-01
1.000000000000000000e+00 6.613290905952453613e-01
1.000000000000000000e+00 4.380186796188354492e-01
1.000000000000000000e+00 5.271313786506652832e-01
1.000000000000000000e+00 4.831438362598419189e-01
1.000000000000000000e+00 4.699147641658782959e-01
1.000000000000000000e+00 3.784881830215454102e-01
1.000000000000000000e+00 1.220668852329254150e-01
0.000000000000000000e+00 1.250590234994888306e-01
0.000000000000000000e+00 6.489888578653335571e-02
0.000000000000000000e+00 3.981148824095726013e-02
0.000000000000000000e+00 3.625375404953956604e-02
0.000000000000000000e+00 3.111088648438453674e-02
0.000000000000000000e+00 1.219967659562826157e-02
0.000000000000000000e+00 6.161828059703111649e-03
0.000000000000000000e+00 7.623128592967987061e-03
1.000000000000000000e+00 3.700144123286008835e-03
0.000000000000000000e+00 2.196174347773194313e-03
0.000000000000000000e+00 2.237601904198527336e-03
0.000000000000000000e+00 1.988401403650641441e-03
0.000000000000000000e+00 1.483497791923582554e-03
0.000000000000000000e+00 1.890423707664012909e-03
0.000000000000000000e+00 1.557898009195923805e-03
0.000000000000000000e+00 1.603773911483585835e-03
0.000000000000000000e+00 1.201000995934009552e-03
0.000000000000000000e+00 2.346989000216126442e-03
0.000000000000000000e+00 1.859212527051568031e-03
0.000000000000000000e+00 3.209380200132727623e-03
0.000000000000000000e+00 5.237902998924255371e-01
0.000000000000000000e+00 6.488006114959716797e-01
1.000000000000000000e+00 6.033665537834167480e-01
0.000000000000000000e+00 6.062261462211608887e-01
0.000000000000000000e+00 6.278717517852783203e-01
0.000000000000000000e+00 6.465126872062683105e-01
0.000000000000000000e+00 7.048456072807312012e-01
0.000000000000000000e+00 7.508285641670227051e-01
0.000000000000000000e+00 8.126945495605468750e-01
0.000000000000000000e+00 8.617135286331176758e-01
0.000000000000000000e+00 8.602133393287658691e-01
1.000000000000000000e+00 8.059546351432800293e-01
1.000000000000000000e+00 8.566429018974304199e-01
1.000000000000000000e+00 9.187272191047668457e-01
1.000000000000000000e+00 9.385136961936950684e-01
1.000000000000000000e+00 9.345073699951171875e-01
1.000000000000000000e+00 9.489343166351318359e-01
1.000000000000000000e+00 9.581844806671142578e-01
1.000000000000000000e+00 9.366638660430908203e-01
1.000000000000000000e+00 9.636086225509643555e-01
1.000000000000000000e+00 9.557861089706420898e-01
1.000000000000000000e+00 9.425441622734069824e-01
1.000000000000000000e+00 9.395551681518554688e-01
1.000000000000000000e+00 9.029943346977233887e-01
1.000000000000000000e+00 9.014055728912353516e-01
1.000000000000000000e+00 8.512101769447326660e-01
0.000000000000000000e+00 8.072497248649597168e-01
0.000000000000000000e+00 6.356853842735290527e-01
0.000000000000000000e+00 5.053719282150268555e-01
0.000000000000000000e+00 3.547163009643554688e-01
0.000000000000000000e+00 2.630728483200073242e-01
0.000000000000000000e+00 1.785940527915954590e-01
0.000000000000000000e+00 1.478219479322433472e-01
0.000000000000000000e+00 1.444113254547119141e-01
0.000000000000000000e+00 1.473313421010971069e-01
0.000000000000000000e+00 1.664598435163497925e-01
0.000000000000000000e+00 1.556378751993179321e-01
0.000000000000000000e+00 1.778735965490341187e-01
0.000000000000000000e+00 2.069710493087768555e-01
0.000000000000000000e+00 2.117027044296264648e-01
0.000000000000000000e+00 2.071069777011871338e-01
0.000000000000000000e+00 1.556716710329055786e-01
0.000000000000000000e+00 1.275051832199096680e-01
0.000000000000000000e+00 6.624159961938858032e-02
0.000000000000000000e+00 4.064996913075447083e-02
