0.000000000000000000e+00 4.044191241264343262e-01
0.000000000000000000e+00 3.418744206428527832e-01
0.000000000000000000e+00 3.125270903110504150e-01
0.000000000000000000e+00 2.845788896083831787e-01
0.000000000000000000e+00 3.363189697265625000e-01
0.000000000000000000e+00 3.201627433300018311e-01
0.000000000000000000e+00 3.577130436897277832e-01
0.000000000000000000e+00 4.119451940059661865e-01
0.000000000000000000e+00 3.962664008140563965e-01
0.000000000000000000e+00 4.425449669361114502e-01
0.000000000000000000e+00 4.824834764003753662e-01
0.000000000000000000e+00 5.014535188674926758e-01
0.000000000000000000e+00 6.794586181640625000e-01
0.000000000000000000e+00 6.443946361541748047e-01
0.000000000000000000e+00 6.581636667251586914e-01
1.000000000000000000e+00 6.710513830184936523e-01
1.000000000000000000e+00 7.000661492347717285e-01
1.000000000000000000e+00 3.425905704498291016e-01
0.000000000000000000e+00 5.733387470245361328e-01
0.000000000000000000e+00 4.857833683490753174e-01
0.000000000000000000e+00 4.725314080715179443e-01
0.000000000000000000e+00 5.016980767250061035e-01
0.000000000000000000e+00 5.652875900268554688e-01
0.000000000000000000e+00 6.163850426673889160e-01
0.000000000000000000e+00 6.100252270698547363e-01
0.000000000000000000e+00 4.988520443439483643e-01
0.000000000000000000e+00 5.573388934135437012e-01
1.000000000000000000e+00 5.738413333892822266e-01
0.000000000000000000e+00 4.747825562953948975e-01
0.000000000000000000e+00 4.787580072879791260e-01
0.000000000000000000e+00 4.153132438659667969e-01
0.000000000000000000e+00 5.132195353507995605e-01
1.000000000000000000e+00 4.729897677898406982e-01
0.000000000000000000e+00 2.881648838520050049e-01
0.000000000000000000e+00 4.185030758380889893e-01
0.000000000000000000e+00 3.342938125133514404e-01
0.000000000000000000e+00 3.865328133106231689e-01
1.000000000000000000e+00 4.547043144702911377e-01
1.000000000000000000e+00 5.291132330894470215e-01
0.000000000000000000e+00 5.590988993644714355e-01
0.000000000000000000e+00 4.867968559265136719e-01
0.000000000000000000e+00 3.895223438739776611e-01
0.000000000000000000e+00 3.222605586051940918e-01
0.000000000000000000e+00 2.527728974819183350e-01
0.000000000000000000e+00 2.637837231159210205e-01
0.000000000000000000e+00 3.346053063869476318e-01
0.000000000000000000e+00 3.427039682865142822e-01
0.000000000000000000e+00 3.084557950496673584e-01
0.000000000000000000e+00 3.220901191234588623e-01
0.000000000000000000e+00 2.302977442741394043e-01
0.000000000000000000e+00 1.825101971626281738e-01
0.000000000000000000e+00 1.229836419224739075e-01
0.000000000000000000e+00 1.276825368404388428e-01
0.000000000000000000e+00 1.901790201663970947e-01
0.000000000000000000e+00 2.037433236837387085e-01
0.000000000000000000e+00 1.944398283958435059e-01
0.000000000000000000e+00 1.808537244796752930e-01
0.000000000000000000e+00 1.372330635786056519e-01
0.000000000000000000e+00 1.129046306014060974e-01
0.000000000000000000e+00 1.054260432720184326e-01
0.000000000000000000e+00 1.428624242544174194e-01
0.000000000000000000e+00 1.793195158243179321e-01
0.000000000000000000e+00 1.903119087219238281e-01
0.000000000000000000e+00 2.111515551805496216e-01
0.000000000000000000e+00 1.763068586587905884e-01
0.000000000000000000e+00 1.863229125738143921e-01
0.000000000000000000e+00 1.628599464893341064e-01
0.000000000000000000e+00 1.191162168979644775e-01
0.000000000000000000e+00 1.410348862409591675e-01
0.000000000000000000e+00 1.363292187452316284e-01
0.000000000000000000e+00 1.142114773392677307e-01
0.000000000000000000e+00 1.311162710189819336e-01
0.000000000000000000e+00 1.246143877506256104e-01
1.000000000000000000e+00 2.125130593776702881e-01
0.000000000000000000e+00 1.319862455129623413e-01
0.000000000000000000e+00 4.971914738416671753e-02
0.000000000000000000e+00 4.167629033327102661e-02
0.000000000000000000e+00 3.784761950373649597e-02
0.000000000000000000e+00 5.057931318879127502e-02
0.000000000000000000e+00 6.546550244092941284e-02
0.000000000000000000e+00 9.161914885044097900e-02
0.000000000000000000e+00 8.679796755313873291e-02
0.000000000000000000e+00 1.134180575609207153e-01
0.000000000000000000e+00 1.070339530706405640e-01
0.000000000000000000e+00 9.465318173170089722e-02
0.000000000000000000e+00 1.069571822881698608e-01
0.000000000000000000e+00 1.384837776422500610e-01
0.000000000000000000e+00 2.072123587131500244e-01
0.000000000000000000e+00 2.360296547412872314e-01
0.000000000000000000e+00 3.800278902053833008e-01
0.000000000000000000e+00 3.245344161987304688e-01
0.000000000000000000e+00 4.349968135356903076e-01
0.000000000000000000e+00 5.459060668945312500e-01
0.000000000000000000e+00 5.450674891471862793e-01
0.000000000000000000e+00 5.894519090652465820e-01
1.000000000000000000e+00 6.214420795440673828e-01
1.000000000000000000e+00 6.213617324829101562e-01
1.000000000000000000e+00 6.387146711349487305e-01
1.000000000000000000e+00 6.830960512161254883e-01
1.000000000000000000e+00 7.432596683502197266e-01
1.000000000000000000e+00 7.262476086616516113e-01
1.000000000000000000e+00 7.363027334213256836e-01
0.000000000000000000e+00 7.924357056617736816e-01
0.000000000000000000e+00 8.252654075622558594e-01
0.000000000000000000e+00 7.803992033004760742e-01
0.000000000000000000e+00 7.605637311935424805e-01
1.000000000000000000e+00 7.146522998809814453e-01
1.000000000000000000e+00 7.083380222320556641e-01
1.000000000000000000e+00 6.978984475135803223e-01
1.000000000000000000e+00 7.442391514778137207e-01
1.000000000000000000e+00 6.901753544807434082e-01
1.000000000000000000e+00 7.599710822105407715e-01
1.000000000000000000e+00 7.305390238761901855e-01
0.000000000000000000e+00 5.848079919815063477e-01
0.000000000000000000e+00 5.299332141876220703e-01
0.000000000000000000e+00 4.640460014343261719e-01
0.000000000000000000e+00 3.430101871490478516e-01
0.000000000000000000e+00 3.602726459503173828e-01
0.000000000000000000e+00 3.156751096248626709e-01
0.000000000000000000e+00 3.434114754199981689e-01
0.000000000000000000e+00 4.169120788574218750e-01
0.000000000000000000e+00 3.714717626571655273e-01
0.000000000000000000e+00 3.224421441555023193e-01
0.000000000000000000e+00 1.735600531101226807e-01
0.000000000000000000e+00 1.098302081227302551e-01
0.000000000000000000e+00 6.060236319899559021e-02
0.000000000000000000e+00 6.929118931293487549e-02
0.000000000000000000e+00 5.867128446698188782e-02
0.000000000000000000e+00 7.502897828817367554e-02
0.000000000000000000e+00 9.455761313438415527e-02
0.000000000000000000e+00 9.559579193592071533e-02
0.000000000000000000e+00 1.317298114299774170e-01
1.000000000000000000e+00 1.689739972352981567e-01
1.000000000000000000e+00 2.226727008819580078e-01
0.000000000000000000e+00 2.235435396432876587e-01
0.000000000000000000e+00 3.544013798236846924e-01
0.000000000000000000e+00 5.157603025436401367e-01
0.000000000000000000e+00 6.115333437919616699e-01
1.000000000000000000e+00 7.015159130096435547e-01
1.000000000000000000e+00 7.129107117652893066e-01
0.000000000000000000e+00 7.350570559501647949e-01
0.000000000000000000e+00 6.960286498069763184e-01
0.000000000000000000e+00 7.251066565513610840e-01
0.000000000000000000e+00 7.036196589469909668e-01
0.000000000000000000e+00 7.132089734077453613e-01
0.000000000000000000e+00 6.664181947708129883e-01
0.000000000000000000e+00 7.383922934532165527e-01
0.000000000000000000e+00 7.524836063385009766e-01
0.000000000000000000e+00 6.980240941047668457e-01
0.000000000000000000e+00 7.591941952705383301e-01
0.000000000000000000e+00 1.385323423892259598e-02
0.000000000000000000e+00 2.549307420849800110e-02
0.000000000000000000e+00 2.254932373762130737e-02
0.000000000000000000e+00 4.182638227939605713e-02
0.000000000000000000e+00 6.427398324012756348e-02
0.000000000000000000e+00 1.233728379011154175e-01
0.000000000000000000e+00 3.282342851161956787e-01
0.000000000000000000e+00 3.506373465061187744e-01
0.000000000000000000e+00 5.361067652702331543e-01
0.000000000000000000e+00 5.822392106056213379e-01
0.000000000000000000e+00 6.391445994377136230e-01
0.000000000000000000e+00 6.619451642036437988e-01
0.000000000000000000e+00 6.380804777145385742e-01
0.000000000000000000e+00 7.025853395462036133e-01
0.000000000000000000e+00 7.104622125625610352e-01
0.000000000000000000e+00 7.559431791305541992e-01
0.000000000000000000e+00 6.510635614395141602e-01
0.000000000000000000e+00 5.639473199844360352e-01
0.000000000000000000e+00 5.799261927604675293e-01
0.000000000000000000e+00 7.543987631797790527e-01
0.000000000000000000e+00 7.048723101615905762e-01
0.000000000000000000e+00 6.973029375076293945e-01
0.000000000000000000e+00 8.053276538848876953e-01
0.000000000000000000e+00 8.289483785629272461e-01
0.000000000000000000e+00 8.335269689559936523e-01
0.000000000000000000e+00 8.805458545684814453e-01
0.000000000000000000e+00 8.929068446159362793e-01
0.000000000000000000e+00 9.120920300483703613e-01
0.000000000000000000e+00 8.593884110450744629e-01
0.000000000000000000e+00 8.501568436622619629e-01
0.000000000000000000e+00 7.876961827278137207e-01
0.000000000000000000e+00 6.357010602951049805e-01
0.000000000000000000e+00 7.283642292022705078e-01
0.000000000000000000e+00 7.157380580902099609e-01
0.000000000000000000e+00 5.079631805419921875e-01
0.000000000000000000e+00 4.056760668754577637e-01
0.000000000000000000e+00 4.144081175327301025e-01
0.000000000000000000e+00 4.247942864894866943e-01
0.000000000000000000e+00 2.785046398639678955e-01
0.000000000000000000e+00 2.369893640279769897e-01
0.000000000000000000e+00 3.069467842578887939e-01
0.000000000000000000e+00 2.583127319812774658e-01
0.000000000000000000e+00 1.721289008855819702e-01
0.000000000000000000e+00 1.080072671175003052e-01
1.000000000000000000e+00 1.049001291394233704e-01
1.000000000000000000e+00 1.594520956277847290e-01
0.000000000000000000e+00 1.926750540733337402e-01
0.000000000000000000e+00 2.146112173795700073e-01
0.000000000000000000e+00 2.955392003059387207e-01
0.000000000000000000e+00 3.273789584636688232e-01
0.000000000000000000e+00 5.721787810325622559e-01
0.000000000000000000e+00 5.003424882888793945e-01
0.000000000000000000e+00 5.976436138153076172e-01
0.000000000000000000e+00 5.742967724800109863e-01
0.000000000000000000e+00 4.899153113365173340e-01
0.000000000000000000e+00 4.883791208267211914e-01
0.000000000000000000e+00 4.834091067314147949e-01
0.000000000000000000e+00 6.237124800682067871e-01
0.000000000000000000e+00 7.281314134597778320e-01
0.000000000000000000e+00 6.815344691276550293e-01
0.000000000000000000e+00 8.084651827812194824e-01
0.000000000000000000e+00 8.667590022087097168e-01
0.000000000000000000e+00 8.436248302459716797e-01
0.000000000000000000e+00 6.821565032005310059e-01
0.000000000000000000e+00 5.861193537712097168e-01
1.000000000000000000e+00 3.823716938495635986e-01
1.000000000000000000e+00 3.178341686725616455e-01
1.000000000000000000e+00 3.846427798271179199e-01
0.000000000000000000e+00 3.650079369544982910e-01
0.000000000000000000e+00 4.251564145088195801e-01
0.000000000000000000e+00 4.206606149673461914e-01
0.000000000000000000e+00 2.592578828334808350e-01
0.000000000000000000e+00 3.006643056869506836e-01
0.000000000000000000e+00 2.837861478328704834e-01
0.000000000000000000e+00 3.471136689186096191e-01
0.000000000000000000e+00 4.264573156833648682e-01
0.000000000000000000e+00 3.352405726909637451e-01
0.000000000000000000e+00 3.425635099411010742e-01
0.000000000000000000e+00 3.409563004970550537e-01
0.000000000000000000e+00 3.822416365146636963e-01
0.000000000000000000e+00 3.590264320373535156e-01
0.000000000000000000e+00 3.912493288516998291e-01
0.000000000000000000e+00 3.163238167762756348e-01
0.000000000000000000e+00 2.064414918422698975e-01
1.000000000000000000e+00 2.250276505947113037e-01
0.000000000000000000e+00 2.284498661756515503e-01
0.000000000000000000e+00 2.033768147230148315e-01
0.000000000000000000e+00 2.101332843303680420e-01
0.000000000000000000e+00 3.047457635402679443e-01
1.000000000000000000e+00 3.109992444515228271e-01
0.000000000000000000e+00 3.340502977371215820e-01
0.000000000000000000e+00 3.590209186077117920e-01
0.000000000000000000e+00 3.458919823169708252e-01
0.000000000000000000e+00 3.042293488979339600e-01
0.000000000000000000e+00 2.765593528747558594e-01
0.000000000000000000e+00 2.761308550834655762e-01
0.000000000000000000e+00 2.523323297500610352e-01
0.000000000000000000e+00 2.820039689540863037e-01
0.000000000000000000e+00 2.459931373596191406e-01
1.000000000000000000e+00 2.566451430320739746e-01
1.000000000000000000e+00 2.452282756567001343e-01
1.000000000000000000e+00 2.838384807109832764e-01
1.000000000000000000e+00 3.386723101139068604e-01
0.000000000000000000e+00 3.211381733417510986e-01
0.000000000000000000e+00 3.595512807369232178e-01
0.000000000000000000e+00 3.208900392055511475e-01
0.000000000000000000e+00 2.483151406049728394e-01
0.000000000000000000e+00 2.761650383472442627e-01
0.000000000000000000e+00 2.440916001796722412e-01
0.000000000000000000e+00 2.973111569881439209e-01
0.000000000000000000e+00 3.031111955642700195e-01
0.000000000000000000e+00 4.191715121269226074e-01
0.000000000000000000e+00 4.862514734268188477e-01
0.000000000000000000e+00 4.629465937614440918e-01
0.000000000000000000e+00 3.981181085109710693e-01
0.000000000000000000e+00 4.257232248783111572e-01
0.000000000000000000e+00 3.155209720134735107e-01
0.000000000000000000e+00 3.549049794673919678e-01
0.000000000000000000e+00 2.593311667442321777e-01
1.000000000000000000e+00 2.645396292209625244e-01
1.000000000000000000e+00 1.570691168308258057e-01
1.000000000000000000e+00 2.094943076372146606e-01
0.000000000000000000e+00 2.149402052164077759e-01
0.000000000000000000e+00 2.123532593250274658e-01
0.000000000000000000e+00 1.434267461299896240e-01
0.000000000000000000e+00 1.622815281152725220e-01
0.000000000000000000e+00 1.329742074012756348e-01
0.000000000000000000e+00 2.475587129592895508e-01
0.000000000000000000e+00 1.780318021774291992e-01
0.000000000000000000e+00 2.433552742004394531e-01
0.000000000000000000e+00 3.112876713275909424e-01
0.000000000000000000e+00 2.982637882232666016e-01
0.000000000000000000e+00 2.582625746726989746e-01
0.000000000000000000e+00 3.013957142829895020e-01
0.000000000000000000e+00 2.705723941326141357e-01
0.000000000000000000e+00 4.540483653545379639e-01
0.000000000000000000e+00 3.925791680812835693e-01
0.000000000000000000e+00 4.330301582813262939e-01
0.000000000000000000e+00 3.679855167865753174e-01
0.000000000000000000e+00 3.184951841831207275e-01
0.000000000000000000e+00 2.279314398765563965e-01
1.000000000000000000e+00 2.920147478580474854e-01
0.000000000000000000e+00 2.835352718830108643e-01
0.000000000000000000e+00 2.376723587512969971e-01
0.000000000000000000e+00 3.804537951946258545e-01
0.000000000000000000e+00 4.224720299243927002e-01
0.000000000000000000e+00 3.441500365734100342e-01
0.000000000000000000e+00 4.822353720664978027e-01
0.000000000000000000e+00 4.932036101818084717e-01
0.000000000000000000e+00 4.515261352062225342e-01
0.000000000000000000e+00 1.659450680017471313e-01
0.000000000000000000e+00 2.459343969821929932e-01
0.000000000000000000e+00 3.095916509628295898e-01
0.000000000000000000e+00 3.529390692710876465e-01
0.000000000000000000e+00 3.946566283702850342e-01
0.000000000000000000e+00 4.030473828315734863e-01
0.000000000000000000e+00 3.911013305187225342e-01
0.000000000000000000e+00 2.788642942905426025e-01
0.000000000000000000e+00 2.385777980089187622e-01
0.000000000000000000e+00 1.968191564083099365e-01
0.000000000000000000e+00 2.066824585199356079e-01
0.000000000000000000e+00 1.983117163181304932e-01
0.000000000000000000e+00 1.553005129098892212e-01
0.000000000000000000e+00 2.237123996019363403e-01
0.000000000000000000e+00 2.495957911014556885e-01
0.000000000000000000e+00 2.145912051200866699e-01
1.000000000000000000e+00 2.428698986768722534e-01
0.000000000000000000e+00 1.954057514667510986e-01
0.000000000000000000e+00 1.578681617975234985e-01
0.000000000000000000e+00 1.082120090723037720e-01
1.000000000000000000e+00 1.210003271698951721e-01
1.000000000000000000e+00 1.083627790212631226e-01
1.000000000000000000e+00 1.153270080685615540e-01
1.000000000000000000e+00 8.679389953613281250e-02
1.000000000000000000e+00 1.504077464342117310e-01
1.000000000000000000e+00 1.809330880641937256e-01
1.000000000000000000e+00 3.265271186828613281e-01
1.000000000000000000e+00 4.581480324268341064e-01
1.000000000000000000e+00 4.720844328403472900e-01
1.000000000000000000e+00 5.696771740913391113e-01
0.000000000000000000e+00 6.140781044960021973e-01
0.000000000000000000e+00 6.342132687568664551e-01
0.000000000000000000e+00 6.548305153846740723e-01
1.000000000000000000e+00 6.608938574790954590e-01
0.000000000000000000e+00 7.060960531234741211e-01
0.000000000000000000e+00 8.349618911743164062e-01
0.000000000000000000e+00 8.808494806289672852e-01
1.000000000000000000e+00 9.254416227340698242e-01
0.000000000000000000e+00 8.008118271827697754e-01
0.000000000000000000e+00 8.081203699111938477e-01
0.000000000000000000e+00 7.687966227531433105e-01
0.000000000000000000e+00 6.601406335830688477e-01
0.000000000000000000e+00 4.821897149085998535e-01
0.000000000000000000e+00 3.101204633712768555e-01
0.000000000000000000e+00 2.203229963779449463e-01
0.000000000000000000e+00 2.972842752933502197e-01
0.000000000000000000e+00 2.161475718021392822e-01
0.000000000000000000e+00 9.216549247503280640e-02
1.000000000000000000e+00 3.948004171252250671e-02
1.000000000000000000e+00 2.366757951676845551e-02
1.000000000000000000e+00 1.112882699817419052e-02
1.000000000000000000e+00 1.244713831692934036e-02
0.000000000000000000e+00 1.497447025030851364e-02
0.000000000000000000e+00 1.936380751430988312e-02
0.000000000000000000e+00 2.305549383163452148e-02
0.000000000000000000e+00 1.909782551229000092e-02
0.000000000000000000e+00 1.538766454905271530e-02
0.000000000000000000e+00 9.606620296835899353e-03
0.000000000000000000e+00 7.177208084613084793e-03
0.000000000000000000e+00 4.061830695718526840e-03
0.000000000000000000e+00 3.693351289257407188e-03
0.000000000000000000e+00 5.465333350002765656e-03
0.000000000000000000e+00 6.518446840345859528e-03
0.000000000000000000e+00 9.324850514531135559e-03
0.000000000000000000e+00 8.948580361902713776e-03
0.000000000000000000e+00 8.995743468403816223e-03
0.000000000000000000e+00 8.677569217979907990e-03
0.000000000000000000e+00 1.025135908275842667e-02
0.000000000000000000e+00 1.291850302368402481e-02
0.000000000000000000e+00 1.939437910914421082e-02
0.000000000000000000e+00 2.967225387692451477e-02
0.000000000000000000e+00 3.005605749785900116e-02
0.000000000000000000e+00 3.300292789936065674e-02
0.000000000000000000e+00 3.018059767782688141e-02
0.000000000000000000e+00 4.038106650114059448e-02
0.000000000000000000e+00 3.308108821511268616e-02
0.000000000000000000e+00 4.827631264925003052e-02
0.000000000000000000e+00 7.732325047254562378e-02
0.000000000000000000e+00 8.969170600175857544e-02
0.000000000000000000e+00 2.262708991765975952e-01
0.000000000000000000e+00 2.016667723655700684e-01
0.000000000000000000e+00 2.255517840385437012e-01
0.000000000000000000e+00 1.983804553747177124e-01
0.000000000000000000e+00 2.286506742238998413e-01
0.000000000000000000e+00 1.563433110713958740e-01
0.000000000000000000e+00 1.465197354555130005e-01
0.000000000000000000e+00 1.818762272596359253e-01
0.000000000000000000e+00 1.735633760690689087e-01
0.000000000000000000e+00 2.438942492008209229e-01
0.000000000000000000e+00 2.245735228061676025e-01
1.000000000000000000e+00 3.298256695270538330e-01
1.000000000000000000e+00 3.261138498783111572e-01
0.000000000000000000e+00 2.739742398262023926e-01
0.000000000000000000e+00 2.077447474002838135e-01
0.000000000000000000e+00 2.111742943525314331e-01
1.000000000000000000e+00 1.915488839149475098e-01
1.000000000000000000e+00 8.701138943433761597e-02
0.000000000000000000e+00 9.071981161832809448e-02
0.000000000000000000e+00 6.154627725481987000e-02
0.000000000000000000e+00 6.744918972253799438e-02
0.000000000000000000e+00 6.732022017240524292e-02
0.000000000000000000e+00 9.577160328626632690e-02
1.000000000000000000e+00 1.336263120174407959e-01
0.000000000000000000e+00 1.959725618362426758e-01
0.000000000000000000e+00 1.165644973516464233e-01
0.000000000000000000e+00 9.608334302902221680e-02
0.000000000000000000e+00 7.723861932754516602e-02
1.000000000000000000e+00 4.536103457212448120e-02
0.000000000000000000e+00 3.736994415521621704e-02
0.000000000000000000e+00 3.401247039437294006e-02
0.000000000000000000e+00 6.138548254966735840e-02
0.000000000000000000e+00 9.451095759868621826e-02
1.000000000000000000e+00 1.715730130672454834e-01
1.000000000000000000e+00 1.782196015119552612e-01
0.000000000000000000e+00 1.182731613516807556e-01
0.000000000000000000e+00 1.362184882164001465e-01
0.000000000000000000e+00 7.041056454181671143e-02
0.000000000000000000e+00 5.972818285226821899e-02
0.000000000000000000e+00 8.606475591659545898e-02
1.000000000000000000e+00 4.503033310174942017e-02
0.000000000000000000e+00 5.305906757712364197e-02
0.000000000000000000e+00 7.875078171491622925e-02
0.000000000000000000e+00 5.287314951419830322e-02
0.000000000000000000e+00 5.211724340915679932e-02
0.000000000000000000e+00 3.122231923043727875e-02
0.000000000000000000e+00 2.341736480593681335e-02
0.000000000000000000e+00 1.270983088761568069e-02
0.000000000000000000e+00 1.994967088103294373e-02
0.000000000000000000e+00 3.359192237257957458e-02
0.000000000000000000e+00 2.379864268004894257e-02
0.000000000000000000e+00 1.382002606987953186e-02
0.000000000000000000e+00 1.990457810461521149e-02
0.000000000000000000e+00 1.726394519209861755e-02
0.000000000000000000e+00 2.997848950326442719e-02
0.000000000000000000e+00 2.999683283269405365e-02
0.000000000000000000e+00 3.102462552487850189e-02
0.000000000000000000e+00 4.369469732046127319e-02
0.000000000000000000e+00 8.555136620998382568e-02
0.000000000000000000e+00 7.347697764635086060e-02
0.000000000000000000e+00 5.093456432223320007e-02
0.000000000000000000e+00 5.420878902077674866e-02
0.000000000000000000e+00 3.548284992575645447e-02
0.000000000000000000e+00 2.402184531092643738e-02
0.000000000000000000e+00 2.253605425357818604e-02
0.000000000000000000e+00 2.500963397324085236e-02
0.000000000000000000e+00 2.550018578767776489e-02
0.000000000000000000e+00 2.457766421139240265e-02
0.000000000000000000e+00 1.820273883640766144e-02
0.000000000000000000e+00 2.550937607884407043e-02
0.000000000000000000e+00 1.617377065122127533e-02
0.000000000000000000e+00 2.368165850639343262e-01
0.000000000000000000e+00 2.957227528095245361e-01
0.000000000000000000e+00 2.314827293157577515e-01
0.000000000000000000e+00 1.996026933193206787e-01
0.000000000000000000e+00 2.071501016616821289e-01
0.000000000000000000e+00 2.854078114032745361e-01
0.000000000000000000e+00 1.744824498891830444e-01
0.000000000000000000e+00 2.262153178453445435e-01
0.000000000000000000e+00 2.350014448165893555e-01
0.000000000000000000e+00 2.785317599773406982e-01
0.000000000000000000e+00 2.568177282810211182e-01
0.000000000000000000e+00 4.177252352237701416e-01
0.000000000000000000e+00 4.025244414806365967e-01
0.000000000000000000e+00 4.059501886367797852e-01
1.000000000000000000e+00 3.022191822528839111e-01
1.000000000000000000e+00 2.717137336730957031e-01
1.000000000000000000e+00 2.108280807733535767e-01
1.000000000000000000e+00 1.704791039228439331e-01
1.000000000000000000e+00 1.800395846366882324e-01
0.000000000000000000e+00 2.411513775587081909e-01
0.000000000000000000e+00 2.834647297859191895e-01
0.000000000000000000e+00 4.605721235275268555e-01
0.000000000000000000e+00 6.513929367065429688e-01
0.000000000000000000e+00 5.978085994720458984e-01
0.000000000000000000e+00 7.058422565460205078e-01
0.000000000000000000e+00 8.259520530700683594e-01
0.000000000000000000e+00 7.947283983230590820e-01
0.000000000000000000e+00 8.164341449737548828e-01
0.000000000000000000e+00 6.521146297454833984e-01
0.000000000000000000e+00 3.698140680789947510e-01
0.000000000000000000e+00 1.578358709812164307e-01
1.000000000000000000e+00 1.971142590045928955e-01
1.000000000000000000e+00 1.158240661025047302e-01
1.000000000000000000e+00 1.351214945316314697e-01
0.000000000000000000e+00 1.487826108932495117e-01
0.000000000000000000e+00 1.828265786170959473e-01
0.000000000000000000e+00 3.806360960006713867e-01
1.000000000000000000e+00 4.411127269268035889e-01
1.000000000000000000e+00 4.777465760707855225e-01
0.000000000000000000e+00 4.708255231380462646e-01
0.000000000000000000e+00 4.803064465522766113e-01
0.000000000000000000e+00 5.890429615974426270e-01
0.000000000000000000e+00 6.008719205856323242e-01
0.000000000000000000e+00 4.874658584594726562e-01
0.000000000000000000e+00 3.346346914768218994e-01
0.000000000000000000e+00 4.172451496124267578e-01
0.000000000000000000e+00 4.613172709941864014e-01
0.000000000000000000e+00 7.178809046745300293e-01
0.000000000000000000e+00 7.771112918853759766e-01
0.000000000000000000e+00 8.436048030853271484e-01
1.000000000000000000e+00 8.315963745117187500e-01
1.000000000000000000e+00 7.401771545410156250e-01
1.000000000000000000e+00 6.894366741180419922e-01
1.000000000000000000e+00 5.071339011192321777e-01
0.000000000000000000e+00 3.351698815822601318e-01
0.000000000000000000e+00 2.409460544586181641e-01
0.000000000000000000e+00 3.488638997077941895e-01
0.000000000000000000e+00 4.006495475769042969e-01
0.000000000000000000e+00 3.990452885627746582e-01
0.000000000000000000e+00 5.632846355438232422e-01
0.000000000000000000e+00 6.608040928840637207e-01
0.000000000000000000e+00 6.712003350257873535e-01
0.000000000000000000e+00 7.684027552604675293e-01
0.000000000000000000e+00 7.535047531127929688e-01
0.000000000000000000e+00 8.554342389106750488e-01
0.000000000000000000e+00 8.240013122558593750e-01
0.000000000000000000e+00 8.473902344703674316e-01
0.000000000000000000e+00 8.598409891128540039e-01
0.000000000000000000e+00 8.654980659484863281e-01
0.000000000000000000e+00 8.723670244216918945e-01
0.000000000000000000e+00 8.610813617706298828e-01
0.000000000000000000e+00 8.449251055717468262e-01
0.000000000000000000e+00 7.183833718299865723e-01
0.000000000000000000e+00 6.579602956771850586e-01
0.000000000000000000e+00 6.665038466453552246e-01
0.000000000000000000e+00 1.412667185068130493e-01
0.000000000000000000e+00 2.056435793638229370e-01
0.000000000000000000e+00 2.423247992992401123e-01
1.000000000000000000e+00 2.615987360477447510e-01
1.000000000000000000e+00 3.762279152870178223e-01
0.000000000000000000e+00 3.963131606578826904e-01
0.000000000000000000e+00 4.652403891086578369e-01
0.000000000000000000e+00 4.111011922359466553e-01
0.000000000000000000e+00 4.909605085849761963e-01
0.000000000000000000e+00 4.884099662303924561e-01
0.000000000000000000e+00 4.755375087261199951e-01
0.000000000000000000e+00 5.017392635345458984e-01
0.000000000000000000e+00 4.097357988357543945e-01
0.000000000000000000e+00 4.666493535041809082e-01
1.000000000000000000e+00 3.960607945919036865e-01
1.000000000000000000e+00 3.990153372287750244e-01
1.000000000000000000e+00 4.193177223205566406e-01
1.000000000000000000e+00 3.712207674980163574e-01
0.000000000000000000e+00 3.955422937870025635e-01
0.000000000000000000e+00 2.715775370597839355e-01
0.000000000000000000e+00 3.714660406112670898e-01
0.000000000000000000e+00 3.936638534069061279e-01
0.000000000000000000e+00 4.595989286899566650e-01
0.000000000000000000e+00 5.305035114288330078e-01
0.000000000000000000e+00 5.239148139953613281e-01
0.000000000000000000e+00 5.283375382423400879e-01
0.000000000000000000e+00 5.819160938262939453e-01
0.000000000000000000e+00 5.234999656677246094e-01
0.000000000000000000e+00 5.123330354690551758e-01
0.000000000000000000e+00 5.863221287727355957e-01
0.000000000000000000e+00 5.218346714973449707e-01
0.000000000000000000e+00 4.869432151317596436e-01
1.000000000000000000e+00 4.214338064193725586e-01
0.000000000000000000e+00 3.447967469692230225e-01
0.000000000000000000e+00 3.520560860633850098e-01
0.000000000000000000e+00 3.081269264221191406e-01
0.000000000000000000e+00 2.630878090858459473e-01
1.000000000000000000e+00 2.756581604480743408e-01
0.000000000000000000e+00 2.401058822870254517e-01
0.000000000000000000e+00 2.799116075038909912e-01
0.000000000000000000e+00 1.816673129796981812e-01
0.000000000000000000e+00 1.762450188398361206e-01
0.000000000000000000e+00 1.461609005928039551e-01
0.000000000000000000e+00 1.376778334379196167e-01
0.000000000000000000e+00 1.769588738679885864e-01
0.000000000000000000e+00 1.839640289545059204e-01
0.000000000000000000e+00 1.634671986103057861e-01
0.000000000000000000e+00 1.664776057004928589e-01
0.000000000000000000e+00 1.940858662128448486e-01
0.000000000000000000e+00 1.764483600854873657e-01
0.000000000000000000e+00 1.696516573429107666e-01
0.000000000000000000e+00 1.617524921894073486e-01
0.000000000000000000e+00 1.415430456399917603e-01
0.000000000000000000e+00 1.880123168230056763e-01
0.000000000000000000e+00 2.038262188434600830e-01
0.000000000000000000e+00 1.872805505990982056e-01
0.000000000000000000e+00 1.995904892683029175e-01
0.000000000000000000e+00 2.218679338693618774e-01
0.000000000000000000e+00 1.761065423488616943e-01
0.000000000000000000e+00 1.873831301927566528e-01
0.000000000000000000e+00 1.626235395669937134e-01
1.000000000000000000e+00 1.858220696449279785e-01
0.000000000000000000e+00 1.751312017440795898e-01
0.000000000000000000e+00 1.805379092693328857e-01
0.000000000000000000e+00 1.249088123440742493e-01
0.000000000000000000e+00 1.669924557209014893e-01
0.000000000000000000e+00 1.726593375205993652e-01
0.000000000000000000e+00 1.441899836063385010e-01
0.000000000000000000e+00 1.828316301107406616e-01
0.000000000000000000e+00 2.615826725959777832e-01
0.000000000000000000e+00 2.686034440994262695e-01
0.000000000000000000e+00 2.090322971343994141e-01
0.000000000000000000e+00 2.832029759883880615e-01
0.000000000000000000e+00 2.276313304901123047e-01
0.000000000000000000e+00 2.264191806316375732e-01
