0.000000000000000000e+00 6.157504320144653320e-01
0.000000000000000000e+00 5.593342781066894531e-01
0.000000000000000000e+00 5.131126046180725098e-01
0.000000000000000000e+00 4.720522463321685791e-01
0.000000000000000000e+00 3.695407509803771973e-01
0.000000000000000000e+00 4.776723086833953857e-01
0.000000000000000000e+00 4.765450954437255859e-01
0.000000000000000000e+00 5.069851279258728027e-01
0.000000000000000000e+00 5.823925137519836426e-01
0.000000000000000000e+00 5.857109427452087402e-01
0.000000000000000000e+00 6.975733637809753418e-01
0.000000000000000000e+00 7.432611584663391113e-01
0.000000000000000000e+00 7.561153173446655273e-01
0.000000000000000000e+00 7.810598611831665039e-01
0.000000000000000000e+00 8.043951988220214844e-01
1.000000000000000000e+00 7.929701805114746094e-01
1.000000000000000000e+00 7.512065768241882324e-01
1.000000000000000000e+00 7.683700919151306152e-01
0.000000000000000000e+00 7.199416160583496094e-01
0.000000000000000000e+00 6.535806655883789062e-01
0.000000000000000000e+00 6.484794020652770996e-01
0.000000000000000000e+00 6.258495450019836426e-01
0.000000000000000000e+00 6.223788857460021973e-01
0.000000000000000000e+00 6.055793166160583496e-01
0.000000000000000000e+00 5.591685175895690918e-01
0.000000000000000000e+00 5.845728516578674316e-01
0.000000000000000000e+00 6.121988296508789062e-01
1.000000000000000000e+00 6.791175007820129395e-01
0.000000000000000000e+00 6.728455424308776855e-01
0.000000000000000000e+00 5.995479226112365723e-01
0.000000000000000000e+00 5.575453639030456543e-01
0.000000000000000000e+00 4.350608885288238525e-01
1.000000000000000000e+00 4.271535575389862061e-01
0.000000000000000000e+00 4.485943317413330078e-01
0.000000000000000000e+00 4.280972182750701904e-01
0.000000000000000000e+00 4.236882030963897705e-01
0.000000000000000000e+00 4.805631339550018311e-01
1.000000000000000000e+00 5.690839886665344238e-01
1.000000000000000000e+00 6.049790978431701660e-01
0.000000000000000000e+00 6.166763901710510254e-01
0.000000000000000000e+00 5.891618132591247559e-01
0.000000000000000000e+00 5.027354955673217773e-01
0.000000000000000000e+00 4.366521835327148438e-01
0.000000000000000000e+00 4.109218418598175049e-01
0.000000000000000000e+00 3.621399402618408203e-01
0.000000000000000000e+00 3.084655106067657471e-01
0.000000000000000000e+00 3.243109881877899170e-01
0.000000000000000000e+00 3.051066696643829346e-01
0.000000000000000000e+00 2.825387120246887207e-01
0.000000000000000000e+00 2.408648580312728882e-01
0.000000000000000000e+00 2.142639011144638062e-01
0.000000000000000000e+00 1.998630762100219727e-01
0.000000000000000000e+00 2.397259324789047241e-01
0.000000000000000000e+00 2.758487462997436523e-01
0.000000000000000000e+00 2.883758842945098877e-01
0.000000000000000000e+00 2.424930334091186523e-01
0.000000000000000000e+00 2.133730500936508179e-01
0.000000000000000000e+00 1.937026530504226685e-01
0.000000000000000000e+00 1.906705647706985474e-01
0.000000000000000000e+00 1.996689587831497192e-01
0.000000000000000000e+00 2.303135693073272705e-01
0.000000000000000000e+00 2.402167767286300659e-01
0.000000000000000000e+00 2.397292852401733398e-01
0.000000000000000000e+00 3.023663163185119629e-01
0.000000000000000000e+00 3.576701283454895020e-01
0.000000000000000000e+00 3.504334092140197754e-01
0.000000000000000000e+00 3.114446401596069336e-01
0.000000000000000000e+00 3.305757641792297363e-01
0.000000000000000000e+00 3.584357202053070068e-01
0.000000000000000000e+00 2.868050634860992432e-01
0.000000000000000000e+00 3.390416502952575684e-01
0.000000000000000000e+00 3.874797523021697998e-01
0.000000000000000000e+00 3.603320717811584473e-01
1.000000000000000000e+00 3.580751419067382812e-01
0.000000000000000000e+00 2.941152751445770264e-01
0.000000000000000000e+00 5.256535485386848450e-02
0.000000000000000000e+00 2.281255088746547699e-02
0.000000000000000000e+00 9.758362546563148499e-03
0.000000000000000000e+00 1.498876884579658508e-02
0.000000000000000000e+00 8.037102408707141876e-03
0.000000000000000000e+00 1.465750392526388168e-02
0.000000000000000000e+00 1.397347170859575272e-02
0.000000000000000000e+00 1.997989602386951447e-02
0.000000000000000000e+00 2.600510604679584503e-02
0.000000000000000000e+00 3.348769620060920715e-02
0.000000000000000000e+00 7.071729004383087158e-02
0.000000000000000000e+00 6.810689717531204224e-02
0.000000000000000000e+00 1.428013294935226440e-01
0.000000000000000000e+00 1.348643749952316284e-01
0.000000000000000000e+00 1.387802809476852417e-01
0.000000000000000000e+00 1.683809608221054077e-01
0.000000000000000000e+00 2.102102041244506836e-01
0.000000000000000000e+00 3.823275864124298096e-01
0.000000000000000000e+00 4.045488536357879639e-01
0.000000000000000000e+00 5.707589983940124512e-01
1.000000000000000000e+00 4.840123653411865234e-01
1.000000000000000000e+00 4.331111609935760498e-01
1.000000000000000000e+00 4.328736364841461182e-01
1.000000000000000000e+00 4.474673569202423096e-01
1.000000000000000000e+00 3.955779969692230225e-01
1.000000000000000000e+00 5.215683579444885254e-01
1.000000000000000000e+00 6.403383016586303711e-01
0.000000000000000000e+00 6.527689695358276367e-01
0.000000000000000000e+00 6.229533553123474121e-01
0.000000000000000000e+00 6.669750809669494629e-01
0.000000000000000000e+00 6.630247235298156738e-01
1.000000000000000000e+00 6.731509566307067871e-01
1.000000000000000000e+00 5.603747367858886719e-01
1.000000000000000000e+00 5.688241720199584961e-01
1.000000000000000000e+00 5.353698134422302246e-01
1.000000000000000000e+00 5.175387859344482422e-01
1.000000000000000000e+00 4.696251153945922852e-01
1.000000000000000000e+00 4.530512988567352295e-01
0.000000000000000000e+00 4.050388336181640625e-01
0.000000000000000000e+00 3.451141417026519775e-01
0.000000000000000000e+00 2.705314159393310547e-01
0.000000000000000000e+00 3.140051364898681641e-01
0.000000000000000000e+00 3.258788585662841797e-01
0.000000000000000000e+00 2.531578540802001953e-01
0.000000000000000000e+00 1.793186217546463013e-01
0.000000000000000000e+00 1.370861828327178955e-01
0.000000000000000000e+00 1.838240176439285278e-01
0.000000000000000000e+00 1.363938152790069580e-01
0.000000000000000000e+00 1.670884490013122559e-01
0.000000000000000000e+00 7.788226753473281860e-02
0.000000000000000000e+00 2.853896096348762512e-02
0.000000000000000000e+00 1.340045034885406494e-02
0.000000000000000000e+00 7.904344238340854645e-03
0.000000000000000000e+00 1.116009429097175598e-02
0.000000000000000000e+00 9.714392013847827911e-03
0.000000000000000000e+00 6.124008912593126297e-03
0.000000000000000000e+00 8.397366851568222046e-03
1.000000000000000000e+00 1.437125355005264282e-02
1.000000000000000000e+00 1.737736538052558899e-02
0.000000000000000000e+00 3.112772479653358459e-02
0.000000000000000000e+00 1.569143682718276978e-01
0.000000000000000000e+00 3.936634659767150879e-01
0.000000000000000000e+00 3.759506940841674805e-01
1.000000000000000000e+00 3.897733688354492188e-01
1.000000000000000000e+00 2.523625195026397705e-01
0.000000000000000000e+00 2.506169378757476807e-01
0.000000000000000000e+00 2.904399335384368896e-01
0.000000000000000000e+00 3.197766244411468506e-01
0.000000000000000000e+00 2.105147838592529297e-01
0.000000000000000000e+00 2.650719881057739258e-01
0.000000000000000000e+00 3.380516469478607178e-01
0.000000000000000000e+00 4.700743257999420166e-01
0.000000000000000000e+00 4.584401845932006836e-01
0.000000000000000000e+00 5.562958121299743652e-01
0.000000000000000000e+00 5.578913092613220215e-01
0.000000000000000000e+00 5.096640065312385559e-02
0.000000000000000000e+00 7.528191059827804565e-02
0.000000000000000000e+00 7.617046684026718140e-02
0.000000000000000000e+00 8.282832801342010498e-02
0.000000000000000000e+00 1.323380768299102783e-01
0.000000000000000000e+00 2.456006407737731934e-01
0.000000000000000000e+00 2.720428109169006348e-01
0.000000000000000000e+00 4.047075510025024414e-01
0.000000000000000000e+00 5.252587795257568359e-01
0.000000000000000000e+00 5.604718923568725586e-01
0.000000000000000000e+00 6.351236701011657715e-01
0.000000000000000000e+00 7.267050147056579590e-01
0.000000000000000000e+00 7.127824425697326660e-01
0.000000000000000000e+00 7.725264430046081543e-01
0.000000000000000000e+00 7.481347918510437012e-01
0.000000000000000000e+00 7.124416232109069824e-01
0.000000000000000000e+00 5.790690183639526367e-01
0.000000000000000000e+00 5.858774781227111816e-01
0.000000000000000000e+00 4.780239462852478027e-01
0.000000000000000000e+00 4.848952293395996094e-01
0.000000000000000000e+00 5.994552969932556152e-01
0.000000000000000000e+00 7.558321952819824219e-01
0.000000000000000000e+00 7.648614048957824707e-01
0.000000000000000000e+00 8.267595171928405762e-01
0.000000000000000000e+00 8.655520677566528320e-01
0.000000000000000000e+00 8.900423049926757812e-01
0.000000000000000000e+00 8.754125237464904785e-01
0.000000000000000000e+00 8.842298388481140137e-01
0.000000000000000000e+00 8.788775205612182617e-01
0.000000000000000000e+00 8.308591246604919434e-01
0.000000000000000000e+00 8.346719741821289062e-01
0.000000000000000000e+00 7.931855916976928711e-01
0.000000000000000000e+00 7.513259649276733398e-01
0.000000000000000000e+00 7.089915871620178223e-01
0.000000000000000000e+00 6.611552238464355469e-01
0.000000000000000000e+00 6.700122952461242676e-01
0.000000000000000000e+00 6.354725956916809082e-01
0.000000000000000000e+00 6.747701764106750488e-01
0.000000000000000000e+00 5.832799077033996582e-01
0.000000000000000000e+00 5.413942337036132812e-01
0.000000000000000000e+00 4.876720011234283447e-01
0.000000000000000000e+00 5.490011572837829590e-01
0.000000000000000000e+00 4.844481945037841797e-01
0.000000000000000000e+00 4.635581672191619873e-01
1.000000000000000000e+00 3.982510566711425781e-01
1.000000000000000000e+00 4.638542830944061279e-01
0.000000000000000000e+00 4.583199620246887207e-01
0.000000000000000000e+00 5.895829200744628906e-01
0.000000000000000000e+00 5.494170188903808594e-01
0.000000000000000000e+00 6.464138627052307129e-01
0.000000000000000000e+00 7.893150448799133301e-01
0.000000000000000000e+00 7.208370566368103027e-01
0.000000000000000000e+00 7.581006288528442383e-01
0.000000000000000000e+00 7.454747557640075684e-01
0.000000000000000000e+00 7.594454288482666016e-01
0.000000000000000000e+00 7.599380612373352051e-01
0.000000000000000000e+00 8.394637107849121094e-01
0.000000000000000000e+00 8.403184413909912109e-01
0.000000000000000000e+00 8.101190924644470215e-01
0.000000000000000000e+00 8.559967279434204102e-01
0.000000000000000000e+00 8.365159630775451660e-01
0.000000000000000000e+00 8.490622639656066895e-01
0.000000000000000000e+00 8.441971540451049805e-01
0.000000000000000000e+00 7.570686340332031250e-01
0.000000000000000000e+00 6.699007749557495117e-01
1.000000000000000000e+00 6.218491792678833008e-01
1.000000000000000000e+00 6.027156114578247070e-01
1.000000000000000000e+00 5.591908097267150879e-01
0.000000000000000000e+00 4.893370866775512695e-01
0.000000000000000000e+00 5.271783471107482910e-01
0.000000000000000000e+00 4.186599850654602051e-01
0.000000000000000000e+00 4.726094603538513184e-01
0.000000000000000000e+00 4.295674264430999756e-01
0.000000000000000000e+00 4.731968343257904053e-01
0.000000000000000000e+00 4.696762859821319580e-01
0.000000000000000000e+00 5.743715167045593262e-01
0.000000000000000000e+00 4.955726563930511475e-01
0.000000000000000000e+00 5.073636174201965332e-01
0.000000000000000000e+00 4.256063401699066162e-01
0.000000000000000000e+00 4.488196372985839844e-01
0.000000000000000000e+00 3.979960381984710693e-01
0.000000000000000000e+00 3.450931310653686523e-01
0.000000000000000000e+00 3.222328424453735352e-01
0.000000000000000000e+00 3.057821691036224365e-01
1.000000000000000000e+00 3.291469216346740723e-01
0.000000000000000000e+00 3.341118693351745605e-01
0.000000000000000000e+00 3.768817484378814697e-01
0.000000000000000000e+00 4.049399495124816895e-01
0.000000000000000000e+00 4.318141341209411621e-01
1.000000000000000000e+00 5.287705063819885254e-01
0.000000000000000000e+00 5.241740942001342773e-01
0.000000000000000000e+00 3.912997841835021973e-01
0.000000000000000000e+00 4.250952303409576416e-01
0.000000000000000000e+00 4.066637158393859863e-01
0.000000000000000000e+00 3.615480065345764160e-01
0.000000000000000000e+00 2.928378880023956299e-01
0.000000000000000000e+00 3.968619704246520996e-01
0.000000000000000000e+00 4.384620785713195801e-01
0.000000000000000000e+00 5.415508747100830078e-01
1.000000000000000000e+00 4.565759599208831787e-01
1.000000000000000000e+00 5.575630068778991699e-01
1.000000000000000000e+00 5.390244126319885254e-01
1.000000000000000000e+00 5.648370981216430664e-01
0.000000000000000000e+00 6.359884738922119141e-01
0.000000000000000000e+00 5.577280521392822266e-01
0.000000000000000000e+00 5.452398061752319336e-01
0.000000000000000000e+00 5.778335928916931152e-01
0.000000000000000000e+00 5.632746815681457520e-01
0.000000000000000000e+00 5.775501132011413574e-01
0.000000000000000000e+00 6.482694745063781738e-01
0.000000000000000000e+00 6.170373558998107910e-01
0.000000000000000000e+00 6.889405846595764160e-01
0.000000000000000000e+00 7.041237354278564453e-01
0.000000000000000000e+00 6.937212944030761719e-01
0.000000000000000000e+00 6.031376123428344727e-01
0.000000000000000000e+00 5.628758668899536133e-01
0.000000000000000000e+00 5.798668861389160156e-01
0.000000000000000000e+00 4.423858821392059326e-01
0.000000000000000000e+00 3.975042402744293213e-01
1.000000000000000000e+00 3.189012110233306885e-01
1.000000000000000000e+00 4.260396361351013184e-01
1.000000000000000000e+00 3.693825006484985352e-01
0.000000000000000000e+00 3.449859619140625000e-01
0.000000000000000000e+00 4.318980574607849121e-01
0.000000000000000000e+00 3.797308206558227539e-01
0.000000000000000000e+00 2.765561938285827637e-01
0.000000000000000000e+00 3.077503144741058350e-01
0.000000000000000000e+00 3.816259801387786865e-01
0.000000000000000000e+00 3.130783438682556152e-01
0.000000000000000000e+00 4.555915594100952148e-01
0.000000000000000000e+00 3.448320627212524414e-01
0.000000000000000000e+00 4.089599549770355225e-01
0.000000000000000000e+00 4.190551638603210449e-01
0.000000000000000000e+00 5.214804410934448242e-01
0.000000000000000000e+00 4.635987877845764160e-01
0.000000000000000000e+00 4.508053660392761230e-01
0.000000000000000000e+00 3.287386894226074219e-01
0.000000000000000000e+00 4.979305565357208252e-01
0.000000000000000000e+00 5.535438060760498047e-01
0.000000000000000000e+00 4.696910083293914795e-01
0.000000000000000000e+00 4.217545092105865479e-01
1.000000000000000000e+00 4.131357669830322266e-01
0.000000000000000000e+00 5.065147280693054199e-01
0.000000000000000000e+00 4.617429077625274658e-01
0.000000000000000000e+00 3.873683512210845947e-01
0.000000000000000000e+00 5.469902753829956055e-01
0.000000000000000000e+00 5.521154403686523438e-01
0.000000000000000000e+00 5.470734834671020508e-01
0.000000000000000000e+00 4.130802750587463379e-01
0.000000000000000000e+00 4.107420444488525391e-01
0.000000000000000000e+00 2.397028952836990356e-01
0.000000000000000000e+00 2.044857591390609741e-01
0.000000000000000000e+00 2.734679281711578369e-01
0.000000000000000000e+00 2.271423786878585815e-01
0.000000000000000000e+00 2.623401582241058350e-01
0.000000000000000000e+00 2.696292400360107422e-01
0.000000000000000000e+00 2.960875928401947021e-01
0.000000000000000000e+00 2.410267144441604614e-01
0.000000000000000000e+00 1.760718673467636108e-01
0.000000000000000000e+00 1.340828984975814819e-01
0.000000000000000000e+00 1.394217908382415771e-01
0.000000000000000000e+00 1.626304090023040771e-01
0.000000000000000000e+00 1.525191813707351685e-01
0.000000000000000000e+00 2.477879077196121216e-01
0.000000000000000000e+00 2.481572031974792480e-01
0.000000000000000000e+00 3.890587687492370605e-01
1.000000000000000000e+00 3.068630695343017578e-01
0.000000000000000000e+00 3.719654381275177002e-01
0.000000000000000000e+00 3.729688525199890137e-01
0.000000000000000000e+00 2.848458588123321533e-01
1.000000000000000000e+00 3.017291724681854248e-01
1.000000000000000000e+00 2.886212468147277832e-01
1.000000000000000000e+00 3.669886589050292969e-01
1.000000000000000000e+00 4.373534023761749268e-01
1.000000000000000000e+00 5.377420783042907715e-01
1.000000000000000000e+00 6.625931859016418457e-01
1.000000000000000000e+00 7.818364500999450684e-01
1.000000000000000000e+00 8.600553870201110840e-01
1.000000000000000000e+00 8.511844277381896973e-01
1.000000000000000000e+00 8.543050289154052734e-01
0.000000000000000000e+00 8.716338872909545898e-01
0.000000000000000000e+00 8.951595425605773926e-01
0.000000000000000000e+00 9.316619634628295898e-01
1.000000000000000000e+00 9.585369229316711426e-01
0.000000000000000000e+00 9.657184481620788574e-01
0.000000000000000000e+00 9.692961573600769043e-01
0.000000000000000000e+00 9.682468771934509277e-01
1.000000000000000000e+00 9.073505401611328125e-01
0.000000000000000000e+00 8.484910726547241211e-01
0.000000000000000000e+00 7.319366931915283203e-01
0.000000000000000000e+00 5.329044461250305176e-01
0.000000000000000000e+00 3.726252019405364990e-01
0.000000000000000000e+00 3.719492554664611816e-01
0.000000000000000000e+00 3.147966265678405762e-01
0.000000000000000000e+00 3.182455003261566162e-01
0.000000000000000000e+00 3.292611241340637207e-01
0.000000000000000000e+00 2.944841384887695312e-01
0.000000000000000000e+00 1.959113031625747681e-01
1.000000000000000000e+00 7.239632308483123779e-02
1.000000000000000000e+00 2.363465540111064911e-02
1.000000000000000000e+00 1.185907609760761261e-02
1.000000000000000000e+00 9.518227539956569672e-03
0.000000000000000000e+00 1.105438638478517532e-02
0.000000000000000000e+00 2.187159843742847443e-02
0.000000000000000000e+00 3.027784824371337891e-02
0.000000000000000000e+00 5.489700287580490112e-02
0.000000000000000000e+00 3.791249170899391174e-02
0.000000000000000000e+00 1.795187219977378845e-02
0.000000000000000000e+00 1.278828550130128860e-02
0.000000000000000000e+00 7.693385705351829529e-03
0.000000000000000000e+00 8.187518455088138580e-03
0.000000000000000000e+00 8.873623795807361603e-03
0.000000000000000000e+00 1.016991771757602692e-02
0.000000000000000000e+00 1.683215796947479248e-02
0.000000000000000000e+00 1.274978555738925934e-02
0.000000000000000000e+00 1.049883570522069931e-02
0.000000000000000000e+00 7.431734353303909302e-03
0.000000000000000000e+00 9.048134088516235352e-03
0.000000000000000000e+00 1.009531319141387939e-02
0.000000000000000000e+00 1.279277168214321136e-02
0.000000000000000000e+00 1.245264429599046707e-02
0.000000000000000000e+00 2.142573520541191101e-02
0.000000000000000000e+00 3.243476897478103638e-02
0.000000000000000000e+00 2.906703017652034760e-02
0.000000000000000000e+00 3.719932585954666138e-02
0.000000000000000000e+00 1.865091323852539062e-01
0.000000000000000000e+00 1.223155781626701355e-01
0.000000000000000000e+00 1.548665761947631836e-01
0.000000000000000000e+00 2.242853641510009766e-01
0.000000000000000000e+00 1.532668620347976685e-01
0.000000000000000000e+00 1.487523913383483887e-01
0.000000000000000000e+00 1.574790328741073608e-01
0.000000000000000000e+00 1.378189027309417725e-01
0.000000000000000000e+00 1.660593897104263306e-01
0.000000000000000000e+00 1.700497865676879883e-01
0.000000000000000000e+00 2.024350613355636597e-01
0.000000000000000000e+00 2.195233255624771118e-01
0.000000000000000000e+00 2.356389164924621582e-01
0.000000000000000000e+00 2.738095819950103760e-01
0.000000000000000000e+00 3.102505207061767578e-01
1.000000000000000000e+00 3.228822350502014160e-01
1.000000000000000000e+00 3.445399105548858643e-01
0.000000000000000000e+00 4.017903506755828857e-01
0.000000000000000000e+00 3.816004097461700439e-01
0.000000000000000000e+00 3.389306962490081787e-01
1.000000000000000000e+00 3.115417063236236572e-01
1.000000000000000000e+00 3.278925120830535889e-01
0.000000000000000000e+00 3.669995367527008057e-01
0.000000000000000000e+00 3.320060670375823975e-01
0.000000000000000000e+00 3.654879331588745117e-01
0.000000000000000000e+00 4.238005876541137695e-01
0.000000000000000000e+00 4.364880025386810303e-01
1.000000000000000000e+00 4.731653928756713867e-01
0.000000000000000000e+00 3.905511796474456787e-01
0.000000000000000000e+00 3.122550845146179199e-01
0.000000000000000000e+00 2.595937848091125488e-01
0.000000000000000000e+00 1.934771090745925903e-01
1.000000000000000000e+00 1.201120465993881226e-01
0.000000000000000000e+00 8.402267843484878540e-02
0.000000000000000000e+00 9.370849281549453735e-02
0.000000000000000000e+00 1.449843347072601318e-01
0.000000000000000000e+00 2.469414770603179932e-01
1.000000000000000000e+00 2.876570522785186768e-01
1.000000000000000000e+00 3.248911499977111816e-01
0.000000000000000000e+00 2.863455414772033691e-01
0.000000000000000000e+00 2.173869162797927856e-01
0.000000000000000000e+00 1.573794931173324585e-01
0.000000000000000000e+00 1.456438750028610229e-01
0.000000000000000000e+00 1.106872782111167908e-01
1.000000000000000000e+00 1.447334885597229004e-01
0.000000000000000000e+00 1.614813506603240967e-01
0.000000000000000000e+00 1.808517128229141235e-01
0.000000000000000000e+00 1.521458327770233154e-01
0.000000000000000000e+00 1.339843720197677612e-01
0.000000000000000000e+00 1.067187786102294922e-01
0.000000000000000000e+00 8.314724266529083252e-02
0.000000000000000000e+00 7.397444546222686768e-02
0.000000000000000000e+00 8.675556629896163940e-02
0.000000000000000000e+00 1.248724535107612610e-01
0.000000000000000000e+00 1.128245741128921509e-01
0.000000000000000000e+00 1.283914744853973389e-01
0.000000000000000000e+00 1.161444485187530518e-01
0.000000000000000000e+00 1.336304098367691040e-01
0.000000000000000000e+00 1.102294325828552246e-01
0.000000000000000000e+00 9.368447959423065186e-02
0.000000000000000000e+00 7.982235401868820190e-02
0.000000000000000000e+00 8.731292933225631714e-02
0.000000000000000000e+00 1.096841618418693542e-01
0.000000000000000000e+00 1.194219961762428284e-01
0.000000000000000000e+00 1.138046234846115112e-01
0.000000000000000000e+00 1.140866354107856750e-01
0.000000000000000000e+00 8.060635626316070557e-02
0.000000000000000000e+00 7.474893331527709961e-02
0.000000000000000000e+00 7.334862649440765381e-02
0.000000000000000000e+00 8.036233484745025635e-02
0.000000000000000000e+00 8.131815493106842041e-02
0.000000000000000000e+00 1.080941632390022278e-01
0.000000000000000000e+00 1.322683990001678467e-01
0.000000000000000000e+00 1.332271695137023926e-01
0.000000000000000000e+00 1.198269277811050415e-01
0.000000000000000000e+00 3.739090561866760254e-01
0.000000000000000000e+00 3.955584168434143066e-01
0.000000000000000000e+00 3.896113634109497070e-01
0.000000000000000000e+00 3.068733513355255127e-01
0.000000000000000000e+00 3.670701086521148682e-01
0.000000000000000000e+00 3.977267742156982422e-01
0.000000000000000000e+00 3.889721035957336426e-01
0.000000000000000000e+00 3.473172783851623535e-01
0.000000000000000000e+00 4.219724535942077637e-01
0.000000000000000000e+00 4.343316256999969482e-01
0.000000000000000000e+00 3.831197619438171387e-01
0.000000000000000000e+00 4.576541185379028320e-01
0.000000000000000000e+00 4.166307151317596436e-01
0.000000000000000000e+00 5.314438939094543457e-01
1.000000000000000000e+00 4.176255166530609131e-01
1.000000000000000000e+00 3.957541584968566895e-01
1.000000000000000000e+00 4.125717282295227051e-01
1.000000000000000000e+00 3.575870096683502197e-01
1.000000000000000000e+00 3.777151703834533691e-01
0.000000000000000000e+00 3.682575523853302002e-01
0.000000000000000000e+00 5.863976478576660156e-01
0.000000000000000000e+00 7.298812270164489746e-01
0.000000000000000000e+00 7.754219174385070801e-01
0.000000000000000000e+00 8.106251955032348633e-01
0.000000000000000000e+00 8.630689382553100586e-01
0.000000000000000000e+00 8.739537000656127930e-01
0.000000000000000000e+00 8.920153975486755371e-01
0.000000000000000000e+00 8.805435299873352051e-01
0.000000000000000000e+00 7.553148269653320312e-01
0.000000000000000000e+00 6.341941952705383301e-01
0.000000000000000000e+00 3.861171305179595947e-01
1.000000000000000000e+00 4.121707677841186523e-01
1.000000000000000000e+00 2.889213860034942627e-01
1.000000000000000000e+00 4.182903766632080078e-01
0.000000000000000000e+00 4.366301298141479492e-01
0.000000000000000000e+00 5.540648102760314941e-01
0.000000000000000000e+00 7.668234705924987793e-01
1.000000000000000000e+00 7.121330499649047852e-01
1.000000000000000000e+00 7.275815606117248535e-01
0.000000000000000000e+00 7.109487652778625488e-01
0.000000000000000000e+00 6.734606027603149414e-01
0.000000000000000000e+00 5.891231298446655273e-01
0.000000000000000000e+00 6.071553826332092285e-01
0.000000000000000000e+00 6.554593443870544434e-01
0.000000000000000000e+00 6.457746028900146484e-01
0.000000000000000000e+00 5.409765243530273438e-01
0.000000000000000000e+00 6.700064539909362793e-01
0.000000000000000000e+00 7.856345176696777344e-01
0.000000000000000000e+00 7.995119690895080566e-01
0.000000000000000000e+00 8.334697484970092773e-01
1.000000000000000000e+00 8.597444891929626465e-01
1.000000000000000000e+00 8.286993503570556641e-01
1.000000000000000000e+00 8.290037512779235840e-01
1.000000000000000000e+00 7.766321897506713867e-01
0.000000000000000000e+00 6.463090777397155762e-01
0.000000000000000000e+00 5.035308003425598145e-01
0.000000000000000000e+00 4.989848434925079346e-01
0.000000000000000000e+00 5.658757686614990234e-01
0.000000000000000000e+00 6.360490322113037109e-01
0.000000000000000000e+00 7.175925374031066895e-01
0.000000000000000000e+00 7.412752509117126465e-01
0.000000000000000000e+00 7.772578597068786621e-01
0.000000000000000000e+00 7.836207151412963867e-01
0.000000000000000000e+00 7.738678455352783203e-01
0.000000000000000000e+00 7.649401426315307617e-01
0.000000000000000000e+00 8.185245394706726074e-01
0.000000000000000000e+00 8.142493963241577148e-01
0.000000000000000000e+00 8.288394808769226074e-01
0.000000000000000000e+00 7.996327280998229980e-01
0.000000000000000000e+00 8.408601284027099609e-01
0.000000000000000000e+00 8.439869284629821777e-01
0.000000000000000000e+00 8.275336027145385742e-01
0.000000000000000000e+00 8.206512331962585449e-01
0.000000000000000000e+00 7.706802487373352051e-01
0.000000000000000000e+00 7.132801413536071777e-01
0.000000000000000000e+00 2.116536498069763184e-01
0.000000000000000000e+00 2.828712463378906250e-01
0.000000000000000000e+00 3.344796299934387207e-01
1.000000000000000000e+00 3.074665367603302002e-01
1.000000000000000000e+00 3.928187787532806396e-01
0.000000000000000000e+00 3.823677301406860352e-01
0.000000000000000000e+00 3.562242090702056885e-01
0.000000000000000000e+00 3.236466348171234131e-01
0.000000000000000000e+00 3.718721866607666016e-01
0.000000000000000000e+00 3.605065345764160156e-01
0.000000000000000000e+00 3.626975715160369873e-01
0.000000000000000000e+00 3.072655498981475830e-01
0.000000000000000000e+00 4.140065312385559082e-01
0.000000000000000000e+00 4.187015295028686523e-01
1.000000000000000000e+00 3.615062534809112549e-01
1.000000000000000000e+00 3.984790146350860596e-01
1.000000000000000000e+00 4.132852256298065186e-01
1.000000000000000000e+00 3.756974935531616211e-01
0.000000000000000000e+00 4.467006623744964600e-01
0.000000000000000000e+00 5.512132644653320312e-01
0.000000000000000000e+00 5.976761579513549805e-01
0.000000000000000000e+00 7.636310458183288574e-01
0.000000000000000000e+00 7.499500513076782227e-01
0.000000000000000000e+00 7.865212559700012207e-01
0.000000000000000000e+00 7.717207074165344238e-01
0.000000000000000000e+00 7.567921876907348633e-01
0.000000000000000000e+00 7.156407833099365234e-01
0.000000000000000000e+00 6.417434811592102051e-01
0.000000000000000000e+00 5.274819135665893555e-01
0.000000000000000000e+00 5.543815493583679199e-01
0.000000000000000000e+00 5.434929132461547852e-01
0.000000000000000000e+00 6.331172585487365723e-01
1.000000000000000000e+00 6.377002000808715820e-01
0.000000000000000000e+00 6.536167263984680176e-01
0.000000000000000000e+00 6.726757287979125977e-01
0.000000000000000000e+00 5.953059792518615723e-01
0.000000000000000000e+00 5.674487352371215820e-01
1.000000000000000000e+00 5.837276577949523926e-01
0.000000000000000000e+00 5.743414759635925293e-01
0.000000000000000000e+00 4.956551790237426758e-01
0.000000000000000000e+00 3.893807828426361084e-01
0.000000000000000000e+00 3.413266837596893311e-01
0.000000000000000000e+00 2.698729932308197021e-01
0.000000000000000000e+00 3.586760461330413818e-01
0.000000000000000000e+00 3.438639640808105469e-01
0.000000000000000000e+00 5.076969265937805176e-01
0.000000000000000000e+00 5.330252051353454590e-01
0.000000000000000000e+00 4.552467465400695801e-01
0.000000000000000000e+00 4.233293533325195312e-01
0.000000000000000000e+00 3.311974406242370605e-01
0.000000000000000000e+00 2.327928841114044189e-01
0.000000000000000000e+00 2.485828101634979248e-01
0.000000000000000000e+00 2.293421328067779541e-01
0.000000000000000000e+00 3.301846683025360107e-01
0.000000000000000000e+00 3.086749911308288574e-01
0.000000000000000000e+00 2.291361391544342041e-01
0.000000000000000000e+00 2.365062236785888672e-01
0.000000000000000000e+00 2.203745692968368530e-01
0.000000000000000000e+00 2.184662818908691406e-01
0.000000000000000000e+00 2.620426118373870850e-01
0.000000000000000000e+00 2.215353101491928101e-01
1.000000000000000000e+00 2.675758898258209229e-01
0.000000000000000000e+00 2.491645812988281250e-01
0.000000000000000000e+00 2.828042209148406982e-01
0.000000000000000000e+00 2.966988086700439453e-01
0.000000000000000000e+00 2.487511783838272095e-01
0.000000000000000000e+00 2.027152180671691895e-01
0.000000000000000000e+00 1.906334161758422852e-01
0.000000000000000000e+00 2.829883992671966553e-01
0.000000000000000000e+00 5.708724260330200195e-01
0.000000000000000000e+00 6.477541327476501465e-01
0.000000000000000000e+00 6.121265292167663574e-01
0.000000000000000000e+00 6.009436845779418945e-01
0.000000000000000000e+00 4.528372585773468018e-01
0.000000000000000000e+00 3.582699894905090332e-01
