0.000000000000000000e+00 4.025745093822479248e-01
0.000000000000000000e+00 4.671542346477508545e-01
0.000000000000000000e+00 4.985273480415344238e-01
0.000000000000000000e+00 5.128429532051086426e-01
0.000000000000000000e+00 6.637481451034545898e-01
0.000000000000000000e+00 7.354859709739685059e-01
0.000000000000000000e+00 6.882895827293395996e-01
0.000000000000000000e+00 7.939493060111999512e-01
0.000000000000000000e+00 7.429792284965515137e-01
0.000000000000000000e+00 7.458024024963378906e-01
0.000000000000000000e+00 7.528570890426635742e-01
0.000000000000000000e+00 8.162596225738525391e-01
0.000000000000000000e+00 7.785139679908752441e-01
0.000000000000000000e+00 7.775906920433044434e-01
0.000000000000000000e+00 8.249782323837280273e-01
1.000000000000000000e+00 8.520408272743225098e-01
1.000000000000000000e+00 8.265544176101684570e-01
1.000000000000000000e+00 8.610172867774963379e-01
1.000000000000000000e+00 8.708978295326232910e-01
1.000000000000000000e+00 8.865021467208862305e-01
1.000000000000000000e+00 9.037903547286987305e-01
1.000000000000000000e+00 9.340927600860595703e-01
1.000000000000000000e+00 9.363567829132080078e-01
1.000000000000000000e+00 9.490867853164672852e-01
0.000000000000000000e+00 9.229831695556640625e-01
0.000000000000000000e+00 8.263869285583496094e-01
0.000000000000000000e+00 4.147093594074249268e-01
0.000000000000000000e+00 1.434482485055923462e-01
0.000000000000000000e+00 4.431102797389030457e-02
0.000000000000000000e+00 2.866922644898295403e-03
0.000000000000000000e+00 1.362932729534804821e-03
0.000000000000000000e+00 2.920801343861967325e-04
0.000000000000000000e+00 1.271185319637879729e-04
0.000000000000000000e+00 4.095663098269142210e-05
0.000000000000000000e+00 1.798588527890387923e-05
0.000000000000000000e+00 1.190547845908440650e-05
0.000000000000000000e+00 3.398699163881246932e-06
0.000000000000000000e+00 3.525889951561111957e-06
0.000000000000000000e+00 3.009809915965888649e-06
0.000000000000000000e+00 1.761197836458450183e-06
0.000000000000000000e+00 1.702884901533252560e-06
0.000000000000000000e+00 2.102396365444292314e-06
0.000000000000000000e+00 2.650743681442691013e-06
0.000000000000000000e+00 5.077806235931348056e-06
0.000000000000000000e+00 1.283764504478313029e-05
0.000000000000000000e+00 2.348529547452926636e-02
0.000000000000000000e+00 3.708815434947609901e-03
0.000000000000000000e+00 1.193222473375499249e-03
0.000000000000000000e+00 2.698612224776297808e-04
0.000000000000000000e+00 4.975831325282342732e-05
0.000000000000000000e+00 1.591262662259396166e-05
0.000000000000000000e+00 2.799299636535579339e-06
0.000000000000000000e+00 7.358897846643230878e-07
0.000000000000000000e+00 2.310556084239578922e-07
0.000000000000000000e+00 6.982138245348323835e-08
0.000000000000000000e+00 1.708525942945016141e-08
0.000000000000000000e+00 5.161577387724491928e-09
0.000000000000000000e+00 2.341020710616703582e-09
0.000000000000000000e+00 8.401841999905457214e-10
0.000000000000000000e+00 4.286774546446991963e-10
0.000000000000000000e+00 2.256577008585836097e-10
0.000000000000000000e+00 1.170029351182932942e-10
0.000000000000000000e+00 5.911397760183234595e-11
0.000000000000000000e+00 4.607042178306208768e-11
0.000000000000000000e+00 2.506373233956971092e-11
0.000000000000000000e+00 1.746689425041747512e-11
0.000000000000000000e+00 1.012965752944516851e-11
0.000000000000000000e+00 1.192388895954188399e-11
0.000000000000000000e+00 8.348925717438504535e-12
0.000000000000000000e+00 6.727591140426314453e-12
0.000000000000000000e+00 4.626359625253817498e-12
0.000000000000000000e+00 4.426914997773812033e-12
0.000000000000000000e+00 3.596387077031693025e-12
0.000000000000000000e+00 3.480681888545777980e-12
0.000000000000000000e+00 2.622630194612507459e-12
0.000000000000000000e+00 3.037433802741129618e-12
0.000000000000000000e+00 2.762883888687839296e-12
0.000000000000000000e+00 2.971727464801121599e-12
0.000000000000000000e+00 2.125086348211957521e-12
0.000000000000000000e+00 2.245489167870817759e-12
0.000000000000000000e+00 2.131028643478916074e-12
0.000000000000000000e+00 2.462065273878266680e-12
0.000000000000000000e+00 2.622290188811216005e-12
0.000000000000000000e+00 2.422429444537410603e-12
0.000000000000000000e+00 2.584157497362293832e-12
0.000000000000000000e+00 2.432931243620539696e-12
0.000000000000000000e+00 2.495652989820129619e-12
0.000000000000000000e+00 3.474274687387257643e-12
0.000000000000000000e+00 2.423395468673095188e-12
0.000000000000000000e+00 3.266301291937612206e-12
0.000000000000000000e+00 1.144403684884309769e-02
0.000000000000000000e+00 5.001340061426162720e-03
0.000000000000000000e+00 1.721758046187460423e-03
0.000000000000000000e+00 6.616889149881899357e-04
0.000000000000000000e+00 3.574760048650205135e-04
0.000000000000000000e+00 1.788066874723881483e-04
0.000000000000000000e+00 8.930725016398355365e-05
0.000000000000000000e+00 4.523205643636174500e-05
0.000000000000000000e+00 2.830211633408907801e-05
0.000000000000000000e+00 2.513774234103038907e-05
0.000000000000000000e+00 1.324599634244805202e-05
0.000000000000000000e+00 9.177047104458324611e-06
0.000000000000000000e+00 7.078716407704632729e-06
0.000000000000000000e+00 6.189128271216759458e-06
0.000000000000000000e+00 3.989267042925348505e-06
0.000000000000000000e+00 4.675559466704726219e-06
0.000000000000000000e+00 3.469879175099777058e-06
0.000000000000000000e+00 3.309618477942422032e-06
0.000000000000000000e+00 4.642342901206575334e-06
0.000000000000000000e+00 4.148615971644176170e-06
0.000000000000000000e+00 4.081256975041469559e-06
0.000000000000000000e+00 4.334082859713817015e-06
0.000000000000000000e+00 3.027551883860724047e-06
0.000000000000000000e+00 3.339586783113190904e-06
0.000000000000000000e+00 2.661498911038506776e-06
0.000000000000000000e+00 2.685278332137386315e-06
0.000000000000000000e+00 2.165084879379719496e-06
0.000000000000000000e+00 2.063807869490119629e-06
0.000000000000000000e+00 2.008542423936887644e-06
0.000000000000000000e+00 1.722806814541399945e-06
0.000000000000000000e+00 1.396341986037441529e-06
0.000000000000000000e+00 9.589191449776990339e-07
0.000000000000000000e+00 1.070032112693297677e-06
0.000000000000000000e+00 9.239212204192881472e-07
0.000000000000000000e+00 7.732575681984599214e-07
0.000000000000000000e+00 6.228137863217853010e-07
0.000000000000000000e+00 7.389461416096310131e-07
0.000000000000000000e+00 5.943911105532606598e-07
0.000000000000000000e+00 7.203993845905642956e-07
0.000000000000000000e+00 6.463706085924059153e-07
0.000000000000000000e+00 6.939830541341507342e-07
0.000000000000000000e+00 7.081290505084325559e-07
0.000000000000000000e+00 8.771887678449274972e-07
0.000000000000000000e+00 8.184505873032321688e-07
0.000000000000000000e+00 7.770743764012877364e-07
0.000000000000000000e+00 5.289142485707998276e-03
0.000000000000000000e+00 2.039401326328516006e-03
0.000000000000000000e+00 1.413090387359261513e-03
0.000000000000000000e+00 6.871549994684755802e-04
0.000000000000000000e+00 5.035944632254540920e-04
0.000000000000000000e+00 1.789636153262108564e-04
0.000000000000000000e+00 7.556495984317734838e-05
0.000000000000000000e+00 3.528558227117173374e-05
0.000000000000000000e+00 2.106891588482540101e-05
0.000000000000000000e+00 1.128321218857308850e-05
0.000000000000000000e+00 7.708310477028135210e-06
0.000000000000000000e+00 4.082432496943511069e-06
0.000000000000000000e+00 4.253478437021840364e-06
0.000000000000000000e+00 2.631979896250413731e-06
0.000000000000000000e+00 2.431589791740407236e-06
0.000000000000000000e+00 2.127164634657674469e-06
0.000000000000000000e+00 2.159064024453982711e-06
0.000000000000000000e+00 2.232055066997418180e-06
0.000000000000000000e+00 2.543556774980970658e-06
0.000000000000000000e+00 2.823071326929493807e-06
0.000000000000000000e+00 3.041988293261965737e-06
0.000000000000000000e+00 2.820667987180058844e-06
0.000000000000000000e+00 2.859638470908976160e-06
0.000000000000000000e+00 2.751913825704832561e-06
0.000000000000000000e+00 3.149155645587597974e-06
0.000000000000000000e+00 3.234135647289804183e-06
0.000000000000000000e+00 3.837264557660091668e-06
0.000000000000000000e+00 4.318849732953822240e-06
0.000000000000000000e+00 4.947565685142762959e-06
0.000000000000000000e+00 4.768085091200191528e-06
0.000000000000000000e+00 5.112670351081760600e-06
0.000000000000000000e+00 5.437816525954985991e-06
0.000000000000000000e+00 5.944086296949535608e-06
0.000000000000000000e+00 6.126463176769902930e-06
0.000000000000000000e+00 6.505811597889987752e-06
0.000000000000000000e+00 9.081063581106718630e-06
0.000000000000000000e+00 9.026710358739364892e-06
0.000000000000000000e+00 9.535028766549658030e-06
0.000000000000000000e+00 9.300101737608201802e-06
0.000000000000000000e+00 9.814507393457461149e-06
0.000000000000000000e+00 1.020868148771114647e-05
0.000000000000000000e+00 1.089308989321580157e-05
0.000000000000000000e+00 1.065351716533768922e-05
0.000000000000000000e+00 1.060122212948044762e-05
0.000000000000000000e+00 1.114848510042065755e-05
0.000000000000000000e+00 2.796228276565670967e-03
0.000000000000000000e+00 7.837598677724599838e-04
0.000000000000000000e+00 3.048750804737210274e-04
0.000000000000000000e+00 6.217144255060702562e-05
0.000000000000000000e+00 1.984320442716125399e-05
0.000000000000000000e+00 6.350525382003979757e-06
0.000000000000000000e+00 1.992362740566022694e-06
0.000000000000000000e+00 1.055038410413544625e-06
0.000000000000000000e+00 3.942483033370081102e-07
0.000000000000000000e+00 2.797319780256657396e-07
0.000000000000000000e+00 1.752661233922481188e-07
0.000000000000000000e+00 1.013849058040250384e-07
0.000000000000000000e+00 7.300921822661621263e-08
0.000000000000000000e+00 5.562888816257327562e-08
0.000000000000000000e+00 4.261108443870398332e-08
0.000000000000000000e+00 4.314677326533455926e-08
0.000000000000000000e+00 4.052127877685052226e-08
0.000000000000000000e+00 6.129025109657959547e-08
0.000000000000000000e+00 7.674275792624030146e-08
0.000000000000000000e+00 1.192793774862366263e-07
0.000000000000000000e+00 1.704535890212355298e-07
0.000000000000000000e+00 2.133160421635693638e-07
0.000000000000000000e+00 2.685526681034389185e-07
0.000000000000000000e+00 1.970226151115639368e-07
0.000000000000000000e+00 3.244313120376318693e-07
0.000000000000000000e+00 3.289870846856501885e-07
0.000000000000000000e+00 4.605929291301436024e-07
0.000000000000000000e+00 5.537788752008054871e-07
0.000000000000000000e+00 5.390230626289849170e-07
0.000000000000000000e+00 5.032231911172857508e-07
0.000000000000000000e+00 4.679225185100222006e-07
0.000000000000000000e+00 3.955419174417329486e-07
0.000000000000000000e+00 4.228763543778768508e-07
0.000000000000000000e+00 4.692345214607485104e-07
0.000000000000000000e+00 3.518096605148457456e-07
0.000000000000000000e+00 2.827183323006465798e-07
0.000000000000000000e+00 3.146884068883082364e-07
0.000000000000000000e+00 3.971752562392794061e-07
0.000000000000000000e+00 3.847936227430182043e-07
0.000000000000000000e+00 3.901638763181836111e-07
0.000000000000000000e+00 3.077371388826577459e-07
0.000000000000000000e+00 3.484213380033907015e-07
0.000000000000000000e+00 4.381228109195944853e-07
0.000000000000000000e+00 3.109056478933780454e-07
0.000000000000000000e+00 3.186651724718103651e-07
0.000000000000000000e+00 5.574281141161918640e-02
0.000000000000000000e+00 6.604539602994918823e-02
0.000000000000000000e+00 2.092367857694625854e-01
0.000000000000000000e+00 5.999516844749450684e-01
0.000000000000000000e+00 6.763978600502014160e-01
0.000000000000000000e+00 8.209980726242065430e-01
0.000000000000000000e+00 9.127754569053649902e-01
0.000000000000000000e+00 9.009906649589538574e-01
0.000000000000000000e+00 7.693716287612915039e-01
0.000000000000000000e+00 7.221079468727111816e-01
0.000000000000000000e+00 5.319662094116210938e-01
0.000000000000000000e+00 3.338778018951416016e-01
0.000000000000000000e+00 4.677194356918334961e-01
0.000000000000000000e+00 4.788998067378997803e-01
0.000000000000000000e+00 5.705041289329528809e-01
0.000000000000000000e+00 2.967127561569213867e-01
1.000000000000000000e+00 2.392745912075042725e-01
1.000000000000000000e+00 3.321608901023864746e-01
1.000000000000000000e+00 2.106055170297622681e-01
1.000000000000000000e+00 4.264500737190246582e-01
1.000000000000000000e+00 2.327905446290969849e-01
1.000000000000000000e+00 1.870477944612503052e-01
1.000000000000000000e+00 1.152968406677246094e-01
1.000000000000000000e+00 9.946487098932266235e-02
0.000000000000000000e+00 1.636507920920848846e-02
0.000000000000000000e+00 1.173987518996000290e-02
0.000000000000000000e+00 5.818624515086412430e-03
0.000000000000000000e+00 2.698729047551751137e-03
0.000000000000000000e+00 1.100629335269331932e-03
0.000000000000000000e+00 3.581305791158229113e-04
0.000000000000000000e+00 2.846777497325092554e-04
0.000000000000000000e+00 1.574173511471599340e-04
0.000000000000000000e+00 1.275338727282360196e-04
0.000000000000000000e+00 8.205833728425204754e-05
0.000000000000000000e+00 7.046353857731446624e-05
0.000000000000000000e+00 5.637426147586666048e-05
0.000000000000000000e+00 4.399363024276681244e-05
0.000000000000000000e+00 5.624275217996910214e-05
0.000000000000000000e+00 6.150391709525138140e-05
0.000000000000000000e+00 2.839465560100506991e-05
0.000000000000000000e+00 3.233614552300423384e-05
0.000000000000000000e+00 2.690015389816835523e-05
0.000000000000000000e+00 4.081517909071408212e-05
0.000000000000000000e+00 3.991884659626521170e-05
0.000000000000000000e+00 5.508942922460846603e-05
0.000000000000000000e+00 6.443230807781219482e-02
0.000000000000000000e+00 5.152415484189987183e-02
0.000000000000000000e+00 7.075756043195724487e-02
0.000000000000000000e+00 5.072892084717750549e-02
0.000000000000000000e+00 5.942873284220695496e-02
0.000000000000000000e+00 9.216531366109848022e-02
0.000000000000000000e+00 6.427183002233505249e-02
0.000000000000000000e+00 7.134177535772323608e-02
0.000000000000000000e+00 4.990282282233238220e-02
0.000000000000000000e+00 4.702746123075485229e-02
0.000000000000000000e+00 5.907220020890235901e-02
0.000000000000000000e+00 8.898886293172836304e-02
0.000000000000000000e+00 6.528391689062118530e-02
0.000000000000000000e+00 6.051035597920417786e-02
0.000000000000000000e+00 6.039184704422950745e-02
0.000000000000000000e+00 3.813105821609497070e-02
1.000000000000000000e+00 5.597972124814987183e-02
1.000000000000000000e+00 6.329108029603958130e-02
1.000000000000000000e+00 4.116562753915786743e-02
1.000000000000000000e+00 9.282150119543075562e-02
1.000000000000000000e+00 1.291419863700866699e-01
1.000000000000000000e+00 1.227977499365806580e-01
1.000000000000000000e+00 1.725040674209594727e-01
1.000000000000000000e+00 1.718071997165679932e-01
0.000000000000000000e+00 7.406333088874816895e-02
0.000000000000000000e+00 2.396427094936370850e-02
0.000000000000000000e+00 8.803766220808029175e-03
0.000000000000000000e+00 2.356248442083597183e-03
0.000000000000000000e+00 5.756288301199674606e-04
0.000000000000000000e+00 1.925041142385452986e-04
0.000000000000000000e+00 3.629241473390720785e-05
0.000000000000000000e+00 2.197154390159994364e-05
0.000000000000000000e+00 6.798006779717979953e-06
0.000000000000000000e+00 1.970913444893085398e-06
0.000000000000000000e+00 9.188634635393100325e-07
0.000000000000000000e+00 1.797012316728796577e-07
0.000000000000000000e+00 1.228785464491011226e-07
0.000000000000000000e+00 7.697276060980584589e-08
0.000000000000000000e+00 3.624739264296295005e-08
0.000000000000000000e+00 1.200920163313412559e-08
0.000000000000000000e+00 6.861561541171568024e-09
0.000000000000000000e+00 2.619159777950130774e-09
0.000000000000000000e+00 2.183611735873114412e-09
0.000000000000000000e+00 1.166282292963671807e-09
0.000000000000000000e+00 1.033925278726144370e-09
0.000000000000000000e+00 8.460124135017395020e-01
0.000000000000000000e+00 8.621121644973754883e-01
0.000000000000000000e+00 8.660323023796081543e-01
0.000000000000000000e+00 8.618614673614501953e-01
0.000000000000000000e+00 8.233397006988525391e-01
0.000000000000000000e+00 8.595918416976928711e-01
0.000000000000000000e+00 8.662582039833068848e-01
0.000000000000000000e+00 8.944433927536010742e-01
0.000000000000000000e+00 9.023872613906860352e-01
0.000000000000000000e+00 8.957901597023010254e-01
0.000000000000000000e+00 9.108550548553466797e-01
0.000000000000000000e+00 8.969539999961853027e-01
0.000000000000000000e+00 9.247355461120605469e-01
0.000000000000000000e+00 9.202629327774047852e-01
0.000000000000000000e+00 9.150772094726562500e-01
1.000000000000000000e+00 9.137256145477294922e-01
1.000000000000000000e+00 9.209725856781005859e-01
1.000000000000000000e+00 9.462538957595825195e-01
1.000000000000000000e+00 9.493007659912109375e-01
1.000000000000000000e+00 9.543440937995910645e-01
1.000000000000000000e+00 9.669061303138732910e-01
1.000000000000000000e+00 9.698808193206787109e-01
1.000000000000000000e+00 9.548692107200622559e-01
1.000000000000000000e+00 9.391934275627136230e-01
0.000000000000000000e+00 8.673229813575744629e-01
0.000000000000000000e+00 4.760521352291107178e-01
0.000000000000000000e+00 1.263330280780792236e-01
0.000000000000000000e+00 4.361105710268020630e-02
0.000000000000000000e+00 7.791849784553050995e-03
0.000000000000000000e+00 1.181480591185390949e-03
0.000000000000000000e+00 1.923782110679894686e-04
0.000000000000000000e+00 5.388591671362519264e-05
0.000000000000000000e+00 1.937203342095017433e-05
0.000000000000000000e+00 5.361839612305629998e-06
0.000000000000000000e+00 1.998812422243645415e-06
0.000000000000000000e+00 9.645910949984681793e-07
0.000000000000000000e+00 2.803350014346506214e-07
0.000000000000000000e+00 1.957169502020406071e-07
0.000000000000000000e+00 1.154158795202420151e-07
0.000000000000000000e+00 6.099345739585260162e-08
0.000000000000000000e+00 4.155609900635681697e-08
0.000000000000000000e+00 3.065598264129221207e-08
0.000000000000000000e+00 1.632461810174845596e-08
0.000000000000000000e+00 2.667668042022341979e-08
0.000000000000000000e+00 2.156189893298687821e-08
