0.000000000000000000e+00 3.279864788055419922e-01
0.000000000000000000e+00 2.876075208187103271e-01
0.000000000000000000e+00 3.248544931411743164e-01
0.000000000000000000e+00 2.764033079147338867e-01
0.000000000000000000e+00 2.057852596044540405e-01
0.000000000000000000e+00 2.738194465637207031e-01
0.000000000000000000e+00 3.013301193714141846e-01
0.000000000000000000e+00 3.100451529026031494e-01
0.000000000000000000e+00 5.252882838249206543e-01
0.000000000000000000e+00 5.139024257659912109e-01
0.000000000000000000e+00 5.674944519996643066e-01
0.000000000000000000e+00 6.984249353408813477e-01
0.000000000000000000e+00 7.453224062919616699e-01
0.000000000000000000e+00 7.019329071044921875e-01
0.000000000000000000e+00 6.432307958602905273e-01
1.000000000000000000e+00 6.369878649711608887e-01
1.000000000000000000e+00 6.099374294281005859e-01
1.000000000000000000e+00 4.778406918048858643e-01
0.000000000000000000e+00 5.733234286308288574e-01
0.000000000000000000e+00 4.575335085391998291e-01
0.000000000000000000e+00 4.963562488555908203e-01
0.000000000000000000e+00 4.133117794990539551e-01
0.000000000000000000e+00 5.070630908012390137e-01
0.000000000000000000e+00 4.422611594200134277e-01
0.000000000000000000e+00 3.770847022533416748e-01
0.000000000000000000e+00 3.076876103878021240e-01
0.000000000000000000e+00 3.053949475288391113e-01
1.000000000000000000e+00 2.709336578845977783e-01
0.000000000000000000e+00 2.703032493591308594e-01
0.000000000000000000e+00 2.345605790615081787e-01
0.000000000000000000e+00 2.682196795940399170e-01
0.000000000000000000e+00 2.165376693010330200e-01
1.000000000000000000e+00 2.310222685337066650e-01
0.000000000000000000e+00 1.393908709287643433e-01
0.000000000000000000e+00 1.275825053453445435e-01
0.000000000000000000e+00 1.771087646484375000e-01
0.000000000000000000e+00 3.425635993480682373e-01
1.000000000000000000e+00 3.818044066429138184e-01
1.000000000000000000e+00 4.678748250007629395e-01
0.000000000000000000e+00 4.752654433250427246e-01
0.000000000000000000e+00 4.113175868988037109e-01
0.000000000000000000e+00 3.167904317378997803e-01
0.000000000000000000e+00 2.797669768333435059e-01
0.000000000000000000e+00 2.668423354625701904e-01
0.000000000000000000e+00 1.824721843004226685e-01
0.000000000000000000e+00 2.178101092576980591e-01
0.000000000000000000e+00 1.947171837091445923e-01
0.000000000000000000e+00 3.686390221118927002e-01
0.000000000000000000e+00 3.193632662296295166e-01
0.000000000000000000e+00 2.755701839923858643e-01
0.000000000000000000e+00 2.004406899213790894e-01
0.000000000000000000e+00 8.540796488523483276e-02
0.000000000000000000e+00 1.324492394924163818e-01
0.000000000000000000e+00 1.589673757553100586e-01
0.000000000000000000e+00 1.546267271041870117e-01
0.000000000000000000e+00 1.683090478181838989e-01
0.000000000000000000e+00 1.601995676755905151e-01
0.000000000000000000e+00 1.336565911769866943e-01
0.000000000000000000e+00 9.662813693284988403e-02
0.000000000000000000e+00 1.193416118621826172e-01
0.000000000000000000e+00 6.471529603004455566e-02
0.000000000000000000e+00 1.566114276647567749e-01
0.000000000000000000e+00 2.064737081527709961e-01
0.000000000000000000e+00 1.771570742130279541e-01
0.000000000000000000e+00 1.784641891717910767e-01
0.000000000000000000e+00 1.901824474334716797e-01
0.000000000000000000e+00 9.949108213186264038e-02
0.000000000000000000e+00 1.052880883216857910e-01
0.000000000000000000e+00 1.035307496786117554e-01
0.000000000000000000e+00 8.780348300933837891e-02
0.000000000000000000e+00 8.111613988876342773e-02
0.000000000000000000e+00 9.802227467298507690e-02
0.000000000000000000e+00 1.174253523349761963e-01
1.000000000000000000e+00 1.341502368450164795e-01
0.000000000000000000e+00 8.580713719129562378e-02
0.000000000000000000e+00 4.770016297698020935e-02
0.000000000000000000e+00 4.622200876474380493e-02
0.000000000000000000e+00 3.874439001083374023e-02
0.000000000000000000e+00 4.651279002428054810e-02
0.000000000000000000e+00 5.174256861209869385e-02
0.000000000000000000e+00 6.266912072896957397e-02
0.000000000000000000e+00 6.230906024575233459e-02
0.000000000000000000e+00 8.910221606492996216e-02
0.000000000000000000e+00 9.802835434675216675e-02
0.000000000000000000e+00 1.150543838739395142e-01
0.000000000000000000e+00 1.468638479709625244e-01
0.000000000000000000e+00 1.639379858970642090e-01
0.000000000000000000e+00 2.320892810821533203e-01
0.000000000000000000e+00 2.852617800235748291e-01
0.000000000000000000e+00 2.900702953338623047e-01
0.000000000000000000e+00 3.719233572483062744e-01
0.000000000000000000e+00 4.766386747360229492e-01
0.000000000000000000e+00 5.478066205978393555e-01
0.000000000000000000e+00 6.102516055107116699e-01
0.000000000000000000e+00 7.030167579650878906e-01
1.000000000000000000e+00 6.650642752647399902e-01
1.000000000000000000e+00 5.449259877204895020e-01
1.000000000000000000e+00 5.044886469841003418e-01
1.000000000000000000e+00 6.166467070579528809e-01
1.000000000000000000e+00 5.821928381919860840e-01
1.000000000000000000e+00 5.812433362007141113e-01
1.000000000000000000e+00 6.653210520744323730e-01
0.000000000000000000e+00 7.252616286277770996e-01
0.000000000000000000e+00 7.223343253135681152e-01
0.000000000000000000e+00 7.447468638420104980e-01
0.000000000000000000e+00 7.116627097129821777e-01
1.000000000000000000e+00 7.324568033218383789e-01
1.000000000000000000e+00 6.319633126258850098e-01
1.000000000000000000e+00 7.288814187049865723e-01
1.000000000000000000e+00 7.429873347282409668e-01
1.000000000000000000e+00 7.164562940597534180e-01
1.000000000000000000e+00 6.031044125556945801e-01
1.000000000000000000e+00 6.760293841361999512e-01
0.000000000000000000e+00 5.329549908638000488e-01
0.000000000000000000e+00 5.335630774497985840e-01
0.000000000000000000e+00 5.008226037025451660e-01
0.000000000000000000e+00 5.195943713188171387e-01
0.000000000000000000e+00 4.572131633758544922e-01
0.000000000000000000e+00 4.868300259113311768e-01
0.000000000000000000e+00 4.430859088897705078e-01
0.000000000000000000e+00 4.555428922176361084e-01
0.000000000000000000e+00 3.526175618171691895e-01
0.000000000000000000e+00 2.287618666887283325e-01
0.000000000000000000e+00 1.461880803108215332e-01
0.000000000000000000e+00 8.907713741064071655e-02
0.000000000000000000e+00 4.764112830162048340e-02
0.000000000000000000e+00 4.470127075910568237e-02
0.000000000000000000e+00 3.666242584586143494e-02
0.000000000000000000e+00 3.525663539767265320e-02
0.000000000000000000e+00 3.987604752182960510e-02
0.000000000000000000e+00 4.039758816361427307e-02
0.000000000000000000e+00 4.178583249449729919e-02
1.000000000000000000e+00 6.010157242417335510e-02
1.000000000000000000e+00 7.748676836490631104e-02
0.000000000000000000e+00 1.069110706448554993e-01
0.000000000000000000e+00 1.952643692493438721e-01
0.000000000000000000e+00 2.376088947057723999e-01
0.000000000000000000e+00 3.268649876117706299e-01
1.000000000000000000e+00 4.679040312767028809e-01
1.000000000000000000e+00 4.817564785480499268e-01
0.000000000000000000e+00 5.532906651496887207e-01
0.000000000000000000e+00 5.303555130958557129e-01
0.000000000000000000e+00 5.057452321052551270e-01
0.000000000000000000e+00 4.798515439033508301e-01
0.000000000000000000e+00 5.508634448051452637e-01
0.000000000000000000e+00 4.920747578144073486e-01
0.000000000000000000e+00 5.588789582252502441e-01
0.000000000000000000e+00 4.968307614326477051e-01
0.000000000000000000e+00 5.698804855346679688e-01
0.000000000000000000e+00 5.572518706321716309e-01
0.000000000000000000e+00 5.364585667848587036e-02
0.000000000000000000e+00 6.732569634914398193e-02
0.000000000000000000e+00 5.101302638649940491e-02
0.000000000000000000e+00 7.824257761240005493e-02
0.000000000000000000e+00 1.576214134693145752e-01
0.000000000000000000e+00 3.147580325603485107e-01
0.000000000000000000e+00 5.331323146820068359e-01
0.000000000000000000e+00 5.327426791191101074e-01
0.000000000000000000e+00 6.848844885826110840e-01
0.000000000000000000e+00 5.810051560401916504e-01
0.000000000000000000e+00 6.228379607200622559e-01
0.000000000000000000e+00 5.918708443641662598e-01
0.000000000000000000e+00 6.497494578361511230e-01
0.000000000000000000e+00 7.241284847259521484e-01
0.000000000000000000e+00 5.989054441452026367e-01
0.000000000000000000e+00 7.126224637031555176e-01
0.000000000000000000e+00 4.736168086528778076e-01
0.000000000000000000e+00 5.085231661796569824e-01
0.000000000000000000e+00 4.115494489669799805e-01
0.000000000000000000e+00 6.151788234710693359e-01
0.000000000000000000e+00 6.214522123336791992e-01
0.000000000000000000e+00 6.981236934661865234e-01
0.000000000000000000e+00 8.279942870140075684e-01
0.000000000000000000e+00 7.944553494453430176e-01
0.000000000000000000e+00 8.979346752166748047e-01
0.000000000000000000e+00 8.859629034996032715e-01
0.000000000000000000e+00 9.107093811035156250e-01
0.000000000000000000e+00 9.087342023849487305e-01
0.000000000000000000e+00 9.164856672286987305e-01
0.000000000000000000e+00 8.694098591804504395e-01
0.000000000000000000e+00 7.953267097473144531e-01
0.000000000000000000e+00 7.750111818313598633e-01
0.000000000000000000e+00 6.130484342575073242e-01
0.000000000000000000e+00 5.939204692840576172e-01
0.000000000000000000e+00 4.773848652839660645e-01
0.000000000000000000e+00 7.089368104934692383e-01
0.000000000000000000e+00 4.915915131568908691e-01
0.000000000000000000e+00 6.301592588424682617e-01
0.000000000000000000e+00 4.191159009933471680e-01
0.000000000000000000e+00 4.058343768119812012e-01
0.000000000000000000e+00 4.553274214267730713e-01
0.000000000000000000e+00 3.987416028976440430e-01
0.000000000000000000e+00 2.962943315505981445e-01
0.000000000000000000e+00 2.190488427877426147e-01
1.000000000000000000e+00 2.468300163745880127e-01
1.000000000000000000e+00 3.168626725673675537e-01
0.000000000000000000e+00 2.653152346611022949e-01
0.000000000000000000e+00 4.105510115623474121e-01
0.000000000000000000e+00 4.053441286087036133e-01
0.000000000000000000e+00 4.261800646781921387e-01
0.000000000000000000e+00 5.697584152221679688e-01
0.000000000000000000e+00 6.344597935676574707e-01
0.000000000000000000e+00 6.437803506851196289e-01
0.000000000000000000e+00 5.509857535362243652e-01
0.000000000000000000e+00 5.622442364692687988e-01
0.000000000000000000e+00 6.321491003036499023e-01
0.000000000000000000e+00 5.756976008415222168e-01
0.000000000000000000e+00 5.988420844078063965e-01
0.000000000000000000e+00 5.965658426284790039e-01
0.000000000000000000e+00 8.055596947669982910e-01
0.000000000000000000e+00 7.882975339889526367e-01
0.000000000000000000e+00 7.732059955596923828e-01
0.000000000000000000e+00 8.051040768623352051e-01
0.000000000000000000e+00 7.516942024230957031e-01
0.000000000000000000e+00 5.639575123786926270e-01
1.000000000000000000e+00 6.236201524734497070e-01
1.000000000000000000e+00 6.374478936195373535e-01
1.000000000000000000e+00 6.468261480331420898e-01
0.000000000000000000e+00 5.568441748619079590e-01
0.000000000000000000e+00 5.655093789100646973e-01
0.000000000000000000e+00 5.098370313644409180e-01
0.000000000000000000e+00 4.799573421478271484e-01
0.000000000000000000e+00 4.309001863002777100e-01
0.000000000000000000e+00 4.044480919837951660e-01
0.000000000000000000e+00 4.459608197212219238e-01
0.000000000000000000e+00 6.262952089309692383e-01
0.000000000000000000e+00 6.830101609230041504e-01
0.000000000000000000e+00 5.842959284782409668e-01
0.000000000000000000e+00 5.586240887641906738e-01
0.000000000000000000e+00 4.956263601779937744e-01
0.000000000000000000e+00 4.577340483665466309e-01
0.000000000000000000e+00 4.876547753810882568e-01
0.000000000000000000e+00 4.590209126472473145e-01
0.000000000000000000e+00 3.583538532257080078e-01
1.000000000000000000e+00 2.809012532234191895e-01
0.000000000000000000e+00 3.624511361122131348e-01
0.000000000000000000e+00 2.449686378240585327e-01
0.000000000000000000e+00 3.356435894966125488e-01
0.000000000000000000e+00 3.710259497165679932e-01
1.000000000000000000e+00 3.112614452838897705e-01
0.000000000000000000e+00 3.444233834743499756e-01
0.000000000000000000e+00 4.168193936347961426e-01
0.000000000000000000e+00 3.929628133773803711e-01
0.000000000000000000e+00 3.918273448944091797e-01
0.000000000000000000e+00 3.961385488510131836e-01
0.000000000000000000e+00 4.047030806541442871e-01
0.000000000000000000e+00 4.665493667125701904e-01
0.000000000000000000e+00 4.693619608879089355e-01
0.000000000000000000e+00 4.958789646625518799e-01
1.000000000000000000e+00 4.904735386371612549e-01
1.000000000000000000e+00 4.784086048603057861e-01
1.000000000000000000e+00 5.082346200942993164e-01
1.000000000000000000e+00 5.131158232688903809e-01
0.000000000000000000e+00 4.807325005531311035e-01
0.000000000000000000e+00 4.681021571159362793e-01
0.000000000000000000e+00 5.253454446792602539e-01
0.000000000000000000e+00 4.237663447856903076e-01
0.000000000000000000e+00 4.322855770587921143e-01
0.000000000000000000e+00 4.136981666088104248e-01
0.000000000000000000e+00 3.699148595333099365e-01
0.000000000000000000e+00 3.556638658046722412e-01
0.000000000000000000e+00 3.930618762969970703e-01
0.000000000000000000e+00 2.258399426937103271e-01
0.000000000000000000e+00 2.790489792823791504e-01
0.000000000000000000e+00 1.977613121271133423e-01
0.000000000000000000e+00 2.263725548982620239e-01
0.000000000000000000e+00 2.065190225839614868e-01
0.000000000000000000e+00 1.585095673799514771e-01
0.000000000000000000e+00 1.393005698919296265e-01
1.000000000000000000e+00 9.629394114017486572e-02
1.000000000000000000e+00 1.220103204250335693e-01
1.000000000000000000e+00 1.455592513084411621e-01
0.000000000000000000e+00 1.232957988977432251e-01
0.000000000000000000e+00 1.336963921785354614e-01
0.000000000000000000e+00 1.656781136989593506e-01
0.000000000000000000e+00 1.549636125564575195e-01
0.000000000000000000e+00 1.247310787439346313e-01
0.000000000000000000e+00 1.547677665948867798e-01
0.000000000000000000e+00 1.589457690715789795e-01
0.000000000000000000e+00 1.693049222230911255e-01
0.000000000000000000e+00 1.499359309673309326e-01
0.000000000000000000e+00 1.172477453947067261e-01
0.000000000000000000e+00 1.814951449632644653e-01
0.000000000000000000e+00 1.806287467479705811e-01
0.000000000000000000e+00 1.237892583012580872e-01
0.000000000000000000e+00 1.286421716213226318e-01
0.000000000000000000e+00 1.425239741802215576e-01
0.000000000000000000e+00 1.464310139417648315e-01
0.000000000000000000e+00 1.402749419212341309e-01
0.000000000000000000e+00 1.457028836011886597e-01
0.000000000000000000e+00 1.596468091011047363e-01
1.000000000000000000e+00 1.465474814176559448e-01
0.000000000000000000e+00 1.667718142271041870e-01
0.000000000000000000e+00 1.556037515401840210e-01
0.000000000000000000e+00 1.883002668619155884e-01
0.000000000000000000e+00 1.275747269392013550e-01
0.000000000000000000e+00 1.485613733530044556e-01
0.000000000000000000e+00 1.112615242600440979e-01
0.000000000000000000e+00 1.630507558584213257e-01
0.000000000000000000e+00 1.736285537481307983e-01
0.000000000000000000e+00 3.274236321449279785e-01
0.000000000000000000e+00 3.596163094043731689e-01
0.000000000000000000e+00 3.720125257968902588e-01
0.000000000000000000e+00 5.730094909667968750e-01
0.000000000000000000e+00 5.508979558944702148e-01
0.000000000000000000e+00 5.209519267082214355e-01
0.000000000000000000e+00 5.188404321670532227e-01
0.000000000000000000e+00 5.545623898506164551e-01
0.000000000000000000e+00 3.024981319904327393e-01
0.000000000000000000e+00 3.967681825160980225e-01
0.000000000000000000e+00 3.459848761558532715e-01
0.000000000000000000e+00 2.000281810760498047e-01
0.000000000000000000e+00 1.868906021118164062e-01
0.000000000000000000e+00 3.557759821414947510e-01
0.000000000000000000e+00 2.779250442981719971e-01
0.000000000000000000e+00 2.474807649850845337e-01
1.000000000000000000e+00 3.000973165035247803e-01
0.000000000000000000e+00 3.082884252071380615e-01
0.000000000000000000e+00 2.601341009140014648e-01
0.000000000000000000e+00 2.831355929374694824e-01
1.000000000000000000e+00 2.131385058164596558e-01
1.000000000000000000e+00 2.652933597564697266e-01
1.000000000000000000e+00 2.034092843532562256e-01
1.000000000000000000e+00 2.067208141088485718e-01
1.000000000000000000e+00 1.874114722013473511e-01
1.000000000000000000e+00 3.396800458431243896e-01
1.000000000000000000e+00 4.924004077911376953e-01
1.000000000000000000e+00 5.397577285766601562e-01
1.000000000000000000e+00 6.311710476875305176e-01
1.000000000000000000e+00 6.228448748588562012e-01
0.000000000000000000e+00 6.768613457679748535e-01
0.000000000000000000e+00 7.917146086692810059e-01
0.000000000000000000e+00 7.310227751731872559e-01
1.000000000000000000e+00 8.345326781272888184e-01
0.000000000000000000e+00 8.097632527351379395e-01
0.000000000000000000e+00 8.739609718322753906e-01
0.000000000000000000e+00 8.763736486434936523e-01
1.000000000000000000e+00 8.180519342422485352e-01
0.000000000000000000e+00 7.196760773658752441e-01
0.000000000000000000e+00 6.060082316398620605e-01
0.000000000000000000e+00 5.563874840736389160e-01
0.000000000000000000e+00 2.445842623710632324e-01
0.000000000000000000e+00 1.305937170982360840e-01
0.000000000000000000e+00 1.016700342297554016e-01
0.000000000000000000e+00 1.520340144634246826e-01
0.000000000000000000e+00 9.559942781925201416e-02
0.000000000000000000e+00 5.460928380489349365e-02
0.000000000000000000e+00 2.527526766061782837e-02
1.000000000000000000e+00 1.298027858138084412e-02
1.000000000000000000e+00 1.047040056437253952e-02
1.000000000000000000e+00 7.566373329609632492e-03
1.000000000000000000e+00 6.824316456913948059e-03
0.000000000000000000e+00 7.105159107595682144e-03
0.000000000000000000e+00 1.358910929411649704e-02
0.000000000000000000e+00 1.611221581697463989e-02
0.000000000000000000e+00 3.686505556106567383e-02
0.000000000000000000e+00 1.812234893441200256e-02
0.000000000000000000e+00 1.655472069978713989e-02
0.000000000000000000e+00 1.632911711931228638e-02
0.000000000000000000e+00 1.069477666169404984e-02
0.000000000000000000e+00 1.203330885618925095e-02
0.000000000000000000e+00 1.309116743505001068e-02
0.000000000000000000e+00 1.238548196852207184e-02
0.000000000000000000e+00 1.560075953602790833e-02
0.000000000000000000e+00 1.516171172261238098e-02
0.000000000000000000e+00 1.914888247847557068e-02
0.000000000000000000e+00 1.998254656791687012e-02
0.000000000000000000e+00 2.669238112866878510e-02
0.000000000000000000e+00 2.271116152405738831e-02
0.000000000000000000e+00 2.862399630248546600e-02
0.000000000000000000e+00 3.611463680863380432e-02
0.000000000000000000e+00 4.432887211441993713e-02
0.000000000000000000e+00 4.902868345379829407e-02
0.000000000000000000e+00 4.834635928273200989e-02
0.000000000000000000e+00 5.425941571593284607e-02
0.000000000000000000e+00 6.128750368952751160e-02
0.000000000000000000e+00 9.925042092800140381e-02
0.000000000000000000e+00 1.452014595270156860e-01
0.000000000000000000e+00 1.626725047826766968e-01
0.000000000000000000e+00 1.834922134876251221e-01
0.000000000000000000e+00 3.387219309806823730e-01
0.000000000000000000e+00 3.086010515689849854e-01
0.000000000000000000e+00 3.342770636081695557e-01
0.000000000000000000e+00 2.628719210624694824e-01
0.000000000000000000e+00 2.700594961643218994e-01
0.000000000000000000e+00 2.993065118789672852e-01
0.000000000000000000e+00 4.397887587547302246e-01
0.000000000000000000e+00 4.799650907516479492e-01
0.000000000000000000e+00 5.064399242401123047e-01
0.000000000000000000e+00 4.582616686820983887e-01
1.000000000000000000e+00 3.948447108268737793e-01
1.000000000000000000e+00 5.355469584465026855e-01
0.000000000000000000e+00 5.143920779228210449e-01
0.000000000000000000e+00 4.406104087829589844e-01
0.000000000000000000e+00 3.378475904464721680e-01
1.000000000000000000e+00 2.499879300594329834e-01
1.000000000000000000e+00 1.755071431398391724e-01
0.000000000000000000e+00 1.822953075170516968e-01
0.000000000000000000e+00 1.252500861883163452e-01
0.000000000000000000e+00 1.992046982049942017e-01
0.000000000000000000e+00 1.842365711927413940e-01
0.000000000000000000e+00 1.768406033515930176e-01
1.000000000000000000e+00 1.421573609113693237e-01
0.000000000000000000e+00 2.119910866022109985e-01
0.000000000000000000e+00 2.548033893108367920e-01
0.000000000000000000e+00 1.369426846504211426e-01
0.000000000000000000e+00 8.964122831821441650e-02
1.000000000000000000e+00 7.052415609359741211e-02
0.000000000000000000e+00 4.343913868069648743e-02
0.000000000000000000e+00 4.780482500791549683e-02
0.000000000000000000e+00 7.806874811649322510e-02
0.000000000000000000e+00 1.146403700113296509e-01
1.000000000000000000e+00 1.997444778680801392e-01
1.000000000000000000e+00 3.371943533420562744e-01
0.000000000000000000e+00 4.026903212070465088e-01
0.000000000000000000e+00 4.230020642280578613e-01
0.000000000000000000e+00 1.789870858192443848e-01
0.000000000000000000e+00 1.313294619321823120e-01
0.000000000000000000e+00 7.823230326175689697e-02
1.000000000000000000e+00 1.138371452689170837e-01
0.000000000000000000e+00 8.352909982204437256e-02
0.000000000000000000e+00 8.575086295604705811e-02
0.000000000000000000e+00 1.257153600454330444e-01
0.000000000000000000e+00 1.279736906290054321e-01
0.000000000000000000e+00 1.060160771012306213e-01
0.000000000000000000e+00 7.030683010816574097e-02
0.000000000000000000e+00 5.343500152230262756e-02
0.000000000000000000e+00 6.312166154384613037e-02
0.000000000000000000e+00 6.975346803665161133e-02
0.000000000000000000e+00 5.500196665525436401e-02
0.000000000000000000e+00 8.731904625892639160e-02
0.000000000000000000e+00 1.368779838085174561e-01
0.000000000000000000e+00 7.957576215267181396e-02
0.000000000000000000e+00 7.596783339977264404e-02
0.000000000000000000e+00 1.086214631795883179e-01
0.000000000000000000e+00 1.135130375623703003e-01
0.000000000000000000e+00 1.649709343910217285e-01
0.000000000000000000e+00 1.350553631782531738e-01
0.000000000000000000e+00 1.537777632474899292e-01
0.000000000000000000e+00 8.765293657779693604e-02
0.000000000000000000e+00 7.647657394409179688e-02
0.000000000000000000e+00 5.780002847313880920e-02
0.000000000000000000e+00 4.932571575045585632e-02
0.000000000000000000e+00 5.843026563525199890e-02
0.000000000000000000e+00 2.921652980148792267e-02
0.000000000000000000e+00 3.741111606359481812e-02
0.000000000000000000e+00 5.563730373978614807e-02
0.000000000000000000e+00 8.935107290744781494e-02
0.000000000000000000e+00 1.405285149812698364e-01
0.000000000000000000e+00 1.007371321320533752e-01
0.000000000000000000e+00 3.203137814998626709e-01
0.000000000000000000e+00 2.517171800136566162e-01
0.000000000000000000e+00 3.270159959793090820e-01
0.000000000000000000e+00 2.546738982200622559e-01
0.000000000000000000e+00 1.890522837638854980e-01
0.000000000000000000e+00 2.146611213684082031e-01
0.000000000000000000e+00 2.622227668762207031e-01
0.000000000000000000e+00 3.236904144287109375e-01
0.000000000000000000e+00 3.298825323581695557e-01
0.000000000000000000e+00 3.984625041484832764e-01
0.000000000000000000e+00 4.125618338584899902e-01
0.000000000000000000e+00 4.815893173217773438e-01
0.000000000000000000e+00 4.907053411006927490e-01
0.000000000000000000e+00 4.575880169868469238e-01
1.000000000000000000e+00 4.392475783824920654e-01
1.000000000000000000e+00 3.174745142459869385e-01
1.000000000000000000e+00 2.196381837129592896e-01
1.000000000000000000e+00 3.268053233623504639e-01
1.000000000000000000e+00 1.257041394710540771e-01
0.000000000000000000e+00 1.282848268747329712e-01
0.000000000000000000e+00 1.986225843429565430e-01
0.000000000000000000e+00 3.400999903678894043e-01
0.000000000000000000e+00 5.250415205955505371e-01
0.000000000000000000e+00 5.590813755989074707e-01
0.000000000000000000e+00 6.262053251266479492e-01
0.000000000000000000e+00 7.047777175903320312e-01
0.000000000000000000e+00 6.575134992599487305e-01
0.000000000000000000e+00 6.476144194602966309e-01
0.000000000000000000e+00 4.205017089843750000e-01
0.000000000000000000e+00 3.197344839572906494e-01
0.000000000000000000e+00 1.454837024211883545e-01
1.000000000000000000e+00 2.228887528181076050e-01
1.000000000000000000e+00 1.473540067672729492e-01
1.000000000000000000e+00 1.992297023534774780e-01
0.000000000000000000e+00 2.750857770442962646e-01
0.000000000000000000e+00 4.523353576660156250e-01
0.000000000000000000e+00 6.386805772781372070e-01
1.000000000000000000e+00 6.187787652015686035e-01
1.000000000000000000e+00 7.372075915336608887e-01
0.000000000000000000e+00 8.075101375579833984e-01
0.000000000000000000e+00 6.564753651618957520e-01
0.000000000000000000e+00 7.425562143325805664e-01
0.000000000000000000e+00 5.944146513938903809e-01
0.000000000000000000e+00 4.513763487339019775e-01
0.000000000000000000e+00 4.289237558841705322e-01
0.000000000000000000e+00 3.570885658264160156e-01
0.000000000000000000e+00 4.381449818611145020e-01
0.000000000000000000e+00 6.607680916786193848e-01
0.000000000000000000e+00 6.213409304618835449e-01
0.000000000000000000e+00 7.046117186546325684e-01
1.000000000000000000e+00 6.640164256095886230e-01
1.000000000000000000e+00 6.077073216438293457e-01
1.000000000000000000e+00 5.918998122215270996e-01
1.000000000000000000e+00 5.125216841697692871e-01
0.000000000000000000e+00 2.387538254261016846e-01
0.000000000000000000e+00 1.455806344747543335e-01
0.000000000000000000e+00 1.782348155975341797e-01
0.000000000000000000e+00 1.501336395740509033e-01
0.000000000000000000e+00 3.546765744686126709e-01
0.000000000000000000e+00 6.156895160675048828e-01
0.000000000000000000e+00 7.406334280967712402e-01
0.000000000000000000e+00 7.833847999572753906e-01
0.000000000000000000e+00 7.729741334915161133e-01
0.000000000000000000e+00 8.076478838920593262e-01
0.000000000000000000e+00 8.166094422340393066e-01
0.000000000000000000e+00 8.039134740829467773e-01
0.000000000000000000e+00 7.858216166496276855e-01
0.000000000000000000e+00 7.541947364807128906e-01
0.000000000000000000e+00 8.014511466026306152e-01
0.000000000000000000e+00 7.983754873275756836e-01
0.000000000000000000e+00 8.268451690673828125e-01
0.000000000000000000e+00 8.030592799186706543e-01
0.000000000000000000e+00 7.135695219039916992e-01
0.000000000000000000e+00 5.947251319885253906e-01
0.000000000000000000e+00 5.565306544303894043e-01
0.000000000000000000e+00 1.450331807136535645e-01
0.000000000000000000e+00 2.189208865165710449e-01
0.000000000000000000e+00 3.047832846641540527e-01
1.000000000000000000e+00 2.751006782054901123e-01
1.000000000000000000e+00 3.282903730869293213e-01
0.000000000000000000e+00 4.094630479812622070e-01
0.000000000000000000e+00 3.776757717132568359e-01
0.000000000000000000e+00 3.739073872566223145e-01
0.000000000000000000e+00 4.991500675678253174e-01
0.000000000000000000e+00 4.380788505077362061e-01
0.000000000000000000e+00 5.379403829574584961e-01
0.000000000000000000e+00 4.386997222900390625e-01
0.000000000000000000e+00 4.676840305328369141e-01
0.000000000000000000e+00 5.672803521156311035e-01
1.000000000000000000e+00 4.688348174095153809e-01
1.000000000000000000e+00 4.595388472080230713e-01
1.000000000000000000e+00 5.563493967056274414e-01
1.000000000000000000e+00 5.240800976753234863e-01
0.000000000000000000e+00 4.167107045650482178e-01
0.000000000000000000e+00 3.685064613819122314e-01
0.000000000000000000e+00 4.931170344352722168e-01
0.000000000000000000e+00 5.129551291465759277e-01
0.000000000000000000e+00 5.579121112823486328e-01
0.000000000000000000e+00 5.559062957763671875e-01
0.000000000000000000e+00 7.036539912223815918e-01
0.000000000000000000e+00 6.697924137115478516e-01
0.000000000000000000e+00 6.538392305374145508e-01
0.000000000000000000e+00 6.652892231941223145e-01
0.000000000000000000e+00 5.718324184417724609e-01
0.000000000000000000e+00 4.660686850547790527e-01
0.000000000000000000e+00 5.376158356666564941e-01
0.000000000000000000e+00 5.188283324241638184e-01
1.000000000000000000e+00 5.524678230285644531e-01
0.000000000000000000e+00 5.433011054992675781e-01
0.000000000000000000e+00 5.478017330169677734e-01
0.000000000000000000e+00 5.085627436637878418e-01
0.000000000000000000e+00 4.991466104984283447e-01
1.000000000000000000e+00 4.051276147365570068e-01
0.000000000000000000e+00 3.357211947441101074e-01
0.000000000000000000e+00 2.796891033649444580e-01
0.000000000000000000e+00 2.340147346258163452e-01
0.000000000000000000e+00 2.449237257242202759e-01
0.000000000000000000e+00 3.487770557403564453e-01
0.000000000000000000e+00 2.605502009391784668e-01
0.000000000000000000e+00 3.589548468589782715e-01
0.000000000000000000e+00 3.446410894393920898e-01
0.000000000000000000e+00 3.354339897632598877e-01
0.000000000000000000e+00 2.888846397399902344e-01
0.000000000000000000e+00 2.044034451246261597e-01
0.000000000000000000e+00 1.608576178550720215e-01
0.000000000000000000e+00 1.488671302795410156e-01
0.000000000000000000e+00 1.311815977096557617e-01
0.000000000000000000e+00 1.103036329150199890e-01
0.000000000000000000e+00 2.145566493272781372e-01
0.000000000000000000e+00 1.101664081215858459e-01
0.000000000000000000e+00 7.592029869556427002e-02
0.000000000000000000e+00 6.029414758086204529e-02
0.000000000000000000e+00 7.944630086421966553e-02
0.000000000000000000e+00 1.069623306393623352e-01
0.000000000000000000e+00 1.650477200746536255e-01
0.000000000000000000e+00 9.239210188388824463e-02
1.000000000000000000e+00 1.151452511548995972e-01
0.000000000000000000e+00 1.858585476875305176e-01
0.000000000000000000e+00 1.800041496753692627e-01
0.000000000000000000e+00 2.740144133567810059e-01
0.000000000000000000e+00 1.300818324089050293e-01
0.000000000000000000e+00 1.960441917181015015e-01
0.000000000000000000e+00 1.901942044496536255e-01
0.000000000000000000e+00 2.706249952316284180e-01
0.000000000000000000e+00 1.658701300621032715e-01
0.000000000000000000e+00 1.592433750629425049e-01
0.000000000000000000e+00 2.075278162956237793e-01
0.000000000000000000e+00 1.497007906436920166e-01
0.000000000000000000e+00 1.537095159292221069e-01
0.000000000000000000e+00 1.398587375879287720e-01
