0.000000000000000000e+00 3.536373078823089600e-01
0.000000000000000000e+00 2.839184701442718506e-01
0.000000000000000000e+00 1.991580575704574585e-01
0.000000000000000000e+00 2.698377966880798340e-01
0.000000000000000000e+00 2.325877398252487183e-01
0.000000000000000000e+00 2.288739085197448730e-01
0.000000000000000000e+00 2.683511674404144287e-01
0.000000000000000000e+00 2.366082370281219482e-01
0.000000000000000000e+00 2.358833104372024536e-01
0.000000000000000000e+00 2.133639305830001831e-01
0.000000000000000000e+00 1.701336055994033813e-01
0.000000000000000000e+00 1.771888434886932373e-01
0.000000000000000000e+00 1.697892248630523682e-01
0.000000000000000000e+00 1.369543820619583130e-01
0.000000000000000000e+00 1.443621665239334106e-01
0.000000000000000000e+00 1.270984709262847900e-01
1.000000000000000000e+00 1.568980067968368530e-01
0.000000000000000000e+00 1.753858774900436401e-01
0.000000000000000000e+00 2.312613576650619507e-01
0.000000000000000000e+00 2.714619934558868408e-01
0.000000000000000000e+00 3.761653602123260498e-01
1.000000000000000000e+00 4.117284119129180908e-01
1.000000000000000000e+00 5.442817211151123047e-01
1.000000000000000000e+00 5.521458983421325684e-01
1.000000000000000000e+00 6.142508983612060547e-01
1.000000000000000000e+00 4.701023101806640625e-01
0.000000000000000000e+00 4.899715483188629150e-01
0.000000000000000000e+00 4.838185310363769531e-01
0.000000000000000000e+00 3.788224756717681885e-01
0.000000000000000000e+00 3.864368200302124023e-01
0.000000000000000000e+00 2.005964666604995728e-01
1.000000000000000000e+00 1.729166507720947266e-01
1.000000000000000000e+00 2.116413116455078125e-01
1.000000000000000000e+00 1.772431433200836182e-01
0.000000000000000000e+00 1.085503399372100830e-01
0.000000000000000000e+00 1.018541529774665833e-01
0.000000000000000000e+00 1.191504597663879395e-01
0.000000000000000000e+00 9.398936480283737183e-02
1.000000000000000000e+00 9.005111455917358398e-02
0.000000000000000000e+00 1.090231910347938538e-01
0.000000000000000000e+00 1.159078106284141541e-01
0.000000000000000000e+00 1.263068467378616333e-01
0.000000000000000000e+00 1.438224017620086670e-01
0.000000000000000000e+00 1.678875237703323364e-01
0.000000000000000000e+00 1.702383458614349365e-01
0.000000000000000000e+00 1.561072468757629395e-01
0.000000000000000000e+00 3.216846883296966553e-01
0.000000000000000000e+00 2.720669806003570557e-01
0.000000000000000000e+00 2.350877225399017334e-01
0.000000000000000000e+00 3.009191155433654785e-01
0.000000000000000000e+00 3.247689902782440186e-01
0.000000000000000000e+00 2.237875610589981079e-01
0.000000000000000000e+00 2.796779274940490723e-01
0.000000000000000000e+00 2.429201453924179077e-01
0.000000000000000000e+00 3.915033042430877686e-01
0.000000000000000000e+00 4.730888009071350098e-01
0.000000000000000000e+00 5.794205665588378906e-01
0.000000000000000000e+00 4.767888188362121582e-01
0.000000000000000000e+00 4.142315387725830078e-01
0.000000000000000000e+00 4.961509108543395996e-01
0.000000000000000000e+00 3.349142968654632568e-01
0.000000000000000000e+00 3.696969151496887207e-01
0.000000000000000000e+00 2.919370234012603760e-01
0.000000000000000000e+00 2.720950841903686523e-01
1.000000000000000000e+00 2.623555958271026611e-01
0.000000000000000000e+00 3.633167743682861328e-01
0.000000000000000000e+00 4.336406290531158447e-01
0.000000000000000000e+00 5.361580848693847656e-01
0.000000000000000000e+00 4.779672324657440186e-01
0.000000000000000000e+00 5.108946561813354492e-01
0.000000000000000000e+00 4.152061641216278076e-01
0.000000000000000000e+00 4.203523993492126465e-01
0.000000000000000000e+00 2.952957749366760254e-01
1.000000000000000000e+00 4.063493609428405762e-01
0.000000000000000000e+00 3.018493950366973877e-01
0.000000000000000000e+00 2.874759137630462646e-01
0.000000000000000000e+00 1.969658136367797852e-01
0.000000000000000000e+00 2.746827900409698486e-01
0.000000000000000000e+00 2.045613229274749756e-01
0.000000000000000000e+00 1.754586100578308105e-01
0.000000000000000000e+00 9.950426220893859863e-02
0.000000000000000000e+00 1.753288209438323975e-01
0.000000000000000000e+00 1.413959860801696777e-01
0.000000000000000000e+00 8.906945586204528809e-02
0.000000000000000000e+00 7.766173779964447021e-02
0.000000000000000000e+00 7.109824568033218384e-02
0.000000000000000000e+00 4.644881933927536011e-02
0.000000000000000000e+00 5.655608698725700378e-02
0.000000000000000000e+00 4.176560789346694946e-02
0.000000000000000000e+00 3.760336339473724365e-02
0.000000000000000000e+00 3.867703303694725037e-02
1.000000000000000000e+00 6.488683074712753296e-02
1.000000000000000000e+00 8.508823812007904053e-02
0.000000000000000000e+00 1.115939691662788391e-01
0.000000000000000000e+00 1.737693101167678833e-01
0.000000000000000000e+00 2.504404783248901367e-01
1.000000000000000000e+00 4.191119074821472168e-01
1.000000000000000000e+00 4.345422983169555664e-01
1.000000000000000000e+00 4.701405465602874756e-01
0.000000000000000000e+00 4.410959780216217041e-01
0.000000000000000000e+00 5.268639326095581055e-01
0.000000000000000000e+00 5.728664994239807129e-01
0.000000000000000000e+00 5.514905452728271484e-01
0.000000000000000000e+00 3.905591666698455811e-01
0.000000000000000000e+00 3.796832263469696045e-01
0.000000000000000000e+00 3.605071604251861572e-01
0.000000000000000000e+00 3.977631032466888428e-01
0.000000000000000000e+00 3.854604959487915039e-01
0.000000000000000000e+00 3.310456871986389160e-01
0.000000000000000000e+00 3.619654774665832520e-01
0.000000000000000000e+00 3.468649983406066895e-01
0.000000000000000000e+00 3.717587888240814209e-01
0.000000000000000000e+00 3.884641826152801514e-01
0.000000000000000000e+00 4.295591115951538086e-01
0.000000000000000000e+00 3.629404008388519287e-01
0.000000000000000000e+00 3.645592033863067627e-01
0.000000000000000000e+00 3.105306923389434814e-01
0.000000000000000000e+00 3.144626319408416748e-01
0.000000000000000000e+00 3.155641853809356689e-01
0.000000000000000000e+00 4.490161538124084473e-01
0.000000000000000000e+00 2.761966288089752197e-01
0.000000000000000000e+00 2.340805977582931519e-01
0.000000000000000000e+00 4.594025015830993652e-01
0.000000000000000000e+00 4.501230418682098389e-01
0.000000000000000000e+00 3.907794058322906494e-01
0.000000000000000000e+00 3.638900816440582275e-01
0.000000000000000000e+00 5.451840758323669434e-01
0.000000000000000000e+00 5.134351849555969238e-01
0.000000000000000000e+00 4.298246800899505615e-01
1.000000000000000000e+00 5.512512326240539551e-01
1.000000000000000000e+00 6.595701575279235840e-01
1.000000000000000000e+00 6.126959919929504395e-01
1.000000000000000000e+00 4.236498773097991943e-01
1.000000000000000000e+00 5.266736745834350586e-01
1.000000000000000000e+00 3.180105090141296387e-01
0.000000000000000000e+00 3.380178809165954590e-01
0.000000000000000000e+00 2.877325415611267090e-01
0.000000000000000000e+00 2.963723838329315186e-01
0.000000000000000000e+00 3.086542189121246338e-01
0.000000000000000000e+00 2.464178055524826050e-01
0.000000000000000000e+00 1.845567971467971802e-01
0.000000000000000000e+00 2.020356804132461548e-01
0.000000000000000000e+00 2.474722415208816528e-01
0.000000000000000000e+00 2.332791537046432495e-01
0.000000000000000000e+00 3.388523459434509277e-01
0.000000000000000000e+00 3.940155804157257080e-01
1.000000000000000000e+00 2.257005274295806885e-01
1.000000000000000000e+00 2.468888610601425171e-01
0.000000000000000000e+00 2.051064521074295044e-01
0.000000000000000000e+00 1.324981302022933960e-01
0.000000000000000000e+00 4.025555551052093506e-01
0.000000000000000000e+00 4.537796080112457275e-01
0.000000000000000000e+00 4.962599873542785645e-01
0.000000000000000000e+00 2.426157444715499878e-01
0.000000000000000000e+00 2.859827578067779541e-01
0.000000000000000000e+00 2.434238493442535400e-01
0.000000000000000000e+00 2.594189345836639404e-01
0.000000000000000000e+00 2.079709470272064209e-01
0.000000000000000000e+00 2.260766923427581787e-01
0.000000000000000000e+00 2.849124073982238770e-01
0.000000000000000000e+00 3.296731412410736084e-01
0.000000000000000000e+00 2.545210123062133789e-01
0.000000000000000000e+00 3.542973697185516357e-01
0.000000000000000000e+00 3.669888377189636230e-01
0.000000000000000000e+00 4.510786235332489014e-01
0.000000000000000000e+00 5.243272781372070312e-01
0.000000000000000000e+00 4.763665497303009033e-01
0.000000000000000000e+00 4.415856003761291504e-01
0.000000000000000000e+00 4.064926207065582275e-01
0.000000000000000000e+00 3.796339035034179688e-01
0.000000000000000000e+00 3.513739705085754395e-01
0.000000000000000000e+00 2.866846621036529541e-01
0.000000000000000000e+00 3.843345344066619873e-01
0.000000000000000000e+00 4.104419648647308350e-01
0.000000000000000000e+00 3.601788282394409180e-01
0.000000000000000000e+00 3.478702902793884277e-01
0.000000000000000000e+00 5.161281824111938477e-01
0.000000000000000000e+00 6.227324008941650391e-01
0.000000000000000000e+00 6.099399328231811523e-01
0.000000000000000000e+00 4.716349244117736816e-01
0.000000000000000000e+00 5.476590394973754883e-01
0.000000000000000000e+00 5.226532220840454102e-01
1.000000000000000000e+00 6.293785572052001953e-01
1.000000000000000000e+00 6.197230815887451172e-01
0.000000000000000000e+00 5.615401864051818848e-01
0.000000000000000000e+00 5.873469114303588867e-01
0.000000000000000000e+00 5.636979341506958008e-01
0.000000000000000000e+00 5.700702071189880371e-01
0.000000000000000000e+00 7.087914943695068359e-01
0.000000000000000000e+00 5.550833344459533691e-01
0.000000000000000000e+00 7.378323674201965332e-01
0.000000000000000000e+00 6.536432504653930664e-01
0.000000000000000000e+00 5.697388648986816406e-01
0.000000000000000000e+00 7.230190038681030273e-01
0.000000000000000000e+00 7.303128242492675781e-01
0.000000000000000000e+00 6.148284077644348145e-01
0.000000000000000000e+00 6.790369749069213867e-01
0.000000000000000000e+00 5.925235152244567871e-01
0.000000000000000000e+00 5.286911129951477051e-01
0.000000000000000000e+00 6.237699389457702637e-01
0.000000000000000000e+00 5.926610231399536133e-01
0.000000000000000000e+00 7.199258208274841309e-01
1.000000000000000000e+00 6.246900558471679688e-01
1.000000000000000000e+00 5.200091600418090820e-01
1.000000000000000000e+00 6.217455267906188965e-01
1.000000000000000000e+00 5.599367022514343262e-01
1.000000000000000000e+00 6.211746931076049805e-01
0.000000000000000000e+00 6.478067636489868164e-01
0.000000000000000000e+00 6.021153330802917480e-01
0.000000000000000000e+00 6.254634261131286621e-01
0.000000000000000000e+00 5.375564098358154297e-01
0.000000000000000000e+00 5.609484910964965820e-01
0.000000000000000000e+00 5.557760000228881836e-01
0.000000000000000000e+00 6.306701898574829102e-01
0.000000000000000000e+00 6.616041064262390137e-01
0.000000000000000000e+00 6.512414216995239258e-01
0.000000000000000000e+00 7.406391501426696777e-01
0.000000000000000000e+00 6.959658265113830566e-01
0.000000000000000000e+00 7.210456728935241699e-01
0.000000000000000000e+00 7.774396538734436035e-01
0.000000000000000000e+00 8.074156641960144043e-01
0.000000000000000000e+00 7.627440690994262695e-01
0.000000000000000000e+00 7.118581533432006836e-01
0.000000000000000000e+00 7.414027452468872070e-01
0.000000000000000000e+00 6.776197552680969238e-01
1.000000000000000000e+00 4.046254456043243408e-01
1.000000000000000000e+00 4.453956186771392822e-01
1.000000000000000000e+00 5.565608739852905273e-01
1.000000000000000000e+00 4.614357352256774902e-01
0.000000000000000000e+00 3.701806664466857910e-01
0.000000000000000000e+00 4.286523461341857910e-01
0.000000000000000000e+00 4.056635499000549316e-01
1.000000000000000000e+00 2.228448837995529175e-01
0.000000000000000000e+00 1.403652131557464600e-01
0.000000000000000000e+00 1.031219437718391418e-01
0.000000000000000000e+00 9.360206127166748047e-02
0.000000000000000000e+00 7.801431417465209961e-02
0.000000000000000000e+00 5.632966384291648865e-02
0.000000000000000000e+00 5.151456966996192932e-02
0.000000000000000000e+00 5.161646381020545959e-02
0.000000000000000000e+00 5.069397017359733582e-02
0.000000000000000000e+00 5.762764438986778259e-02
0.000000000000000000e+00 6.574603170156478882e-02
0.000000000000000000e+00 6.685464829206466675e-02
0.000000000000000000e+00 8.259344846010208130e-02
0.000000000000000000e+00 8.831065893173217773e-02
0.000000000000000000e+00 1.218146607279777527e-01
0.000000000000000000e+00 1.723009496927261353e-01
0.000000000000000000e+00 1.454246044158935547e-01
0.000000000000000000e+00 1.441099345684051514e-01
0.000000000000000000e+00 1.039686128497123718e-01
1.000000000000000000e+00 1.133792623877525330e-01
0.000000000000000000e+00 9.389084577560424805e-02
0.000000000000000000e+00 1.364836394786834717e-01
0.000000000000000000e+00 2.235533744096755981e-01
0.000000000000000000e+00 2.036507725715637207e-01
0.000000000000000000e+00 1.289487928152084351e-01
0.000000000000000000e+00 1.708702743053436279e-01
0.000000000000000000e+00 1.687267571687698364e-01
0.000000000000000000e+00 2.208630591630935669e-01
0.000000000000000000e+00 2.027018815279006958e-01
0.000000000000000000e+00 2.493750602006912231e-01
0.000000000000000000e+00 1.973660439252853394e-01
0.000000000000000000e+00 3.725124299526214600e-01
0.000000000000000000e+00 2.617084085941314697e-01
0.000000000000000000e+00 2.094063311815261841e-01
0.000000000000000000e+00 3.644592463970184326e-01
0.000000000000000000e+00 4.521784186363220215e-01
0.000000000000000000e+00 3.769899904727935791e-01
0.000000000000000000e+00 5.442963242530822754e-01
0.000000000000000000e+00 7.933062911033630371e-01
0.000000000000000000e+00 7.332918643951416016e-01
0.000000000000000000e+00 7.628600597381591797e-01
0.000000000000000000e+00 8.321835398674011230e-01
0.000000000000000000e+00 8.990091681480407715e-01
0.000000000000000000e+00 8.845391273498535156e-01
0.000000000000000000e+00 8.965165615081787109e-01
0.000000000000000000e+00 9.313743114471435547e-01
1.000000000000000000e+00 9.122034907341003418e-01
1.000000000000000000e+00 9.010996818542480469e-01
1.000000000000000000e+00 8.308385014533996582e-01
1.000000000000000000e+00 7.889501452445983887e-01
1.000000000000000000e+00 7.057335376739501953e-01
1.000000000000000000e+00 7.126892805099487305e-01
0.000000000000000000e+00 5.503067374229431152e-01
0.000000000000000000e+00 5.601785182952880859e-01
0.000000000000000000e+00 4.297271668910980225e-01
0.000000000000000000e+00 4.923892915248870850e-01
0.000000000000000000e+00 4.803744554519653320e-01
0.000000000000000000e+00 4.722389578819274902e-01
0.000000000000000000e+00 5.153111219406127930e-01
0.000000000000000000e+00 4.587743282318115234e-01
0.000000000000000000e+00 4.765283763408660889e-01
0.000000000000000000e+00 5.003856420516967773e-01
0.000000000000000000e+00 4.684611260890960693e-01
0.000000000000000000e+00 5.697237253189086914e-01
0.000000000000000000e+00 4.798131585121154785e-01
0.000000000000000000e+00 4.823791980743408203e-01
0.000000000000000000e+00 5.249214172363281250e-01
0.000000000000000000e+00 5.573722124099731445e-01
1.000000000000000000e+00 9.169628620147705078e-01
1.000000000000000000e+00 9.520052075386047363e-01
1.000000000000000000e+00 9.280053377151489258e-01
1.000000000000000000e+00 8.644600510597229004e-01
1.000000000000000000e+00 9.111325740814208984e-01
1.000000000000000000e+00 8.263422846794128418e-01
1.000000000000000000e+00 8.196847438812255859e-01
1.000000000000000000e+00 6.824271082878112793e-01
1.000000000000000000e+00 5.232017636299133301e-01
1.000000000000000000e+00 4.001751840114593506e-01
0.000000000000000000e+00 2.365098744630813599e-01
0.000000000000000000e+00 1.873022913932800293e-01
0.000000000000000000e+00 9.738966077566146851e-02
0.000000000000000000e+00 7.628145068883895874e-02
0.000000000000000000e+00 6.466459482908248901e-02
0.000000000000000000e+00 4.743644967675209045e-02
0.000000000000000000e+00 5.627196282148361206e-02
0.000000000000000000e+00 3.355501964688301086e-02
0.000000000000000000e+00 3.743386641144752502e-02
0.000000000000000000e+00 3.548472374677658081e-02
0.000000000000000000e+00 3.175417333841323853e-02
0.000000000000000000e+00 2.941305562853813171e-02
0.000000000000000000e+00 2.909906953573226929e-02
0.000000000000000000e+00 3.330084681510925293e-02
0.000000000000000000e+00 4.222576320171356201e-02
0.000000000000000000e+00 5.732205137610435486e-02
0.000000000000000000e+00 4.561234265565872192e-02
1.000000000000000000e+00 5.764691159129142761e-02
0.000000000000000000e+00 5.278043448925018311e-02
0.000000000000000000e+00 4.806327819824218750e-02
0.000000000000000000e+00 6.363578885793685913e-02
0.000000000000000000e+00 7.522515207529067993e-02
0.000000000000000000e+00 4.088307544589042664e-02
0.000000000000000000e+00 5.795117467641830444e-02
0.000000000000000000e+00 7.729919999837875366e-02
0.000000000000000000e+00 9.385109692811965942e-02
0.000000000000000000e+00 9.784413874149322510e-02
0.000000000000000000e+00 1.088883727788925171e-01
0.000000000000000000e+00 1.920665502548217773e-01
0.000000000000000000e+00 1.100836768746376038e-01
0.000000000000000000e+00 1.738436967134475708e-01
0.000000000000000000e+00 1.307612955570220947e-01
0.000000000000000000e+00 1.247326210141181946e-01
0.000000000000000000e+00 1.996710300445556641e-01
0.000000000000000000e+00 1.582973301410675049e-01
0.000000000000000000e+00 3.936822414398193359e-01
0.000000000000000000e+00 3.129577338695526123e-01
0.000000000000000000e+00 4.192497134208679199e-01
0.000000000000000000e+00 3.091643750667572021e-01
0.000000000000000000e+00 3.082087635993957520e-01
0.000000000000000000e+00 4.613504409790039062e-01
0.000000000000000000e+00 4.806947410106658936e-01
0.000000000000000000e+00 5.631366372108459473e-01
1.000000000000000000e+00 6.080259084701538086e-01
1.000000000000000000e+00 6.370537281036376953e-01
1.000000000000000000e+00 7.400868535041809082e-01
1.000000000000000000e+00 7.452345490455627441e-01
0.000000000000000000e+00 7.954638004302978516e-01
0.000000000000000000e+00 7.082873582839965820e-01
0.000000000000000000e+00 7.140931487083435059e-01
0.000000000000000000e+00 6.944758296012878418e-01
0.000000000000000000e+00 6.413065791130065918e-01
0.000000000000000000e+00 5.818058848381042480e-01
0.000000000000000000e+00 5.634771585464477539e-01
0.000000000000000000e+00 5.060666799545288086e-01
0.000000000000000000e+00 5.198129415512084961e-01
0.000000000000000000e+00 4.656601548194885254e-01
0.000000000000000000e+00 5.885071754455566406e-01
0.000000000000000000e+00 5.003985166549682617e-01
0.000000000000000000e+00 4.435163438320159912e-01
0.000000000000000000e+00 4.957223832607269287e-01
1.000000000000000000e+00 4.632154107093811035e-01
1.000000000000000000e+00 5.504794120788574219e-01
0.000000000000000000e+00 4.034693837165832520e-01
0.000000000000000000e+00 5.053159594535827637e-01
1.000000000000000000e+00 8.889562487602233887e-01
1.000000000000000000e+00 8.805238604545593262e-01
1.000000000000000000e+00 8.182311654090881348e-01
1.000000000000000000e+00 8.251270651817321777e-01
1.000000000000000000e+00 8.225427865982055664e-01
1.000000000000000000e+00 8.097396492958068848e-01
1.000000000000000000e+00 7.641552686691284180e-01
1.000000000000000000e+00 7.720139622688293457e-01
0.000000000000000000e+00 7.339042425155639648e-01
0.000000000000000000e+00 6.932715773582458496e-01
0.000000000000000000e+00 7.445273399353027344e-01
0.000000000000000000e+00 5.768911838531494141e-01
0.000000000000000000e+00 6.620439291000366211e-01
0.000000000000000000e+00 4.030997157096862793e-01
0.000000000000000000e+00 3.943017721176147461e-01
0.000000000000000000e+00 3.796788454055786133e-01
0.000000000000000000e+00 4.730277657508850098e-01
0.000000000000000000e+00 2.903081476688385010e-01
0.000000000000000000e+00 3.252272903919219971e-01
0.000000000000000000e+00 3.454982042312622070e-01
0.000000000000000000e+00 2.668480277061462402e-01
0.000000000000000000e+00 3.415794670581817627e-01
0.000000000000000000e+00 3.719201385974884033e-01
1.000000000000000000e+00 3.999678194522857666e-01
0.000000000000000000e+00 2.911494374275207520e-01
0.000000000000000000e+00 2.539683878421783447e-01
0.000000000000000000e+00 1.731094866991043091e-01
0.000000000000000000e+00 2.121485024690628052e-01
0.000000000000000000e+00 1.824497729539871216e-01
0.000000000000000000e+00 2.300309538841247559e-01
0.000000000000000000e+00 2.571166753768920898e-01
0.000000000000000000e+00 2.333164215087890625e-01
0.000000000000000000e+00 1.965061873197555542e-01
0.000000000000000000e+00 1.787588596343994141e-01
0.000000000000000000e+00 1.710864603519439697e-01
0.000000000000000000e+00 1.548444032669067383e-01
0.000000000000000000e+00 1.397373974323272705e-01
0.000000000000000000e+00 1.445105969905853271e-01
0.000000000000000000e+00 1.415353566408157349e-01
0.000000000000000000e+00 1.797446757555007935e-01
0.000000000000000000e+00 1.566897630691528320e-01
0.000000000000000000e+00 1.407248377799987793e-01
0.000000000000000000e+00 1.532073318958282471e-01
0.000000000000000000e+00 1.321691572666168213e-01
0.000000000000000000e+00 1.098603978753089905e-01
0.000000000000000000e+00 1.339638829231262207e-01
0.000000000000000000e+00 1.472005695104598999e-01
0.000000000000000000e+00 1.614549756050109863e-01
0.000000000000000000e+00 1.439522206783294678e-01
0.000000000000000000e+00 1.864152550697326660e-01
0.000000000000000000e+00 3.715630173683166504e-01
1.000000000000000000e+00 4.365647435188293457e-01
1.000000000000000000e+00 4.104446470737457275e-01
1.000000000000000000e+00 5.762277245521545410e-01
1.000000000000000000e+00 5.387318134307861328e-01
1.000000000000000000e+00 7.945061922073364258e-01
1.000000000000000000e+00 7.177411317825317383e-01
1.000000000000000000e+00 7.749734520912170410e-01
1.000000000000000000e+00 7.234849333763122559e-01
1.000000000000000000e+00 4.676145613193511963e-01
1.000000000000000000e+00 3.463344275951385498e-01
0.000000000000000000e+00 3.639668524265289307e-01
0.000000000000000000e+00 1.714944839477539062e-01
0.000000000000000000e+00 1.713320761919021606e-01
0.000000000000000000e+00 1.371353268623352051e-01
0.000000000000000000e+00 1.306095719337463379e-01
0.000000000000000000e+00 1.830238699913024902e-01
0.000000000000000000e+00 1.788069605827331543e-01
0.000000000000000000e+00 2.728533148765563965e-01
1.000000000000000000e+00 2.023834735155105591e-01
1.000000000000000000e+00 2.839632630348205566e-01
1.000000000000000000e+00 2.950368225574493408e-01
1.000000000000000000e+00 3.072485625743865967e-01
1.000000000000000000e+00 2.995550930500030518e-01
0.000000000000000000e+00 1.968264579772949219e-01
1.000000000000000000e+00 9.993962049484252930e-01
1.000000000000000000e+00 9.984684586524963379e-01
1.000000000000000000e+00 9.979185461997985840e-01
0.000000000000000000e+00 9.968022108078002930e-01
0.000000000000000000e+00 9.958908557891845703e-01
0.000000000000000000e+00 9.920227527618408203e-01
0.000000000000000000e+00 9.887091517448425293e-01
0.000000000000000000e+00 9.629756212234497070e-01
0.000000000000000000e+00 9.373335838317871094e-01
0.000000000000000000e+00 9.449891448020935059e-01
0.000000000000000000e+00 9.339409470558166504e-01
0.000000000000000000e+00 9.222353696823120117e-01
0.000000000000000000e+00 9.257130622863769531e-01
0.000000000000000000e+00 9.719325304031372070e-01
0.000000000000000000e+00 9.682655334472656250e-01
0.000000000000000000e+00 9.597267508506774902e-01
0.000000000000000000e+00 9.627142548561096191e-01
0.000000000000000000e+00 9.699130058288574219e-01
0.000000000000000000e+00 9.773933887481689453e-01
0.000000000000000000e+00 9.833394289016723633e-01
0.000000000000000000e+00 9.724828600883483887e-01
1.000000000000000000e+00 9.898315072059631348e-01
1.000000000000000000e+00 9.903610944747924805e-01
1.000000000000000000e+00 9.888717532157897949e-01
0.000000000000000000e+00 9.917935729026794434e-01
0.000000000000000000e+00 9.951836466789245605e-01
0.000000000000000000e+00 9.946041703224182129e-01
0.000000000000000000e+00 9.950880408287048340e-01
0.000000000000000000e+00 9.975532889366149902e-01
0.000000000000000000e+00 9.974265694618225098e-01
0.000000000000000000e+00 9.938187003135681152e-01
1.000000000000000000e+00 9.952351450920104980e-01
0.000000000000000000e+00 9.970334768295288086e-01
0.000000000000000000e+00 9.979040622711181641e-01
0.000000000000000000e+00 9.985405206680297852e-01
0.000000000000000000e+00 9.975854158401489258e-01
0.000000000000000000e+00 9.984543323516845703e-01
0.000000000000000000e+00 9.988629817962646484e-01
0.000000000000000000e+00 9.991361498832702637e-01
0.000000000000000000e+00 9.983527660369873047e-01
0.000000000000000000e+00 9.989380240440368652e-01
0.000000000000000000e+00 9.992029070854187012e-01
0.000000000000000000e+00 9.993525147438049316e-01
0.000000000000000000e+00 9.994396567344665527e-01
1.000000000000000000e+00 9.991151690483093262e-01
1.000000000000000000e+00 9.995311498641967773e-01
0.000000000000000000e+00 9.995318651199340820e-01
0.000000000000000000e+00 9.994919300079345703e-01
0.000000000000000000e+00 9.995847344398498535e-01
0.000000000000000000e+00 9.995614886283874512e-01
0.000000000000000000e+00 9.996904134750366211e-01
0.000000000000000000e+00 9.996433258056640625e-01
0.000000000000000000e+00 9.997622370719909668e-01
0.000000000000000000e+00 9.997728466987609863e-01
0.000000000000000000e+00 9.997898936271667480e-01
0.000000000000000000e+00 9.997951388359069824e-01
0.000000000000000000e+00 9.997710585594177246e-01
0.000000000000000000e+00 9.997814297676086426e-01
0.000000000000000000e+00 9.997655749320983887e-01
1.000000000000000000e+00 9.996941089630126953e-01
1.000000000000000000e+00 9.997999072074890137e-01
0.000000000000000000e+00 9.998544454574584961e-01
0.000000000000000000e+00 9.998052716255187988e-01
0.000000000000000000e+00 9.997203946113586426e-01
0.000000000000000000e+00 9.996203184127807617e-01
0.000000000000000000e+00 9.996215105056762695e-01
0.000000000000000000e+00 9.993599057197570801e-01
0.000000000000000000e+00 9.993165731430053711e-01
1.000000000000000000e+00 9.987572431564331055e-01
1.000000000000000000e+00 9.983970522880554199e-01
1.000000000000000000e+00 9.980518817901611328e-01
1.000000000000000000e+00 9.935802221298217773e-01
0.000000000000000000e+00 9.880914688110351562e-01
0.000000000000000000e+00 9.639465808868408203e-01
0.000000000000000000e+00 9.818794131278991699e-01
0.000000000000000000e+00 9.255209565162658691e-01
0.000000000000000000e+00 9.149472713470458984e-01
0.000000000000000000e+00 9.428907036781311035e-01
0.000000000000000000e+00 8.987589478492736816e-01
0.000000000000000000e+00 8.973312377929687500e-01
0.000000000000000000e+00 9.279458522796630859e-01
0.000000000000000000e+00 9.442143440246582031e-01
0.000000000000000000e+00 9.532828927040100098e-01
0.000000000000000000e+00 9.521892070770263672e-01
0.000000000000000000e+00 9.371514916419982910e-01
0.000000000000000000e+00 9.648088812828063965e-01
0.000000000000000000e+00 9.646617770195007324e-01
0.000000000000000000e+00 9.682644009590148926e-01
0.000000000000000000e+00 9.663470983505249023e-01
1.000000000000000000e+00 9.533969759941101074e-01
1.000000000000000000e+00 9.452703595161437988e-01
1.000000000000000000e+00 9.358896017074584961e-01
1.000000000000000000e+00 9.316146969795227051e-01
1.000000000000000000e+00 9.305769801139831543e-01
1.000000000000000000e+00 9.195339083671569824e-01
1.000000000000000000e+00 9.075881838798522949e-01
1.000000000000000000e+00 8.652207851409912109e-01
1.000000000000000000e+00 7.824521064758300781e-01
1.000000000000000000e+00 6.588411331176757812e-01
1.000000000000000000e+00 5.852050185203552246e-01
0.000000000000000000e+00 4.423930644989013672e-01
0.000000000000000000e+00 4.084483683109283447e-01
0.000000000000000000e+00 3.715434372425079346e-01
0.000000000000000000e+00 2.720212042331695557e-01
0.000000000000000000e+00 2.501785457134246826e-01
0.000000000000000000e+00 2.105567157268524170e-01
0.000000000000000000e+00 1.946646869182586670e-01
1.000000000000000000e+00 1.801815181970596313e-01
0.000000000000000000e+00 1.755487769842147827e-01
0.000000000000000000e+00 1.914319097995758057e-01
0.000000000000000000e+00 1.304578483104705811e-01
0.000000000000000000e+00 1.446199566125869751e-01
0.000000000000000000e+00 1.464571803808212280e-01
0.000000000000000000e+00 1.261875778436660767e-01
0.000000000000000000e+00 1.345577090978622437e-01
0.000000000000000000e+00 1.368153691291809082e-01
0.000000000000000000e+00 1.131923645734786987e-01
0.000000000000000000e+00 1.548195481300354004e-01
0.000000000000000000e+00 2.118774950504302979e-01
0.000000000000000000e+00 2.059210985898971558e-01
0.000000000000000000e+00 2.806977331638336182e-01
0.000000000000000000e+00 3.064183592796325684e-01
0.000000000000000000e+00 4.660540819168090820e-01
0.000000000000000000e+00 3.817171752452850342e-01
0.000000000000000000e+00 5.235607624053955078e-01
0.000000000000000000e+00 3.300432264804840088e-01
0.000000000000000000e+00 3.549770712852478027e-01
0.000000000000000000e+00 3.369809687137603760e-01
0.000000000000000000e+00 3.472697436809539795e-01
0.000000000000000000e+00 5.339257717132568359e-01
0.000000000000000000e+00 5.530955195426940918e-01
0.000000000000000000e+00 7.119749784469604492e-01
0.000000000000000000e+00 4.946642816066741943e-01
0.000000000000000000e+00 3.776744008064270020e-01
0.000000000000000000e+00 4.605567753314971924e-01
0.000000000000000000e+00 5.236353278160095215e-01
0.000000000000000000e+00 5.681069493293762207e-01
0.000000000000000000e+00 4.507351219654083252e-01
0.000000000000000000e+00 4.478590190410614014e-01
0.000000000000000000e+00 5.858116149902343750e-01
0.000000000000000000e+00 6.734914183616638184e-01
0.000000000000000000e+00 6.047741174697875977e-01
0.000000000000000000e+00 6.312463879585266113e-01
0.000000000000000000e+00 7.570641040802001953e-01
0.000000000000000000e+00 6.079893708229064941e-01
0.000000000000000000e+00 8.110028505325317383e-01
0.000000000000000000e+00 8.335072398185729980e-01
1.000000000000000000e+00 8.324859738349914551e-01
1.000000000000000000e+00 8.686907887458801270e-01
0.000000000000000000e+00 7.522683739662170410e-01
