0.000000000000000000e+00 8.779572844505310059e-01
0.000000000000000000e+00 8.657289743423461914e-01
0.000000000000000000e+00 8.661868572235107422e-01
0.000000000000000000e+00 8.742309808731079102e-01
0.000000000000000000e+00 8.732948303222656250e-01
0.000000000000000000e+00 8.415858745574951172e-01
0.000000000000000000e+00 8.476509451866149902e-01
0.000000000000000000e+00 8.360067009925842285e-01
0.000000000000000000e+00 8.186339735984802246e-01
0.000000000000000000e+00 8.163018226623535156e-01
0.000000000000000000e+00 8.407787680625915527e-01
0.000000000000000000e+00 8.299880623817443848e-01
0.000000000000000000e+00 8.196653127670288086e-01
0.000000000000000000e+00 8.165343999862670898e-01
0.000000000000000000e+00 8.535311222076416016e-01
1.000000000000000000e+00 8.569382429122924805e-01
1.000000000000000000e+00 8.539121747016906738e-01
1.000000000000000000e+00 8.866674900054931641e-01
1.000000000000000000e+00 8.929420113563537598e-01
1.000000000000000000e+00 8.950233459472656250e-01
1.000000000000000000e+00 9.142136573791503906e-01
1.000000000000000000e+00 9.212219119071960449e-01
1.000000000000000000e+00 9.436518549919128418e-01
1.000000000000000000e+00 9.474332332611083984e-01
0.000000000000000000e+00 8.005651235580444336e-01
0.000000000000000000e+00 7.306418418884277344e-01
0.000000000000000000e+00 2.301836311817169189e-01
0.000000000000000000e+00 9.194017946720123291e-02
0.000000000000000000e+00 4.272388666868209839e-02
0.000000000000000000e+00 1.313553564250469208e-02
0.000000000000000000e+00 2.606838708743453026e-03
0.000000000000000000e+00 7.977715576998889446e-04
0.000000000000000000e+00 1.943791576195508242e-04
0.000000000000000000e+00 1.093446553568355739e-04
0.000000000000000000e+00 4.542116585071198642e-05
0.000000000000000000e+00 3.209323404007591307e-05
0.000000000000000000e+00 2.151324224541895092e-05
0.000000000000000000e+00 1.707307092146947980e-05
0.000000000000000000e+00 1.064120169758098200e-05
0.000000000000000000e+00 9.803207831282634288e-06
0.000000000000000000e+00 8.419997357123065740e-06
0.000000000000000000e+00 8.918680578062776476e-06
0.000000000000000000e+00 1.389253520756028593e-05
0.000000000000000000e+00 2.219553607574198395e-05
0.000000000000000000e+00 3.786678280448541045e-05
0.000000000000000000e+00 1.647253148257732391e-02
0.000000000000000000e+00 4.936443641781806946e-03
0.000000000000000000e+00 1.905711018480360508e-03
0.000000000000000000e+00 3.710494202096015215e-04
0.000000000000000000e+00 2.684810606297105551e-04
0.000000000000000000e+00 6.210116407601162791e-05
0.000000000000000000e+00 2.119689270330127329e-05
0.000000000000000000e+00 8.418311153945978731e-06
0.000000000000000000e+00 3.334968823764938861e-06
0.000000000000000000e+00 1.727439780552231241e-06
0.000000000000000000e+00 4.614916520040424075e-07
0.000000000000000000e+00 2.608935858461336466e-07
0.000000000000000000e+00 1.045768769358801364e-07
0.000000000000000000e+00 5.468200470204465091e-08
0.000000000000000000e+00 2.768560314336809824e-08
0.000000000000000000e+00 2.318457426042641600e-08
0.000000000000000000e+00 1.580833597358832776e-08
0.000000000000000000e+00 1.134599347807352387e-08
0.000000000000000000e+00 7.967964954502804176e-09
0.000000000000000000e+00 6.347746328572156926e-09
0.000000000000000000e+00 4.591703905987287726e-09
0.000000000000000000e+00 4.328655212049170586e-09
0.000000000000000000e+00 3.522415026324665632e-09
0.000000000000000000e+00 3.033362672155703876e-09
0.000000000000000000e+00 2.512277053057232479e-09
0.000000000000000000e+00 2.226696604878952712e-09
0.000000000000000000e+00 2.607168037016549533e-09
0.000000000000000000e+00 2.782911678878008388e-09
0.000000000000000000e+00 2.644096275261631490e-09
0.000000000000000000e+00 1.978615049580412233e-09
0.000000000000000000e+00 2.534899623540809444e-09
0.000000000000000000e+00 2.110777108654815493e-09
0.000000000000000000e+00 1.821114037348081638e-09
0.000000000000000000e+00 1.432061247363947132e-09
0.000000000000000000e+00 2.149413536045585715e-09
0.000000000000000000e+00 1.672688321185944460e-09
0.000000000000000000e+00 1.630230062055204598e-09
0.000000000000000000e+00 2.306991708778127759e-09
0.000000000000000000e+00 1.883798894652954914e-09
0.000000000000000000e+00 1.846137243077805579e-09
0.000000000000000000e+00 2.026603107552205074e-09
0.000000000000000000e+00 1.854331577177958934e-09
0.000000000000000000e+00 2.302029233902658234e-09
0.000000000000000000e+00 2.628378181768198374e-09
0.000000000000000000e+00 1.918302849901465379e-09
0.000000000000000000e+00 2.942298166453838348e-02
0.000000000000000000e+00 6.588603835552930832e-03
0.000000000000000000e+00 2.839212305843830109e-03
0.000000000000000000e+00 5.571582005359232426e-04
0.000000000000000000e+00 6.359560065902769566e-04
0.000000000000000000e+00 2.288526884512975812e-04
0.000000000000000000e+00 7.162539986893534660e-05
0.000000000000000000e+00 6.938877777429297566e-05
0.000000000000000000e+00 3.450551594141870737e-05
0.000000000000000000e+00 1.798756784410215914e-05
0.000000000000000000e+00 8.209112820622976869e-06
0.000000000000000000e+00 5.636999503622064367e-06
0.000000000000000000e+00 3.398789885977748781e-06
0.000000000000000000e+00 2.207538727816427127e-06
0.000000000000000000e+00 1.447174327040556818e-06
0.000000000000000000e+00 1.620637476662523113e-06
0.000000000000000000e+00 1.367969048260420095e-06
0.000000000000000000e+00 1.199935354634362739e-06
0.000000000000000000e+00 9.908645779432845302e-07
0.000000000000000000e+00 1.126311985899519641e-06
0.000000000000000000e+00 1.109225536310987081e-06
0.000000000000000000e+00 9.047851676768914331e-07
0.000000000000000000e+00 9.128751798925804906e-07
0.000000000000000000e+00 7.470842433576763142e-07
0.000000000000000000e+00 8.613388899902929552e-07
0.000000000000000000e+00 6.632201916545454878e-07
0.000000000000000000e+00 6.244487167350598611e-07
0.000000000000000000e+00 5.284028361529635731e-07
0.000000000000000000e+00 4.419723325099766953e-07
0.000000000000000000e+00 3.474885374998848420e-07
0.000000000000000000e+00 2.764376745290064719e-07
0.000000000000000000e+00 2.582734452971635619e-07
0.000000000000000000e+00 2.247368797725357581e-07
0.000000000000000000e+00 1.632552510955065372e-07
0.000000000000000000e+00 1.591503036024732864e-07
0.000000000000000000e+00 1.761480348250188399e-07
0.000000000000000000e+00 1.342673243698300212e-07
0.000000000000000000e+00 1.403161604685010388e-07
0.000000000000000000e+00 1.129314384229473944e-07
0.000000000000000000e+00 1.550641002268093871e-07
0.000000000000000000e+00 1.308429489199625095e-07
0.000000000000000000e+00 1.344538844705311931e-07
0.000000000000000000e+00 1.800202653612359427e-07
0.000000000000000000e+00 2.304565924760026974e-07
0.000000000000000000e+00 2.767848172879894264e-07
0.000000000000000000e+00 1.655216445215046406e-03
0.000000000000000000e+00 4.800056922249495983e-04
0.000000000000000000e+00 1.575878122821450233e-04
0.000000000000000000e+00 1.295545953325927258e-04
0.000000000000000000e+00 2.374250107095576823e-05
0.000000000000000000e+00 1.463861462980275974e-05
0.000000000000000000e+00 3.177297912770882249e-06
0.000000000000000000e+00 1.477955379414197523e-06
0.000000000000000000e+00 5.099451527712517418e-07
0.000000000000000000e+00 2.479420402323739836e-07
0.000000000000000000e+00 1.092656418677506736e-07
0.000000000000000000e+00 7.561423842616932234e-08
0.000000000000000000e+00 2.309070801231882797e-08
0.000000000000000000e+00 2.129415932472511486e-08
0.000000000000000000e+00 1.051655118544658762e-08
0.000000000000000000e+00 7.857850370385222050e-09
0.000000000000000000e+00 6.254330386923356855e-09
0.000000000000000000e+00 5.474427577922824639e-09
0.000000000000000000e+00 4.142589826727771651e-09
0.000000000000000000e+00 4.463183156389050055e-09
0.000000000000000000e+00 4.989411994671399952e-09
0.000000000000000000e+00 4.356285554507621782e-09
0.000000000000000000e+00 4.064316883045648865e-09
0.000000000000000000e+00 3.313790353232093366e-09
0.000000000000000000e+00 3.394303282888699869e-09
0.000000000000000000e+00 4.772240380646053381e-09
0.000000000000000000e+00 4.847872769886407696e-09
0.000000000000000000e+00 7.368530230422720706e-09
0.000000000000000000e+00 8.136021634186363372e-09
0.000000000000000000e+00 8.694945208276294579e-09
0.000000000000000000e+00 1.045371433860964316e-08
0.000000000000000000e+00 1.012351091844720941e-08
0.000000000000000000e+00 9.574825377001161542e-09
0.000000000000000000e+00 9.610412021743286459e-09
0.000000000000000000e+00 1.160664009347556203e-08
0.000000000000000000e+00 1.655729420235729776e-08
0.000000000000000000e+00 1.868366616974981298e-08
0.000000000000000000e+00 2.313801239495205664e-08
0.000000000000000000e+00 2.413864841344093293e-08
0.000000000000000000e+00 2.361994333455186279e-08
0.000000000000000000e+00 2.234095752839948545e-08
0.000000000000000000e+00 2.500360629653641809e-08
0.000000000000000000e+00 2.337688798093040532e-08
0.000000000000000000e+00 2.760603479146084283e-08
0.000000000000000000e+00 2.492841488788144488e-08
0.000000000000000000e+00 2.236537402495741844e-03
0.000000000000000000e+00 9.129285463131964207e-04
0.000000000000000000e+00 2.016280050156638026e-04
0.000000000000000000e+00 5.409650111687369645e-05
0.000000000000000000e+00 1.518280078016687185e-05
0.000000000000000000e+00 4.674386673286790028e-06
0.000000000000000000e+00 1.399600364493380766e-06
0.000000000000000000e+00 5.730804559789248742e-07
0.000000000000000000e+00 1.652228434068092611e-07
0.000000000000000000e+00 6.334022373266634531e-08
0.000000000000000000e+00 4.550076582177098317e-08
0.000000000000000000e+00 2.962045364540699666e-08
0.000000000000000000e+00 1.604231059104677115e-08
0.000000000000000000e+00 8.893876746185469528e-09
0.000000000000000000e+00 6.973431609935687447e-09
0.000000000000000000e+00 5.917168088842572615e-09
0.000000000000000000e+00 7.305724025741255900e-09
0.000000000000000000e+00 8.817008456674102490e-09
0.000000000000000000e+00 1.040474018054737826e-08
0.000000000000000000e+00 1.789198655899326695e-08
0.000000000000000000e+00 2.630310369511335011e-08
0.000000000000000000e+00 3.895778277751560381e-08
0.000000000000000000e+00 5.946621328689616348e-08
0.000000000000000000e+00 6.260706442162700114e-08
0.000000000000000000e+00 7.221852627026237315e-08
0.000000000000000000e+00 1.203479627065462410e-07
0.000000000000000000e+00 1.068691517502884381e-07
0.000000000000000000e+00 1.253569621439964976e-07
0.000000000000000000e+00 1.423066180450405227e-07
0.000000000000000000e+00 2.064255539835357922e-07
0.000000000000000000e+00 1.432613032648077933e-07
0.000000000000000000e+00 1.206297071121298359e-07
0.000000000000000000e+00 1.440332511037922814e-07
0.000000000000000000e+00 1.429140183972776867e-07
0.000000000000000000e+00 9.114731369663786609e-08
0.000000000000000000e+00 9.038833326258099987e-08
0.000000000000000000e+00 7.945674695974958013e-08
0.000000000000000000e+00 8.275947038782760501e-08
0.000000000000000000e+00 8.234442816501541529e-08
0.000000000000000000e+00 1.021826108171808301e-07
0.000000000000000000e+00 1.257950401623020298e-07
0.000000000000000000e+00 1.358802137474413030e-07
0.000000000000000000e+00 1.006967096373045933e-07
0.000000000000000000e+00 6.425956655675690854e-08
0.000000000000000000e+00 5.744139386365532118e-08
0.000000000000000000e+00 3.730902075767517090e-02
0.000000000000000000e+00 3.631448745727539062e-02
0.000000000000000000e+00 1.959325820207595825e-01
0.000000000000000000e+00 2.534266710281372070e-01
0.000000000000000000e+00 5.922953486442565918e-01
0.000000000000000000e+00 8.120824098587036133e-01
0.000000000000000000e+00 7.890805006027221680e-01
0.000000000000000000e+00 8.612434864044189453e-01
0.000000000000000000e+00 8.891336917877197266e-01
0.000000000000000000e+00 7.599454522132873535e-01
0.000000000000000000e+00 4.701076149940490723e-01
0.000000000000000000e+00 3.316507339477539062e-01
0.000000000000000000e+00 4.674007594585418701e-01
0.000000000000000000e+00 3.118529617786407471e-01
0.000000000000000000e+00 1.358038187026977539e-01
0.000000000000000000e+00 2.365282326936721802e-01
1.000000000000000000e+00 2.099494040012359619e-01
1.000000000000000000e+00 2.374263703823089600e-01
1.000000000000000000e+00 1.722004264593124390e-01
1.000000000000000000e+00 3.800749778747558594e-01
1.000000000000000000e+00 2.264051586389541626e-01
1.000000000000000000e+00 1.377538591623306274e-01
1.000000000000000000e+00 3.171997070312500000e-01
1.000000000000000000e+00 1.876615285873413086e-01
0.000000000000000000e+00 1.003183647990226746e-01
0.000000000000000000e+00 8.813083916902542114e-02
0.000000000000000000e+00 5.642468854784965515e-02
0.000000000000000000e+00 1.622569747269153595e-02
0.000000000000000000e+00 1.223815605044364929e-02
0.000000000000000000e+00 3.396686399355530739e-03
0.000000000000000000e+00 1.290743122808635235e-03
0.000000000000000000e+00 4.811048274859786034e-04
0.000000000000000000e+00 6.614467711187899113e-04
0.000000000000000000e+00 3.839918063022196293e-04
0.000000000000000000e+00 3.871853405144065619e-04
0.000000000000000000e+00 3.302166296634823084e-04
0.000000000000000000e+00 2.864176640287041664e-04
0.000000000000000000e+00 2.071034105028957129e-04
0.000000000000000000e+00 2.695662551559507847e-04
0.000000000000000000e+00 2.372144517721608281e-04
0.000000000000000000e+00 1.920217764563858509e-04
0.000000000000000000e+00 1.852778514148667455e-04
0.000000000000000000e+00 1.856194721767678857e-04
0.000000000000000000e+00 1.370520330965518951e-04
0.000000000000000000e+00 2.403855760348960757e-04
0.000000000000000000e+00 1.781682074069976807e-01
0.000000000000000000e+00 1.735677868127822876e-01
0.000000000000000000e+00 1.351564526557922363e-01
0.000000000000000000e+00 1.400467604398727417e-01
0.000000000000000000e+00 1.816449463367462158e-01
0.000000000000000000e+00 1.770700812339782715e-01
0.000000000000000000e+00 1.437940299510955811e-01
0.000000000000000000e+00 1.369709223508834839e-01
0.000000000000000000e+00 1.841834187507629395e-01
0.000000000000000000e+00 1.743588298559188843e-01
0.000000000000000000e+00 1.956661939620971680e-01
0.000000000000000000e+00 1.363797336816787720e-01
0.000000000000000000e+00 1.351839601993560791e-01
0.000000000000000000e+00 1.463066786527633667e-01
0.000000000000000000e+00 1.515465825796127319e-01
0.000000000000000000e+00 1.657003760337829590e-01
1.000000000000000000e+00 1.587861180305480957e-01
1.000000000000000000e+00 1.340522617101669312e-01
1.000000000000000000e+00 1.943891942501068115e-01
1.000000000000000000e+00 1.428291052579879761e-01
1.000000000000000000e+00 2.193011194467544556e-01
1.000000000000000000e+00 3.067434132099151611e-01
1.000000000000000000e+00 2.586601972579956055e-01
1.000000000000000000e+00 1.469702273607254028e-01
0.000000000000000000e+00 9.692795574665069580e-02
0.000000000000000000e+00 3.161808848381042480e-02
0.000000000000000000e+00 2.281152643263339996e-02
0.000000000000000000e+00 6.582661066204309464e-03
0.000000000000000000e+00 2.225250471383333206e-03
0.000000000000000000e+00 1.003757701255381107e-03
0.000000000000000000e+00 1.869564439402893186e-04
0.000000000000000000e+00 1.187134621432051063e-04
0.000000000000000000e+00 2.282298919453751296e-05
0.000000000000000000e+00 1.181743755296338350e-05
0.000000000000000000e+00 4.641059149435022846e-06
0.000000000000000000e+00 3.417582775000482798e-06
0.000000000000000000e+00 1.282459606954944320e-06
0.000000000000000000e+00 1.217216890836425591e-06
0.000000000000000000e+00 5.744758482251199894e-07
0.000000000000000000e+00 2.825819365170900710e-07
0.000000000000000000e+00 2.594445902559527894e-07
0.000000000000000000e+00 1.485126972511352506e-07
0.000000000000000000e+00 8.940823903458294808e-08
0.000000000000000000e+00 1.126515556393314910e-07
0.000000000000000000e+00 8.515834792888199445e-08
0.000000000000000000e+00 8.616641163825988770e-01
0.000000000000000000e+00 8.483854532241821289e-01
0.000000000000000000e+00 8.685695528984069824e-01
0.000000000000000000e+00 8.605534434318542480e-01
0.000000000000000000e+00 8.636853694915771484e-01
0.000000000000000000e+00 8.569505214691162109e-01
0.000000000000000000e+00 8.699005246162414551e-01
0.000000000000000000e+00 8.670361638069152832e-01
0.000000000000000000e+00 8.895914554595947266e-01
0.000000000000000000e+00 9.018266201019287109e-01
0.000000000000000000e+00 8.881993889808654785e-01
0.000000000000000000e+00 9.093629717826843262e-01
0.000000000000000000e+00 9.189217686653137207e-01
0.000000000000000000e+00 9.193999767303466797e-01
0.000000000000000000e+00 9.280989766120910645e-01
1.000000000000000000e+00 9.222235083580017090e-01
1.000000000000000000e+00 9.280362725257873535e-01
1.000000000000000000e+00 9.395557045936584473e-01
1.000000000000000000e+00 9.420848488807678223e-01
1.000000000000000000e+00 9.477630257606506348e-01
1.000000000000000000e+00 9.383800625801086426e-01
1.000000000000000000e+00 9.476264119148254395e-01
1.000000000000000000e+00 9.516628384590148926e-01
1.000000000000000000e+00 8.895477652549743652e-01
0.000000000000000000e+00 7.580077648162841797e-01
0.000000000000000000e+00 5.327389240264892578e-01
0.000000000000000000e+00 2.981582880020141602e-01
0.000000000000000000e+00 5.969354137778282166e-02
0.000000000000000000e+00 2.117229811847209930e-02
0.000000000000000000e+00 3.304579528048634529e-03
0.000000000000000000e+00 8.781181531958281994e-04
0.000000000000000000e+00 2.557822153903543949e-04
0.000000000000000000e+00 4.708703636424615979e-05
0.000000000000000000e+00 2.000213316932786256e-05
0.000000000000000000e+00 5.117690307088196278e-06
0.000000000000000000e+00 1.869441462076792959e-06
0.000000000000000000e+00 6.154872949082346167e-07
0.000000000000000000e+00 2.855286993508343585e-07
0.000000000000000000e+00 1.473454460665379884e-07
0.000000000000000000e+00 7.976894522698785295e-08
0.000000000000000000e+00 3.737369524969835766e-08
0.000000000000000000e+00 2.231106321914921864e-08
0.000000000000000000e+00 1.340973376784404536e-08
0.000000000000000000e+00 1.038225949656634839e-08
0.000000000000000000e+00 8.875168155952906091e-09
