0.000000000000000000e+00 1.855211108922958374e-01
1.000000000000000000e+00 2.215155065059661865e-01
1.000000000000000000e+00 9.898015856742858887e-02
1.000000000000000000e+00 3.289746642112731934e-01
0.000000000000000000e+00 4.125616550445556641e-01
0.000000000000000000e+00 5.596565604209899902e-01
0.000000000000000000e+00 6.178898811340332031e-01
0.000000000000000000e+00 7.273594737052917480e-01
0.000000000000000000e+00 6.949003934860229492e-01
0.000000000000000000e+00 7.426589727401733398e-01
0.000000000000000000e+00 6.687779426574707031e-01
0.000000000000000000e+00 7.312920093536376953e-01
0.000000000000000000e+00 7.851310372352600098e-01
1.000000000000000000e+00 7.917324304580688477e-01
1.000000000000000000e+00 7.967067360877990723e-01
1.000000000000000000e+00 8.441126346588134766e-01
1.000000000000000000e+00 8.199060559272766113e-01
1.000000000000000000e+00 8.059771656990051270e-01
1.000000000000000000e+00 8.882706761360168457e-01
1.000000000000000000e+00 8.653097748756408691e-01
1.000000000000000000e+00 8.194146156311035156e-01
1.000000000000000000e+00 7.980689406394958496e-01
1.000000000000000000e+00 7.773781418800354004e-01
1.000000000000000000e+00 7.929362058639526367e-01
1.000000000000000000e+00 7.128293514251708984e-01
1.000000000000000000e+00 5.332113504409790039e-01
1.000000000000000000e+00 4.345550835132598877e-01
1.000000000000000000e+00 2.177767306566238403e-01
0.000000000000000000e+00 1.544693112373352051e-01
0.000000000000000000e+00 7.613459229469299316e-02
0.000000000000000000e+00 3.785220533609390259e-02
0.000000000000000000e+00 2.053985372185707092e-02
0.000000000000000000e+00 9.206376969814300537e-03
0.000000000000000000e+00 5.171777680516242981e-03
0.000000000000000000e+00 3.810096997767686844e-03
0.000000000000000000e+00 2.915580756962299347e-03
0.000000000000000000e+00 2.060416620224714279e-03
0.000000000000000000e+00 1.089639728888869286e-03
1.000000000000000000e+00 1.127330237068235874e-03
1.000000000000000000e+00 7.492204313166439533e-04
1.000000000000000000e+00 5.640959134325385094e-04
1.000000000000000000e+00 5.581851000897586346e-04
1.000000000000000000e+00 4.540466179605573416e-04
1.000000000000000000e+00 4.313758399803191423e-04
1.000000000000000000e+00 3.963527851738035679e-04
1.000000000000000000e+00 1.466207504272460938e-01
0.000000000000000000e+00 9.293331205844879150e-02
0.000000000000000000e+00 6.486426293849945068e-02
0.000000000000000000e+00 5.226300656795501709e-02
0.000000000000000000e+00 4.822593927383422852e-02
0.000000000000000000e+00 3.489446267485618591e-02
0.000000000000000000e+00 2.203029580414295197e-02
0.000000000000000000e+00 1.515435799956321716e-02
0.000000000000000000e+00 1.478977687656879425e-02
0.000000000000000000e+00 1.491660997271537781e-02
0.000000000000000000e+00 1.937541738152503967e-02
0.000000000000000000e+00 1.294969022274017334e-02
0.000000000000000000e+00 1.322113536298274994e-02
0.000000000000000000e+00 7.730789016932249069e-03
0.000000000000000000e+00 5.725776311010122299e-03
0.000000000000000000e+00 4.921590909361839294e-03
0.000000000000000000e+00 3.135713515803217888e-03
0.000000000000000000e+00 3.244293155148625374e-03
0.000000000000000000e+00 3.036141628399491310e-03
0.000000000000000000e+00 2.712047193199396133e-03
0.000000000000000000e+00 1.996535109356045723e-03
0.000000000000000000e+00 2.973751164972782135e-03
0.000000000000000000e+00 2.473364118486642838e-03
0.000000000000000000e+00 2.530349418520927429e-03
0.000000000000000000e+00 2.524898387491703033e-03
0.000000000000000000e+00 2.385639352723956108e-03
0.000000000000000000e+00 3.023867728188633919e-03
0.000000000000000000e+00 3.167883493006229401e-03
0.000000000000000000e+00 4.273537080734968185e-03
0.000000000000000000e+00 3.493892727419734001e-03
0.000000000000000000e+00 5.667306482791900635e-03
0.000000000000000000e+00 7.996186614036560059e-03
0.000000000000000000e+00 4.500381182879209518e-03
0.000000000000000000e+00 8.932668715715408325e-03
0.000000000000000000e+00 3.881473792716860771e-03
0.000000000000000000e+00 4.967354238033294678e-03
0.000000000000000000e+00 1.302696857601404190e-02
0.000000000000000000e+00 8.172987960278987885e-03
0.000000000000000000e+00 5.475305952131748199e-03
0.000000000000000000e+00 7.945075631141662598e-03
0.000000000000000000e+00 1.110678259283304214e-02
0.000000000000000000e+00 7.519091945141553879e-03
0.000000000000000000e+00 5.545531399548053741e-03
0.000000000000000000e+00 1.263023447245359421e-02
0.000000000000000000e+00 1.421952527016401291e-02
0.000000000000000000e+00 1.124297529458999634e-01
0.000000000000000000e+00 1.738230884075164795e-01
0.000000000000000000e+00 1.456382721662521362e-01
0.000000000000000000e+00 1.187653541564941406e-01
0.000000000000000000e+00 1.005731448531150818e-01
0.000000000000000000e+00 1.176243573427200317e-01
0.000000000000000000e+00 1.181572228670120239e-01
0.000000000000000000e+00 1.067527383565902710e-01
0.000000000000000000e+00 1.836272925138473511e-01
0.000000000000000000e+00 1.441384255886077881e-01
0.000000000000000000e+00 1.802654564380645752e-01
0.000000000000000000e+00 2.039804309606552124e-01
0.000000000000000000e+00 3.144117593765258789e-01
0.000000000000000000e+00 1.799223124980926514e-01
0.000000000000000000e+00 1.389380097389221191e-01
0.000000000000000000e+00 1.322811394929885864e-01
0.000000000000000000e+00 9.617348015308380127e-02
0.000000000000000000e+00 5.527054145932197571e-02
0.000000000000000000e+00 8.729942142963409424e-02
0.000000000000000000e+00 1.173882335424423218e-01
0.000000000000000000e+00 4.275844618678092957e-02
0.000000000000000000e+00 3.933542966842651367e-02
0.000000000000000000e+00 2.916694618761539459e-02
0.000000000000000000e+00 2.708506025373935699e-02
0.000000000000000000e+00 1.530779898166656494e-02
0.000000000000000000e+00 2.810389548540115356e-02
0.000000000000000000e+00 1.059298962354660034e-02
0.000000000000000000e+00 1.984342001378536224e-02
0.000000000000000000e+00 4.182728473097085953e-03
0.000000000000000000e+00 4.776153713464736938e-03
0.000000000000000000e+00 6.038414780050516129e-03
0.000000000000000000e+00 5.984186194837093353e-03
0.000000000000000000e+00 5.695949308574199677e-03
0.000000000000000000e+00 3.784211818128824234e-03
0.000000000000000000e+00 6.323508452624082565e-03
0.000000000000000000e+00 1.040169131010770798e-02
0.000000000000000000e+00 5.791958887130022049e-03
0.000000000000000000e+00 1.684812828898429871e-02
0.000000000000000000e+00 5.892504006624221802e-03
0.000000000000000000e+00 1.067193131893873215e-02
0.000000000000000000e+00 8.115150034427642822e-03
0.000000000000000000e+00 1.374430488795042038e-02
0.000000000000000000e+00 7.569926325231790543e-03
0.000000000000000000e+00 2.123084850609302521e-02
0.000000000000000000e+00 1.383598241955041885e-02
0.000000000000000000e+00 3.842744603753089905e-02
0.000000000000000000e+00 3.225998207926750183e-02
0.000000000000000000e+00 2.266062796115875244e-02
0.000000000000000000e+00 2.381401881575584412e-02
0.000000000000000000e+00 1.680002361536026001e-02
0.000000000000000000e+00 1.950517669320106506e-02
0.000000000000000000e+00 1.399016845971345901e-02
0.000000000000000000e+00 1.477907411754131317e-02
0.000000000000000000e+00 1.404927391558885574e-02
0.000000000000000000e+00 9.708411991596221924e-03
0.000000000000000000e+00 1.079805195331573486e-02
0.000000000000000000e+00 1.110919751226902008e-02
0.000000000000000000e+00 1.274340040981769562e-02
0.000000000000000000e+00 1.243009325116872787e-02
0.000000000000000000e+00 1.097478903830051422e-02
0.000000000000000000e+00 1.132179517298936844e-02
0.000000000000000000e+00 1.455122884362936020e-02
0.000000000000000000e+00 1.928880438208580017e-02
0.000000000000000000e+00 1.269590947777032852e-02
0.000000000000000000e+00 1.038481947034597397e-02
0.000000000000000000e+00 9.668586775660514832e-03
0.000000000000000000e+00 9.292635135352611542e-03
0.000000000000000000e+00 2.274704724550247192e-02
0.000000000000000000e+00 8.401095867156982422e-03
0.000000000000000000e+00 1.172167714685201645e-02
0.000000000000000000e+00 1.029191911220550537e-02
0.000000000000000000e+00 5.661097355186939240e-03
0.000000000000000000e+00 6.752919871360063553e-03
0.000000000000000000e+00 5.503464024513959885e-03
0.000000000000000000e+00 6.016043480485677719e-03
0.000000000000000000e+00 7.542578503489494324e-03
0.000000000000000000e+00 8.510196581482887268e-03
0.000000000000000000e+00 6.113937590271234512e-03
0.000000000000000000e+00 7.038719020783901215e-03
0.000000000000000000e+00 8.900659158825874329e-03
0.000000000000000000e+00 7.173875346779823303e-03
0.000000000000000000e+00 6.204410921782255173e-03
0.000000000000000000e+00 5.825712345540523529e-03
0.000000000000000000e+00 7.075751665979623795e-03
0.000000000000000000e+00 5.802740808576345444e-03
0.000000000000000000e+00 3.432463621720671654e-03
0.000000000000000000e+00 7.315458264201879501e-03
0.000000000000000000e+00 6.726094521582126617e-03
0.000000000000000000e+00 2.214334532618522644e-02
0.000000000000000000e+00 1.336459536105394363e-02
0.000000000000000000e+00 8.327453732490539551e-01
0.000000000000000000e+00 7.748166918754577637e-01
0.000000000000000000e+00 7.273946404457092285e-01
0.000000000000000000e+00 6.825384497642517090e-01
0.000000000000000000e+00 6.898558139801025391e-01
0.000000000000000000e+00 6.523222923278808594e-01
0.000000000000000000e+00 6.420358419418334961e-01
0.000000000000000000e+00 5.996394157409667969e-01
0.000000000000000000e+00 5.540830492973327637e-01
0.000000000000000000e+00 5.518873333930969238e-01
0.000000000000000000e+00 5.323476791381835938e-01
0.000000000000000000e+00 4.998098015785217285e-01
0.000000000000000000e+00 4.442635774612426758e-01
0.000000000000000000e+00 4.089068472385406494e-01
0.000000000000000000e+00 4.390191137790679932e-01
0.000000000000000000e+00 3.839811086654663086e-01
0.000000000000000000e+00 4.610570371150970459e-01
0.000000000000000000e+00 3.238678872585296631e-01
0.000000000000000000e+00 2.524971961975097656e-01
0.000000000000000000e+00 1.677694916725158691e-01
0.000000000000000000e+00 1.261761635541915894e-01
0.000000000000000000e+00 5.552645400166511536e-02
0.000000000000000000e+00 4.729944095015525818e-02
0.000000000000000000e+00 6.824248284101486206e-02
0.000000000000000000e+00 4.092001169919967651e-02
0.000000000000000000e+00 2.836147695779800415e-02
0.000000000000000000e+00 4.477259144186973572e-02
0.000000000000000000e+00 1.853423938155174255e-02
0.000000000000000000e+00 2.199655212461948395e-02
0.000000000000000000e+00 5.686207488179206848e-02
0.000000000000000000e+00 1.434233505278825760e-02
0.000000000000000000e+00 2.122518047690391541e-02
0.000000000000000000e+00 3.048098087310791016e-02
0.000000000000000000e+00 2.037178352475166321e-02
0.000000000000000000e+00 2.001762762665748596e-02
0.000000000000000000e+00 2.758545428514480591e-02
0.000000000000000000e+00 1.929153874516487122e-02
0.000000000000000000e+00 1.338004600256681442e-02
0.000000000000000000e+00 2.143554948270320892e-02
0.000000000000000000e+00 1.459527388215065002e-02
0.000000000000000000e+00 1.103456784039735794e-02
0.000000000000000000e+00 1.843718439340591431e-02
0.000000000000000000e+00 1.614488102495670319e-02
0.000000000000000000e+00 1.402509957551956177e-02
0.000000000000000000e+00 2.590238302946090698e-02
0.000000000000000000e+00 2.879815697669982910e-01
1.000000000000000000e+00 1.952880918979644775e-01
0.000000000000000000e+00 2.093609571456909180e-01
0.000000000000000000e+00 1.843733042478561401e-01
0.000000000000000000e+00 1.811522692441940308e-01
0.000000000000000000e+00 1.772432774305343628e-01
0.000000000000000000e+00 2.486851960420608521e-01
0.000000000000000000e+00 1.733640879392623901e-01
0.000000000000000000e+00 1.191671267151832581e-01
0.000000000000000000e+00 1.442385911941528320e-01
0.000000000000000000e+00 1.260123848915100098e-01
0.000000000000000000e+00 1.134195774793624878e-01
0.000000000000000000e+00 1.385262608528137207e-01
1.000000000000000000e+00 1.886407434940338135e-01
1.000000000000000000e+00 1.208889484405517578e-01
1.000000000000000000e+00 1.241829767823219299e-01
1.000000000000000000e+00 9.782210737466812134e-02
1.000000000000000000e+00 1.006839647889137268e-01
1.000000000000000000e+00 1.342260390520095825e-01
1.000000000000000000e+00 1.067432314157485962e-01
1.000000000000000000e+00 8.260855078697204590e-02
1.000000000000000000e+00 8.510337024927139282e-02
1.000000000000000000e+00 7.764466851949691772e-02
1.000000000000000000e+00 7.249335199594497681e-02
1.000000000000000000e+00 5.590051412582397461e-02
1.000000000000000000e+00 8.719202131032943726e-02
0.000000000000000000e+00 5.289348587393760681e-02
0.000000000000000000e+00 5.621714890003204346e-02
0.000000000000000000e+00 4.411149770021438599e-02
0.000000000000000000e+00 4.934660717844963074e-02
0.000000000000000000e+00 6.197945028543472290e-02
0.000000000000000000e+00 5.255377665162086487e-02
0.000000000000000000e+00 5.163978040218353271e-02
0.000000000000000000e+00 5.920211225748062134e-02
0.000000000000000000e+00 5.646158754825592041e-02
0.000000000000000000e+00 8.288737386465072632e-02
0.000000000000000000e+00 8.268047124147415161e-02
0.000000000000000000e+00 8.567544817924499512e-02
0.000000000000000000e+00 7.198973745107650757e-02
0.000000000000000000e+00 9.313024580478668213e-02
0.000000000000000000e+00 9.315203875303268433e-02
0.000000000000000000e+00 1.271151304244995117e-01
0.000000000000000000e+00 2.130414843559265137e-01
0.000000000000000000e+00 1.300783753395080566e-01
0.000000000000000000e+00 1.664411723613739014e-01
0.000000000000000000e+00 4.018220806756289676e-06
0.000000000000000000e+00 2.773939058897667564e-06
0.000000000000000000e+00 2.042516143774264492e-06
0.000000000000000000e+00 2.114569724653847516e-06
0.000000000000000000e+00 2.254744003948871978e-06
0.000000000000000000e+00 4.183767714494024403e-07
0.000000000000000000e+00 3.189412325355078792e-07
0.000000000000000000e+00 2.021867260282306233e-07
0.000000000000000000e+00 4.743244517158018425e-07
0.000000000000000000e+00 3.235575150029035285e-07
0.000000000000000000e+00 1.671160703153873328e-07
1.000000000000000000e+00 2.746950258369906805e-07
0.000000000000000000e+00 2.256963114177779062e-07
1.000000000000000000e+00 2.231930693596950732e-07
1.000000000000000000e+00 8.575786125675222138e-08
1.000000000000000000e+00 8.278978214093513088e-08
1.000000000000000000e+00 4.795500530008212081e-08
1.000000000000000000e+00 5.670324298989726231e-08
1.000000000000000000e+00 2.857806258305117808e-08
1.000000000000000000e+00 3.708518292455664778e-08
1.000000000000000000e+00 3.975761231345131819e-08
1.000000000000000000e+00 5.297596672448889876e-08
1.000000000000000000e+00 9.679785861749223841e-09
1.000000000000000000e+00 1.373425817519091652e-08
1.000000000000000000e+00 1.228126578212140885e-08
0.000000000000000000e+00 3.283898308836796787e-08
0.000000000000000000e+00 2.730455861410518992e-08
0.000000000000000000e+00 1.499308943664345861e-08
0.000000000000000000e+00 1.866881227385874809e-08
0.000000000000000000e+00 2.432968848609107226e-08
0.000000000000000000e+00 3.107953006065145019e-08
0.000000000000000000e+00 1.257221970973887437e-08
0.000000000000000000e+00 5.462717211912604398e-08
1.000000000000000000e+00 3.474010057402665552e-08
0.000000000000000000e+00 3.154548622319452988e-08
0.000000000000000000e+00 3.482109889318962814e-08
0.000000000000000000e+00 1.332557388877830817e-07
0.000000000000000000e+00 8.305281085085880477e-08
0.000000000000000000e+00 2.084703822902156389e-07
0.000000000000000000e+00 4.131879620672407327e-07
0.000000000000000000e+00 5.480474101204890758e-07
0.000000000000000000e+00 1.221746856572281104e-06
0.000000000000000000e+00 2.343406777072232217e-06
0.000000000000000000e+00 3.752001248358283192e-06
0.000000000000000000e+00 5.152484391146572307e-06
0.000000000000000000e+00 9.455525875091552734e-01
0.000000000000000000e+00 9.456050395965576172e-01
1.000000000000000000e+00 9.544335603713989258e-01
0.000000000000000000e+00 9.599016308784484863e-01
0.000000000000000000e+00 9.707787632942199707e-01
0.000000000000000000e+00 9.757844209671020508e-01
0.000000000000000000e+00 9.775173068046569824e-01
0.000000000000000000e+00 9.763293266296386719e-01
0.000000000000000000e+00 9.778958559036254883e-01
0.000000000000000000e+00 9.722879528999328613e-01
0.000000000000000000e+00 9.742306470870971680e-01
1.000000000000000000e+00 9.781791567802429199e-01
1.000000000000000000e+00 9.773306846618652344e-01
1.000000000000000000e+00 9.775609374046325684e-01
1.000000000000000000e+00 9.782720804214477539e-01
1.000000000000000000e+00 9.779571294784545898e-01
1.000000000000000000e+00 9.774788618087768555e-01
1.000000000000000000e+00 9.825354814529418945e-01
1.000000000000000000e+00 9.818792939186096191e-01
1.000000000000000000e+00 9.810194373130798340e-01
1.000000000000000000e+00 9.854468107223510742e-01
1.000000000000000000e+00 9.829242825508117676e-01
1.000000000000000000e+00 9.803126454353332520e-01
1.000000000000000000e+00 9.798415899276733398e-01
1.000000000000000000e+00 9.802159667015075684e-01
1.000000000000000000e+00 9.725626707077026367e-01
0.000000000000000000e+00 9.759951233863830566e-01
0.000000000000000000e+00 9.497267603874206543e-01
0.000000000000000000e+00 9.348644614219665527e-01
0.000000000000000000e+00 8.918097615242004395e-01
0.000000000000000000e+00 8.483353257179260254e-01
0.000000000000000000e+00 7.817445993423461914e-01
0.000000000000000000e+00 7.392867803573608398e-01
0.000000000000000000e+00 7.158796787261962891e-01
0.000000000000000000e+00 6.981896758079528809e-01
0.000000000000000000e+00 6.223967671394348145e-01
0.000000000000000000e+00 6.204789876937866211e-01
0.000000000000000000e+00 5.596477985382080078e-01
0.000000000000000000e+00 5.097320079803466797e-01
0.000000000000000000e+00 4.746634662151336670e-01
0.000000000000000000e+00 4.030193686485290527e-01
0.000000000000000000e+00 3.388333916664123535e-01
0.000000000000000000e+00 2.229266166687011719e-01
0.000000000000000000e+00 3.020698726177215576e-01
0.000000000000000000e+00 1.603203862905502319e-01
