0.000000000000000000e+00 4.204137623310089111e-01
0.000000000000000000e+00 4.193916022777557373e-01
0.000000000000000000e+00 4.141102433204650879e-01
0.000000000000000000e+00 4.039263427257537842e-01
0.000000000000000000e+00 3.893651664257049561e-01
0.000000000000000000e+00 3.608070611953735352e-01
0.000000000000000000e+00 3.374752700328826904e-01
0.000000000000000000e+00 3.271078467369079590e-01
0.000000000000000000e+00 3.542463779449462891e-01
0.000000000000000000e+00 3.736778497695922852e-01
0.000000000000000000e+00 3.965138792991638184e-01
0.000000000000000000e+00 4.561807215213775635e-01
0.000000000000000000e+00 4.799297749996185303e-01
0.000000000000000000e+00 4.775248765945434570e-01
0.000000000000000000e+00 4.514859020709991455e-01
1.000000000000000000e+00 4.187316298484802246e-01
1.000000000000000000e+00 4.137264490127563477e-01
1.000000000000000000e+00 4.188189208507537842e-01
0.000000000000000000e+00 4.154683351516723633e-01
0.000000000000000000e+00 4.425882697105407715e-01
0.000000000000000000e+00 4.688258469104766846e-01
0.000000000000000000e+00 5.027221441268920898e-01
0.000000000000000000e+00 5.434066057205200195e-01
0.000000000000000000e+00 5.787778496742248535e-01
0.000000000000000000e+00 6.092599630355834961e-01
0.000000000000000000e+00 6.350924372673034668e-01
0.000000000000000000e+00 7.208143472671508789e-01
1.000000000000000000e+00 7.334216237068176270e-01
0.000000000000000000e+00 7.552221417427062988e-01
0.000000000000000000e+00 7.053102850914001465e-01
0.000000000000000000e+00 7.149864435195922852e-01
0.000000000000000000e+00 6.929359436035156250e-01
1.000000000000000000e+00 6.987420916557312012e-01
0.000000000000000000e+00 6.966753005981445312e-01
0.000000000000000000e+00 7.122552990913391113e-01
0.000000000000000000e+00 6.937927603721618652e-01
0.000000000000000000e+00 7.172043919563293457e-01
1.000000000000000000e+00 7.205915451049804688e-01
1.000000000000000000e+00 7.075237035751342773e-01
0.000000000000000000e+00 7.054265737533569336e-01
0.000000000000000000e+00 6.793596744537353516e-01
0.000000000000000000e+00 6.531440019607543945e-01
0.000000000000000000e+00 6.043154001235961914e-01
0.000000000000000000e+00 6.003659367561340332e-01
0.000000000000000000e+00 5.481927394866943359e-01
0.000000000000000000e+00 5.547119975090026855e-01
0.000000000000000000e+00 5.648622512817382812e-01
0.000000000000000000e+00 5.822212100028991699e-01
0.000000000000000000e+00 5.928509235382080078e-01
0.000000000000000000e+00 5.840548276901245117e-01
0.000000000000000000e+00 5.365612506866455078e-01
0.000000000000000000e+00 5.161225199699401855e-01
0.000000000000000000e+00 4.894455373287200928e-01
0.000000000000000000e+00 4.540629684925079346e-01
0.000000000000000000e+00 4.026797711849212646e-01
0.000000000000000000e+00 3.881873786449432373e-01
0.000000000000000000e+00 3.556412458419799805e-01
0.000000000000000000e+00 3.597643375396728516e-01
0.000000000000000000e+00 3.628183901309967041e-01
0.000000000000000000e+00 3.676801025867462158e-01
0.000000000000000000e+00 3.662100732326507568e-01
0.000000000000000000e+00 3.863503634929656982e-01
0.000000000000000000e+00 3.994057774543762207e-01
0.000000000000000000e+00 4.004139304161071777e-01
0.000000000000000000e+00 4.006252884864807129e-01
0.000000000000000000e+00 3.986555337905883789e-01
0.000000000000000000e+00 3.612480759620666504e-01
0.000000000000000000e+00 3.598127663135528564e-01
0.000000000000000000e+00 3.535404205322265625e-01
0.000000000000000000e+00 3.629852533340454102e-01
0.000000000000000000e+00 3.818350136280059814e-01
0.000000000000000000e+00 4.034786820411682129e-01
0.000000000000000000e+00 4.090899825096130371e-01
1.000000000000000000e+00 4.059660434722900391e-01
0.000000000000000000e+00 3.929124176502227783e-01
0.000000000000000000e+00 3.617427647113800049e-01
0.000000000000000000e+00 3.384169936180114746e-01
0.000000000000000000e+00 3.320689201354980469e-01
0.000000000000000000e+00 3.675497770309448242e-01
0.000000000000000000e+00 4.100344479084014893e-01
0.000000000000000000e+00 4.253691136837005615e-01
0.000000000000000000e+00 4.121514260768890381e-01
0.000000000000000000e+00 4.165291786193847656e-01
0.000000000000000000e+00 4.547578692436218262e-01
0.000000000000000000e+00 5.127607583999633789e-01
0.000000000000000000e+00 5.551911592483520508e-01
0.000000000000000000e+00 5.954000353813171387e-01
0.000000000000000000e+00 5.883410573005676270e-01
0.000000000000000000e+00 6.079610586166381836e-01
0.000000000000000000e+00 6.069894433021545410e-01
0.000000000000000000e+00 5.966126918792724609e-01
0.000000000000000000e+00 6.071046590805053711e-01
0.000000000000000000e+00 6.136679649353027344e-01
0.000000000000000000e+00 6.227233409881591797e-01
0.000000000000000000e+00 5.905492305755615234e-01
1.000000000000000000e+00 5.893617272377014160e-01
1.000000000000000000e+00 6.210620403289794922e-01
1.000000000000000000e+00 6.654348969459533691e-01
1.000000000000000000e+00 7.155823707580566406e-01
1.000000000000000000e+00 7.306855916976928711e-01
1.000000000000000000e+00 7.303338050842285156e-01
1.000000000000000000e+00 7.304029464721679688e-01
0.000000000000000000e+00 7.192138433456420898e-01
0.000000000000000000e+00 7.099367380142211914e-01
0.000000000000000000e+00 6.918559074401855469e-01
0.000000000000000000e+00 7.055498361587524414e-01
1.000000000000000000e+00 6.891021728515625000e-01
1.000000000000000000e+00 6.972628831863403320e-01
1.000000000000000000e+00 6.761760115623474121e-01
1.000000000000000000e+00 6.241537928581237793e-01
1.000000000000000000e+00 5.713069438934326172e-01
1.000000000000000000e+00 4.495823085308074951e-01
1.000000000000000000e+00 3.352074623107910156e-01
0.000000000000000000e+00 3.710497319698333740e-01
0.000000000000000000e+00 3.395118415355682373e-01
0.000000000000000000e+00 3.684039711952209473e-01
0.000000000000000000e+00 4.391205608844757080e-01
0.000000000000000000e+00 4.956122338771820068e-01
0.000000000000000000e+00 5.688130259513854980e-01
0.000000000000000000e+00 5.788497328758239746e-01
0.000000000000000000e+00 6.315962672233581543e-01
0.000000000000000000e+00 6.601299643516540527e-01
0.000000000000000000e+00 6.565329432487487793e-01
0.000000000000000000e+00 6.544814705848693848e-01
0.000000000000000000e+00 5.941717028617858887e-01
0.000000000000000000e+00 4.622891247272491455e-01
0.000000000000000000e+00 3.621122837066650391e-01
0.000000000000000000e+00 2.808499634265899658e-01
0.000000000000000000e+00 2.954524457454681396e-01
0.000000000000000000e+00 3.321339488029479980e-01
0.000000000000000000e+00 3.432749211788177490e-01
0.000000000000000000e+00 3.721010982990264893e-01
1.000000000000000000e+00 3.949223160743713379e-01
1.000000000000000000e+00 4.380061924457550049e-01
0.000000000000000000e+00 4.812082052230834961e-01
0.000000000000000000e+00 4.853075444698333740e-01
0.000000000000000000e+00 5.128234028816223145e-01
0.000000000000000000e+00 4.963102936744689941e-01
1.000000000000000000e+00 5.088159441947937012e-01
1.000000000000000000e+00 5.589389204978942871e-01
0.000000000000000000e+00 6.354933381080627441e-01
0.000000000000000000e+00 6.802748441696166992e-01
0.000000000000000000e+00 6.892719268798828125e-01
0.000000000000000000e+00 6.889280676841735840e-01
0.000000000000000000e+00 7.114089727401733398e-01
0.000000000000000000e+00 6.841086745262145996e-01
0.000000000000000000e+00 6.607574820518493652e-01
0.000000000000000000e+00 6.172643899917602539e-01
0.000000000000000000e+00 6.134080886840820312e-01
0.000000000000000000e+00 6.054652929306030273e-01
0.000000000000000000e+00 3.531394898891448975e-01
0.000000000000000000e+00 3.369084596633911133e-01
0.000000000000000000e+00 3.356790840625762939e-01
0.000000000000000000e+00 3.684928715229034424e-01
0.000000000000000000e+00 3.966563642024993896e-01
0.000000000000000000e+00 4.173680245876312256e-01
0.000000000000000000e+00 3.865727484226226807e-01
0.000000000000000000e+00 3.573297858238220215e-01
0.000000000000000000e+00 3.804517388343811035e-01
0.000000000000000000e+00 4.027762413024902344e-01
0.000000000000000000e+00 4.262839257717132568e-01
0.000000000000000000e+00 4.641223549842834473e-01
0.000000000000000000e+00 4.947311580181121826e-01
0.000000000000000000e+00 5.764368176460266113e-01
0.000000000000000000e+00 6.136491298675537109e-01
0.000000000000000000e+00 6.322680115699768066e-01
0.000000000000000000e+00 6.298396587371826172e-01
0.000000000000000000e+00 6.282343864440917969e-01
0.000000000000000000e+00 6.241560578346252441e-01
0.000000000000000000e+00 6.201803684234619141e-01
0.000000000000000000e+00 6.343137621879577637e-01
0.000000000000000000e+00 6.944928169250488281e-01
0.000000000000000000e+00 7.192550301551818848e-01
0.000000000000000000e+00 7.486100792884826660e-01
0.000000000000000000e+00 7.767507433891296387e-01
0.000000000000000000e+00 7.930724620819091797e-01
0.000000000000000000e+00 7.997226119041442871e-01
0.000000000000000000e+00 8.111039400100708008e-01
0.000000000000000000e+00 8.280823826789855957e-01
0.000000000000000000e+00 8.283301591873168945e-01
0.000000000000000000e+00 8.219404816627502441e-01
0.000000000000000000e+00 8.165662288665771484e-01
0.000000000000000000e+00 8.106756210327148438e-01
0.000000000000000000e+00 8.044403195381164551e-01
0.000000000000000000e+00 7.799219489097595215e-01
0.000000000000000000e+00 7.587100863456726074e-01
0.000000000000000000e+00 7.394000291824340820e-01
0.000000000000000000e+00 7.133964896202087402e-01
0.000000000000000000e+00 6.750982403755187988e-01
0.000000000000000000e+00 6.475836038589477539e-01
0.000000000000000000e+00 6.110231280326843262e-01
0.000000000000000000e+00 5.944572687149047852e-01
0.000000000000000000e+00 5.521832704544067383e-01
0.000000000000000000e+00 5.511731505393981934e-01
1.000000000000000000e+00 5.376009941101074219e-01
1.000000000000000000e+00 5.355157852172851562e-01
0.000000000000000000e+00 5.679034590721130371e-01
0.000000000000000000e+00 6.142846941947937012e-01
0.000000000000000000e+00 6.560553312301635742e-01
0.000000000000000000e+00 7.019982337951660156e-01
0.000000000000000000e+00 6.777918934822082520e-01
0.000000000000000000e+00 6.983169317245483398e-01
0.000000000000000000e+00 7.155994772911071777e-01
0.000000000000000000e+00 7.068831920623779297e-01
0.000000000000000000e+00 7.045056819915771484e-01
0.000000000000000000e+00 6.863520145416259766e-01
0.000000000000000000e+00 7.050021886825561523e-01
0.000000000000000000e+00 7.054845690727233887e-01
0.000000000000000000e+00 7.276969552040100098e-01
0.000000000000000000e+00 7.329961061477661133e-01
0.000000000000000000e+00 7.434448003768920898e-01
0.000000000000000000e+00 7.638959884643554688e-01
0.000000000000000000e+00 7.515522241592407227e-01
0.000000000000000000e+00 7.337524890899658203e-01
0.000000000000000000e+00 7.085790634155273438e-01
1.000000000000000000e+00 6.858270168304443359e-01
1.000000000000000000e+00 6.903138160705566406e-01
1.000000000000000000e+00 6.793459653854370117e-01
0.000000000000000000e+00 6.963627338409423828e-01
0.000000000000000000e+00 6.731138229370117188e-01
0.000000000000000000e+00 6.575056314468383789e-01
0.000000000000000000e+00 6.264151930809020996e-01
0.000000000000000000e+00 6.382689476013183594e-01
0.000000000000000000e+00 6.188210248947143555e-01
0.000000000000000000e+00 6.280939579010009766e-01
0.000000000000000000e+00 4.241202473640441895e-01
0.000000000000000000e+00 4.418084323406219482e-01
0.000000000000000000e+00 4.151909649372100830e-01
0.000000000000000000e+00 3.986102938652038574e-01
0.000000000000000000e+00 3.931233584880828857e-01
0.000000000000000000e+00 3.870939016342163086e-01
0.000000000000000000e+00 3.988837003707885742e-01
0.000000000000000000e+00 4.062583148479461670e-01
0.000000000000000000e+00 3.901217877864837646e-01
1.000000000000000000e+00 3.664968907833099365e-01
0.000000000000000000e+00 3.342817425727844238e-01
0.000000000000000000e+00 3.221654891967773438e-01
0.000000000000000000e+00 3.290249705314636230e-01
0.000000000000000000e+00 3.036719858646392822e-01
1.000000000000000000e+00 3.353728652000427246e-01
0.000000000000000000e+00 2.906737029552459717e-01
0.000000000000000000e+00 3.299360275268554688e-01
0.000000000000000000e+00 3.169784545898437500e-01
0.000000000000000000e+00 3.047305643558502197e-01
0.000000000000000000e+00 2.688322663307189941e-01
0.000000000000000000e+00 3.052164614200592041e-01
0.000000000000000000e+00 3.853538036346435547e-01
0.000000000000000000e+00 4.348468184471130371e-01
0.000000000000000000e+00 4.279921352863311768e-01
1.000000000000000000e+00 4.145779609680175781e-01
1.000000000000000000e+00 4.135445952415466309e-01
1.000000000000000000e+00 4.133805632591247559e-01
1.000000000000000000e+00 4.236609935760498047e-01
0.000000000000000000e+00 4.289519786834716797e-01
0.000000000000000000e+00 4.431234598159790039e-01
0.000000000000000000e+00 4.891591668128967285e-01
0.000000000000000000e+00 4.868191778659820557e-01
0.000000000000000000e+00 5.094357728958129883e-01
0.000000000000000000e+00 5.039995312690734863e-01
0.000000000000000000e+00 4.855219721794128418e-01
0.000000000000000000e+00 4.907906651496887207e-01
0.000000000000000000e+00 4.693903326988220215e-01
0.000000000000000000e+00 4.891614317893981934e-01
0.000000000000000000e+00 4.632563889026641846e-01
0.000000000000000000e+00 4.355075061321258545e-01
0.000000000000000000e+00 4.008125066757202148e-01
0.000000000000000000e+00 4.004006683826446533e-01
0.000000000000000000e+00 4.021215140819549561e-01
0.000000000000000000e+00 3.872810602188110352e-01
1.000000000000000000e+00 3.649463057518005371e-01
1.000000000000000000e+00 4.092135131359100342e-01
1.000000000000000000e+00 4.515806436538696289e-01
0.000000000000000000e+00 4.372055232524871826e-01
0.000000000000000000e+00 4.051560163497924805e-01
0.000000000000000000e+00 3.897750079631805420e-01
0.000000000000000000e+00 3.761156797409057617e-01
0.000000000000000000e+00 4.102373421192169189e-01
0.000000000000000000e+00 3.989810943603515625e-01
0.000000000000000000e+00 4.246785044670104980e-01
0.000000000000000000e+00 4.359168708324432373e-01
0.000000000000000000e+00 4.526867568492889404e-01
0.000000000000000000e+00 4.448147416114807129e-01
0.000000000000000000e+00 4.253872632980346680e-01
0.000000000000000000e+00 4.017711579799652100e-01
0.000000000000000000e+00 3.934957385063171387e-01
0.000000000000000000e+00 3.958204686641693115e-01
0.000000000000000000e+00 4.149172604084014893e-01
0.000000000000000000e+00 4.175032973289489746e-01
0.000000000000000000e+00 4.202578961849212646e-01
0.000000000000000000e+00 4.102662503719329834e-01
0.000000000000000000e+00 4.070686101913452148e-01
1.000000000000000000e+00 4.005050659179687500e-01
0.000000000000000000e+00 4.025317430496215820e-01
0.000000000000000000e+00 4.005237221717834473e-01
0.000000000000000000e+00 4.294833242893218994e-01
0.000000000000000000e+00 4.369554519653320312e-01
0.000000000000000000e+00 4.421157240867614746e-01
0.000000000000000000e+00 4.165399968624114990e-01
0.000000000000000000e+00 3.992176949977874756e-01
0.000000000000000000e+00 3.983461856842041016e-01
0.000000000000000000e+00 5.388137698173522949e-01
0.000000000000000000e+00 5.181959271430969238e-01
0.000000000000000000e+00 4.931491315364837646e-01
0.000000000000000000e+00 4.591484963893890381e-01
0.000000000000000000e+00 4.285619854927062988e-01
0.000000000000000000e+00 4.013355076313018799e-01
0.000000000000000000e+00 3.882569074630737305e-01
0.000000000000000000e+00 3.805974125862121582e-01
0.000000000000000000e+00 3.660759925842285156e-01
0.000000000000000000e+00 3.913505971431732178e-01
0.000000000000000000e+00 3.776180148124694824e-01
0.000000000000000000e+00 4.303900301456451416e-01
0.000000000000000000e+00 4.503790140151977539e-01
0.000000000000000000e+00 4.615994393825531006e-01
0.000000000000000000e+00 4.636155664920806885e-01
0.000000000000000000e+00 4.662797152996063232e-01
1.000000000000000000e+00 4.623071253299713135e-01
0.000000000000000000e+00 4.621772766113281250e-01
0.000000000000000000e+00 4.474563002586364746e-01
0.000000000000000000e+00 4.468458592891693115e-01
1.000000000000000000e+00 4.391488730907440186e-01
1.000000000000000000e+00 4.266629815101623535e-01
1.000000000000000000e+00 4.282277822494506836e-01
1.000000000000000000e+00 4.455764591693878174e-01
1.000000000000000000e+00 4.960747361183166504e-01
1.000000000000000000e+00 5.608941316604614258e-01
1.000000000000000000e+00 6.201834082603454590e-01
1.000000000000000000e+00 6.455050110816955566e-01
1.000000000000000000e+00 6.804445981979370117e-01
1.000000000000000000e+00 6.583166122436523438e-01
0.000000000000000000e+00 6.875156164169311523e-01
0.000000000000000000e+00 7.076703906059265137e-01
0.000000000000000000e+00 7.092875838279724121e-01
1.000000000000000000e+00 7.900696396827697754e-01
0.000000000000000000e+00 8.661193251609802246e-01
0.000000000000000000e+00 9.217736721038818359e-01
0.000000000000000000e+00 9.480986595153808594e-01
1.000000000000000000e+00 9.301721453666687012e-01
0.000000000000000000e+00 9.139484167098999023e-01
0.000000000000000000e+00 9.132329225540161133e-01
0.000000000000000000e+00 8.266617655754089355e-01
0.000000000000000000e+00 6.020128726959228516e-01
0.000000000000000000e+00 4.235037863254547119e-01
0.000000000000000000e+00 3.495140969753265381e-01
0.000000000000000000e+00 2.947365343570709229e-01
0.000000000000000000e+00 3.227898776531219482e-01
0.000000000000000000e+00 3.656696677207946777e-01
0.000000000000000000e+00 4.672105312347412109e-01
1.000000000000000000e+00 5.034799575805664062e-01
1.000000000000000000e+00 4.328269958496093750e-01
1.000000000000000000e+00 3.800211846828460693e-01
1.000000000000000000e+00 3.690291047096252441e-01
0.000000000000000000e+00 4.134110808372497559e-01
0.000000000000000000e+00 4.709098935127258301e-01
0.000000000000000000e+00 4.717045724391937256e-01
0.000000000000000000e+00 4.993855059146881104e-01
0.000000000000000000e+00 4.947916269302368164e-01
0.000000000000000000e+00 5.039225816726684570e-01
0.000000000000000000e+00 4.982492327690124512e-01
0.000000000000000000e+00 4.950218200683593750e-01
0.000000000000000000e+00 4.849575161933898926e-01
0.000000000000000000e+00 4.620128870010375977e-01
0.000000000000000000e+00 4.034165740013122559e-01
0.000000000000000000e+00 3.764071762561798096e-01
0.000000000000000000e+00 3.401740193367004395e-01
0.000000000000000000e+00 2.645982205867767334e-01
0.000000000000000000e+00 2.628433406352996826e-01
0.000000000000000000e+00 2.397100776433944702e-01
0.000000000000000000e+00 2.818572521209716797e-01
0.000000000000000000e+00 3.140813708305358887e-01
0.000000000000000000e+00 3.698793947696685791e-01
0.000000000000000000e+00 4.388781487941741943e-01
0.000000000000000000e+00 4.739146530628204346e-01
0.000000000000000000e+00 5.150055885314941406e-01
0.000000000000000000e+00 5.378063917160034180e-01
0.000000000000000000e+00 2.986703515052795410e-01
0.000000000000000000e+00 2.922189831733703613e-01
0.000000000000000000e+00 2.946037352085113525e-01
0.000000000000000000e+00 3.008509278297424316e-01
0.000000000000000000e+00 3.755218982696533203e-01
0.000000000000000000e+00 3.758585751056671143e-01
0.000000000000000000e+00 3.991530537605285645e-01
0.000000000000000000e+00 4.307787120342254639e-01
0.000000000000000000e+00 4.339259564876556396e-01
0.000000000000000000e+00 4.515266716480255127e-01
0.000000000000000000e+00 4.527373909950256348e-01
0.000000000000000000e+00 4.444035589694976807e-01
0.000000000000000000e+00 4.697040319442749023e-01
0.000000000000000000e+00 4.805939495563507080e-01
0.000000000000000000e+00 5.041721463203430176e-01
1.000000000000000000e+00 4.955917000770568848e-01
1.000000000000000000e+00 4.969514608383178711e-01
0.000000000000000000e+00 4.997637271881103516e-01
0.000000000000000000e+00 5.179247260093688965e-01
0.000000000000000000e+00 5.207029581069946289e-01
1.000000000000000000e+00 5.340939164161682129e-01
1.000000000000000000e+00 5.445597767829895020e-01
0.000000000000000000e+00 5.559254288673400879e-01
0.000000000000000000e+00 5.643602013587951660e-01
0.000000000000000000e+00 5.488772988319396973e-01
0.000000000000000000e+00 5.360174179077148438e-01
0.000000000000000000e+00 5.228614211082458496e-01
1.000000000000000000e+00 4.973184764385223389e-01
0.000000000000000000e+00 4.737259745597839355e-01
0.000000000000000000e+00 4.695141315460205078e-01
0.000000000000000000e+00 4.611171483993530273e-01
0.000000000000000000e+00 4.527279138565063477e-01
1.000000000000000000e+00 4.578179717063903809e-01
0.000000000000000000e+00 4.637097716331481934e-01
0.000000000000000000e+00 4.695435762405395508e-01
0.000000000000000000e+00 4.665609002113342285e-01
0.000000000000000000e+00 4.767155349254608154e-01
1.000000000000000000e+00 4.786017537117004395e-01
1.000000000000000000e+00 4.947063028812408447e-01
0.000000000000000000e+00 4.809506237506866455e-01
0.000000000000000000e+00 4.666318297386169434e-01
0.000000000000000000e+00 4.529439508914947510e-01
0.000000000000000000e+00 4.115852117538452148e-01
0.000000000000000000e+00 3.973710238933563232e-01
1.000000000000000000e+00 3.961152136325836182e-01
0.000000000000000000e+00 3.949270844459533691e-01
0.000000000000000000e+00 4.097060561180114746e-01
0.000000000000000000e+00 4.482057392597198486e-01
0.000000000000000000e+00 4.896929562091827393e-01
0.000000000000000000e+00 5.296128392219543457e-01
0.000000000000000000e+00 5.358064770698547363e-01
0.000000000000000000e+00 5.328286290168762207e-01
0.000000000000000000e+00 5.355406999588012695e-01
0.000000000000000000e+00 5.175149440765380859e-01
0.000000000000000000e+00 4.641452133655548096e-01
0.000000000000000000e+00 4.488254189491271973e-01
0.000000000000000000e+00 4.367991089820861816e-01
0.000000000000000000e+00 4.487826824188232422e-01
0.000000000000000000e+00 4.572730362415313721e-01
0.000000000000000000e+00 4.822391569614410400e-01
0.000000000000000000e+00 4.328916370868682861e-01
0.000000000000000000e+00 4.327749311923980713e-01
0.000000000000000000e+00 4.526773691177368164e-01
0.000000000000000000e+00 4.386900663375854492e-01
0.000000000000000000e+00 4.272105991840362549e-01
0.000000000000000000e+00 4.401323795318603516e-01
0.000000000000000000e+00 4.391104876995086670e-01
0.000000000000000000e+00 4.429323971271514893e-01
0.000000000000000000e+00 4.565281867980957031e-01
0.000000000000000000e+00 4.545684158802032471e-01
0.000000000000000000e+00 4.598443210124969482e-01
0.000000000000000000e+00 4.584344625473022461e-01
0.000000000000000000e+00 4.536045193672180176e-01
0.000000000000000000e+00 4.224829971790313721e-01
0.000000000000000000e+00 4.157611727714538574e-01
0.000000000000000000e+00 2.978073954582214355e-01
0.000000000000000000e+00 2.839239835739135742e-01
0.000000000000000000e+00 2.678642272949218750e-01
0.000000000000000000e+00 2.489642649888992310e-01
0.000000000000000000e+00 2.445128858089447021e-01
0.000000000000000000e+00 2.742468714714050293e-01
0.000000000000000000e+00 3.050991892814636230e-01
0.000000000000000000e+00 3.191460072994232178e-01
0.000000000000000000e+00 3.297041356563568115e-01
0.000000000000000000e+00 3.179168105125427246e-01
0.000000000000000000e+00 3.379914164543151855e-01
0.000000000000000000e+00 3.417618274688720703e-01
0.000000000000000000e+00 3.753569722175598145e-01
0.000000000000000000e+00 3.429427742958068848e-01
1.000000000000000000e+00 3.277649581432342529e-01
1.000000000000000000e+00 3.131845593452453613e-01
1.000000000000000000e+00 2.779225111007690430e-01
1.000000000000000000e+00 2.773529887199401855e-01
1.000000000000000000e+00 2.933371067047119141e-01
0.000000000000000000e+00 3.166286647319793701e-01
0.000000000000000000e+00 3.845067918300628662e-01
0.000000000000000000e+00 4.990640580654144287e-01
0.000000000000000000e+00 6.095883250236511230e-01
0.000000000000000000e+00 6.559493541717529297e-01
0.000000000000000000e+00 6.990817785263061523e-01
0.000000000000000000e+00 7.057574987411499023e-01
0.000000000000000000e+00 6.811310648918151855e-01
0.000000000000000000e+00 6.579427719116210938e-01
0.000000000000000000e+00 5.957236289978027344e-01
0.000000000000000000e+00 4.872106611728668213e-01
0.000000000000000000e+00 3.851901590824127197e-01
1.000000000000000000e+00 3.668552935123443604e-01
1.000000000000000000e+00 4.021456837654113770e-01
1.000000000000000000e+00 4.475604593753814697e-01
0.000000000000000000e+00 4.776256382465362549e-01
0.000000000000000000e+00 4.680687785148620605e-01
0.000000000000000000e+00 5.114369392395019531e-01
1.000000000000000000e+00 4.661810994148254395e-01
1.000000000000000000e+00 4.241801202297210693e-01
0.000000000000000000e+00 3.637804687023162842e-01
0.000000000000000000e+00 3.415661454200744629e-01
0.000000000000000000e+00 3.868657350540161133e-01
0.000000000000000000e+00 3.900980949401855469e-01
0.000000000000000000e+00 4.756590127944946289e-01
0.000000000000000000e+00 4.867070317268371582e-01
0.000000000000000000e+00 5.287945270538330078e-01
0.000000000000000000e+00 5.288484096527099609e-01
0.000000000000000000e+00 5.981380939483642578e-01
0.000000000000000000e+00 6.061627268791198730e-01
0.000000000000000000e+00 5.765528678894042969e-01
1.000000000000000000e+00 4.909251034259796143e-01
1.000000000000000000e+00 4.626004099845886230e-01
1.000000000000000000e+00 4.548894464969635010e-01
1.000000000000000000e+00 4.410172104835510254e-01
0.000000000000000000e+00 4.034974277019500732e-01
0.000000000000000000e+00 3.888366520404815674e-01
0.000000000000000000e+00 3.647168576717376709e-01
0.000000000000000000e+00 3.790729939937591553e-01
0.000000000000000000e+00 3.794682025909423828e-01
0.000000000000000000e+00 3.963202536106109619e-01
0.000000000000000000e+00 4.112230837345123291e-01
0.000000000000000000e+00 4.322685301303863525e-01
0.000000000000000000e+00 4.628965258598327637e-01
0.000000000000000000e+00 4.907479584217071533e-01
0.000000000000000000e+00 5.190025568008422852e-01
0.000000000000000000e+00 5.064843297004699707e-01
0.000000000000000000e+00 5.191317200660705566e-01
0.000000000000000000e+00 4.886462688446044922e-01
0.000000000000000000e+00 5.034878849983215332e-01
0.000000000000000000e+00 5.200014710426330566e-01
0.000000000000000000e+00 4.929277598857879639e-01
0.000000000000000000e+00 4.821737408638000488e-01
0.000000000000000000e+00 4.297385513782501221e-01
0.000000000000000000e+00 3.761086761951446533e-01
0.000000000000000000e+00 3.939155340194702148e-01
0.000000000000000000e+00 2.708531916141510010e-01
0.000000000000000000e+00 2.572894990444183350e-01
0.000000000000000000e+00 2.738211154937744141e-01
1.000000000000000000e+00 3.104893267154693604e-01
1.000000000000000000e+00 3.185417950153350830e-01
0.000000000000000000e+00 4.146727621555328369e-01
0.000000000000000000e+00 3.674303293228149414e-01
0.000000000000000000e+00 3.627034425735473633e-01
0.000000000000000000e+00 4.016254246234893799e-01
0.000000000000000000e+00 3.594007194042205811e-01
0.000000000000000000e+00 3.122424483299255371e-01
0.000000000000000000e+00 2.828404307365417480e-01
0.000000000000000000e+00 2.817939221858978271e-01
0.000000000000000000e+00 2.504468560218811035e-01
1.000000000000000000e+00 2.193265259265899658e-01
1.000000000000000000e+00 1.780201345682144165e-01
1.000000000000000000e+00 2.080342620611190796e-01
1.000000000000000000e+00 2.267963141202926636e-01
0.000000000000000000e+00 2.669962644577026367e-01
0.000000000000000000e+00 3.015815913677215576e-01
0.000000000000000000e+00 3.509576022624969482e-01
0.000000000000000000e+00 4.315057396888732910e-01
0.000000000000000000e+00 4.678533077239990234e-01
0.000000000000000000e+00 5.404558777809143066e-01
0.000000000000000000e+00 6.172040700912475586e-01
0.000000000000000000e+00 6.525412201881408691e-01
0.000000000000000000e+00 6.395738124847412109e-01
0.000000000000000000e+00 6.340646147727966309e-01
0.000000000000000000e+00 6.054840087890625000e-01
0.000000000000000000e+00 5.871736407279968262e-01
0.000000000000000000e+00 5.651070475578308105e-01
0.000000000000000000e+00 5.368334054946899414e-01
1.000000000000000000e+00 5.436497330665588379e-01
0.000000000000000000e+00 5.743926167488098145e-01
0.000000000000000000e+00 5.686386823654174805e-01
0.000000000000000000e+00 5.703756213188171387e-01
0.000000000000000000e+00 6.022060513496398926e-01
1.000000000000000000e+00 6.158781647682189941e-01
0.000000000000000000e+00 5.984339118003845215e-01
0.000000000000000000e+00 5.571755766868591309e-01
0.000000000000000000e+00 5.170319080352783203e-01
0.000000000000000000e+00 4.601764380931854248e-01
0.000000000000000000e+00 4.026485681533813477e-01
0.000000000000000000e+00 3.603537082672119141e-01
0.000000000000000000e+00 3.565362691879272461e-01
0.000000000000000000e+00 3.978500962257385254e-01
0.000000000000000000e+00 4.842714369297027588e-01
0.000000000000000000e+00 5.862920284271240234e-01
0.000000000000000000e+00 6.259190440177917480e-01
0.000000000000000000e+00 6.015346050262451172e-01
0.000000000000000000e+00 5.510061383247375488e-01
0.000000000000000000e+00 5.407228469848632812e-01
0.000000000000000000e+00 5.013096928596496582e-01
0.000000000000000000e+00 4.866688549518585205e-01
0.000000000000000000e+00 4.467150270938873291e-01
0.000000000000000000e+00 4.435913562774658203e-01
0.000000000000000000e+00 4.312827885150909424e-01
0.000000000000000000e+00 3.951278626918792725e-01
0.000000000000000000e+00 3.154977560043334961e-01
0.000000000000000000e+00 2.820456027984619141e-01
0.000000000000000000e+00 2.673649787902832031e-01
1.000000000000000000e+00 2.520489394664764404e-01
0.000000000000000000e+00 2.781742513179779053e-01
0.000000000000000000e+00 2.581616640090942383e-01
0.000000000000000000e+00 2.459450215101242065e-01
0.000000000000000000e+00 2.358044981956481934e-01
0.000000000000000000e+00 2.687800526618957520e-01
0.000000000000000000e+00 2.807646691799163818e-01
0.000000000000000000e+00 3.457592129707336426e-01
0.000000000000000000e+00 4.091008603572845459e-01
0.000000000000000000e+00 5.040799379348754883e-01
0.000000000000000000e+00 5.632743835449218750e-01
0.000000000000000000e+00 5.678807497024536133e-01
0.000000000000000000e+00 5.414691567420959473e-01
0.000000000000000000e+00 5.095511674880981445e-01
