0.000000000000000000e+00 3.909287154674530029e-01
1.000000000000000000e+00 2.868135869503021240e-01
1.000000000000000000e+00 4.145414233207702637e-01
1.000000000000000000e+00 3.925837576389312744e-01
0.000000000000000000e+00 3.985487818717956543e-01
0.000000000000000000e+00 5.312248468399047852e-01
0.000000000000000000e+00 5.263167619705200195e-01
0.000000000000000000e+00 6.256818771362304688e-01
0.000000000000000000e+00 6.123510003089904785e-01
0.000000000000000000e+00 7.209414243698120117e-01
0.000000000000000000e+00 6.777693033218383789e-01
0.000000000000000000e+00 8.267033100128173828e-01
0.000000000000000000e+00 7.309281229972839355e-01
1.000000000000000000e+00 6.908044219017028809e-01
1.000000000000000000e+00 8.106619119644165039e-01
1.000000000000000000e+00 8.300377726554870605e-01
1.000000000000000000e+00 7.805126905441284180e-01
1.000000000000000000e+00 8.087990283966064453e-01
1.000000000000000000e+00 8.308485150337219238e-01
1.000000000000000000e+00 8.122127652168273926e-01
1.000000000000000000e+00 7.445906996726989746e-01
1.000000000000000000e+00 7.891374826431274414e-01
1.000000000000000000e+00 7.619934678077697754e-01
1.000000000000000000e+00 7.548982501029968262e-01
1.000000000000000000e+00 4.874832630157470703e-01
1.000000000000000000e+00 5.727920532226562500e-01
1.000000000000000000e+00 4.099193811416625977e-01
1.000000000000000000e+00 2.536642551422119141e-01
0.000000000000000000e+00 1.682368069887161255e-01
0.000000000000000000e+00 8.628025650978088379e-02
0.000000000000000000e+00 4.611001536250114441e-02
0.000000000000000000e+00 3.081951290369033813e-02
0.000000000000000000e+00 2.631455287337303162e-02
0.000000000000000000e+00 1.536484435200691223e-02
0.000000000000000000e+00 1.624352671205997467e-02
0.000000000000000000e+00 1.216070447117090225e-02
0.000000000000000000e+00 7.186605595052242279e-03
0.000000000000000000e+00 4.208709578961133957e-03
1.000000000000000000e+00 4.083205480128526688e-03
1.000000000000000000e+00 3.222999162971973419e-03
1.000000000000000000e+00 2.552590798586606979e-03
1.000000000000000000e+00 2.106659347191452980e-03
1.000000000000000000e+00 2.197619061917066574e-03
1.000000000000000000e+00 1.541062374599277973e-03
1.000000000000000000e+00 1.290843938477337360e-03
1.000000000000000000e+00 3.843557834625244141e-02
0.000000000000000000e+00 2.520674094557762146e-02
0.000000000000000000e+00 2.606243453919887543e-02
0.000000000000000000e+00 1.777223870158195496e-02
0.000000000000000000e+00 1.515024527907371521e-02
0.000000000000000000e+00 8.768231607973575592e-03
0.000000000000000000e+00 6.970822345465421677e-03
0.000000000000000000e+00 1.310950238257646561e-02
0.000000000000000000e+00 1.219883747398853302e-02
0.000000000000000000e+00 3.221838036552071571e-03
0.000000000000000000e+00 7.716405205428600311e-03
0.000000000000000000e+00 2.527676522731781006e-03
0.000000000000000000e+00 3.972552716732025146e-03
0.000000000000000000e+00 2.884971210733056068e-03
0.000000000000000000e+00 5.816260818392038345e-03
0.000000000000000000e+00 6.907681003212928772e-03
0.000000000000000000e+00 2.668914617970585823e-03
0.000000000000000000e+00 3.780452767387032509e-03
0.000000000000000000e+00 1.855647074989974499e-03
0.000000000000000000e+00 2.222034381702542305e-03
0.000000000000000000e+00 9.239884093403816223e-04
0.000000000000000000e+00 3.763083950616419315e-04
0.000000000000000000e+00 8.960359846241772175e-04
0.000000000000000000e+00 6.099072052165865898e-04
0.000000000000000000e+00 6.132757407613098621e-04
0.000000000000000000e+00 3.466286289039999247e-04
0.000000000000000000e+00 7.603463018313050270e-04
0.000000000000000000e+00 3.021394950337707996e-04
0.000000000000000000e+00 5.354300374165177345e-04
0.000000000000000000e+00 5.720644257962703705e-04
0.000000000000000000e+00 1.200256985612213612e-03
0.000000000000000000e+00 4.239124245941638947e-04
0.000000000000000000e+00 2.198512520408257842e-04
0.000000000000000000e+00 5.598822026513516903e-04
0.000000000000000000e+00 3.911807143595069647e-04
0.000000000000000000e+00 3.149329859297722578e-04
0.000000000000000000e+00 2.997097617480903864e-04
0.000000000000000000e+00 4.668367037083953619e-04
0.000000000000000000e+00 4.887533723376691341e-04
0.000000000000000000e+00 4.512603045441210270e-04
0.000000000000000000e+00 3.669726138468831778e-04
0.000000000000000000e+00 9.964770870283246040e-04
0.000000000000000000e+00 1.331278821453452110e-03
0.000000000000000000e+00 7.052227738313376904e-04
0.000000000000000000e+00 4.992225440219044685e-04
0.000000000000000000e+00 1.124107465147972107e-01
0.000000000000000000e+00 8.456034958362579346e-02
0.000000000000000000e+00 1.099507287144660950e-01
0.000000000000000000e+00 9.973140805959701538e-02
0.000000000000000000e+00 8.063584566116333008e-02
0.000000000000000000e+00 1.201122775673866272e-01
0.000000000000000000e+00 9.375458955764770508e-02
0.000000000000000000e+00 1.390687525272369385e-01
0.000000000000000000e+00 7.207022607326507568e-02
0.000000000000000000e+00 4.911321774125099182e-02
0.000000000000000000e+00 9.560845792293548584e-02
0.000000000000000000e+00 1.494101881980895996e-01
0.000000000000000000e+00 1.926490515470504761e-01
0.000000000000000000e+00 1.018704921007156372e-01
0.000000000000000000e+00 3.320951759815216064e-02
0.000000000000000000e+00 4.486192762851715088e-02
0.000000000000000000e+00 6.582657247781753540e-02
0.000000000000000000e+00 4.546109214425086975e-02
0.000000000000000000e+00 3.010836243629455566e-02
0.000000000000000000e+00 1.442897506058216095e-02
0.000000000000000000e+00 1.722992770373821259e-02
0.000000000000000000e+00 9.793161414563655853e-03
0.000000000000000000e+00 3.424143651500344276e-03
0.000000000000000000e+00 1.649317331612110138e-03
0.000000000000000000e+00 1.900518313050270081e-03
0.000000000000000000e+00 8.036266663111746311e-04
0.000000000000000000e+00 2.127444837242364883e-03
0.000000000000000000e+00 5.056560621596872807e-04
0.000000000000000000e+00 1.059179776348173618e-03
0.000000000000000000e+00 4.040786006953567266e-04
0.000000000000000000e+00 7.953797467052936554e-04
0.000000000000000000e+00 4.950777511112391949e-04
0.000000000000000000e+00 5.448423326015472412e-04
0.000000000000000000e+00 6.501398165710270405e-04
0.000000000000000000e+00 2.327742549823597074e-04
0.000000000000000000e+00 6.060462328605353832e-04
0.000000000000000000e+00 5.696135922335088253e-04
0.000000000000000000e+00 1.180506427772343159e-03
0.000000000000000000e+00 2.158242277801036835e-03
0.000000000000000000e+00 1.033100765198469162e-03
0.000000000000000000e+00 1.712355297058820724e-03
0.000000000000000000e+00 6.027611438184976578e-03
0.000000000000000000e+00 3.771690186113119125e-03
0.000000000000000000e+00 3.033250570297241211e-03
0.000000000000000000e+00 7.895699702203273773e-03
0.000000000000000000e+00 7.762499898672103882e-02
0.000000000000000000e+00 5.919605866074562073e-02
0.000000000000000000e+00 5.095840990543365479e-02
0.000000000000000000e+00 2.982132881879806519e-02
0.000000000000000000e+00 3.829364478588104248e-02
0.000000000000000000e+00 1.608355343341827393e-02
0.000000000000000000e+00 9.934148751199245453e-03
0.000000000000000000e+00 1.169201824814081192e-02
0.000000000000000000e+00 9.153329767286777496e-03
0.000000000000000000e+00 5.243425723165273666e-03
0.000000000000000000e+00 8.596966974437236786e-03
0.000000000000000000e+00 5.277141928672790527e-03
0.000000000000000000e+00 5.395099520683288574e-03
0.000000000000000000e+00 8.418114855885505676e-03
0.000000000000000000e+00 4.722038283944129944e-03
0.000000000000000000e+00 4.815336316823959351e-03
0.000000000000000000e+00 5.221319384872913361e-03
0.000000000000000000e+00 6.766881793737411499e-03
0.000000000000000000e+00 4.039829131215810776e-03
0.000000000000000000e+00 3.596964292228221893e-03
0.000000000000000000e+00 4.066107794642448425e-03
0.000000000000000000e+00 4.580799490213394165e-03
0.000000000000000000e+00 2.878380939364433289e-03
0.000000000000000000e+00 4.303175956010818481e-03
0.000000000000000000e+00 3.585712751373648643e-03
0.000000000000000000e+00 1.788324792869389057e-03
0.000000000000000000e+00 1.647770521230995655e-03
0.000000000000000000e+00 2.161176176741719246e-03
0.000000000000000000e+00 2.699320903047919273e-03
0.000000000000000000e+00 2.214450156316161156e-03
0.000000000000000000e+00 2.298966050148010254e-03
0.000000000000000000e+00 2.029387280344963074e-03
0.000000000000000000e+00 2.123733982443809509e-03
0.000000000000000000e+00 2.131257439032196999e-03
0.000000000000000000e+00 4.526420496404170990e-03
0.000000000000000000e+00 2.957683522254228592e-03
0.000000000000000000e+00 3.692393191158771515e-03
0.000000000000000000e+00 1.958660548552870750e-03
0.000000000000000000e+00 4.061599262058734894e-03
0.000000000000000000e+00 3.668934106826782227e-03
0.000000000000000000e+00 6.404042709618806839e-03
0.000000000000000000e+00 5.048342514783143997e-03
0.000000000000000000e+00 7.672283332794904709e-03
0.000000000000000000e+00 1.174936164170503616e-02
0.000000000000000000e+00 1.415792945772409439e-02
0.000000000000000000e+00 4.744956791400909424e-01
0.000000000000000000e+00 4.182578027248382568e-01
0.000000000000000000e+00 4.262943267822265625e-01
0.000000000000000000e+00 3.051180243492126465e-01
0.000000000000000000e+00 2.199090421199798584e-01
0.000000000000000000e+00 2.098215371370315552e-01
0.000000000000000000e+00 3.237698972225189209e-01
0.000000000000000000e+00 2.449734508991241455e-01
0.000000000000000000e+00 1.988268792629241943e-01
0.000000000000000000e+00 1.549519002437591553e-01
0.000000000000000000e+00 1.143530905246734619e-01
0.000000000000000000e+00 1.102306693792343140e-01
0.000000000000000000e+00 6.602062284946441650e-02
0.000000000000000000e+00 8.086069673299789429e-02
0.000000000000000000e+00 9.266336262226104736e-02
0.000000000000000000e+00 4.775382578372955322e-02
0.000000000000000000e+00 1.699018925428390503e-01
0.000000000000000000e+00 7.732726633548736572e-02
0.000000000000000000e+00 2.537444233894348145e-02
0.000000000000000000e+00 2.332107350230216980e-02
0.000000000000000000e+00 2.336932346224784851e-02
0.000000000000000000e+00 1.754656620323657990e-02
0.000000000000000000e+00 2.464251965284347534e-02
0.000000000000000000e+00 1.418105605989694595e-02
0.000000000000000000e+00 6.265082396566867828e-03
0.000000000000000000e+00 3.577292896807193756e-03
0.000000000000000000e+00 3.676056163385510445e-03
0.000000000000000000e+00 4.496932495385408401e-03
0.000000000000000000e+00 5.362431518733501434e-03
0.000000000000000000e+00 4.384221974760293961e-03
0.000000000000000000e+00 5.085983313620090485e-03
0.000000000000000000e+00 2.737161936238408089e-03
0.000000000000000000e+00 3.979118540883064270e-03
0.000000000000000000e+00 2.581088338047266006e-03
0.000000000000000000e+00 2.602662891149520874e-03
0.000000000000000000e+00 2.753112465143203735e-03
0.000000000000000000e+00 2.029544673860073090e-03
0.000000000000000000e+00 2.425126498565077782e-03
0.000000000000000000e+00 2.532105892896652222e-03
0.000000000000000000e+00 2.662156941369175911e-03
0.000000000000000000e+00 4.873773083090782166e-03
0.000000000000000000e+00 3.477273974567651749e-03
0.000000000000000000e+00 7.958613336086273193e-03
0.000000000000000000e+00 6.256319116801023483e-03
0.000000000000000000e+00 4.872087389230728149e-03
0.000000000000000000e+00 1.022744327783584595e-01
1.000000000000000000e+00 1.247428134083747864e-01
0.000000000000000000e+00 5.318314954638481140e-02
0.000000000000000000e+00 1.412226408720016479e-01
0.000000000000000000e+00 6.632941216230392456e-02
0.000000000000000000e+00 7.438239455223083496e-02
0.000000000000000000e+00 8.534912019968032837e-02
0.000000000000000000e+00 1.125334352254867554e-01
0.000000000000000000e+00 7.532751560211181641e-02
0.000000000000000000e+00 4.802267625927925110e-02
0.000000000000000000e+00 6.038083508610725403e-02
0.000000000000000000e+00 3.263255208730697632e-02
0.000000000000000000e+00 6.179206445813179016e-02
1.000000000000000000e+00 9.087508916854858398e-02
1.000000000000000000e+00 4.346020519733428955e-02
1.000000000000000000e+00 6.259036064147949219e-02
1.000000000000000000e+00 5.567406490445137024e-02
1.000000000000000000e+00 6.807774305343627930e-02
1.000000000000000000e+00 7.579509168863296509e-02
1.000000000000000000e+00 3.220539540052413940e-02
1.000000000000000000e+00 4.145785048604011536e-02
1.000000000000000000e+00 5.238574370741844177e-02
1.000000000000000000e+00 6.023382768034934998e-02
1.000000000000000000e+00 8.829602599143981934e-02
1.000000000000000000e+00 9.489098191261291504e-02
1.000000000000000000e+00 1.807296276092529297e-01
0.000000000000000000e+00 1.511065959930419922e-01
0.000000000000000000e+00 1.561436504125595093e-01
0.000000000000000000e+00 2.202930152416229248e-01
0.000000000000000000e+00 2.976419627666473389e-01
0.000000000000000000e+00 2.447652071714401245e-01
0.000000000000000000e+00 3.890900909900665283e-01
0.000000000000000000e+00 4.957940876483917236e-01
0.000000000000000000e+00 4.542393386363983154e-01
0.000000000000000000e+00 6.470076441764831543e-01
0.000000000000000000e+00 7.479044198989868164e-01
0.000000000000000000e+00 6.484274268150329590e-01
0.000000000000000000e+00 7.142189741134643555e-01
0.000000000000000000e+00 7.747999429702758789e-01
0.000000000000000000e+00 7.493459582328796387e-01
0.000000000000000000e+00 7.392145395278930664e-01
0.000000000000000000e+00 7.964688539505004883e-01
0.000000000000000000e+00 7.894584536552429199e-01
0.000000000000000000e+00 6.819623708724975586e-01
0.000000000000000000e+00 5.420576930046081543e-01
0.000000000000000000e+00 4.928834969177842140e-04
0.000000000000000000e+00 1.106634037569165230e-03
0.000000000000000000e+00 2.633203985169529915e-04
0.000000000000000000e+00 1.863978977780789137e-04
0.000000000000000000e+00 5.027417209930717945e-04
0.000000000000000000e+00 1.496442273491993546e-04
0.000000000000000000e+00 1.890316198114305735e-04
0.000000000000000000e+00 3.627917903941124678e-04
0.000000000000000000e+00 1.378937449771910906e-04
0.000000000000000000e+00 1.738619757816195488e-04
0.000000000000000000e+00 1.087223936337977648e-04
1.000000000000000000e+00 2.224706404376775026e-04
0.000000000000000000e+00 1.384402276016771793e-04
1.000000000000000000e+00 8.039193198783323169e-05
1.000000000000000000e+00 1.428806135663762689e-04
1.000000000000000000e+00 1.248846529051661491e-04
1.000000000000000000e+00 9.840136044658720493e-05
1.000000000000000000e+00 6.041444066795520484e-05
1.000000000000000000e+00 3.427287083468399942e-05
1.000000000000000000e+00 3.611499050748534501e-05
1.000000000000000000e+00 5.606753620668314397e-05
1.000000000000000000e+00 2.704179860302247107e-05
1.000000000000000000e+00 1.585728568898048252e-05
1.000000000000000000e+00 2.379286524956114590e-05
1.000000000000000000e+00 2.406225758022628725e-05
0.000000000000000000e+00 1.369736037304392084e-05
0.000000000000000000e+00 8.491491826134733856e-06
0.000000000000000000e+00 9.863580999081023037e-06
0.000000000000000000e+00 8.620475455245468765e-06
0.000000000000000000e+00 6.071441021049395204e-06
0.000000000000000000e+00 7.108421868906589225e-06
0.000000000000000000e+00 5.082961251900997013e-06
0.000000000000000000e+00 2.748611677816370502e-06
1.000000000000000000e+00 3.016516757270437665e-06
0.000000000000000000e+00 3.056157765968237072e-06
0.000000000000000000e+00 7.523855401814216748e-06
0.000000000000000000e+00 2.420509645162383094e-06
0.000000000000000000e+00 3.060614517380599864e-06
0.000000000000000000e+00 6.918849521753145382e-06
0.000000000000000000e+00 7.208019724203040823e-06
0.000000000000000000e+00 1.597246773599181324e-05
0.000000000000000000e+00 2.587429116829298437e-05
0.000000000000000000e+00 1.879484079836402088e-05
0.000000000000000000e+00 1.886201425804756582e-05
0.000000000000000000e+00 7.743820606265217066e-05
0.000000000000000000e+00 9.413845539093017578e-01
0.000000000000000000e+00 9.596412181854248047e-01
1.000000000000000000e+00 9.705213308334350586e-01
0.000000000000000000e+00 9.653556942939758301e-01
0.000000000000000000e+00 9.807774424552917480e-01
0.000000000000000000e+00 9.880077838897705078e-01
0.000000000000000000e+00 9.873462319374084473e-01
0.000000000000000000e+00 9.901736974716186523e-01
0.000000000000000000e+00 9.885376691818237305e-01
0.000000000000000000e+00 9.890359044075012207e-01
0.000000000000000000e+00 9.907953143119812012e-01
1.000000000000000000e+00 9.910070300102233887e-01
1.000000000000000000e+00 9.906433224678039551e-01
1.000000000000000000e+00 9.911031723022460938e-01
1.000000000000000000e+00 9.910508394241333008e-01
1.000000000000000000e+00 9.905029535293579102e-01
1.000000000000000000e+00 9.906499981880187988e-01
1.000000000000000000e+00 9.931841492652893066e-01
1.000000000000000000e+00 9.915047287940979004e-01
1.000000000000000000e+00 9.913586378097534180e-01
1.000000000000000000e+00 9.932875037193298340e-01
1.000000000000000000e+00 9.933667778968811035e-01
1.000000000000000000e+00 9.924194216728210449e-01
1.000000000000000000e+00 9.934153556823730469e-01
1.000000000000000000e+00 9.926754832267761230e-01
1.000000000000000000e+00 9.895945787429809570e-01
0.000000000000000000e+00 9.869295358657836914e-01
0.000000000000000000e+00 9.727656841278076172e-01
0.000000000000000000e+00 9.626856446266174316e-01
0.000000000000000000e+00 9.515774250030517578e-01
0.000000000000000000e+00 8.918164372444152832e-01
0.000000000000000000e+00 8.379434347152709961e-01
0.000000000000000000e+00 7.171584963798522949e-01
0.000000000000000000e+00 7.320644259452819824e-01
0.000000000000000000e+00 6.163959503173828125e-01
0.000000000000000000e+00 6.392007470130920410e-01
0.000000000000000000e+00 6.332381367683410645e-01
0.000000000000000000e+00 4.998682439327239990e-01
0.000000000000000000e+00 4.508242607116699219e-01
0.000000000000000000e+00 4.511317014694213867e-01
0.000000000000000000e+00 4.205840528011322021e-01
0.000000000000000000e+00 2.031103819608688354e-01
0.000000000000000000e+00 3.315680027008056641e-01
0.000000000000000000e+00 2.033207267522811890e-01
0.000000000000000000e+00 7.485567033290863037e-02
