0.000000000000000000e+00 4.780788719654083252e-02
0.000000000000000000e+00 1.009483635425567627e-01
0.000000000000000000e+00 1.018691435456275940e-01
0.000000000000000000e+00 9.756921976804733276e-02
0.000000000000000000e+00 1.589042246341705322e-01
0.000000000000000000e+00 2.940347790718078613e-01
0.000000000000000000e+00 3.090293705463409424e-01
0.000000000000000000e+00 4.621400833129882812e-01
0.000000000000000000e+00 3.750105202198028564e-01
0.000000000000000000e+00 4.616720974445343018e-01
0.000000000000000000e+00 4.360698163509368896e-01
0.000000000000000000e+00 4.703261256217956543e-01
0.000000000000000000e+00 5.795814990997314453e-01
0.000000000000000000e+00 7.909271121025085449e-01
0.000000000000000000e+00 7.668580412864685059e-01
1.000000000000000000e+00 8.767192959785461426e-01
1.000000000000000000e+00 8.859003186225891113e-01
1.000000000000000000e+00 8.784396648406982422e-01
1.000000000000000000e+00 8.987240791320800781e-01
1.000000000000000000e+00 8.487824797630310059e-01
1.000000000000000000e+00 7.807784080505371094e-01
1.000000000000000000e+00 9.027636647224426270e-01
1.000000000000000000e+00 7.890875935554504395e-01
1.000000000000000000e+00 7.417857646942138672e-01
0.000000000000000000e+00 3.036753237247467041e-01
0.000000000000000000e+00 1.531700938940048218e-01
0.000000000000000000e+00 6.391322612762451172e-02
0.000000000000000000e+00 5.380370654165744781e-03
0.000000000000000000e+00 1.703423797152936459e-03
0.000000000000000000e+00 2.203759504482150078e-04
0.000000000000000000e+00 1.165971334557980299e-04
0.000000000000000000e+00 1.875283851404674351e-05
0.000000000000000000e+00 1.078370314644416794e-05
0.000000000000000000e+00 3.982288035331293941e-06
0.000000000000000000e+00 8.490192158205900341e-07
0.000000000000000000e+00 4.840668452743557282e-07
0.000000000000000000e+00 8.502721016157011036e-08
0.000000000000000000e+00 7.307803429057457834e-08
0.000000000000000000e+00 2.747250960055680480e-08
0.000000000000000000e+00 1.655492631869037723e-08
0.000000000000000000e+00 4.292217248291763099e-09
0.000000000000000000e+00 4.492460625726835133e-09
0.000000000000000000e+00 3.362990774746776879e-09
0.000000000000000000e+00 7.486623765373678907e-09
0.000000000000000000e+00 6.341478453464333143e-09
0.000000000000000000e+00 7.442814967362210155e-05
0.000000000000000000e+00 3.305527570773847401e-06
0.000000000000000000e+00 5.875536430721695069e-07
0.000000000000000000e+00 4.963757760378939565e-07
0.000000000000000000e+00 1.635585249459836632e-07
0.000000000000000000e+00 4.580351742333732545e-08
0.000000000000000000e+00 5.660953039665628239e-09
0.000000000000000000e+00 2.821963551724593344e-09
0.000000000000000000e+00 8.017400077164893446e-10
0.000000000000000000e+00 8.115156324706163105e-10
0.000000000000000000e+00 2.670699772444606879e-10
0.000000000000000000e+00 1.756810669162334193e-10
0.000000000000000000e+00 4.016624879921160129e-11
0.000000000000000000e+00 3.713510055014523914e-11
0.000000000000000000e+00 2.666600967815568879e-11
0.000000000000000000e+00 5.685217227546779384e-11
0.000000000000000000e+00 4.603484954346370728e-11
0.000000000000000000e+00 2.154681814914294335e-11
0.000000000000000000e+00 7.528500739484300652e-11
0.000000000000000000e+00 6.758500703529790599e-11
0.000000000000000000e+00 1.027306156808904802e-10
0.000000000000000000e+00 1.665619864255063476e-10
0.000000000000000000e+00 1.346613376362881809e-10
0.000000000000000000e+00 1.619947787023789942e-10
0.000000000000000000e+00 3.029955453204280502e-10
0.000000000000000000e+00 3.860145258993696871e-10
0.000000000000000000e+00 3.568232931350223680e-10
0.000000000000000000e+00 1.808271865577637527e-10
0.000000000000000000e+00 4.890199911677939326e-10
0.000000000000000000e+00 5.271847403065521576e-10
0.000000000000000000e+00 1.424175555264639570e-09
0.000000000000000000e+00 6.583408818094937942e-10
0.000000000000000000e+00 9.890579466542703813e-10
0.000000000000000000e+00 1.252611236957079655e-09
0.000000000000000000e+00 3.770653234091980721e-10
0.000000000000000000e+00 5.935861802086606076e-10
0.000000000000000000e+00 6.815982223074001922e-10
0.000000000000000000e+00 7.665403312095975252e-10
0.000000000000000000e+00 1.227421053684452090e-09
0.000000000000000000e+00 1.037261609937445428e-09
0.000000000000000000e+00 1.317895903518717660e-09
0.000000000000000000e+00 7.557682257797182501e-10
0.000000000000000000e+00 7.107928690075482336e-10
0.000000000000000000e+00 1.236762248169043232e-09
0.000000000000000000e+00 6.357097070974759845e-10
0.000000000000000000e+00 8.266213262686505914e-05
0.000000000000000000e+00 1.801779944798909128e-05
0.000000000000000000e+00 4.168409304838860407e-06
0.000000000000000000e+00 2.854627837223233655e-06
0.000000000000000000e+00 8.386662102566333488e-07
0.000000000000000000e+00 3.746205550214654068e-07
0.000000000000000000e+00 2.409523176538641565e-07
0.000000000000000000e+00 1.189603793250171293e-07
0.000000000000000000e+00 4.598112823828159890e-08
0.000000000000000000e+00 3.567413031646538002e-08
0.000000000000000000e+00 4.129480046799471893e-08
0.000000000000000000e+00 8.398161277511917433e-09
0.000000000000000000e+00 5.881532594287364191e-09
0.000000000000000000e+00 6.608334324198494869e-09
0.000000000000000000e+00 1.084181810995232809e-08
0.000000000000000000e+00 6.431459809164152830e-09
0.000000000000000000e+00 9.128263478430653777e-09
0.000000000000000000e+00 6.732505219986251177e-09
0.000000000000000000e+00 1.333983590257048490e-08
0.000000000000000000e+00 1.682910522049496649e-08
0.000000000000000000e+00 1.163720764196796154e-08
0.000000000000000000e+00 3.683244820251729834e-09
0.000000000000000000e+00 1.150220096945986370e-08
0.000000000000000000e+00 5.620167442543788638e-09
0.000000000000000000e+00 9.283549928795764572e-09
0.000000000000000000e+00 1.121466386422298456e-08
0.000000000000000000e+00 6.842506117266111687e-09
0.000000000000000000e+00 1.171944585820483553e-08
0.000000000000000000e+00 5.320996532276467406e-09
0.000000000000000000e+00 2.442163804516894743e-09
0.000000000000000000e+00 2.805241150483084311e-09
0.000000000000000000e+00 5.848052708756767970e-09
0.000000000000000000e+00 5.044077600047103260e-09
0.000000000000000000e+00 2.288017109108864133e-09
0.000000000000000000e+00 1.817869188514009693e-09
0.000000000000000000e+00 8.411399354812942875e-10
0.000000000000000000e+00 1.174945474247124366e-09
0.000000000000000000e+00 3.419431182649645962e-09
0.000000000000000000e+00 9.375579201886807823e-10
0.000000000000000000e+00 1.693051143725199381e-09
0.000000000000000000e+00 1.099399238313480964e-09
0.000000000000000000e+00 1.154386697344023105e-09
0.000000000000000000e+00 3.941192927570114080e-10
0.000000000000000000e+00 1.593738918614917566e-09
0.000000000000000000e+00 1.344286459925569943e-09
0.000000000000000000e+00 2.957478282041847706e-04
0.000000000000000000e+00 2.677443262655287981e-04
0.000000000000000000e+00 1.116951461881399155e-04
0.000000000000000000e+00 8.521654672222211957e-05
0.000000000000000000e+00 1.902886469906661659e-05
0.000000000000000000e+00 9.152173333859536797e-06
0.000000000000000000e+00 3.438718977122334763e-06
0.000000000000000000e+00 1.392502895214420278e-06
0.000000000000000000e+00 5.379276899475371465e-07
0.000000000000000000e+00 4.472512387110327836e-07
0.000000000000000000e+00 2.987476079852058319e-07
0.000000000000000000e+00 2.012134245887864381e-07
0.000000000000000000e+00 5.364880450997588923e-08
0.000000000000000000e+00 6.468862068231828744e-08
0.000000000000000000e+00 4.362415495506866137e-08
0.000000000000000000e+00 2.063758941517335188e-08
0.000000000000000000e+00 4.299093703252765408e-08
0.000000000000000000e+00 4.870684477964459802e-08
0.000000000000000000e+00 6.703830734977600514e-08
0.000000000000000000e+00 1.451626303605735302e-07
0.000000000000000000e+00 2.086959653979647555e-07
0.000000000000000000e+00 1.532050788455308066e-07
0.000000000000000000e+00 3.158703520966810174e-07
0.000000000000000000e+00 2.909096110670361668e-07
0.000000000000000000e+00 3.082123782860435313e-07
0.000000000000000000e+00 2.991558858411735855e-07
0.000000000000000000e+00 5.685973860636295285e-07
0.000000000000000000e+00 5.459321528178406879e-07
0.000000000000000000e+00 7.457993547177466098e-07
0.000000000000000000e+00 1.639225160943169612e-06
0.000000000000000000e+00 5.628456847261986695e-07
0.000000000000000000e+00 5.556001383411057759e-07
0.000000000000000000e+00 6.741155402778531425e-07
0.000000000000000000e+00 7.782379611853684764e-07
0.000000000000000000e+00 7.063699740683659911e-07
0.000000000000000000e+00 9.546397450321819633e-07
0.000000000000000000e+00 9.350511049888154957e-07
0.000000000000000000e+00 9.224914379046822432e-07
0.000000000000000000e+00 1.845664769462018739e-06
0.000000000000000000e+00 1.927831362991128117e-06
0.000000000000000000e+00 9.349334391117736232e-07
0.000000000000000000e+00 8.840315217639727052e-07
0.000000000000000000e+00 7.112125217645370867e-07
0.000000000000000000e+00 1.106071408685238566e-06
0.000000000000000000e+00 1.067888206307543442e-06
0.000000000000000000e+00 1.292806351557374001e-03
0.000000000000000000e+00 4.430716799106448889e-04
0.000000000000000000e+00 2.213573498011101037e-05
0.000000000000000000e+00 1.126979077525902539e-05
0.000000000000000000e+00 2.007636567213921808e-06
0.000000000000000000e+00 3.437013162965740776e-07
0.000000000000000000e+00 1.624115810727744247e-07
0.000000000000000000e+00 5.763080324072689109e-08
0.000000000000000000e+00 1.252862791289999222e-08
0.000000000000000000e+00 4.518421636845459943e-09
0.000000000000000000e+00 3.995562991576662171e-09
0.000000000000000000e+00 9.172658743672457149e-10
0.000000000000000000e+00 6.415222797429009916e-10
0.000000000000000000e+00 6.133883956316310559e-10
0.000000000000000000e+00 2.413190203220949570e-10
0.000000000000000000e+00 2.176263613762330351e-10
0.000000000000000000e+00 1.977387698026689122e-10
0.000000000000000000e+00 6.729343748901328581e-10
0.000000000000000000e+00 3.642637858014552421e-10
0.000000000000000000e+00 9.340398454682485863e-10
0.000000000000000000e+00 1.509514624409291628e-09
0.000000000000000000e+00 2.718227865017297518e-09
0.000000000000000000e+00 7.137684665536880857e-09
0.000000000000000000e+00 6.641034833165804230e-09
0.000000000000000000e+00 6.624942816557677361e-09
0.000000000000000000e+00 1.098984725445006916e-08
0.000000000000000000e+00 2.436367907421299606e-08
0.000000000000000000e+00 3.066405440677044680e-08
0.000000000000000000e+00 1.515573799792946375e-08
0.000000000000000000e+00 1.718143316509213037e-08
0.000000000000000000e+00 1.186587272883343758e-08
0.000000000000000000e+00 1.576031571914882079e-08
0.000000000000000000e+00 9.118170218869181554e-09
0.000000000000000000e+00 5.451255002952848372e-09
0.000000000000000000e+00 1.036747843130569890e-08
0.000000000000000000e+00 6.633894766849834923e-09
0.000000000000000000e+00 6.001277697009754775e-09
0.000000000000000000e+00 6.221492654390203825e-09
0.000000000000000000e+00 7.515409627956159966e-09
0.000000000000000000e+00 9.113754195766432531e-09
0.000000000000000000e+00 1.388340997721115855e-08
0.000000000000000000e+00 7.601505203069791605e-09
0.000000000000000000e+00 7.354096887013383821e-09
0.000000000000000000e+00 8.992435240884333325e-09
0.000000000000000000e+00 9.099545117408069927e-09
0.000000000000000000e+00 2.142933011054992676e-02
0.000000000000000000e+00 3.530322015285491943e-02
0.000000000000000000e+00 4.783453792333602905e-02
0.000000000000000000e+00 2.406867444515228271e-01
0.000000000000000000e+00 2.347597479820251465e-01
0.000000000000000000e+00 3.048153519630432129e-01
0.000000000000000000e+00 4.362368583679199219e-01
0.000000000000000000e+00 4.027960598468780518e-01
0.000000000000000000e+00 4.487265944480895996e-01
0.000000000000000000e+00 9.849720448255538940e-02
0.000000000000000000e+00 6.388846784830093384e-02
0.000000000000000000e+00 8.855158835649490356e-02
0.000000000000000000e+00 5.622218921780586243e-02
0.000000000000000000e+00 4.698879271745681763e-02
0.000000000000000000e+00 2.715355157852172852e-02
0.000000000000000000e+00 2.746805362403392792e-02
1.000000000000000000e+00 1.660953275859355927e-02
1.000000000000000000e+00 4.679195955395698547e-02
1.000000000000000000e+00 5.688909813761711121e-02
1.000000000000000000e+00 1.879143156111240387e-02
1.000000000000000000e+00 2.479872107505798340e-02
1.000000000000000000e+00 2.239150740206241608e-02
1.000000000000000000e+00 2.002303022891283035e-03
1.000000000000000000e+00 8.289432153105735779e-04
0.000000000000000000e+00 1.987890573218464851e-04
0.000000000000000000e+00 1.070988582796417177e-04
0.000000000000000000e+00 1.835344301071017981e-05
0.000000000000000000e+00 3.568683496268931776e-06
0.000000000000000000e+00 4.288785021344665438e-06
0.000000000000000000e+00 7.703436040173983201e-07
0.000000000000000000e+00 1.858096823070809478e-07
0.000000000000000000e+00 7.417153113919994212e-08
0.000000000000000000e+00 4.710926404527526756e-08
0.000000000000000000e+00 2.658246245346163050e-08
0.000000000000000000e+00 2.492218875715934701e-08
0.000000000000000000e+00 9.022260272217863530e-09
0.000000000000000000e+00 1.657672754618033650e-08
0.000000000000000000e+00 9.350599405877346726e-09
0.000000000000000000e+00 1.085982326287648903e-08
0.000000000000000000e+00 1.121199044717968718e-08
0.000000000000000000e+00 4.379003382126711585e-09
0.000000000000000000e+00 4.742658710199521011e-09
0.000000000000000000e+00 5.181898021788811093e-09
0.000000000000000000e+00 3.016331184824139200e-09
0.000000000000000000e+00 1.407401573061406452e-08
0.000000000000000000e+00 1.661778241395950317e-02
0.000000000000000000e+00 6.917789112776517868e-03
0.000000000000000000e+00 1.932331547141075134e-02
0.000000000000000000e+00 5.044762976467609406e-03
0.000000000000000000e+00 3.903026459738612175e-03
0.000000000000000000e+00 3.840744495391845703e-03
0.000000000000000000e+00 3.796377452090382576e-03
0.000000000000000000e+00 3.263265360146760941e-03
0.000000000000000000e+00 2.350386697798967361e-03
0.000000000000000000e+00 2.131107496097683907e-03
0.000000000000000000e+00 5.500302184373140335e-03
0.000000000000000000e+00 3.567955223843455315e-03
0.000000000000000000e+00 2.970154164358973503e-03
0.000000000000000000e+00 2.652312396094202995e-03
0.000000000000000000e+00 3.204578300938010216e-03
0.000000000000000000e+00 1.676863175816833973e-03
1.000000000000000000e+00 1.497074496001005173e-03
1.000000000000000000e+00 2.269678283482789993e-03
1.000000000000000000e+00 1.345330500043928623e-03
1.000000000000000000e+00 7.047027465887367725e-04
1.000000000000000000e+00 7.461679633706808090e-04
1.000000000000000000e+00 9.769444586709141731e-04
1.000000000000000000e+00 5.535051459446549416e-04
1.000000000000000000e+00 4.154753696639090776e-04
0.000000000000000000e+00 4.899827399640344083e-05
0.000000000000000000e+00 1.991017416003160179e-05
0.000000000000000000e+00 1.843912832555361092e-05
0.000000000000000000e+00 4.120140602026367560e-06
0.000000000000000000e+00 2.622301281007821672e-06
0.000000000000000000e+00 1.212180222864844836e-06
0.000000000000000000e+00 3.656769820281624561e-07
0.000000000000000000e+00 2.552569071667676326e-07
0.000000000000000000e+00 8.883132096570989233e-08
0.000000000000000000e+00 6.812596353711342090e-08
0.000000000000000000e+00 1.839610774823086103e-08
0.000000000000000000e+00 1.169662322553222111e-08
0.000000000000000000e+00 6.896988757887356769e-09
0.000000000000000000e+00 6.635400673360436485e-09
0.000000000000000000e+00 5.678406633791155400e-09
0.000000000000000000e+00 1.860918308338455063e-09
0.000000000000000000e+00 4.376731865818328515e-09
0.000000000000000000e+00 2.668012921702711537e-09
0.000000000000000000e+00 3.850492369394942216e-09
0.000000000000000000e+00 5.079170861677084758e-09
0.000000000000000000e+00 4.801310460322838480e-09
0.000000000000000000e+00 9.803952574729919434e-01
0.000000000000000000e+00 9.720037579536437988e-01
0.000000000000000000e+00 9.731938838958740234e-01
0.000000000000000000e+00 9.861786365509033203e-01
0.000000000000000000e+00 9.874990582466125488e-01
0.000000000000000000e+00 9.865391850471496582e-01
0.000000000000000000e+00 9.923661351203918457e-01
0.000000000000000000e+00 9.875991344451904297e-01
0.000000000000000000e+00 9.931576848030090332e-01
0.000000000000000000e+00 9.945535659790039062e-01
0.000000000000000000e+00 9.905757904052734375e-01
0.000000000000000000e+00 9.947722554206848145e-01
0.000000000000000000e+00 9.958439469337463379e-01
0.000000000000000000e+00 9.951933026313781738e-01
0.000000000000000000e+00 9.971548318862915039e-01
1.000000000000000000e+00 9.962112903594970703e-01
1.000000000000000000e+00 9.974210262298583984e-01
1.000000000000000000e+00 9.975607395172119141e-01
1.000000000000000000e+00 9.971483349800109863e-01
1.000000000000000000e+00 9.967635869979858398e-01
1.000000000000000000e+00 9.961309432983398438e-01
1.000000000000000000e+00 9.945530295372009277e-01
1.000000000000000000e+00 9.943766593933105469e-01
1.000000000000000000e+00 9.889832139015197754e-01
0.000000000000000000e+00 9.869561195373535156e-01
0.000000000000000000e+00 9.253183007240295410e-01
0.000000000000000000e+00 7.103782892227172852e-01
0.000000000000000000e+00 4.586781561374664307e-01
0.000000000000000000e+00 7.685934752225875854e-02
0.000000000000000000e+00 6.415263749659061432e-03
0.000000000000000000e+00 1.323582720942795277e-03
0.000000000000000000e+00 4.279024142306298018e-04
0.000000000000000000e+00 3.101347465417347848e-05
0.000000000000000000e+00 2.190137820434756577e-05
0.000000000000000000e+00 9.575780495651997626e-06
0.000000000000000000e+00 2.605991767268278636e-06
0.000000000000000000e+00 7.311399485843139701e-07
0.000000000000000000e+00 4.132400022172078025e-07
0.000000000000000000e+00 2.599907418243674329e-07
0.000000000000000000e+00 1.810192884477146436e-07
0.000000000000000000e+00 1.280401136227737879e-07
0.000000000000000000e+00 1.210850939514784841e-07
0.000000000000000000e+00 1.142691843369902926e-07
0.000000000000000000e+00 1.222497019170987187e-07
0.000000000000000000e+00 2.401709195964940591e-07
