0.000000000000000000e+00 2.367794960737228394e-01
1.000000000000000000e+00 2.767764627933502197e-01
1.000000000000000000e+00 2.639980614185333252e-01
1.000000000000000000e+00 3.343469798564910889e-01
0.000000000000000000e+00 4.216055870056152344e-01
0.000000000000000000e+00 4.524953663349151611e-01
0.000000000000000000e+00 5.745288133621215820e-01
0.000000000000000000e+00 6.544449925422668457e-01
0.000000000000000000e+00 6.858489513397216797e-01
0.000000000000000000e+00 7.348632216453552246e-01
0.000000000000000000e+00 7.649232149124145508e-01
0.000000000000000000e+00 7.984721660614013672e-01
0.000000000000000000e+00 8.413391113281250000e-01
1.000000000000000000e+00 8.746560811996459961e-01
1.000000000000000000e+00 8.951280117034912109e-01
1.000000000000000000e+00 9.254040122032165527e-01
1.000000000000000000e+00 9.247235059738159180e-01
1.000000000000000000e+00 9.363936781883239746e-01
1.000000000000000000e+00 9.406644105911254883e-01
1.000000000000000000e+00 9.404410123825073242e-01
1.000000000000000000e+00 9.490309357643127441e-01
1.000000000000000000e+00 9.273771643638610840e-01
1.000000000000000000e+00 9.421693086624145508e-01
1.000000000000000000e+00 9.348576664924621582e-01
1.000000000000000000e+00 8.768977522850036621e-01
1.000000000000000000e+00 8.637274503707885742e-01
1.000000000000000000e+00 6.351799368858337402e-01
1.000000000000000000e+00 6.058625578880310059e-01
0.000000000000000000e+00 3.581176698207855225e-01
0.000000000000000000e+00 2.013510316610336304e-01
0.000000000000000000e+00 1.123540773987770081e-01
0.000000000000000000e+00 8.601908385753631592e-02
0.000000000000000000e+00 5.915588885545730591e-02
0.000000000000000000e+00 3.347744420170783997e-02
0.000000000000000000e+00 2.316249348223209381e-02
0.000000000000000000e+00 1.389013417065143585e-02
0.000000000000000000e+00 9.609593078494071960e-03
0.000000000000000000e+00 5.629378836601972580e-03
1.000000000000000000e+00 4.290641751140356064e-03
1.000000000000000000e+00 3.001430770382285118e-03
1.000000000000000000e+00 1.683173235505819321e-03
1.000000000000000000e+00 1.401951536536216736e-03
1.000000000000000000e+00 6.578153697773814201e-04
1.000000000000000000e+00 8.000687812454998493e-04
1.000000000000000000e+00 5.881455726921558380e-04
1.000000000000000000e+00 1.043026372790336609e-01
0.000000000000000000e+00 7.302718609571456909e-02
0.000000000000000000e+00 5.891170352697372437e-02
0.000000000000000000e+00 5.423650890588760376e-02
0.000000000000000000e+00 4.236155003309249878e-02
0.000000000000000000e+00 4.785959795117378235e-02
0.000000000000000000e+00 3.022946603596210480e-02
0.000000000000000000e+00 4.345440864562988281e-02
0.000000000000000000e+00 3.342432528734207153e-02
0.000000000000000000e+00 2.136242203414440155e-02
0.000000000000000000e+00 3.393929079174995422e-02
0.000000000000000000e+00 2.525896765291690826e-02
0.000000000000000000e+00 2.574843354523181915e-02
0.000000000000000000e+00 2.968025952577590942e-02
0.000000000000000000e+00 2.074538543820381165e-02
0.000000000000000000e+00 3.273188322782516479e-02
0.000000000000000000e+00 1.264485996216535568e-02
0.000000000000000000e+00 5.705234128981828690e-03
0.000000000000000000e+00 1.092290412634611130e-02
0.000000000000000000e+00 4.351295530796051025e-03
0.000000000000000000e+00 2.903896151110529900e-03
0.000000000000000000e+00 5.683920346200466156e-03
0.000000000000000000e+00 4.298193845897912979e-03
0.000000000000000000e+00 3.704361850395798683e-03
0.000000000000000000e+00 1.589526189491152763e-03
0.000000000000000000e+00 2.057163976132869720e-03
0.000000000000000000e+00 4.357083700597286224e-03
0.000000000000000000e+00 4.002493806183338165e-03
0.000000000000000000e+00 5.086529068648815155e-03
0.000000000000000000e+00 8.637503720819950104e-03
0.000000000000000000e+00 5.631151609122753143e-03
0.000000000000000000e+00 9.110583923757076263e-03
0.000000000000000000e+00 7.733964826911687851e-03
0.000000000000000000e+00 6.294284947216510773e-03
0.000000000000000000e+00 7.868152111768722534e-03
0.000000000000000000e+00 6.560205016285181046e-03
0.000000000000000000e+00 8.389604277908802032e-03
0.000000000000000000e+00 9.164131246507167816e-03
0.000000000000000000e+00 9.185097180306911469e-03
0.000000000000000000e+00 6.573886144906282425e-03
0.000000000000000000e+00 1.425512693822383881e-02
0.000000000000000000e+00 9.599155746400356293e-03
0.000000000000000000e+00 9.478637017309665680e-03
0.000000000000000000e+00 7.968859747052192688e-03
0.000000000000000000e+00 7.291300222277641296e-03
0.000000000000000000e+00 2.359482795000076294e-01
0.000000000000000000e+00 1.794518977403640747e-01
0.000000000000000000e+00 1.987231671810150146e-01
0.000000000000000000e+00 1.846531331539154053e-01
0.000000000000000000e+00 1.737952530384063721e-01
0.000000000000000000e+00 1.442550718784332275e-01
0.000000000000000000e+00 9.028939902782440186e-02
0.000000000000000000e+00 9.718682616949081421e-02
0.000000000000000000e+00 9.195855259895324707e-02
0.000000000000000000e+00 8.264355361461639404e-02
0.000000000000000000e+00 9.083652496337890625e-02
0.000000000000000000e+00 6.873838603496551514e-02
0.000000000000000000e+00 6.578557938337326050e-02
0.000000000000000000e+00 7.607609778642654419e-02
0.000000000000000000e+00 1.120072975754737854e-01
0.000000000000000000e+00 5.238077044486999512e-02
0.000000000000000000e+00 5.287865549325942993e-02
0.000000000000000000e+00 4.635959491133689880e-02
0.000000000000000000e+00 2.197408862411975861e-02
0.000000000000000000e+00 2.615233324468135834e-02
0.000000000000000000e+00 1.488907169550657272e-02
0.000000000000000000e+00 1.936967484652996063e-02
0.000000000000000000e+00 1.584230549633502960e-02
0.000000000000000000e+00 2.690446190536022186e-02
0.000000000000000000e+00 1.768490858376026154e-02
0.000000000000000000e+00 1.026845630258321762e-02
0.000000000000000000e+00 2.109372615814208984e-02
0.000000000000000000e+00 1.272214483469724655e-02
0.000000000000000000e+00 8.600064553320407867e-03
0.000000000000000000e+00 1.297710370272397995e-02
0.000000000000000000e+00 9.505985304713249207e-03
0.000000000000000000e+00 7.775896228849887848e-03
0.000000000000000000e+00 8.142088539898395538e-03
0.000000000000000000e+00 5.901519209146499634e-03
0.000000000000000000e+00 8.782205171883106232e-03
0.000000000000000000e+00 6.316848099231719971e-03
0.000000000000000000e+00 6.975544616580009460e-03
0.000000000000000000e+00 1.301305275410413742e-02
0.000000000000000000e+00 1.202343218028545380e-02
0.000000000000000000e+00 1.320646889507770538e-02
0.000000000000000000e+00 1.446356531232595444e-02
0.000000000000000000e+00 1.377121359109878540e-02
0.000000000000000000e+00 1.515909191220998764e-02
0.000000000000000000e+00 1.293006725609302521e-02
0.000000000000000000e+00 1.177120674401521683e-02
0.000000000000000000e+00 1.971761696040630341e-02
0.000000000000000000e+00 1.472826860845088959e-02
0.000000000000000000e+00 8.864569477736949921e-03
0.000000000000000000e+00 6.576421670615673065e-03
0.000000000000000000e+00 6.752657704055309296e-03
0.000000000000000000e+00 6.871576886624097824e-03
0.000000000000000000e+00 4.960514605045318604e-03
0.000000000000000000e+00 3.807529574260115623e-03
0.000000000000000000e+00 3.505593165755271912e-03
0.000000000000000000e+00 3.326651174575090408e-03
0.000000000000000000e+00 2.235686173662543297e-03
0.000000000000000000e+00 2.666485263034701347e-03
0.000000000000000000e+00 2.553790807723999023e-03
0.000000000000000000e+00 3.346638986840844154e-03
0.000000000000000000e+00 3.393517574295401573e-03
0.000000000000000000e+00 5.016276147216558456e-03
0.000000000000000000e+00 4.617051687091588974e-03
0.000000000000000000e+00 8.599129505455493927e-03
0.000000000000000000e+00 7.387557066977024078e-03
0.000000000000000000e+00 5.742313340306282043e-03
0.000000000000000000e+00 9.281696751713752747e-03
0.000000000000000000e+00 1.079591177403926849e-02
0.000000000000000000e+00 1.146718580275774002e-02
0.000000000000000000e+00 9.092694148421287537e-03
0.000000000000000000e+00 1.140912249684333801e-02
0.000000000000000000e+00 1.506594754755496979e-02
0.000000000000000000e+00 9.298576042056083679e-03
0.000000000000000000e+00 1.061449572443962097e-02
0.000000000000000000e+00 6.089271046221256256e-03
0.000000000000000000e+00 1.387262158095836639e-02
0.000000000000000000e+00 1.516986638307571411e-02
0.000000000000000000e+00 1.282886229455471039e-02
0.000000000000000000e+00 1.763868704438209534e-02
0.000000000000000000e+00 1.686000451445579529e-02
0.000000000000000000e+00 1.050010882318019867e-02
0.000000000000000000e+00 2.589965984225273132e-02
0.000000000000000000e+00 2.020696923136711121e-02
0.000000000000000000e+00 1.268823072314262390e-02
0.000000000000000000e+00 2.076829783618450165e-02
0.000000000000000000e+00 1.217472925782203674e-02
0.000000000000000000e+00 1.643857546150684357e-02
0.000000000000000000e+00 2.798307500779628754e-02
0.000000000000000000e+00 2.781330607831478119e-02
0.000000000000000000e+00 2.163519337773323059e-02
0.000000000000000000e+00 1.869462057948112488e-02
0.000000000000000000e+00 8.209424018859863281e-01
0.000000000000000000e+00 7.766682505607604980e-01
0.000000000000000000e+00 7.681580781936645508e-01
0.000000000000000000e+00 6.788124442100524902e-01
0.000000000000000000e+00 6.796090602874755859e-01
0.000000000000000000e+00 6.514402627944946289e-01
0.000000000000000000e+00 5.380082130432128906e-01
0.000000000000000000e+00 4.637690782546997070e-01
0.000000000000000000e+00 5.003367066383361816e-01
0.000000000000000000e+00 4.840309619903564453e-01
0.000000000000000000e+00 4.401691854000091553e-01
0.000000000000000000e+00 4.537937641143798828e-01
0.000000000000000000e+00 5.079038739204406738e-01
0.000000000000000000e+00 4.629771113395690918e-01
0.000000000000000000e+00 4.727785289287567139e-01
0.000000000000000000e+00 4.230458736419677734e-01
0.000000000000000000e+00 5.626330375671386719e-01
0.000000000000000000e+00 4.220401346683502197e-01
0.000000000000000000e+00 4.359944462776184082e-01
0.000000000000000000e+00 1.300449222326278687e-01
0.000000000000000000e+00 5.021294206380844116e-02
0.000000000000000000e+00 2.689727395772933960e-02
0.000000000000000000e+00 2.700371854007244110e-02
0.000000000000000000e+00 1.410100609064102173e-02
0.000000000000000000e+00 8.872122503817081451e-03
0.000000000000000000e+00 6.625565700232982635e-03
0.000000000000000000e+00 8.530962280929088593e-03
0.000000000000000000e+00 1.164223533123731613e-02
0.000000000000000000e+00 1.148823741823434830e-02
0.000000000000000000e+00 6.080798339098691940e-03
0.000000000000000000e+00 7.517430000007152557e-03
0.000000000000000000e+00 5.640694405883550644e-03
0.000000000000000000e+00 6.701260339468717575e-03
0.000000000000000000e+00 8.171905763447284698e-03
0.000000000000000000e+00 1.096019707620143890e-02
0.000000000000000000e+00 1.408482622355222702e-02
0.000000000000000000e+00 1.759029366075992584e-02
0.000000000000000000e+00 1.446925662457942963e-02
0.000000000000000000e+00 1.152235362678766251e-02
0.000000000000000000e+00 1.121965423226356506e-02
0.000000000000000000e+00 7.076290901750326157e-03
0.000000000000000000e+00 8.810210041701793671e-03
0.000000000000000000e+00 1.430668495595455170e-02
0.000000000000000000e+00 8.584324270486831665e-03
0.000000000000000000e+00 8.816253393888473511e-03
0.000000000000000000e+00 1.687693595886230469e-01
1.000000000000000000e+00 1.415465772151947021e-01
0.000000000000000000e+00 1.378655880689620972e-01
0.000000000000000000e+00 1.349400281906127930e-01
0.000000000000000000e+00 1.107174679636955261e-01
0.000000000000000000e+00 1.419678032398223877e-01
0.000000000000000000e+00 1.563834547996520996e-01
0.000000000000000000e+00 1.151526123285293579e-01
0.000000000000000000e+00 1.238386780023574829e-01
0.000000000000000000e+00 1.105001345276832581e-01
0.000000000000000000e+00 9.549191594123840332e-02
0.000000000000000000e+00 1.323420554399490356e-01
0.000000000000000000e+00 1.003076061606407166e-01
1.000000000000000000e+00 8.795998245477676392e-02
1.000000000000000000e+00 1.165075674653053284e-01
1.000000000000000000e+00 1.017710939049720764e-01
1.000000000000000000e+00 1.227436289191246033e-01
1.000000000000000000e+00 1.282584220170974731e-01
1.000000000000000000e+00 7.654245942831039429e-02
1.000000000000000000e+00 8.248019218444824219e-02
1.000000000000000000e+00 7.797892391681671143e-02
1.000000000000000000e+00 8.532053977251052856e-02
1.000000000000000000e+00 8.708067238330841064e-02
1.000000000000000000e+00 8.006884902715682983e-02
1.000000000000000000e+00 6.163928657770156860e-02
1.000000000000000000e+00 5.076346546411514282e-02
0.000000000000000000e+00 8.260762691497802734e-02
0.000000000000000000e+00 8.550475537776947021e-02
0.000000000000000000e+00 9.489179402589797974e-02
0.000000000000000000e+00 7.470129430294036865e-02
0.000000000000000000e+00 1.532691866159439087e-01
0.000000000000000000e+00 1.275771558284759521e-01
0.000000000000000000e+00 2.793811857700347900e-01
0.000000000000000000e+00 3.684337735176086426e-01
0.000000000000000000e+00 3.571169376373291016e-01
0.000000000000000000e+00 5.517208576202392578e-01
0.000000000000000000e+00 4.061376750469207764e-01
0.000000000000000000e+00 5.212592482566833496e-01
0.000000000000000000e+00 4.345909357070922852e-01
0.000000000000000000e+00 5.501891374588012695e-01
0.000000000000000000e+00 5.292444825172424316e-01
0.000000000000000000e+00 3.407471179962158203e-01
0.000000000000000000e+00 6.992721557617187500e-01
0.000000000000000000e+00 6.802687048912048340e-01
0.000000000000000000e+00 6.210074424743652344e-01
0.000000000000000000e+00 8.388469577766954899e-04
0.000000000000000000e+00 4.393161798361688852e-04
0.000000000000000000e+00 2.742812503129243851e-04
0.000000000000000000e+00 3.988990793004631996e-04
0.000000000000000000e+00 3.752993652597069740e-04
0.000000000000000000e+00 8.486751175951212645e-05
0.000000000000000000e+00 1.468388654757291079e-04
0.000000000000000000e+00 1.817092852434143424e-04
0.000000000000000000e+00 1.061868897522799671e-04
0.000000000000000000e+00 9.992040577344596386e-05
0.000000000000000000e+00 1.176314763142727315e-04
1.000000000000000000e+00 9.760039392858743668e-05
0.000000000000000000e+00 1.187988527817651629e-04
1.000000000000000000e+00 9.760579996509477496e-05
1.000000000000000000e+00 6.013520760461688042e-05
1.000000000000000000e+00 5.716987288906238973e-05
1.000000000000000000e+00 5.856808274984359741e-05
1.000000000000000000e+00 4.906471804133616388e-05
1.000000000000000000e+00 2.923136889876332134e-05
1.000000000000000000e+00 2.899039827752858400e-05
1.000000000000000000e+00 2.544334347476251423e-05
1.000000000000000000e+00 1.892247746582143009e-05
1.000000000000000000e+00 5.508465255843475461e-05
1.000000000000000000e+00 2.657016375451348722e-05
1.000000000000000000e+00 2.900732579291798174e-05
0.000000000000000000e+00 4.695515963248908520e-05
0.000000000000000000e+00 7.255496166180819273e-05
0.000000000000000000e+00 6.942280015209689736e-05
0.000000000000000000e+00 9.462074376642704010e-05
0.000000000000000000e+00 7.250461203511804342e-05
0.000000000000000000e+00 5.278801836539059877e-05
0.000000000000000000e+00 4.360161256045103073e-05
0.000000000000000000e+00 5.693022103514522314e-05
1.000000000000000000e+00 5.278348908177576959e-05
0.000000000000000000e+00 4.299637294025160372e-05
0.000000000000000000e+00 4.775937486556358635e-05
0.000000000000000000e+00 6.804995064157992601e-05
0.000000000000000000e+00 9.438842243980616331e-05
0.000000000000000000e+00 2.295496087754145265e-04
0.000000000000000000e+00 1.539899822091683745e-04
0.000000000000000000e+00 4.539979563560336828e-04
0.000000000000000000e+00 4.197233065497130156e-04
0.000000000000000000e+00 9.741585236042737961e-04
0.000000000000000000e+00 7.433248683810234070e-04
0.000000000000000000e+00 7.256976095959544182e-04
0.000000000000000000e+00 8.954237103462219238e-01
0.000000000000000000e+00 8.798335790634155273e-01
1.000000000000000000e+00 9.056529998779296875e-01
0.000000000000000000e+00 9.270666241645812988e-01
0.000000000000000000e+00 9.363452196121215820e-01
0.000000000000000000e+00 9.437243342399597168e-01
0.000000000000000000e+00 9.566496014595031738e-01
0.000000000000000000e+00 9.423102736473083496e-01
0.000000000000000000e+00 9.598096609115600586e-01
0.000000000000000000e+00 9.626773595809936523e-01
0.000000000000000000e+00 9.674521088600158691e-01
1.000000000000000000e+00 9.629613757133483887e-01
1.000000000000000000e+00 9.671469330787658691e-01
1.000000000000000000e+00 9.718943834304809570e-01
1.000000000000000000e+00 9.818251729011535645e-01
1.000000000000000000e+00 9.808279871940612793e-01
1.000000000000000000e+00 9.819590449333190918e-01
1.000000000000000000e+00 9.848173260688781738e-01
1.000000000000000000e+00 9.844086766242980957e-01
1.000000000000000000e+00 9.859849214553833008e-01
1.000000000000000000e+00 9.878383874893188477e-01
1.000000000000000000e+00 9.841620922088623047e-01
1.000000000000000000e+00 9.893452525138854980e-01
1.000000000000000000e+00 9.897262454032897949e-01
1.000000000000000000e+00 9.855035543441772461e-01
1.000000000000000000e+00 9.802670478820800781e-01
0.000000000000000000e+00 9.745972752571105957e-01
0.000000000000000000e+00 9.674720764160156250e-01
0.000000000000000000e+00 9.426772594451904297e-01
0.000000000000000000e+00 9.177203178405761719e-01
0.000000000000000000e+00 8.626118898391723633e-01
0.000000000000000000e+00 7.936460971832275391e-01
0.000000000000000000e+00 6.823514699935913086e-01
0.000000000000000000e+00 6.645355224609375000e-01
0.000000000000000000e+00 6.604729890823364258e-01
0.000000000000000000e+00 5.221360325813293457e-01
0.000000000000000000e+00 5.878240466117858887e-01
0.000000000000000000e+00 5.741373896598815918e-01
0.000000000000000000e+00 6.248950958251953125e-01
0.000000000000000000e+00 4.559785425662994385e-01
0.000000000000000000e+00 4.679044485092163086e-01
0.000000000000000000e+00 2.996984124183654785e-01
0.000000000000000000e+00 2.296312004327774048e-01
0.000000000000000000e+00 1.164839342236518860e-01
0.000000000000000000e+00 5.854908749461174011e-02
