0.000000000000000000e+00 9.513978362083435059e-01
0.000000000000000000e+00 9.341724514961242676e-01
0.000000000000000000e+00 9.445409774780273438e-01
0.000000000000000000e+00 9.360480308532714844e-01
0.000000000000000000e+00 9.354765415191650391e-01
0.000000000000000000e+00 9.105659723281860352e-01
0.000000000000000000e+00 8.999904990196228027e-01
0.000000000000000000e+00 9.136407375335693359e-01
0.000000000000000000e+00 9.168921709060668945e-01
0.000000000000000000e+00 9.139899611473083496e-01
0.000000000000000000e+00 9.025352001190185547e-01
0.000000000000000000e+00 8.947132825851440430e-01
0.000000000000000000e+00 9.094232320785522461e-01
0.000000000000000000e+00 8.925583362579345703e-01
0.000000000000000000e+00 9.271421432495117188e-01
1.000000000000000000e+00 9.103552699089050293e-01
1.000000000000000000e+00 9.309325218200683594e-01
1.000000000000000000e+00 9.054008126258850098e-01
1.000000000000000000e+00 9.059428572654724121e-01
1.000000000000000000e+00 9.332054257392883301e-01
1.000000000000000000e+00 9.459828734397888184e-01
1.000000000000000000e+00 9.307805895805358887e-01
1.000000000000000000e+00 9.542031884193420410e-01
1.000000000000000000e+00 9.376624822616577148e-01
0.000000000000000000e+00 8.837599754333496094e-01
0.000000000000000000e+00 3.946176469326019287e-01
0.000000000000000000e+00 2.561741173267364502e-01
0.000000000000000000e+00 6.882448494434356689e-02
0.000000000000000000e+00 2.156355232000350952e-02
0.000000000000000000e+00 6.770905572921037674e-03
0.000000000000000000e+00 7.383599295280873775e-04
0.000000000000000000e+00 3.591486020013689995e-04
0.000000000000000000e+00 2.872462500818073750e-04
0.000000000000000000e+00 9.754186612553894520e-05
0.000000000000000000e+00 4.257631371729075909e-05
0.000000000000000000e+00 2.983624290209263563e-05
0.000000000000000000e+00 5.808142759633483365e-06
0.000000000000000000e+00 5.238917765382211655e-06
0.000000000000000000e+00 2.490896349627291784e-06
0.000000000000000000e+00 2.557881771281245165e-06
0.000000000000000000e+00 1.597695472810300998e-06
0.000000000000000000e+00 1.781594733074598480e-06
0.000000000000000000e+00 2.269108108521322720e-06
0.000000000000000000e+00 3.332466576466686092e-06
0.000000000000000000e+00 4.600477950589265674e-06
0.000000000000000000e+00 6.117154378443956375e-03
0.000000000000000000e+00 4.342466592788696289e-03
0.000000000000000000e+00 9.652122971601784229e-04
0.000000000000000000e+00 3.561195044312626123e-04
0.000000000000000000e+00 1.494571333751082420e-04
0.000000000000000000e+00 7.296961848624050617e-05
0.000000000000000000e+00 2.563868656579870731e-05
0.000000000000000000e+00 1.159222028945805505e-05
0.000000000000000000e+00 6.362486146826995537e-06
0.000000000000000000e+00 2.999522621394135058e-06
0.000000000000000000e+00 1.542284735478460789e-06
0.000000000000000000e+00 7.256259664245590102e-07
0.000000000000000000e+00 4.031983280583517626e-07
0.000000000000000000e+00 2.916830226240563206e-07
0.000000000000000000e+00 1.814250936149619520e-07
0.000000000000000000e+00 1.955594939317961689e-07
0.000000000000000000e+00 1.650618770554501680e-07
0.000000000000000000e+00 1.160502876018654206e-07
0.000000000000000000e+00 9.388203636717662448e-08
0.000000000000000000e+00 6.320036050055932719e-08
0.000000000000000000e+00 6.043620714990538545e-08
0.000000000000000000e+00 5.799690327989992511e-08
0.000000000000000000e+00 5.444741901783345384e-08
0.000000000000000000e+00 4.803015940524346661e-08
0.000000000000000000e+00 3.212118926398943586e-08
0.000000000000000000e+00 3.176374718805163866e-08
0.000000000000000000e+00 2.901636797503215348e-08
0.000000000000000000e+00 2.534141962939884252e-08
0.000000000000000000e+00 2.750622485336862155e-08
0.000000000000000000e+00 2.673286125798313151e-08
0.000000000000000000e+00 2.536579302159225335e-08
0.000000000000000000e+00 2.343684712968752137e-08
0.000000000000000000e+00 2.938669219076928130e-08
0.000000000000000000e+00 2.737949955644580768e-08
0.000000000000000000e+00 2.455143999213760253e-08
0.000000000000000000e+00 2.676107335730648629e-08
0.000000000000000000e+00 2.435870882777635416e-08
0.000000000000000000e+00 2.582354596825098270e-08
0.000000000000000000e+00 2.907248486394564679e-08
0.000000000000000000e+00 3.370100642996476381e-08
0.000000000000000000e+00 4.547196397197694751e-08
0.000000000000000000e+00 2.694484457776979980e-08
0.000000000000000000e+00 3.218607602661904821e-08
0.000000000000000000e+00 3.490142219675362867e-08
0.000000000000000000e+00 3.681097382468578871e-08
0.000000000000000000e+00 3.071965416893362999e-03
0.000000000000000000e+00 5.115591920912265778e-04
0.000000000000000000e+00 2.719917101785540581e-04
0.000000000000000000e+00 1.114993356168270111e-04
0.000000000000000000e+00 4.130749948672018945e-05
0.000000000000000000e+00 2.768992089841049165e-05
0.000000000000000000e+00 1.669853918428998441e-05
0.000000000000000000e+00 6.923760338395368308e-06
0.000000000000000000e+00 3.132994606858119369e-06
0.000000000000000000e+00 2.244938514195382595e-06
0.000000000000000000e+00 1.751546619743749034e-06
0.000000000000000000e+00 5.991363991597609129e-07
0.000000000000000000e+00 4.168176417351787677e-07
0.000000000000000000e+00 4.230671493132831529e-07
0.000000000000000000e+00 3.331772688852652209e-07
0.000000000000000000e+00 3.674745983062166488e-07
0.000000000000000000e+00 2.766103932572150370e-07
0.000000000000000000e+00 4.173478487246029545e-07
0.000000000000000000e+00 4.893489631285774522e-07
0.000000000000000000e+00 4.896799623566039372e-07
0.000000000000000000e+00 5.332830710358393844e-07
0.000000000000000000e+00 5.218380465521477163e-07
0.000000000000000000e+00 4.285328429887158563e-07
0.000000000000000000e+00 5.340062330105865840e-07
0.000000000000000000e+00 5.454871256915794220e-07
0.000000000000000000e+00 4.987716692994581535e-07
0.000000000000000000e+00 4.256970385085878661e-07
0.000000000000000000e+00 4.964434765497571789e-07
0.000000000000000000e+00 3.431936193010187708e-07
0.000000000000000000e+00 3.639950705291994382e-07
0.000000000000000000e+00 3.890488073921005707e-07
0.000000000000000000e+00 2.919855432992335409e-07
0.000000000000000000e+00 3.097608782809402328e-07
0.000000000000000000e+00 3.483349644284317037e-07
0.000000000000000000e+00 2.906184590756311081e-07
0.000000000000000000e+00 2.606287239359517116e-07
0.000000000000000000e+00 3.268486636898160214e-07
0.000000000000000000e+00 3.277916960087168263e-07
0.000000000000000000e+00 3.522585529935895465e-07
0.000000000000000000e+00 3.241344188609218691e-07
0.000000000000000000e+00 3.043875267394469120e-07
0.000000000000000000e+00 3.768076339838444255e-07
0.000000000000000000e+00 3.431121342600818025e-07
0.000000000000000000e+00 5.044576028012670577e-07
0.000000000000000000e+00 4.469997065825737081e-07
0.000000000000000000e+00 1.462808344513177872e-03
0.000000000000000000e+00 5.106082535348832607e-04
0.000000000000000000e+00 5.875626811757683754e-05
0.000000000000000000e+00 2.022370790655259043e-05
0.000000000000000000e+00 1.034150500345276669e-05
0.000000000000000000e+00 3.694244014695868827e-06
0.000000000000000000e+00 1.483347887187846936e-06
0.000000000000000000e+00 6.824196248089720029e-07
0.000000000000000000e+00 1.436095686813132488e-07
0.000000000000000000e+00 1.301409469078862458e-07
0.000000000000000000e+00 2.987834335499428562e-08
0.000000000000000000e+00 1.872094301802462724e-08
0.000000000000000000e+00 1.444684727403000579e-08
0.000000000000000000e+00 5.186792773059778483e-09
0.000000000000000000e+00 5.733617580716554585e-09
0.000000000000000000e+00 5.312073003693740247e-09
0.000000000000000000e+00 4.979610501720799220e-09
0.000000000000000000e+00 7.060330542429937850e-09
0.000000000000000000e+00 6.542703712142383665e-09
0.000000000000000000e+00 9.146859270003915299e-09
0.000000000000000000e+00 1.032123009281349368e-08
0.000000000000000000e+00 1.612467670497608196e-08
0.000000000000000000e+00 1.460877996350973262e-08
0.000000000000000000e+00 1.776463776081982360e-08
0.000000000000000000e+00 1.851123876406290947e-08
0.000000000000000000e+00 2.479474225935973664e-08
0.000000000000000000e+00 2.816055477694590081e-08
0.000000000000000000e+00 4.698479827425217081e-08
0.000000000000000000e+00 5.009047399084920471e-08
0.000000000000000000e+00 5.107189693376312789e-08
0.000000000000000000e+00 5.650814571822593280e-08
0.000000000000000000e+00 4.218266624889110972e-08
0.000000000000000000e+00 4.864520164460373053e-08
0.000000000000000000e+00 5.016180182337848237e-08
0.000000000000000000e+00 6.477085179312780383e-08
0.000000000000000000e+00 8.526659911467504571e-08
0.000000000000000000e+00 1.304175043514987919e-07
0.000000000000000000e+00 1.117866261779454362e-07
0.000000000000000000e+00 1.128968776242800232e-07
0.000000000000000000e+00 1.004960097361617954e-07
0.000000000000000000e+00 1.143144174875487806e-07
0.000000000000000000e+00 1.449284496857217164e-07
0.000000000000000000e+00 1.160626794671770767e-07
0.000000000000000000e+00 1.186588818313794036e-07
0.000000000000000000e+00 1.184262217179821164e-07
0.000000000000000000e+00 9.479992440901696682e-04
0.000000000000000000e+00 1.210749105666764081e-04
0.000000000000000000e+00 5.834654803038574755e-05
0.000000000000000000e+00 9.751457582751754671e-06
0.000000000000000000e+00 2.772418156382627785e-06
0.000000000000000000e+00 8.142053502524504438e-07
0.000000000000000000e+00 2.858223808743787231e-07
0.000000000000000000e+00 7.882171360051870579e-08
0.000000000000000000e+00 2.848663527288408659e-08
0.000000000000000000e+00 1.048862596775279599e-08
0.000000000000000000e+00 5.951134696147164505e-09
0.000000000000000000e+00 3.585598040700688216e-09
0.000000000000000000e+00 1.337450150629138079e-09
0.000000000000000000e+00 1.207543731673865750e-09
0.000000000000000000e+00 9.321533545048055203e-10
0.000000000000000000e+00 8.774224125041030220e-10
0.000000000000000000e+00 4.739446057833163195e-10
0.000000000000000000e+00 7.649395561415417433e-10
0.000000000000000000e+00 8.196935352700052135e-10
0.000000000000000000e+00 6.241718808475127389e-10
0.000000000000000000e+00 7.919491729069250141e-10
0.000000000000000000e+00 9.284005786369675661e-10
0.000000000000000000e+00 5.347671194755321267e-10
0.000000000000000000e+00 7.821421843523523876e-10
0.000000000000000000e+00 8.628263659105073202e-10
0.000000000000000000e+00 5.096227884138215813e-10
0.000000000000000000e+00 6.911852201696433440e-10
0.000000000000000000e+00 7.999177431550208439e-10
0.000000000000000000e+00 8.522017536094494972e-10
0.000000000000000000e+00 1.364672153059132143e-09
0.000000000000000000e+00 9.714701265650660389e-10
0.000000000000000000e+00 6.940877317340721220e-10
0.000000000000000000e+00 6.823006604150805288e-10
0.000000000000000000e+00 1.130011528793772868e-09
0.000000000000000000e+00 6.197411472896874329e-10
0.000000000000000000e+00 6.366756011288998707e-10
0.000000000000000000e+00 6.342176783746822366e-10
0.000000000000000000e+00 9.000272194192859843e-10
0.000000000000000000e+00 7.847332783583738092e-10
0.000000000000000000e+00 1.111084335647660737e-09
0.000000000000000000e+00 8.681236285390525609e-10
0.000000000000000000e+00 9.893843522235101773e-10
0.000000000000000000e+00 6.908426053442440207e-10
0.000000000000000000e+00 7.727556927683565391e-10
0.000000000000000000e+00 8.182939326140115099e-10
0.000000000000000000e+00 4.417885094881057739e-02
0.000000000000000000e+00 2.654057741165161133e-01
0.000000000000000000e+00 1.873501837253570557e-01
0.000000000000000000e+00 2.545021474361419678e-01
0.000000000000000000e+00 7.501490712165832520e-01
0.000000000000000000e+00 6.584812998771667480e-01
0.000000000000000000e+00 9.202172160148620605e-01
0.000000000000000000e+00 7.291432619094848633e-01
0.000000000000000000e+00 9.167289733886718750e-01
0.000000000000000000e+00 6.057597398757934570e-01
0.000000000000000000e+00 5.831563472747802734e-01
0.000000000000000000e+00 4.053312242031097412e-01
0.000000000000000000e+00 5.158300399780273438e-01
0.000000000000000000e+00 2.652835249900817871e-01
0.000000000000000000e+00 4.430282413959503174e-01
0.000000000000000000e+00 5.229594111442565918e-01
1.000000000000000000e+00 3.061297237873077393e-01
1.000000000000000000e+00 2.297874242067337036e-01
1.000000000000000000e+00 2.821568250656127930e-01
1.000000000000000000e+00 2.653303742408752441e-01
1.000000000000000000e+00 1.499925255775451660e-01
1.000000000000000000e+00 7.139431685209274292e-02
1.000000000000000000e+00 7.179150730371475220e-02
1.000000000000000000e+00 2.049610763788223267e-02
0.000000000000000000e+00 3.250318765640258789e-02
0.000000000000000000e+00 9.790918789803981781e-03
0.000000000000000000e+00 6.093632895499467850e-03
0.000000000000000000e+00 2.158905845135450363e-03
0.000000000000000000e+00 8.803461096249520779e-04
0.000000000000000000e+00 5.896352231502532959e-04
0.000000000000000000e+00 2.173221728298813105e-04
0.000000000000000000e+00 1.770156522979959846e-04
0.000000000000000000e+00 8.486904698656871915e-05
0.000000000000000000e+00 9.703977411845698953e-05
0.000000000000000000e+00 7.867295789765194058e-05
0.000000000000000000e+00 5.823293031426146626e-05
0.000000000000000000e+00 5.767398033640347421e-05
0.000000000000000000e+00 3.663234383566305041e-05
0.000000000000000000e+00 4.249158155289478600e-05
0.000000000000000000e+00 2.354646494495682418e-05
0.000000000000000000e+00 3.090064274147152901e-05
0.000000000000000000e+00 2.271494304295629263e-05
0.000000000000000000e+00 2.045169458142481744e-05
0.000000000000000000e+00 2.227970617241226137e-05
0.000000000000000000e+00 2.663554187165573239e-05
0.000000000000000000e+00 1.127409636974334717e-01
0.000000000000000000e+00 1.824171841144561768e-01
0.000000000000000000e+00 1.703216880559921265e-01
0.000000000000000000e+00 1.766187101602554321e-01
0.000000000000000000e+00 2.287615984678268433e-01
0.000000000000000000e+00 1.895949542522430420e-01
0.000000000000000000e+00 2.179650515317916870e-01
0.000000000000000000e+00 1.601196974515914917e-01
0.000000000000000000e+00 1.889477819204330444e-01
0.000000000000000000e+00 1.494007259607315063e-01
0.000000000000000000e+00 1.813778132200241089e-01
0.000000000000000000e+00 1.703019142150878906e-01
0.000000000000000000e+00 1.631108075380325317e-01
0.000000000000000000e+00 2.705784738063812256e-01
0.000000000000000000e+00 2.641298472881317139e-01
0.000000000000000000e+00 3.442151248455047607e-01
1.000000000000000000e+00 1.828732341527938843e-01
1.000000000000000000e+00 2.093027681112289429e-01
1.000000000000000000e+00 2.556013166904449463e-01
1.000000000000000000e+00 3.277665674686431885e-01
1.000000000000000000e+00 2.577403485774993896e-01
1.000000000000000000e+00 2.949464619159698486e-01
1.000000000000000000e+00 1.693915426731109619e-01
1.000000000000000000e+00 1.105180904269218445e-01
0.000000000000000000e+00 6.462529301643371582e-02
0.000000000000000000e+00 2.124144881963729858e-02
0.000000000000000000e+00 2.418590011075139046e-03
0.000000000000000000e+00 2.391678746789693832e-03
0.000000000000000000e+00 4.023504152428358793e-04
0.000000000000000000e+00 1.619659306015819311e-04
0.000000000000000000e+00 2.458644303260371089e-05
0.000000000000000000e+00 6.690923328278586268e-06
0.000000000000000000e+00 2.702235860851942562e-06
0.000000000000000000e+00 1.379708351123554166e-06
0.000000000000000000e+00 3.385028151114966022e-07
0.000000000000000000e+00 1.632211592550447676e-07
0.000000000000000000e+00 8.212138880026031984e-08
0.000000000000000000e+00 6.601370472480994067e-08
0.000000000000000000e+00 3.237071055650631024e-08
0.000000000000000000e+00 1.568226259962557378e-08
0.000000000000000000e+00 4.797548136536988750e-09
0.000000000000000000e+00 5.189889851209272820e-09
0.000000000000000000e+00 3.014749783147863127e-09
0.000000000000000000e+00 2.866845649762694848e-09
0.000000000000000000e+00 4.075604298492407906e-09
0.000000000000000000e+00 5.611869692802429199e-01
0.000000000000000000e+00 5.170825719833374023e-01
0.000000000000000000e+00 5.599110722541809082e-01
0.000000000000000000e+00 6.027281880378723145e-01
0.000000000000000000e+00 5.597129464149475098e-01
0.000000000000000000e+00 6.635186076164245605e-01
0.000000000000000000e+00 7.071608901023864746e-01
0.000000000000000000e+00 7.319621443748474121e-01
0.000000000000000000e+00 7.526962161064147949e-01
0.000000000000000000e+00 7.787078619003295898e-01
0.000000000000000000e+00 8.536464571952819824e-01
0.000000000000000000e+00 9.242166280746459961e-01
0.000000000000000000e+00 9.150727391242980957e-01
0.000000000000000000e+00 9.193845391273498535e-01
0.000000000000000000e+00 9.393498897552490234e-01
1.000000000000000000e+00 9.469006657600402832e-01
1.000000000000000000e+00 9.616350531578063965e-01
1.000000000000000000e+00 9.609919190406799316e-01
1.000000000000000000e+00 9.635927677154541016e-01
1.000000000000000000e+00 9.659879803657531738e-01
1.000000000000000000e+00 9.657443761825561523e-01
1.000000000000000000e+00 9.657400250434875488e-01
1.000000000000000000e+00 9.671633243560791016e-01
1.000000000000000000e+00 9.560431241989135742e-01
0.000000000000000000e+00 9.054889678955078125e-01
0.000000000000000000e+00 7.255690097808837891e-01
0.000000000000000000e+00 4.633374214172363281e-01
0.000000000000000000e+00 1.812308728694915771e-01
0.000000000000000000e+00 9.695889800786972046e-02
0.000000000000000000e+00 1.729873381555080414e-02
0.000000000000000000e+00 9.610473178327083588e-03
0.000000000000000000e+00 1.918964320793747902e-03
0.000000000000000000e+00 3.742475528270006180e-04
0.000000000000000000e+00 1.505905238445848227e-04
0.000000000000000000e+00 7.944472599774599075e-05
0.000000000000000000e+00 2.010199204960372299e-05
0.000000000000000000e+00 1.164287368737859651e-05
0.000000000000000000e+00 4.248094683134695515e-06
0.000000000000000000e+00 2.576847236923640594e-06
0.000000000000000000e+00 1.727344169921707362e-06
0.000000000000000000e+00 8.292480515592615120e-07
0.000000000000000000e+00 4.799321686732582748e-07
0.000000000000000000e+00 4.761096477068349486e-07
0.000000000000000000e+00 3.253304612371721305e-07
0.000000000000000000e+00 3.409999465020518983e-07
