0.000000000000000000e+00 6.279351115226745605e-01
1.000000000000000000e+00 6.095730662345886230e-01
1.000000000000000000e+00 6.488962769508361816e-01
1.000000000000000000e+00 7.105889320373535156e-01
0.000000000000000000e+00 7.521843314170837402e-01
0.000000000000000000e+00 7.639928460121154785e-01
0.000000000000000000e+00 8.144053220748901367e-01
0.000000000000000000e+00 8.108362555503845215e-01
0.000000000000000000e+00 8.420462608337402344e-01
0.000000000000000000e+00 8.418824672698974609e-01
0.000000000000000000e+00 8.562661409378051758e-01
0.000000000000000000e+00 8.439874053001403809e-01
0.000000000000000000e+00 8.795116543769836426e-01
1.000000000000000000e+00 8.852111697196960449e-01
1.000000000000000000e+00 8.918535709381103516e-01
1.000000000000000000e+00 9.003199934959411621e-01
1.000000000000000000e+00 9.042282700538635254e-01
1.000000000000000000e+00 9.052473902702331543e-01
1.000000000000000000e+00 8.895909786224365234e-01
1.000000000000000000e+00 9.030676484107971191e-01
1.000000000000000000e+00 9.139393568038940430e-01
1.000000000000000000e+00 9.154913425445556641e-01
1.000000000000000000e+00 9.179414510726928711e-01
1.000000000000000000e+00 9.212600588798522949e-01
1.000000000000000000e+00 9.179686903953552246e-01
1.000000000000000000e+00 8.868502378463745117e-01
1.000000000000000000e+00 8.019701838493347168e-01
1.000000000000000000e+00 6.895255446434020996e-01
0.000000000000000000e+00 4.448387026786804199e-01
0.000000000000000000e+00 2.182775288820266724e-01
0.000000000000000000e+00 1.124989837408065796e-01
0.000000000000000000e+00 5.069078877568244934e-02
0.000000000000000000e+00 2.676994539797306061e-02
0.000000000000000000e+00 2.551984600722789764e-02
0.000000000000000000e+00 1.523946691304445267e-02
0.000000000000000000e+00 9.234888479113578796e-03
0.000000000000000000e+00 7.122626062482595444e-03
0.000000000000000000e+00 4.669411107897758484e-03
1.000000000000000000e+00 3.259859513491392136e-03
1.000000000000000000e+00 2.239780966192483902e-03
1.000000000000000000e+00 1.666200696490705013e-03
1.000000000000000000e+00 1.700417255051434040e-03
1.000000000000000000e+00 1.391224097460508347e-03
1.000000000000000000e+00 1.108067692257463932e-03
1.000000000000000000e+00 8.998407865874469280e-04
1.000000000000000000e+00 2.671973109245300293e-01
0.000000000000000000e+00 1.668594777584075928e-01
0.000000000000000000e+00 1.285689771175384521e-01
0.000000000000000000e+00 9.841686487197875977e-02
0.000000000000000000e+00 8.286979049444198608e-02
0.000000000000000000e+00 6.615812331438064575e-02
0.000000000000000000e+00 5.719376727938652039e-02
0.000000000000000000e+00 4.595669731497764587e-02
0.000000000000000000e+00 2.611985430121421814e-02
0.000000000000000000e+00 3.002013638615608215e-02
0.000000000000000000e+00 1.656007021665573120e-02
0.000000000000000000e+00 1.744317077100276947e-02
0.000000000000000000e+00 2.137330546975135803e-02
0.000000000000000000e+00 1.192733924835920334e-02
0.000000000000000000e+00 2.010444365441799164e-02
0.000000000000000000e+00 1.058302354067564011e-02
0.000000000000000000e+00 1.577389799058437347e-02
0.000000000000000000e+00 2.095158025622367859e-02
0.000000000000000000e+00 1.950903423130512238e-02
0.000000000000000000e+00 8.616492152214050293e-03
0.000000000000000000e+00 1.185835525393486023e-02
0.000000000000000000e+00 9.337250143289566040e-03
0.000000000000000000e+00 1.343184337019920349e-02
0.000000000000000000e+00 5.120953544974327087e-03
0.000000000000000000e+00 2.997187199071049690e-03
0.000000000000000000e+00 3.542177146300673485e-03
0.000000000000000000e+00 3.189402632415294647e-03
0.000000000000000000e+00 2.261664019897580147e-03
0.000000000000000000e+00 2.293855184689164162e-03
0.000000000000000000e+00 2.956342184916138649e-03
0.000000000000000000e+00 3.003433113917708397e-03
0.000000000000000000e+00 1.816183328628540039e-03
0.000000000000000000e+00 1.790028065443038940e-03
0.000000000000000000e+00 2.205380471423268318e-03
0.000000000000000000e+00 3.096823347732424736e-03
0.000000000000000000e+00 1.606432371772825718e-03
0.000000000000000000e+00 1.226992462761700153e-03
0.000000000000000000e+00 1.973116770386695862e-03
0.000000000000000000e+00 2.932315692305564880e-03
0.000000000000000000e+00 1.972532831132411957e-03
0.000000000000000000e+00 2.198665868490934372e-03
0.000000000000000000e+00 1.884340774267911911e-03
0.000000000000000000e+00 2.551613841205835342e-03
0.000000000000000000e+00 1.958196284249424934e-03
0.000000000000000000e+00 1.820182078517973423e-03
0.000000000000000000e+00 2.771360576152801514e-01
0.000000000000000000e+00 2.487942278385162354e-01
0.000000000000000000e+00 1.993288844823837280e-01
0.000000000000000000e+00 1.655027121305465698e-01
0.000000000000000000e+00 1.449996680021286011e-01
0.000000000000000000e+00 1.394929438829421997e-01
0.000000000000000000e+00 1.208526715636253357e-01
0.000000000000000000e+00 1.060975715517997742e-01
0.000000000000000000e+00 1.083934903144836426e-01
0.000000000000000000e+00 8.185351639986038208e-02
0.000000000000000000e+00 9.770397096872329712e-02
0.000000000000000000e+00 9.318360686302185059e-02
0.000000000000000000e+00 8.566582947969436646e-02
0.000000000000000000e+00 8.003020286560058594e-02
0.000000000000000000e+00 9.719917923212051392e-02
0.000000000000000000e+00 1.036488190293312073e-01
0.000000000000000000e+00 1.212036982178688049e-01
0.000000000000000000e+00 6.746597588062286377e-02
0.000000000000000000e+00 5.276590585708618164e-02
0.000000000000000000e+00 4.400346055626869202e-02
0.000000000000000000e+00 2.635488286614418030e-02
0.000000000000000000e+00 2.618794515728950500e-02
0.000000000000000000e+00 1.893958076834678650e-02
0.000000000000000000e+00 1.880593039095401764e-02
0.000000000000000000e+00 1.328553445637226105e-02
0.000000000000000000e+00 1.577435620129108429e-02
0.000000000000000000e+00 1.431532949209213257e-02
0.000000000000000000e+00 1.231857948005199432e-02
0.000000000000000000e+00 1.356743834912776947e-02
0.000000000000000000e+00 1.695438288152217865e-02
0.000000000000000000e+00 1.883670687675476074e-02
0.000000000000000000e+00 1.662818156182765961e-02
0.000000000000000000e+00 2.046536095440387726e-02
0.000000000000000000e+00 2.188014425337314606e-02
0.000000000000000000e+00 1.978595554828643799e-02
0.000000000000000000e+00 1.753488928079605103e-02
0.000000000000000000e+00 1.517630741000175476e-02
0.000000000000000000e+00 1.014042925089597702e-02
0.000000000000000000e+00 1.662447117269039154e-02
0.000000000000000000e+00 1.114265806972980499e-02
0.000000000000000000e+00 9.752622805535793304e-03
0.000000000000000000e+00 1.190630067139863968e-02
0.000000000000000000e+00 8.416769094765186310e-03
0.000000000000000000e+00 8.810101076960563660e-03
0.000000000000000000e+00 1.101204846054315567e-02
0.000000000000000000e+00 2.541197836399078369e-01
0.000000000000000000e+00 2.129056751728057861e-01
0.000000000000000000e+00 1.847800463438034058e-01
0.000000000000000000e+00 1.626705825328826904e-01
0.000000000000000000e+00 1.301953494548797607e-01
0.000000000000000000e+00 1.139772385358810425e-01
0.000000000000000000e+00 1.029375866055488586e-01
0.000000000000000000e+00 8.175625652074813843e-02
0.000000000000000000e+00 6.010477989912033081e-02
0.000000000000000000e+00 5.719965696334838867e-02
0.000000000000000000e+00 4.564061015844345093e-02
0.000000000000000000e+00 4.793451726436614990e-02
0.000000000000000000e+00 3.371108695864677429e-02
0.000000000000000000e+00 4.149479791522026062e-02
0.000000000000000000e+00 3.635837510228157043e-02
0.000000000000000000e+00 2.967525273561477661e-02
0.000000000000000000e+00 2.203239127993583679e-02
0.000000000000000000e+00 1.815101318061351776e-02
0.000000000000000000e+00 1.455758232623338699e-02
0.000000000000000000e+00 1.047488208860158920e-02
0.000000000000000000e+00 7.508171722292900085e-03
0.000000000000000000e+00 9.862039238214492798e-03
0.000000000000000000e+00 1.038601621985435486e-02
0.000000000000000000e+00 1.002189889550209045e-02
0.000000000000000000e+00 9.987167082726955414e-03
0.000000000000000000e+00 5.884312093257904053e-03
0.000000000000000000e+00 6.061542779207229614e-03
0.000000000000000000e+00 7.600084412842988968e-03
0.000000000000000000e+00 8.520970121026039124e-03
0.000000000000000000e+00 7.038102485239505768e-03
0.000000000000000000e+00 8.419591933488845825e-03
0.000000000000000000e+00 8.268184028565883636e-03
0.000000000000000000e+00 7.575451862066984177e-03
0.000000000000000000e+00 1.606295816600322723e-02
0.000000000000000000e+00 1.010179519653320312e-02
0.000000000000000000e+00 9.214823134243488312e-03
0.000000000000000000e+00 1.811687275767326355e-02
0.000000000000000000e+00 1.418074965476989746e-02
0.000000000000000000e+00 1.160622481256723404e-02
0.000000000000000000e+00 1.189402770251035690e-02
0.000000000000000000e+00 1.196224801242351532e-02
0.000000000000000000e+00 9.209252893924713135e-03
0.000000000000000000e+00 1.099025364965200424e-02
0.000000000000000000e+00 1.754220947623252869e-02
0.000000000000000000e+00 1.371415890753269196e-02
0.000000000000000000e+00 4.527958333492279053e-01
0.000000000000000000e+00 3.584513068199157715e-01
0.000000000000000000e+00 2.881656587123870850e-01
0.000000000000000000e+00 2.748986482620239258e-01
0.000000000000000000e+00 2.459714412689208984e-01
0.000000000000000000e+00 2.519339919090270996e-01
0.000000000000000000e+00 2.569094300270080566e-01
0.000000000000000000e+00 2.471289932727813721e-01
0.000000000000000000e+00 2.691547870635986328e-01
0.000000000000000000e+00 2.931399047374725342e-01
0.000000000000000000e+00 3.188706934452056885e-01
0.000000000000000000e+00 3.416763842105865479e-01
0.000000000000000000e+00 3.491525650024414062e-01
0.000000000000000000e+00 4.116062223911285400e-01
0.000000000000000000e+00 3.587890267372131348e-01
0.000000000000000000e+00 3.173021972179412842e-01
0.000000000000000000e+00 2.819860279560089111e-01
0.000000000000000000e+00 2.132485508918762207e-01
0.000000000000000000e+00 2.228406965732574463e-01
0.000000000000000000e+00 1.437930315732955933e-01
0.000000000000000000e+00 7.419572770595550537e-02
0.000000000000000000e+00 5.135348811745643616e-02
0.000000000000000000e+00 5.391469597816467285e-02
0.000000000000000000e+00 2.958326786756515503e-02
0.000000000000000000e+00 3.205911070108413696e-02
0.000000000000000000e+00 2.089896798133850098e-02
0.000000000000000000e+00 2.485844120383262634e-02
0.000000000000000000e+00 1.992271281778812408e-02
0.000000000000000000e+00 2.041162736713886261e-02
0.000000000000000000e+00 1.892180368304252625e-02
0.000000000000000000e+00 1.319894567131996155e-02
0.000000000000000000e+00 1.442174147814512253e-02
0.000000000000000000e+00 1.045352220535278320e-02
0.000000000000000000e+00 1.351722329854965210e-02
0.000000000000000000e+00 1.594348624348640442e-02
0.000000000000000000e+00 2.215588837862014771e-02
0.000000000000000000e+00 1.812658272683620453e-02
0.000000000000000000e+00 1.619865372776985168e-02
0.000000000000000000e+00 1.796885952353477478e-02
0.000000000000000000e+00 1.657593622803688049e-02
0.000000000000000000e+00 1.488069444894790649e-02
0.000000000000000000e+00 1.677902229130268097e-02
0.000000000000000000e+00 1.722613908350467682e-02
0.000000000000000000e+00 1.691677607595920563e-02
0.000000000000000000e+00 1.611733995378017426e-02
0.000000000000000000e+00 7.564489245414733887e-01
1.000000000000000000e+00 8.143382072448730469e-01
0.000000000000000000e+00 8.576953411102294922e-01
0.000000000000000000e+00 8.582623600959777832e-01
0.000000000000000000e+00 8.979621529579162598e-01
0.000000000000000000e+00 9.199059009552001953e-01
0.000000000000000000e+00 9.199993014335632324e-01
0.000000000000000000e+00 9.271928668022155762e-01
0.000000000000000000e+00 9.033980965614318848e-01
0.000000000000000000e+00 9.030913710594177246e-01
0.000000000000000000e+00 8.796998262405395508e-01
0.000000000000000000e+00 8.896073698997497559e-01
0.000000000000000000e+00 8.775576949119567871e-01
1.000000000000000000e+00 8.433990478515625000e-01
1.000000000000000000e+00 8.526113033294677734e-01
1.000000000000000000e+00 8.790608048439025879e-01
1.000000000000000000e+00 8.308701515197753906e-01
1.000000000000000000e+00 8.173524737358093262e-01
1.000000000000000000e+00 8.253418803215026855e-01
1.000000000000000000e+00 8.040219545364379883e-01
1.000000000000000000e+00 8.403780460357666016e-01
1.000000000000000000e+00 8.116090893745422363e-01
1.000000000000000000e+00 7.973718047142028809e-01
1.000000000000000000e+00 7.114306688308715820e-01
1.000000000000000000e+00 6.783803701400756836e-01
1.000000000000000000e+00 6.669669151306152344e-01
0.000000000000000000e+00 6.064848899841308594e-01
0.000000000000000000e+00 5.595380663871765137e-01
0.000000000000000000e+00 5.117338895797729492e-01
0.000000000000000000e+00 5.222191214561462402e-01
0.000000000000000000e+00 5.036969780921936035e-01
0.000000000000000000e+00 4.723796248435974121e-01
0.000000000000000000e+00 5.307769179344177246e-01
0.000000000000000000e+00 5.231592655181884766e-01
0.000000000000000000e+00 5.212585330009460449e-01
0.000000000000000000e+00 5.419702529907226562e-01
0.000000000000000000e+00 5.626847147941589355e-01
0.000000000000000000e+00 5.494399666786193848e-01
0.000000000000000000e+00 5.730582475662231445e-01
0.000000000000000000e+00 5.790564417839050293e-01
0.000000000000000000e+00 5.631736516952514648e-01
0.000000000000000000e+00 5.726710557937622070e-01
0.000000000000000000e+00 4.910932779312133789e-01
0.000000000000000000e+00 4.246277511119842529e-01
0.000000000000000000e+00 3.544368147850036621e-01
0.000000000000000000e+00 5.524969696998596191e-01
0.000000000000000000e+00 5.213100314140319824e-01
0.000000000000000000e+00 3.839972913265228271e-01
0.000000000000000000e+00 3.562627434730529785e-01
0.000000000000000000e+00 4.648630321025848389e-01
0.000000000000000000e+00 3.277781903743743896e-01
0.000000000000000000e+00 4.653274714946746826e-01
0.000000000000000000e+00 3.060586154460906982e-01
0.000000000000000000e+00 2.814749479293823242e-01
0.000000000000000000e+00 5.496428012847900391e-01
0.000000000000000000e+00 4.223433732986450195e-01
1.000000000000000000e+00 5.186230540275573730e-01
0.000000000000000000e+00 3.148560822010040283e-01
1.000000000000000000e+00 4.800242483615875244e-01
1.000000000000000000e+00 4.273547530174255371e-01
1.000000000000000000e+00 3.434459269046783447e-01
1.000000000000000000e+00 2.868744134902954102e-01
1.000000000000000000e+00 3.652699291706085205e-01
1.000000000000000000e+00 2.622614204883575439e-01
1.000000000000000000e+00 5.412477850914001465e-01
1.000000000000000000e+00 4.701112210750579834e-01
1.000000000000000000e+00 5.185757875442504883e-01
1.000000000000000000e+00 4.192216396331787109e-01
1.000000000000000000e+00 4.575253427028656006e-01
1.000000000000000000e+00 4.923585355281829834e-01
0.000000000000000000e+00 5.173672437667846680e-01
0.000000000000000000e+00 3.690646290779113770e-01
0.000000000000000000e+00 2.767632305622100830e-01
0.000000000000000000e+00 2.733386754989624023e-01
0.000000000000000000e+00 1.249800026416778564e-01
0.000000000000000000e+00 1.030203551054000854e-01
0.000000000000000000e+00 6.894931942224502563e-02
0.000000000000000000e+00 4.511840641498565674e-02
1.000000000000000000e+00 2.720427140593528748e-02
0.000000000000000000e+00 2.219174429774284363e-02
0.000000000000000000e+00 1.741150580346584320e-02
0.000000000000000000e+00 1.504899561405181885e-02
0.000000000000000000e+00 1.464637927711009979e-02
0.000000000000000000e+00 1.448478084057569504e-02
0.000000000000000000e+00 1.437920611351728439e-02
0.000000000000000000e+00 1.397325377911329269e-02
0.000000000000000000e+00 1.525690034031867981e-02
0.000000000000000000e+00 1.576876826584339142e-02
0.000000000000000000e+00 1.847609505057334900e-02
0.000000000000000000e+00 2.884349226951599121e-02
0.000000000000000000e+00 8.127341866493225098e-01
0.000000000000000000e+00 7.947099804878234863e-01
1.000000000000000000e+00 8.416650891304016113e-01
0.000000000000000000e+00 8.145577907562255859e-01
0.000000000000000000e+00 8.441522717475891113e-01
0.000000000000000000e+00 8.438263535499572754e-01
0.000000000000000000e+00 8.634795546531677246e-01
0.000000000000000000e+00 8.607973456382751465e-01
0.000000000000000000e+00 8.815626502037048340e-01
0.000000000000000000e+00 8.758223652839660645e-01
0.000000000000000000e+00 8.943435549736022949e-01
1.000000000000000000e+00 8.962289690971374512e-01
1.000000000000000000e+00 8.956451416015625000e-01
1.000000000000000000e+00 8.986469507217407227e-01
1.000000000000000000e+00 9.190908074378967285e-01
1.000000000000000000e+00 9.069045782089233398e-01
1.000000000000000000e+00 9.162039756774902344e-01
1.000000000000000000e+00 9.208616018295288086e-01
1.000000000000000000e+00 9.220078587532043457e-01
1.000000000000000000e+00 9.145855307579040527e-01
1.000000000000000000e+00 9.067388176918029785e-01
1.000000000000000000e+00 9.143458008766174316e-01
1.000000000000000000e+00 8.913472294807434082e-01
1.000000000000000000e+00 8.718685507774353027e-01
1.000000000000000000e+00 7.936083078384399414e-01
1.000000000000000000e+00 7.346659898757934570e-01
0.000000000000000000e+00 6.441769003868103027e-01
0.000000000000000000e+00 5.485040545463562012e-01
0.000000000000000000e+00 4.890718758106231689e-01
0.000000000000000000e+00 3.595569133758544922e-01
0.000000000000000000e+00 2.598254978656768799e-01
0.000000000000000000e+00 2.589620649814605713e-01
0.000000000000000000e+00 2.492817193269729614e-01
0.000000000000000000e+00 2.305587679147720337e-01
0.000000000000000000e+00 2.122750431299209595e-01
0.000000000000000000e+00 2.141636610031127930e-01
0.000000000000000000e+00 2.320512235164642334e-01
0.000000000000000000e+00 2.334942072629928589e-01
0.000000000000000000e+00 2.610928118228912354e-01
0.000000000000000000e+00 2.643783986568450928e-01
0.000000000000000000e+00 2.703533768653869629e-01
0.000000000000000000e+00 2.560899853706359863e-01
0.000000000000000000e+00 1.689988076686859131e-01
0.000000000000000000e+00 1.542175114154815674e-01
0.000000000000000000e+00 8.986715972423553467e-02
