0.000000000000000000e+00 8.107487559318542480e-01
1.000000000000000000e+00 8.887845277786254883e-01
1.000000000000000000e+00 8.300889730453491211e-01
1.000000000000000000e+00 8.735349178314208984e-01
0.000000000000000000e+00 8.384860754013061523e-01
0.000000000000000000e+00 8.604368567466735840e-01
0.000000000000000000e+00 8.870686292648315430e-01
0.000000000000000000e+00 8.555760979652404785e-01
0.000000000000000000e+00 8.130264878273010254e-01
0.000000000000000000e+00 8.420478105545043945e-01
0.000000000000000000e+00 8.554677963256835938e-01
0.000000000000000000e+00 8.106116056442260742e-01
0.000000000000000000e+00 8.899562954902648926e-01
1.000000000000000000e+00 7.858269214630126953e-01
1.000000000000000000e+00 7.977629899978637695e-01
1.000000000000000000e+00 8.481152653694152832e-01
1.000000000000000000e+00 8.444471359252929688e-01
1.000000000000000000e+00 8.970120549201965332e-01
1.000000000000000000e+00 8.846534490585327148e-01
1.000000000000000000e+00 8.848429918289184570e-01
1.000000000000000000e+00 9.059011340141296387e-01
1.000000000000000000e+00 9.310712218284606934e-01
1.000000000000000000e+00 9.309553503990173340e-01
1.000000000000000000e+00 9.365461468696594238e-01
1.000000000000000000e+00 9.068594574928283691e-01
1.000000000000000000e+00 8.716544508934020996e-01
1.000000000000000000e+00 8.026767969131469727e-01
1.000000000000000000e+00 6.269509792327880859e-01
0.000000000000000000e+00 5.283435583114624023e-01
0.000000000000000000e+00 3.661308288574218750e-01
0.000000000000000000e+00 2.772535383701324463e-01
0.000000000000000000e+00 2.074992954730987549e-01
0.000000000000000000e+00 1.675218939781188965e-01
0.000000000000000000e+00 1.151809468865394592e-01
0.000000000000000000e+00 7.984045892953872681e-02
0.000000000000000000e+00 4.235162213444709778e-02
0.000000000000000000e+00 2.657343447208404541e-02
0.000000000000000000e+00 1.770184747874736786e-02
1.000000000000000000e+00 1.216168422251939774e-02
1.000000000000000000e+00 9.051961824297904968e-03
1.000000000000000000e+00 6.706327199935913086e-03
1.000000000000000000e+00 5.622080992907285690e-03
1.000000000000000000e+00 4.480927251279354095e-03
1.000000000000000000e+00 3.854724578559398651e-03
1.000000000000000000e+00 3.420822788029909134e-03
1.000000000000000000e+00 3.764492273330688477e-01
0.000000000000000000e+00 2.912368774414062500e-01
0.000000000000000000e+00 2.384212613105773926e-01
0.000000000000000000e+00 2.111042886972427368e-01
0.000000000000000000e+00 1.892406642436981201e-01
0.000000000000000000e+00 1.604168266057968140e-01
0.000000000000000000e+00 1.454965323209762573e-01
0.000000000000000000e+00 1.276038438081741333e-01
0.000000000000000000e+00 1.138367131352424622e-01
0.000000000000000000e+00 1.042876243591308594e-01
0.000000000000000000e+00 9.315145015716552734e-02
0.000000000000000000e+00 8.961990475654602051e-02
0.000000000000000000e+00 8.392489701509475708e-02
0.000000000000000000e+00 8.331841230392456055e-02
0.000000000000000000e+00 8.441884815692901611e-02
0.000000000000000000e+00 8.618628978729248047e-02
0.000000000000000000e+00 8.786319941282272339e-02
0.000000000000000000e+00 9.380353987216949463e-02
0.000000000000000000e+00 9.276128560304641724e-02
0.000000000000000000e+00 8.656491339206695557e-02
0.000000000000000000e+00 8.218106627464294434e-02
0.000000000000000000e+00 7.837243378162384033e-02
0.000000000000000000e+00 7.420594245195388794e-02
0.000000000000000000e+00 6.921446323394775391e-02
0.000000000000000000e+00 6.514833867549896240e-02
0.000000000000000000e+00 6.423540413379669189e-02
0.000000000000000000e+00 6.304829567670822144e-02
0.000000000000000000e+00 6.076176464557647705e-02
0.000000000000000000e+00 5.859730392694473267e-02
0.000000000000000000e+00 5.764485895633697510e-02
0.000000000000000000e+00 5.782429873943328857e-02
0.000000000000000000e+00 5.772928893566131592e-02
0.000000000000000000e+00 5.670796707272529602e-02
0.000000000000000000e+00 5.612654611468315125e-02
0.000000000000000000e+00 5.682592093944549561e-02
0.000000000000000000e+00 5.727634951472282410e-02
0.000000000000000000e+00 5.661035329103469849e-02
0.000000000000000000e+00 5.595374479889869690e-02
0.000000000000000000e+00 5.620180070400238037e-02
0.000000000000000000e+00 5.609778687357902527e-02
0.000000000000000000e+00 5.626660957932472229e-02
0.000000000000000000e+00 5.747446045279502869e-02
0.000000000000000000e+00 5.788722261786460876e-02
0.000000000000000000e+00 5.702034011483192444e-02
0.000000000000000000e+00 5.821761488914489746e-02
0.000000000000000000e+00 3.419191241264343262e-01
0.000000000000000000e+00 2.251388281583786011e-01
0.000000000000000000e+00 2.115752696990966797e-01
0.000000000000000000e+00 1.998563706874847412e-01
0.000000000000000000e+00 1.907386183738708496e-01
0.000000000000000000e+00 1.839151680469512939e-01
0.000000000000000000e+00 1.771137565374374390e-01
0.000000000000000000e+00 1.765081435441970825e-01
0.000000000000000000e+00 1.805541515350341797e-01
0.000000000000000000e+00 1.776712536811828613e-01
0.000000000000000000e+00 1.799763143062591553e-01
0.000000000000000000e+00 1.847586333751678467e-01
0.000000000000000000e+00 1.892564743757247925e-01
0.000000000000000000e+00 1.955217868089675903e-01
0.000000000000000000e+00 2.050979882478713989e-01
0.000000000000000000e+00 2.192413061857223511e-01
0.000000000000000000e+00 2.363228052854537964e-01
0.000000000000000000e+00 2.382772862911224365e-01
0.000000000000000000e+00 1.438446342945098877e-01
0.000000000000000000e+00 8.297660201787948608e-02
0.000000000000000000e+00 5.269760638475418091e-02
0.000000000000000000e+00 4.845247790217399597e-02
0.000000000000000000e+00 3.484974801540374756e-02
0.000000000000000000e+00 3.172984346747398376e-02
0.000000000000000000e+00 2.729638479650020599e-02
0.000000000000000000e+00 2.566628903150558472e-02
0.000000000000000000e+00 3.068950772285461426e-02
0.000000000000000000e+00 3.437504544854164124e-02
0.000000000000000000e+00 3.257995098829269409e-02
0.000000000000000000e+00 3.713103756308555603e-02
0.000000000000000000e+00 4.625806212425231934e-02
0.000000000000000000e+00 4.372118413448333740e-02
0.000000000000000000e+00 4.370449110865592957e-02
0.000000000000000000e+00 4.702930897474288940e-02
0.000000000000000000e+00 5.997503921389579773e-02
0.000000000000000000e+00 5.131849274039268494e-02
0.000000000000000000e+00 4.165866225957870483e-02
0.000000000000000000e+00 3.782308474183082581e-02
0.000000000000000000e+00 3.090493753552436829e-02
0.000000000000000000e+00 2.737540379166603088e-02
0.000000000000000000e+00 2.071749977767467499e-02
0.000000000000000000e+00 1.881125010550022125e-02
0.000000000000000000e+00 1.721230894327163696e-02
0.000000000000000000e+00 1.551999617367982864e-02
0.000000000000000000e+00 1.339506078511476517e-02
0.000000000000000000e+00 2.167368382215499878e-01
0.000000000000000000e+00 1.907070577144622803e-01
0.000000000000000000e+00 1.591430902481079102e-01
0.000000000000000000e+00 1.624281704425811768e-01
0.000000000000000000e+00 1.615406423807144165e-01
0.000000000000000000e+00 1.561166197061538696e-01
0.000000000000000000e+00 1.480141580104827881e-01
0.000000000000000000e+00 1.455338448286056519e-01
0.000000000000000000e+00 1.416751891374588013e-01
0.000000000000000000e+00 1.371060609817504883e-01
0.000000000000000000e+00 1.462337672710418701e-01
0.000000000000000000e+00 1.439943760633468628e-01
0.000000000000000000e+00 1.595173627138137817e-01
0.000000000000000000e+00 1.592211574316024780e-01
0.000000000000000000e+00 1.753213554620742798e-01
0.000000000000000000e+00 1.723445653915405273e-01
0.000000000000000000e+00 1.454507857561111450e-01
0.000000000000000000e+00 1.206161081790924072e-01
0.000000000000000000e+00 9.899780154228210449e-02
0.000000000000000000e+00 8.432064205408096313e-02
0.000000000000000000e+00 7.144109904766082764e-02
0.000000000000000000e+00 6.890057027339935303e-02
0.000000000000000000e+00 6.368167698383331299e-02
0.000000000000000000e+00 5.479799211025238037e-02
0.000000000000000000e+00 5.188419297337532043e-02
0.000000000000000000e+00 4.967856407165527344e-02
0.000000000000000000e+00 4.640435427427291870e-02
0.000000000000000000e+00 4.636927694082260132e-02
0.000000000000000000e+00 4.557481408119201660e-02
0.000000000000000000e+00 4.823356494307518005e-02
0.000000000000000000e+00 5.026611685752868652e-02
0.000000000000000000e+00 4.922389984130859375e-02
0.000000000000000000e+00 5.200305581092834473e-02
0.000000000000000000e+00 5.432140827178955078e-02
0.000000000000000000e+00 5.516118556261062622e-02
0.000000000000000000e+00 5.613993480801582336e-02
0.000000000000000000e+00 5.784207209944725037e-02
0.000000000000000000e+00 5.822189152240753174e-02
0.000000000000000000e+00 5.836210027337074280e-02
0.000000000000000000e+00 5.800339579582214355e-02
0.000000000000000000e+00 5.983186140656471252e-02
0.000000000000000000e+00 6.319676339626312256e-02
0.000000000000000000e+00 6.273469328880310059e-02
0.000000000000000000e+00 6.833349913358688354e-02
0.000000000000000000e+00 7.247351109981536865e-02
0.000000000000000000e+00 3.508385121822357178e-01
0.000000000000000000e+00 2.644716501235961914e-01
0.000000000000000000e+00 1.907349675893783569e-01
0.000000000000000000e+00 1.542846858501434326e-01
0.000000000000000000e+00 1.330431401729583740e-01
0.000000000000000000e+00 1.208607777953147888e-01
0.000000000000000000e+00 9.664295613765716553e-02
0.000000000000000000e+00 9.322402626276016235e-02
0.000000000000000000e+00 9.314404428005218506e-02
0.000000000000000000e+00 9.232953935861587524e-02
0.000000000000000000e+00 9.783937036991119385e-02
0.000000000000000000e+00 1.082347854971885681e-01
0.000000000000000000e+00 1.203734055161476135e-01
0.000000000000000000e+00 1.276654303073883057e-01
0.000000000000000000e+00 1.549116373062133789e-01
0.000000000000000000e+00 1.892601400613784790e-01
0.000000000000000000e+00 2.197477221488952637e-01
0.000000000000000000e+00 2.073458135128021240e-01
0.000000000000000000e+00 1.285777240991592407e-01
0.000000000000000000e+00 6.020439043641090393e-02
0.000000000000000000e+00 3.640052303671836853e-02
0.000000000000000000e+00 2.790712006390094757e-02
0.000000000000000000e+00 1.616833172738552094e-02
0.000000000000000000e+00 1.223903894424438477e-02
0.000000000000000000e+00 9.302719496190547943e-03
0.000000000000000000e+00 8.198019117116928101e-03
0.000000000000000000e+00 7.698964793235063553e-03
0.000000000000000000e+00 6.756253074854612350e-03
0.000000000000000000e+00 7.128357421606779099e-03
0.000000000000000000e+00 7.056905422359704971e-03
0.000000000000000000e+00 7.987680844962596893e-03
0.000000000000000000e+00 9.129199199378490448e-03
0.000000000000000000e+00 1.124859601259231567e-02
0.000000000000000000e+00 1.212170533835887909e-02
0.000000000000000000e+00 1.540049351751804352e-02
0.000000000000000000e+00 1.738268323242664337e-02
0.000000000000000000e+00 1.684414781630039215e-02
0.000000000000000000e+00 1.577592641115188599e-02
0.000000000000000000e+00 1.559164468199014664e-02
0.000000000000000000e+00 1.230280194431543350e-02
0.000000000000000000e+00 1.276189088821411133e-02
0.000000000000000000e+00 1.465808227658271790e-02
0.000000000000000000e+00 1.591085642576217651e-02
0.000000000000000000e+00 1.610946282744407654e-02
0.000000000000000000e+00 1.855231262743473053e-02
0.000000000000000000e+00 8.573897480964660645e-01
1.000000000000000000e+00 8.362882733345031738e-01
0.000000000000000000e+00 8.574087619781494141e-01
0.000000000000000000e+00 8.501009345054626465e-01
0.000000000000000000e+00 8.467622995376586914e-01
0.000000000000000000e+00 8.592597246170043945e-01
0.000000000000000000e+00 8.236456513404846191e-01
0.000000000000000000e+00 8.514139056205749512e-01
0.000000000000000000e+00 8.070467710494995117e-01
0.000000000000000000e+00 8.730432391166687012e-01
0.000000000000000000e+00 8.559914231300354004e-01
0.000000000000000000e+00 8.317254185676574707e-01
0.000000000000000000e+00 8.490219712257385254e-01
1.000000000000000000e+00 8.150264620780944824e-01
1.000000000000000000e+00 8.309693932533264160e-01
1.000000000000000000e+00 8.374202847480773926e-01
1.000000000000000000e+00 8.377217650413513184e-01
1.000000000000000000e+00 8.367342948913574219e-01
1.000000000000000000e+00 8.631289601325988770e-01
1.000000000000000000e+00 8.639047741889953613e-01
1.000000000000000000e+00 8.809600472450256348e-01
1.000000000000000000e+00 9.091086983680725098e-01
1.000000000000000000e+00 9.061989188194274902e-01
1.000000000000000000e+00 9.164211153984069824e-01
1.000000000000000000e+00 9.186264276504516602e-01
1.000000000000000000e+00 9.210691452026367188e-01
0.000000000000000000e+00 8.911029696464538574e-01
0.000000000000000000e+00 8.020117878913879395e-01
0.000000000000000000e+00 8.055908679962158203e-01
0.000000000000000000e+00 7.311577796936035156e-01
0.000000000000000000e+00 6.360173225402832031e-01
0.000000000000000000e+00 6.088389754295349121e-01
0.000000000000000000e+00 5.046092271804809570e-01
0.000000000000000000e+00 5.133426189422607422e-01
0.000000000000000000e+00 4.800268411636352539e-01
0.000000000000000000e+00 5.231493711471557617e-01
0.000000000000000000e+00 5.205808877944946289e-01
0.000000000000000000e+00 5.427746176719665527e-01
0.000000000000000000e+00 5.505787730216979980e-01
0.000000000000000000e+00 6.038548946380615234e-01
0.000000000000000000e+00 6.331211328506469727e-01
0.000000000000000000e+00 6.340523958206176758e-01
0.000000000000000000e+00 6.496001482009887695e-01
0.000000000000000000e+00 6.558751463890075684e-01
0.000000000000000000e+00 6.084968447685241699e-01
0.000000000000000000e+00 8.376823663711547852e-01
0.000000000000000000e+00 8.037919402122497559e-01
0.000000000000000000e+00 8.108688592910766602e-01
0.000000000000000000e+00 7.983969449996948242e-01
0.000000000000000000e+00 8.516255617141723633e-01
0.000000000000000000e+00 8.318281769752502441e-01
0.000000000000000000e+00 8.157305717468261719e-01
0.000000000000000000e+00 8.633767962455749512e-01
0.000000000000000000e+00 8.363081216812133789e-01
0.000000000000000000e+00 8.454188704490661621e-01
0.000000000000000000e+00 8.454323410987854004e-01
1.000000000000000000e+00 8.239118456840515137e-01
0.000000000000000000e+00 8.445038795471191406e-01
1.000000000000000000e+00 8.469166755676269531e-01
1.000000000000000000e+00 8.341352343559265137e-01
1.000000000000000000e+00 8.113489151000976562e-01
1.000000000000000000e+00 7.982434034347534180e-01
1.000000000000000000e+00 7.957711219787597656e-01
1.000000000000000000e+00 8.312624096870422363e-01
1.000000000000000000e+00 8.667944669723510742e-01
1.000000000000000000e+00 9.001838564872741699e-01
1.000000000000000000e+00 8.952993154525756836e-01
1.000000000000000000e+00 9.415488243103027344e-01
1.000000000000000000e+00 9.311979413032531738e-01
1.000000000000000000e+00 9.424470663070678711e-01
0.000000000000000000e+00 8.887182474136352539e-01
0.000000000000000000e+00 8.433274626731872559e-01
0.000000000000000000e+00 5.499150156974792480e-01
0.000000000000000000e+00 3.005236089229583740e-01
0.000000000000000000e+00 1.232642829418182373e-01
0.000000000000000000e+00 1.040173396468162537e-01
0.000000000000000000e+00 8.795344084501266479e-02
0.000000000000000000e+00 7.883603125810623169e-02
1.000000000000000000e+00 6.585008651018142700e-02
0.000000000000000000e+00 6.383936107158660889e-02
0.000000000000000000e+00 6.952926516532897949e-02
0.000000000000000000e+00 6.799196451902389526e-02
0.000000000000000000e+00 7.867810875177383423e-02
0.000000000000000000e+00 8.376353234052658081e-02
0.000000000000000000e+00 8.553971350193023682e-02
0.000000000000000000e+00 8.994378894567489624e-02
0.000000000000000000e+00 1.000657230615615845e-01
0.000000000000000000e+00 1.156659349799156189e-01
0.000000000000000000e+00 1.330724507570266724e-01
0.000000000000000000e+00 1.554935425519943237e-01
0.000000000000000000e+00 8.096720576286315918e-01
0.000000000000000000e+00 8.497171998023986816e-01
1.000000000000000000e+00 8.616943955421447754e-01
0.000000000000000000e+00 8.275457024574279785e-01
0.000000000000000000e+00 8.324691057205200195e-01
0.000000000000000000e+00 8.120087385177612305e-01
0.000000000000000000e+00 8.224152922630310059e-01
0.000000000000000000e+00 7.925325036048889160e-01
0.000000000000000000e+00 8.241472840309143066e-01
0.000000000000000000e+00 8.463273644447326660e-01
0.000000000000000000e+00 8.436580300331115723e-01
1.000000000000000000e+00 8.563595414161682129e-01
1.000000000000000000e+00 8.362414240837097168e-01
1.000000000000000000e+00 7.997041940689086914e-01
1.000000000000000000e+00 8.312807083129882812e-01
1.000000000000000000e+00 8.577446341514587402e-01
1.000000000000000000e+00 8.478438854217529297e-01
1.000000000000000000e+00 8.250058889389038086e-01
1.000000000000000000e+00 8.692565560340881348e-01
1.000000000000000000e+00 8.680672645568847656e-01
1.000000000000000000e+00 8.734462261199951172e-01
1.000000000000000000e+00 8.914650082588195801e-01
1.000000000000000000e+00 8.926777243614196777e-01
1.000000000000000000e+00 8.956363797187805176e-01
1.000000000000000000e+00 8.608828783035278320e-01
1.000000000000000000e+00 7.986727356910705566e-01
0.000000000000000000e+00 7.106333374977111816e-01
0.000000000000000000e+00 4.458295702934265137e-01
0.000000000000000000e+00 4.037566184997558594e-01
0.000000000000000000e+00 2.703954875469207764e-01
0.000000000000000000e+00 2.586851418018341064e-01
0.000000000000000000e+00 2.437841892242431641e-01
0.000000000000000000e+00 2.321563810110092163e-01
0.000000000000000000e+00 2.212022244930267334e-01
0.000000000000000000e+00 2.211751192808151245e-01
0.000000000000000000e+00 2.027090042829513550e-01
0.000000000000000000e+00 1.981520205736160278e-01
0.000000000000000000e+00 1.950501352548599243e-01
0.000000000000000000e+00 1.904386281967163086e-01
0.000000000000000000e+00 1.878234446048736572e-01
0.000000000000000000e+00 1.838406920433044434e-01
0.000000000000000000e+00 1.880504637956619263e-01
0.000000000000000000e+00 1.832526326179504395e-01
0.000000000000000000e+00 1.795767545700073242e-01
0.000000000000000000e+00 1.734705418348312378e-01
