0.000000000000000000e+00 9.277889132499694824e-01
0.000000000000000000e+00 9.218253493309020996e-01
0.000000000000000000e+00 8.648561239242553711e-01
0.000000000000000000e+00 9.160874485969543457e-01
0.000000000000000000e+00 9.035752415657043457e-01
0.000000000000000000e+00 9.052670001983642578e-01
0.000000000000000000e+00 9.180629849433898926e-01
0.000000000000000000e+00 9.134129285812377930e-01
0.000000000000000000e+00 8.941016197204589844e-01
0.000000000000000000e+00 9.222004413604736328e-01
0.000000000000000000e+00 9.136466383934020996e-01
0.000000000000000000e+00 9.060745835304260254e-01
0.000000000000000000e+00 9.188268780708312988e-01
0.000000000000000000e+00 9.204988479614257812e-01
0.000000000000000000e+00 9.250720739364624023e-01
1.000000000000000000e+00 8.964450359344482422e-01
1.000000000000000000e+00 9.167971014976501465e-01
1.000000000000000000e+00 9.160212874412536621e-01
1.000000000000000000e+00 9.053941369056701660e-01
1.000000000000000000e+00 9.209665060043334961e-01
1.000000000000000000e+00 9.344843626022338867e-01
1.000000000000000000e+00 9.315748810768127441e-01
1.000000000000000000e+00 9.294557571411132812e-01
1.000000000000000000e+00 9.133558273315429688e-01
0.000000000000000000e+00 8.216998577117919922e-01
0.000000000000000000e+00 6.410602927207946777e-01
0.000000000000000000e+00 5.694562196731567383e-01
0.000000000000000000e+00 9.238219261169433594e-02
0.000000000000000000e+00 2.796469628810882568e-02
0.000000000000000000e+00 3.613845678046345711e-03
0.000000000000000000e+00 4.569777520373463631e-04
0.000000000000000000e+00 5.925587902311235666e-05
0.000000000000000000e+00 1.664454612182453275e-05
0.000000000000000000e+00 2.624002263473812491e-06
0.000000000000000000e+00 5.550599553316715173e-07
0.000000000000000000e+00 2.885353751480579376e-07
0.000000000000000000e+00 8.977220744554870180e-08
0.000000000000000000e+00 1.977167407574142999e-08
0.000000000000000000e+00 5.252008161704679878e-09
0.000000000000000000e+00 2.447746005884710030e-09
0.000000000000000000e+00 2.022486622621499919e-09
0.000000000000000000e+00 9.848374338261578487e-10
0.000000000000000000e+00 1.535668481267293828e-09
0.000000000000000000e+00 1.518582481985220056e-09
0.000000000000000000e+00 3.978361640122329845e-09
0.000000000000000000e+00 2.280822227476164699e-04
0.000000000000000000e+00 2.516350468795280904e-05
0.000000000000000000e+00 4.465575329959392548e-06
0.000000000000000000e+00 2.406942257948685437e-06
0.000000000000000000e+00 2.788221706850890769e-07
0.000000000000000000e+00 6.370309080239167088e-08
0.000000000000000000e+00 1.879066502397108707e-08
0.000000000000000000e+00 3.406197546240719021e-09
0.000000000000000000e+00 6.354599624280865555e-10
0.000000000000000000e+00 1.962272982991564163e-10
0.000000000000000000e+00 3.902287173951357602e-11
0.000000000000000000e+00 2.461939853370953557e-11
0.000000000000000000e+00 6.369665211947150851e-12
0.000000000000000000e+00 2.127499348567041260e-12
0.000000000000000000e+00 1.295226621268741329e-12
0.000000000000000000e+00 7.765740090912021110e-13
0.000000000000000000e+00 4.936873392730189991e-13
0.000000000000000000e+00 4.470398931675362286e-13
0.000000000000000000e+00 4.101627078343522692e-13
0.000000000000000000e+00 3.377801510717759470e-13
0.000000000000000000e+00 2.324278465005991112e-13
0.000000000000000000e+00 3.546833237267482675e-13
0.000000000000000000e+00 3.294222533645196904e-13
0.000000000000000000e+00 4.344593532591006779e-13
0.000000000000000000e+00 2.905239796565511901e-13
0.000000000000000000e+00 3.422601828687032999e-13
0.000000000000000000e+00 3.418511404940788312e-13
0.000000000000000000e+00 3.055602374856664083e-13
0.000000000000000000e+00 3.032210984035832446e-13
0.000000000000000000e+00 3.375772968453039091e-13
0.000000000000000000e+00 2.860722184312713967e-13
0.000000000000000000e+00 3.000081736856397008e-13
0.000000000000000000e+00 3.069054342261234858e-13
0.000000000000000000e+00 3.090441856416770161e-13
0.000000000000000000e+00 2.065805344711804659e-13
0.000000000000000000e+00 3.874493770521930669e-13
0.000000000000000000e+00 3.595246658976564147e-13
0.000000000000000000e+00 4.334718619204008805e-13
0.000000000000000000e+00 6.575743638839726124e-13
0.000000000000000000e+00 4.030465468752436609e-13
0.000000000000000000e+00 4.859351853195303939e-13
0.000000000000000000e+00 6.967899022526646835e-13
0.000000000000000000e+00 3.948199189460210867e-13
0.000000000000000000e+00 6.893134067015305178e-13
0.000000000000000000e+00 6.000635643758911453e-13
0.000000000000000000e+00 8.358337800018489361e-04
0.000000000000000000e+00 4.678729746956378222e-04
0.000000000000000000e+00 1.109601071220822632e-04
0.000000000000000000e+00 4.508920392254367471e-05
0.000000000000000000e+00 4.872756562690483406e-06
0.000000000000000000e+00 2.061887926174676977e-06
0.000000000000000000e+00 8.667906286063953303e-07
0.000000000000000000e+00 3.392409269054041943e-07
0.000000000000000000e+00 5.147363779656188854e-08
0.000000000000000000e+00 2.955436961826762854e-08
0.000000000000000000e+00 1.004541871907349559e-08
0.000000000000000000e+00 5.038538919421853279e-09
0.000000000000000000e+00 2.476391314232273544e-09
0.000000000000000000e+00 1.336924793093885455e-09
0.000000000000000000e+00 5.302524530570451589e-10
0.000000000000000000e+00 3.475073562242414482e-10
0.000000000000000000e+00 3.362168321530134563e-10
0.000000000000000000e+00 1.785548930932634448e-10
0.000000000000000000e+00 1.537596161504950487e-10
0.000000000000000000e+00 1.500606167104123756e-10
0.000000000000000000e+00 1.240300362415069912e-10
0.000000000000000000e+00 7.579911004418349307e-11
0.000000000000000000e+00 7.611739710755571764e-11
0.000000000000000000e+00 8.080508484553661219e-11
0.000000000000000000e+00 6.497776622316209227e-11
0.000000000000000000e+00 6.426756349320328354e-11
0.000000000000000000e+00 5.965528071527614884e-11
0.000000000000000000e+00 5.042668019261675738e-11
0.000000000000000000e+00 4.320154997627945193e-11
0.000000000000000000e+00 3.406564613728235713e-11
0.000000000000000000e+00 3.547987251217854521e-11
0.000000000000000000e+00 2.772392558580971667e-11
0.000000000000000000e+00 3.037823465001920908e-11
0.000000000000000000e+00 2.568546937642413042e-11
0.000000000000000000e+00 1.760432424835478571e-11
0.000000000000000000e+00 1.532065446729902192e-11
0.000000000000000000e+00 2.412356252257108480e-11
0.000000000000000000e+00 2.213246426407966538e-11
0.000000000000000000e+00 2.860757811196101841e-11
0.000000000000000000e+00 2.333092920248081015e-11
0.000000000000000000e+00 3.606789172883040351e-11
0.000000000000000000e+00 3.450192909149052412e-11
0.000000000000000000e+00 3.135701420742265100e-11
0.000000000000000000e+00 3.049265354104768733e-11
0.000000000000000000e+00 5.438444139471698691e-11
0.000000000000000000e+00 5.474237259477376938e-04
0.000000000000000000e+00 1.548043946968391538e-04
0.000000000000000000e+00 9.023477468872442842e-05
0.000000000000000000e+00 2.488880454620812088e-05
0.000000000000000000e+00 8.657277248858008534e-06
0.000000000000000000e+00 9.217209480993915349e-06
0.000000000000000000e+00 2.632928726598038338e-06
0.000000000000000000e+00 2.174709607061231509e-06
0.000000000000000000e+00 2.042724645434645936e-06
0.000000000000000000e+00 7.615786330461560283e-07
0.000000000000000000e+00 2.556791400820657145e-07
0.000000000000000000e+00 1.813152579188681557e-07
0.000000000000000000e+00 1.042383317439998791e-07
0.000000000000000000e+00 1.055505762792563473e-07
0.000000000000000000e+00 9.332500638947749394e-08
0.000000000000000000e+00 7.501692778077995172e-08
0.000000000000000000e+00 4.504088124690497352e-08
0.000000000000000000e+00 7.876656127336900681e-08
0.000000000000000000e+00 1.313836150984570850e-07
0.000000000000000000e+00 6.568225785485992674e-08
0.000000000000000000e+00 1.164452854141018179e-07
0.000000000000000000e+00 6.901701965489337454e-08
0.000000000000000000e+00 1.463518088939963491e-07
0.000000000000000000e+00 5.542289827076274378e-08
0.000000000000000000e+00 9.117861310414809850e-08
0.000000000000000000e+00 1.875415023278037552e-07
0.000000000000000000e+00 1.692147151288736495e-07
0.000000000000000000e+00 1.770659565636378829e-07
0.000000000000000000e+00 1.661837956135059358e-07
0.000000000000000000e+00 2.428039067581266863e-07
0.000000000000000000e+00 1.898819874668333796e-07
0.000000000000000000e+00 1.511728839886927744e-07
0.000000000000000000e+00 1.263934166217950406e-07
0.000000000000000000e+00 1.609864028750962461e-07
0.000000000000000000e+00 2.668404022188042291e-07
0.000000000000000000e+00 2.022633083242908469e-07
0.000000000000000000e+00 3.615994330630201148e-07
0.000000000000000000e+00 4.361738206171139609e-07
0.000000000000000000e+00 3.389618541405070573e-07
0.000000000000000000e+00 5.964039928585407324e-07
0.000000000000000000e+00 8.055457669797760900e-07
0.000000000000000000e+00 4.269101623322058003e-07
0.000000000000000000e+00 5.784318091173190624e-07
0.000000000000000000e+00 9.553938298267894424e-07
0.000000000000000000e+00 3.932438232823187718e-07
0.000000000000000000e+00 2.404547855257987976e-02
0.000000000000000000e+00 8.078118786215782166e-03
0.000000000000000000e+00 4.269495548214763403e-04
0.000000000000000000e+00 1.617127127246931195e-04
0.000000000000000000e+00 4.519006324699148536e-05
0.000000000000000000e+00 9.583764949638862163e-06
0.000000000000000000e+00 4.060719220433384180e-06
0.000000000000000000e+00 1.006838033390522469e-06
0.000000000000000000e+00 3.831823107702803100e-07
0.000000000000000000e+00 1.345301967603518278e-07
0.000000000000000000e+00 5.719453355368386838e-08
0.000000000000000000e+00 2.965329670701066789e-08
0.000000000000000000e+00 1.382345438116772129e-08
0.000000000000000000e+00 5.856938045667448023e-09
0.000000000000000000e+00 5.696642269015228521e-09
0.000000000000000000e+00 3.084664967900607735e-09
0.000000000000000000e+00 1.997247256468881460e-09
0.000000000000000000e+00 1.132250959656744271e-09
0.000000000000000000e+00 1.754557943378642904e-09
0.000000000000000000e+00 2.187663827868391309e-09
0.000000000000000000e+00 1.289721329733595212e-09
0.000000000000000000e+00 1.741780830677441827e-09
0.000000000000000000e+00 1.690369844098427166e-09
0.000000000000000000e+00 1.961690143659211572e-09
0.000000000000000000e+00 1.627449397467728431e-09
0.000000000000000000e+00 1.529675608402669695e-09
0.000000000000000000e+00 2.004154175949679484e-09
0.000000000000000000e+00 2.356363992817023245e-09
0.000000000000000000e+00 2.106497865028700289e-09
0.000000000000000000e+00 2.192384052079887624e-09
0.000000000000000000e+00 2.262016574050562667e-09
0.000000000000000000e+00 2.124356024424400857e-09
0.000000000000000000e+00 2.234431306646911253e-09
0.000000000000000000e+00 2.485756489534196589e-09
0.000000000000000000e+00 2.166230306244187886e-09
0.000000000000000000e+00 3.371545709285328485e-09
0.000000000000000000e+00 2.497199558249008078e-09
0.000000000000000000e+00 2.265544196689006640e-09
0.000000000000000000e+00 3.203264320461585157e-09
0.000000000000000000e+00 4.156836652668971510e-09
0.000000000000000000e+00 3.415337790357853009e-09
0.000000000000000000e+00 3.275908211364253475e-09
0.000000000000000000e+00 2.630419437821274187e-09
0.000000000000000000e+00 3.406632753666372082e-09
0.000000000000000000e+00 2.748753891168576047e-09
0.000000000000000000e+00 1.886011473834514618e-02
0.000000000000000000e+00 2.237409353256225586e-02
0.000000000000000000e+00 1.276059597730636597e-01
0.000000000000000000e+00 2.698958814144134521e-01
0.000000000000000000e+00 4.602106809616088867e-01
0.000000000000000000e+00 7.179042100906372070e-01
0.000000000000000000e+00 7.543576955795288086e-01
0.000000000000000000e+00 7.870159745216369629e-01
0.000000000000000000e+00 6.399089694023132324e-01
0.000000000000000000e+00 5.628942251205444336e-01
0.000000000000000000e+00 3.509967625141143799e-01
0.000000000000000000e+00 1.738534569740295410e-01
0.000000000000000000e+00 1.840672492980957031e-01
0.000000000000000000e+00 8.370058238506317139e-02
0.000000000000000000e+00 1.346255540847778320e-01
0.000000000000000000e+00 1.885073632001876831e-01
1.000000000000000000e+00 9.488045424222946167e-02
1.000000000000000000e+00 1.414397060871124268e-01
1.000000000000000000e+00 1.359896808862686157e-01
1.000000000000000000e+00 2.505564987659454346e-01
1.000000000000000000e+00 1.731097251176834106e-01
1.000000000000000000e+00 8.019718527793884277e-02
1.000000000000000000e+00 6.141630187630653381e-02
1.000000000000000000e+00 1.601220481097698212e-02
0.000000000000000000e+00 3.177570179104804993e-02
0.000000000000000000e+00 9.141661226749420166e-03
0.000000000000000000e+00 8.980309590697288513e-03
0.000000000000000000e+00 1.239951350726187229e-03
0.000000000000000000e+00 5.613075336441397667e-04
0.000000000000000000e+00 2.184390032198280096e-04
0.000000000000000000e+00 1.780786406015977263e-04
0.000000000000000000e+00 7.288636697921901941e-05
0.000000000000000000e+00 7.865871157264336944e-05
0.000000000000000000e+00 3.654525062302127481e-05
0.000000000000000000e+00 1.731426345941144973e-05
0.000000000000000000e+00 2.265197326778434217e-05
0.000000000000000000e+00 5.972025064693298191e-06
0.000000000000000000e+00 6.329219104372896254e-06
0.000000000000000000e+00 3.137853582302341238e-06
0.000000000000000000e+00 1.534778220957377926e-06
0.000000000000000000e+00 1.888460701593430713e-06
0.000000000000000000e+00 1.428820041837752797e-06
0.000000000000000000e+00 5.138584242558863480e-07
0.000000000000000000e+00 1.418681563336576801e-06
0.000000000000000000e+00 8.030253866309067234e-07
0.000000000000000000e+00 1.529372576624155045e-02
0.000000000000000000e+00 1.058262959122657776e-02
0.000000000000000000e+00 1.458940468728542328e-02
0.000000000000000000e+00 9.677594527602195740e-03
0.000000000000000000e+00 1.511610485613346100e-02
0.000000000000000000e+00 1.155591104179620743e-02
0.000000000000000000e+00 7.575638592243194580e-03
0.000000000000000000e+00 5.418374668806791306e-03
0.000000000000000000e+00 7.172340527176856995e-03
0.000000000000000000e+00 9.992891922593116760e-03
0.000000000000000000e+00 8.308322168886661530e-03
0.000000000000000000e+00 1.147920824587345123e-02
0.000000000000000000e+00 7.364043965935707092e-03
0.000000000000000000e+00 1.093191280961036682e-02
0.000000000000000000e+00 6.680976599454879761e-03
0.000000000000000000e+00 6.155497394502162933e-03
1.000000000000000000e+00 9.283640421926975250e-03
1.000000000000000000e+00 4.722000565379858017e-03
1.000000000000000000e+00 5.309250671416521072e-03
1.000000000000000000e+00 2.464011311531066895e-03
1.000000000000000000e+00 2.191949635744094849e-03
1.000000000000000000e+00 2.774156164377927780e-03
1.000000000000000000e+00 1.944863353855907917e-03
1.000000000000000000e+00 9.009019122458994389e-04
0.000000000000000000e+00 1.159674255177378654e-03
0.000000000000000000e+00 3.355543012730777264e-04
0.000000000000000000e+00 1.711785444058477879e-04
0.000000000000000000e+00 6.971004768274724483e-05
0.000000000000000000e+00 1.474130112910643220e-05
0.000000000000000000e+00 1.098312168323900551e-05
0.000000000000000000e+00 4.861547040491132066e-06
0.000000000000000000e+00 1.225828100359649397e-06
0.000000000000000000e+00 4.860253852712048683e-07
0.000000000000000000e+00 2.093817528248109738e-07
0.000000000000000000e+00 3.556984040642419131e-08
0.000000000000000000e+00 2.368201457159102574e-08
0.000000000000000000e+00 1.449993192181864288e-08
0.000000000000000000e+00 5.277664971714557396e-09
0.000000000000000000e+00 2.450441183299290060e-09
0.000000000000000000e+00 1.528809301376554686e-09
0.000000000000000000e+00 1.152239637036700515e-09
0.000000000000000000e+00 7.172769045382665354e-10
0.000000000000000000e+00 6.505468941320202703e-10
0.000000000000000000e+00 3.039413165595306054e-10
0.000000000000000000e+00 1.725725118362220201e-10
0.000000000000000000e+00 5.884285569190979004e-01
0.000000000000000000e+00 3.234188556671142578e-01
0.000000000000000000e+00 2.022927999496459961e-01
0.000000000000000000e+00 1.417348980903625488e-01
0.000000000000000000e+00 3.054102063179016113e-01
0.000000000000000000e+00 3.130616247653961182e-01
0.000000000000000000e+00 3.783139884471893311e-01
0.000000000000000000e+00 4.555478692054748535e-01
0.000000000000000000e+00 4.707565009593963623e-01
0.000000000000000000e+00 4.841494560241699219e-01
0.000000000000000000e+00 3.960378766059875488e-01
0.000000000000000000e+00 3.921799957752227783e-01
0.000000000000000000e+00 6.102108359336853027e-01
0.000000000000000000e+00 6.365216374397277832e-01
0.000000000000000000e+00 6.066164970397949219e-01
1.000000000000000000e+00 6.326943635940551758e-01
1.000000000000000000e+00 7.332797646522521973e-01
1.000000000000000000e+00 7.269188165664672852e-01
1.000000000000000000e+00 7.920452952384948730e-01
1.000000000000000000e+00 8.612260818481445312e-01
1.000000000000000000e+00 8.066150546073913574e-01
1.000000000000000000e+00 8.728297352790832520e-01
1.000000000000000000e+00 7.153917551040649414e-01
1.000000000000000000e+00 3.688572049140930176e-01
0.000000000000000000e+00 6.594048440456390381e-02
0.000000000000000000e+00 5.356166511774063110e-02
0.000000000000000000e+00 8.146999403834342957e-03
0.000000000000000000e+00 3.497455501928925514e-03
0.000000000000000000e+00 6.338906823657453060e-04
0.000000000000000000e+00 7.581165846204385161e-05
0.000000000000000000e+00 1.919314672704786062e-05
0.000000000000000000e+00 4.006010840384988114e-06
0.000000000000000000e+00 1.148395085692754947e-06
0.000000000000000000e+00 4.044125319069280522e-07
0.000000000000000000e+00 8.294041009548891452e-08
0.000000000000000000e+00 3.024807426754705375e-08
0.000000000000000000e+00 1.241444813615544263e-08
0.000000000000000000e+00 9.851367721580572834e-09
0.000000000000000000e+00 4.210387150038741311e-09
0.000000000000000000e+00 1.482270306496502599e-09
0.000000000000000000e+00 1.328516074927676982e-09
0.000000000000000000e+00 1.232528301642332735e-09
0.000000000000000000e+00 1.090352808041927801e-09
0.000000000000000000e+00 9.481663232335790781e-10
0.000000000000000000e+00 1.397727378282809241e-09
