0.000000000000000000e+00 3.544339239597320557e-01
0.000000000000000000e+00 3.446339964866638184e-01
0.000000000000000000e+00 3.016638755798339844e-01
0.000000000000000000e+00 2.669089734554290771e-01
0.000000000000000000e+00 2.440526187419891357e-01
0.000000000000000000e+00 2.030525654554367065e-01
0.000000000000000000e+00 1.947151124477386475e-01
0.000000000000000000e+00 1.896214634180068970e-01
0.000000000000000000e+00 1.664606630802154541e-01
0.000000000000000000e+00 1.462167054414749146e-01
0.000000000000000000e+00 1.447350233793258667e-01
0.000000000000000000e+00 1.388843655586242676e-01
0.000000000000000000e+00 1.310582011938095093e-01
0.000000000000000000e+00 1.210167184472084045e-01
0.000000000000000000e+00 1.094169840216636658e-01
0.000000000000000000e+00 1.222645193338394165e-01
1.000000000000000000e+00 1.405595541000366211e-01
0.000000000000000000e+00 1.708804666996002197e-01
0.000000000000000000e+00 1.881690323352813721e-01
0.000000000000000000e+00 2.292074114084243774e-01
0.000000000000000000e+00 2.668524384498596191e-01
1.000000000000000000e+00 3.824692666530609131e-01
1.000000000000000000e+00 4.105702042579650879e-01
1.000000000000000000e+00 4.947031438350677490e-01
1.000000000000000000e+00 4.939290881156921387e-01
1.000000000000000000e+00 4.988373219966888428e-01
0.000000000000000000e+00 4.310885071754455566e-01
0.000000000000000000e+00 5.176120996475219727e-01
0.000000000000000000e+00 5.312798023223876953e-01
0.000000000000000000e+00 4.055522382259368896e-01
0.000000000000000000e+00 3.909061253070831299e-01
1.000000000000000000e+00 2.995884418487548828e-01
1.000000000000000000e+00 3.301938474178314209e-01
1.000000000000000000e+00 2.435872703790664673e-01
0.000000000000000000e+00 1.635811477899551392e-01
0.000000000000000000e+00 1.263967603445053101e-01
0.000000000000000000e+00 1.143308877944946289e-01
0.000000000000000000e+00 1.066746860742568970e-01
1.000000000000000000e+00 8.716455101966857910e-02
0.000000000000000000e+00 9.543076902627944946e-02
0.000000000000000000e+00 1.010355353355407715e-01
0.000000000000000000e+00 1.266275942325592041e-01
0.000000000000000000e+00 1.147908642888069153e-01
0.000000000000000000e+00 1.307817697525024414e-01
0.000000000000000000e+00 1.225476786494255066e-01
0.000000000000000000e+00 1.659418046474456787e-01
0.000000000000000000e+00 1.742678582668304443e-01
0.000000000000000000e+00 1.924559324979782104e-01
0.000000000000000000e+00 2.144833356142044067e-01
0.000000000000000000e+00 2.207885235548019409e-01
0.000000000000000000e+00 2.585890591144561768e-01
0.000000000000000000e+00 2.764291465282440186e-01
0.000000000000000000e+00 3.046887218952178955e-01
0.000000000000000000e+00 2.630212604999542236e-01
0.000000000000000000e+00 2.425419092178344727e-01
0.000000000000000000e+00 2.545111775398254395e-01
0.000000000000000000e+00 3.300659358501434326e-01
0.000000000000000000e+00 3.053906261920928955e-01
0.000000000000000000e+00 2.744381129741668701e-01
0.000000000000000000e+00 2.685976624488830566e-01
0.000000000000000000e+00 2.536648213863372803e-01
0.000000000000000000e+00 1.524871438741683960e-01
0.000000000000000000e+00 1.827991753816604614e-01
0.000000000000000000e+00 1.770680695772171021e-01
1.000000000000000000e+00 1.721332520246505737e-01
0.000000000000000000e+00 2.145110666751861572e-01
0.000000000000000000e+00 2.817970812320709229e-01
0.000000000000000000e+00 2.231680899858474731e-01
0.000000000000000000e+00 2.179337441921234131e-01
0.000000000000000000e+00 1.773434728384017944e-01
0.000000000000000000e+00 2.000133544206619263e-01
0.000000000000000000e+00 1.893095374107360840e-01
0.000000000000000000e+00 1.957832425832748413e-01
1.000000000000000000e+00 1.999817490577697754e-01
0.000000000000000000e+00 1.892229467630386353e-01
0.000000000000000000e+00 7.323039770126342773e-01
0.000000000000000000e+00 6.675300002098083496e-01
0.000000000000000000e+00 5.431635379791259766e-01
0.000000000000000000e+00 5.496616363525390625e-01
0.000000000000000000e+00 4.933471083641052246e-01
0.000000000000000000e+00 5.354629755020141602e-01
0.000000000000000000e+00 4.148163199424743652e-01
0.000000000000000000e+00 3.347032368183135986e-01
0.000000000000000000e+00 2.629202306270599365e-01
0.000000000000000000e+00 2.501220405101776123e-01
0.000000000000000000e+00 1.621851474046707153e-01
0.000000000000000000e+00 1.249962151050567627e-01
0.000000000000000000e+00 1.382197290658950806e-01
0.000000000000000000e+00 1.043127253651618958e-01
0.000000000000000000e+00 8.195982128381729126e-02
0.000000000000000000e+00 8.922437578439712524e-02
1.000000000000000000e+00 9.570284932851791382e-02
1.000000000000000000e+00 1.157000884413719177e-01
0.000000000000000000e+00 1.451130658388137817e-01
0.000000000000000000e+00 2.051427662372589111e-01
0.000000000000000000e+00 3.360543251037597656e-01
1.000000000000000000e+00 4.795629978179931641e-01
1.000000000000000000e+00 5.795260667800903320e-01
1.000000000000000000e+00 7.182734608650207520e-01
0.000000000000000000e+00 7.296342253684997559e-01
0.000000000000000000e+00 6.722131371498107910e-01
0.000000000000000000e+00 7.062252163887023926e-01
0.000000000000000000e+00 7.958545684814453125e-01
0.000000000000000000e+00 5.674067735671997070e-01
0.000000000000000000e+00 5.249366760253906250e-01
0.000000000000000000e+00 4.335090517997741699e-01
0.000000000000000000e+00 4.854122996330261230e-01
0.000000000000000000e+00 4.082971215248107910e-01
0.000000000000000000e+00 4.943417608737945557e-01
0.000000000000000000e+00 3.954692482948303223e-01
0.000000000000000000e+00 4.424748420715332031e-01
0.000000000000000000e+00 3.860969543457031250e-01
0.000000000000000000e+00 3.586513996124267578e-01
0.000000000000000000e+00 3.880811035633087158e-01
0.000000000000000000e+00 4.533585309982299805e-01
0.000000000000000000e+00 3.989536166191101074e-01
0.000000000000000000e+00 4.523481428623199463e-01
0.000000000000000000e+00 3.992448151111602783e-01
0.000000000000000000e+00 3.760595321655273438e-01
0.000000000000000000e+00 3.405304253101348877e-01
0.000000000000000000e+00 4.578945040702819824e-01
0.000000000000000000e+00 4.619188904762268066e-01
0.000000000000000000e+00 5.210328102111816406e-01
0.000000000000000000e+00 6.103853583335876465e-01
0.000000000000000000e+00 6.148083209991455078e-01
0.000000000000000000e+00 5.588468909263610840e-01
0.000000000000000000e+00 6.456254720687866211e-01
0.000000000000000000e+00 6.578264832496643066e-01
0.000000000000000000e+00 5.871444344520568848e-01
1.000000000000000000e+00 6.293199062347412109e-01
1.000000000000000000e+00 5.879995822906494141e-01
1.000000000000000000e+00 6.730557084083557129e-01
1.000000000000000000e+00 6.289767026901245117e-01
1.000000000000000000e+00 5.425418615341186523e-01
1.000000000000000000e+00 4.786216914653778076e-01
0.000000000000000000e+00 5.094545483589172363e-01
0.000000000000000000e+00 4.681603610515594482e-01
0.000000000000000000e+00 4.402856230735778809e-01
0.000000000000000000e+00 3.503030538558959961e-01
0.000000000000000000e+00 4.277839958667755127e-01
0.000000000000000000e+00 3.388624191284179688e-01
0.000000000000000000e+00 2.969170212745666504e-01
0.000000000000000000e+00 3.581397235393524170e-01
0.000000000000000000e+00 3.237181007862091064e-01
0.000000000000000000e+00 3.549737632274627686e-01
0.000000000000000000e+00 4.177481830120086670e-01
1.000000000000000000e+00 4.173441827297210693e-01
1.000000000000000000e+00 3.615163564682006836e-01
0.000000000000000000e+00 4.252170920372009277e-01
0.000000000000000000e+00 4.289252758026123047e-01
0.000000000000000000e+00 4.238367378711700439e-01
0.000000000000000000e+00 3.232375383377075195e-01
0.000000000000000000e+00 3.566621541976928711e-01
0.000000000000000000e+00 3.113091886043548584e-01
0.000000000000000000e+00 2.519981861114501953e-01
0.000000000000000000e+00 2.384394258260726929e-01
0.000000000000000000e+00 2.217888087034225464e-01
0.000000000000000000e+00 1.834258437156677246e-01
0.000000000000000000e+00 2.536974847316741943e-01
0.000000000000000000e+00 2.908083200454711914e-01
0.000000000000000000e+00 2.967316508293151855e-01
0.000000000000000000e+00 2.487314641475677490e-01
0.000000000000000000e+00 2.294619083404541016e-01
0.000000000000000000e+00 3.583841025829315186e-01
0.000000000000000000e+00 3.815163075923919678e-01
0.000000000000000000e+00 3.266342282295227051e-01
0.000000000000000000e+00 4.204949140548706055e-01
0.000000000000000000e+00 3.287088572978973389e-01
0.000000000000000000e+00 3.731358647346496582e-01
0.000000000000000000e+00 4.203720390796661377e-01
0.000000000000000000e+00 2.924118340015411377e-01
0.000000000000000000e+00 3.439306318759918213e-01
0.000000000000000000e+00 3.747526705265045166e-01
0.000000000000000000e+00 3.660345077514648438e-01
0.000000000000000000e+00 4.099472463130950928e-01
0.000000000000000000e+00 4.420854151248931885e-01
0.000000000000000000e+00 5.339598655700683594e-01
0.000000000000000000e+00 4.989743530750274658e-01
0.000000000000000000e+00 5.961765050888061523e-01
0.000000000000000000e+00 5.616647005081176758e-01
0.000000000000000000e+00 5.147154927253723145e-01
0.000000000000000000e+00 4.242888092994689941e-01
1.000000000000000000e+00 3.509147763252258301e-01
1.000000000000000000e+00 4.852372109889984131e-01
0.000000000000000000e+00 4.813983142375946045e-01
0.000000000000000000e+00 4.697827100753784180e-01
0.000000000000000000e+00 5.413187146186828613e-01
0.000000000000000000e+00 6.337852478027343750e-01
0.000000000000000000e+00 5.942379236221313477e-01
0.000000000000000000e+00 6.008434295654296875e-01
0.000000000000000000e+00 5.755004286766052246e-01
0.000000000000000000e+00 5.528067350387573242e-01
0.000000000000000000e+00 6.306963562965393066e-01
0.000000000000000000e+00 5.901915431022644043e-01
0.000000000000000000e+00 6.341593861579895020e-01
0.000000000000000000e+00 5.620520114898681641e-01
0.000000000000000000e+00 5.280693173408508301e-01
0.000000000000000000e+00 5.024482607841491699e-01
0.000000000000000000e+00 5.046575665473937988e-01
0.000000000000000000e+00 5.325933694839477539e-01
0.000000000000000000e+00 5.128410458564758301e-01
0.000000000000000000e+00 4.956806004047393799e-01
1.000000000000000000e+00 4.436354935169219971e-01
1.000000000000000000e+00 4.885449409484863281e-01
1.000000000000000000e+00 4.197122752666473389e-01
1.000000000000000000e+00 4.370077848434448242e-01
1.000000000000000000e+00 5.502869486808776855e-01
0.000000000000000000e+00 5.912691354751586914e-01
0.000000000000000000e+00 5.806861519813537598e-01
0.000000000000000000e+00 6.025001406669616699e-01
0.000000000000000000e+00 6.268768310546875000e-01
0.000000000000000000e+00 5.930593013763427734e-01
0.000000000000000000e+00 6.602303981781005859e-01
0.000000000000000000e+00 6.694013476371765137e-01
0.000000000000000000e+00 6.671949625015258789e-01
0.000000000000000000e+00 6.449966430664062500e-01
0.000000000000000000e+00 6.451234817504882812e-01
0.000000000000000000e+00 6.440322399139404297e-01
0.000000000000000000e+00 7.253848314285278320e-01
0.000000000000000000e+00 7.341393828392028809e-01
0.000000000000000000e+00 7.248860001564025879e-01
0.000000000000000000e+00 6.778175234794616699e-01
0.000000000000000000e+00 6.305903196334838867e-01
0.000000000000000000e+00 7.220163941383361816e-01
0.000000000000000000e+00 7.358074188232421875e-01
1.000000000000000000e+00 8.602275848388671875e-01
1.000000000000000000e+00 8.496149778366088867e-01
1.000000000000000000e+00 8.738579154014587402e-01
1.000000000000000000e+00 8.834916949272155762e-01
0.000000000000000000e+00 8.233849406242370605e-01
0.000000000000000000e+00 6.704533696174621582e-01
0.000000000000000000e+00 6.087946891784667969e-01
1.000000000000000000e+00 2.605612576007843018e-01
0.000000000000000000e+00 1.917276233434677124e-01
0.000000000000000000e+00 1.865697950124740601e-01
0.000000000000000000e+00 1.111580729484558105e-01
0.000000000000000000e+00 9.245287626981735229e-02
0.000000000000000000e+00 8.103363215923309326e-02
0.000000000000000000e+00 7.130508869886398315e-02
0.000000000000000000e+00 6.687840074300765991e-02
0.000000000000000000e+00 5.914539098739624023e-02
0.000000000000000000e+00 6.586892902851104736e-02
0.000000000000000000e+00 6.305030733346939087e-02
0.000000000000000000e+00 6.512597948312759399e-02
0.000000000000000000e+00 5.925011634826660156e-02
0.000000000000000000e+00 6.506042182445526123e-02
0.000000000000000000e+00 8.160852640867233276e-02
0.000000000000000000e+00 9.561496973037719727e-02
0.000000000000000000e+00 1.253260076045989990e-01
0.000000000000000000e+00 1.298498809337615967e-01
0.000000000000000000e+00 1.177400723099708557e-01
1.000000000000000000e+00 1.384110897779464722e-01
0.000000000000000000e+00 1.720807105302810669e-01
0.000000000000000000e+00 1.578075885772705078e-01
0.000000000000000000e+00 1.661329418420791626e-01
0.000000000000000000e+00 1.934599876403808594e-01
0.000000000000000000e+00 1.985018998384475708e-01
0.000000000000000000e+00 2.037468850612640381e-01
0.000000000000000000e+00 1.822919398546218872e-01
0.000000000000000000e+00 1.885344088077545166e-01
0.000000000000000000e+00 1.794381141662597656e-01
0.000000000000000000e+00 1.827639788389205933e-01
0.000000000000000000e+00 2.177012711763381958e-01
0.000000000000000000e+00 2.327390015125274658e-01
0.000000000000000000e+00 2.172459959983825684e-01
0.000000000000000000e+00 2.261476069688796997e-01
0.000000000000000000e+00 2.144455313682556152e-01
0.000000000000000000e+00 2.021066099405288696e-01
0.000000000000000000e+00 2.318060398101806641e-01
0.000000000000000000e+00 2.926970720291137695e-01
0.000000000000000000e+00 5.458782911300659180e-01
0.000000000000000000e+00 5.612690448760986328e-01
0.000000000000000000e+00 6.400872468948364258e-01
0.000000000000000000e+00 6.485145092010498047e-01
0.000000000000000000e+00 7.094169259071350098e-01
0.000000000000000000e+00 6.871977448463439941e-01
0.000000000000000000e+00 7.687774896621704102e-01
0.000000000000000000e+00 7.477623224258422852e-01
1.000000000000000000e+00 7.443981170654296875e-01
1.000000000000000000e+00 7.673587203025817871e-01
1.000000000000000000e+00 8.041954636573791504e-01
1.000000000000000000e+00 7.222977876663208008e-01
1.000000000000000000e+00 6.183263063430786133e-01
1.000000000000000000e+00 6.182224154472351074e-01
0.000000000000000000e+00 5.848154425621032715e-01
0.000000000000000000e+00 4.806177616119384766e-01
0.000000000000000000e+00 4.567019343376159668e-01
0.000000000000000000e+00 4.588779211044311523e-01
0.000000000000000000e+00 4.720669984817504883e-01
0.000000000000000000e+00 4.471760690212249756e-01
0.000000000000000000e+00 4.253693521022796631e-01
0.000000000000000000e+00 4.396718442440032959e-01
0.000000000000000000e+00 3.666949570178985596e-01
0.000000000000000000e+00 4.669303894042968750e-01
0.000000000000000000e+00 3.993287980556488037e-01
0.000000000000000000e+00 3.833385407924652100e-01
0.000000000000000000e+00 4.390172064304351807e-01
0.000000000000000000e+00 4.536974430084228516e-01
0.000000000000000000e+00 4.135586619377136230e-01
0.000000000000000000e+00 4.780670404434204102e-01
1.000000000000000000e+00 8.583934307098388672e-01
1.000000000000000000e+00 8.612279295921325684e-01
1.000000000000000000e+00 8.918111920356750488e-01
1.000000000000000000e+00 8.684670329093933105e-01
1.000000000000000000e+00 7.247499823570251465e-01
1.000000000000000000e+00 6.980170011520385742e-01
1.000000000000000000e+00 4.355383813381195068e-01
1.000000000000000000e+00 2.282679080963134766e-01
1.000000000000000000e+00 1.044421494007110596e-01
1.000000000000000000e+00 7.363830506801605225e-02
0.000000000000000000e+00 3.965433314442634583e-02
0.000000000000000000e+00 2.499512583017349243e-02
0.000000000000000000e+00 1.563627831637859344e-02
0.000000000000000000e+00 1.374509371817111969e-02
0.000000000000000000e+00 9.737492538988590240e-03
0.000000000000000000e+00 9.810812771320343018e-03
0.000000000000000000e+00 8.500023745000362396e-03
0.000000000000000000e+00 7.808286231011152267e-03
0.000000000000000000e+00 6.957220379263162613e-03
0.000000000000000000e+00 5.717194173485040665e-03
0.000000000000000000e+00 7.666332181543111801e-03
0.000000000000000000e+00 7.837910205125808716e-03
0.000000000000000000e+00 9.414488449692726135e-03
0.000000000000000000e+00 1.118195243179798126e-02
0.000000000000000000e+00 2.003125101327896118e-02
0.000000000000000000e+00 2.968718670308589935e-02
0.000000000000000000e+00 3.833238780498504639e-02
1.000000000000000000e+00 5.670001357793807983e-02
0.000000000000000000e+00 6.107484176754951477e-02
0.000000000000000000e+00 1.239026188850402832e-01
0.000000000000000000e+00 1.449755728244781494e-01
0.000000000000000000e+00 1.808531731367111206e-01
0.000000000000000000e+00 2.219590842723846436e-01
0.000000000000000000e+00 2.813274264335632324e-01
0.000000000000000000e+00 2.956998646259307861e-01
0.000000000000000000e+00 3.538692891597747803e-01
0.000000000000000000e+00 3.578389585018157959e-01
0.000000000000000000e+00 3.621387779712677002e-01
0.000000000000000000e+00 5.875027179718017578e-01
0.000000000000000000e+00 4.406359195709228516e-01
0.000000000000000000e+00 5.255267620086669922e-01
0.000000000000000000e+00 4.168463647365570068e-01
0.000000000000000000e+00 4.132100045680999756e-01
0.000000000000000000e+00 5.577611327171325684e-01
0.000000000000000000e+00 6.244468688964843750e-01
0.000000000000000000e+00 5.805896520614624023e-01
0.000000000000000000e+00 6.607442498207092285e-01
0.000000000000000000e+00 6.125589609146118164e-01
0.000000000000000000e+00 6.826401352882385254e-01
0.000000000000000000e+00 7.120232582092285156e-01
0.000000000000000000e+00 6.768731474876403809e-01
0.000000000000000000e+00 6.550157070159912109e-01
0.000000000000000000e+00 5.564047098159790039e-01
1.000000000000000000e+00 7.038325667381286621e-01
1.000000000000000000e+00 7.557687163352966309e-01
1.000000000000000000e+00 6.795234084129333496e-01
1.000000000000000000e+00 7.111971974372863770e-01
0.000000000000000000e+00 6.921162605285644531e-01
0.000000000000000000e+00 5.611597299575805664e-01
0.000000000000000000e+00 5.678008794784545898e-01
0.000000000000000000e+00 4.904924035072326660e-01
0.000000000000000000e+00 5.066031217575073242e-01
0.000000000000000000e+00 5.334885716438293457e-01
0.000000000000000000e+00 5.336205959320068359e-01
0.000000000000000000e+00 5.428839325904846191e-01
0.000000000000000000e+00 5.348367094993591309e-01
0.000000000000000000e+00 3.875577747821807861e-01
0.000000000000000000e+00 4.935506582260131836e-01
0.000000000000000000e+00 4.770848751068115234e-01
0.000000000000000000e+00 5.445293188095092773e-01
0.000000000000000000e+00 6.204103231430053711e-01
1.000000000000000000e+00 6.654149889945983887e-01
1.000000000000000000e+00 6.432214975357055664e-01
0.000000000000000000e+00 5.797038078308105469e-01
0.000000000000000000e+00 5.254205465316772461e-01
1.000000000000000000e+00 9.247969985008239746e-01
1.000000000000000000e+00 9.058098196983337402e-01
1.000000000000000000e+00 9.323816895484924316e-01
1.000000000000000000e+00 9.162824749946594238e-01
1.000000000000000000e+00 9.293038845062255859e-01
1.000000000000000000e+00 9.259599447250366211e-01
1.000000000000000000e+00 9.402408599853515625e-01
1.000000000000000000e+00 9.126796126365661621e-01
0.000000000000000000e+00 8.933518528938293457e-01
0.000000000000000000e+00 8.712894916534423828e-01
0.000000000000000000e+00 7.922471761703491211e-01
0.000000000000000000e+00 8.457322716712951660e-01
0.000000000000000000e+00 7.105438709259033203e-01
0.000000000000000000e+00 5.679401159286499023e-01
0.000000000000000000e+00 5.043793916702270508e-01
0.000000000000000000e+00 3.856561779975891113e-01
0.000000000000000000e+00 3.134097754955291748e-01
0.000000000000000000e+00 2.236716449260711670e-01
0.000000000000000000e+00 2.234978675842285156e-01
0.000000000000000000e+00 2.526449561119079590e-01
0.000000000000000000e+00 2.303341180086135864e-01
0.000000000000000000e+00 2.148647308349609375e-01
0.000000000000000000e+00 2.333413958549499512e-01
1.000000000000000000e+00 2.921464145183563232e-01
0.000000000000000000e+00 2.454065382480621338e-01
0.000000000000000000e+00 2.559597194194793701e-01
0.000000000000000000e+00 2.330129295587539673e-01
0.000000000000000000e+00 2.372563481330871582e-01
0.000000000000000000e+00 2.673401534557342529e-01
0.000000000000000000e+00 3.294141590595245361e-01
0.000000000000000000e+00 3.311257362365722656e-01
0.000000000000000000e+00 3.785332739353179932e-01
0.000000000000000000e+00 3.320277929306030273e-01
0.000000000000000000e+00 3.232869207859039307e-01
0.000000000000000000e+00 3.445059061050415039e-01
0.000000000000000000e+00 3.508099913597106934e-01
0.000000000000000000e+00 3.429745137691497803e-01
0.000000000000000000e+00 2.958531677722930908e-01
0.000000000000000000e+00 3.329134583473205566e-01
0.000000000000000000e+00 3.578383028507232666e-01
0.000000000000000000e+00 3.566910326480865479e-01
0.000000000000000000e+00 3.353273570537567139e-01
0.000000000000000000e+00 3.307136297225952148e-01
0.000000000000000000e+00 3.523278236389160156e-01
0.000000000000000000e+00 3.502024412155151367e-01
0.000000000000000000e+00 3.924270570278167725e-01
0.000000000000000000e+00 4.111894965171813965e-01
0.000000000000000000e+00 3.760479390621185303e-01
0.000000000000000000e+00 4.663548469543457031e-01
0.000000000000000000e+00 4.252383112907409668e-01
0.000000000000000000e+00 4.945584833621978760e-01
1.000000000000000000e+00 5.023623704910278320e-01
1.000000000000000000e+00 5.320170521736145020e-01
1.000000000000000000e+00 5.257576107978820801e-01
1.000000000000000000e+00 5.698276758193969727e-01
1.000000000000000000e+00 6.112996935844421387e-01
1.000000000000000000e+00 6.193245053291320801e-01
1.000000000000000000e+00 5.932521224021911621e-01
1.000000000000000000e+00 5.465425252914428711e-01
1.000000000000000000e+00 5.117580294609069824e-01
1.000000000000000000e+00 5.190125107765197754e-01
0.000000000000000000e+00 4.760246276855468750e-01
0.000000000000000000e+00 5.300008058547973633e-01
0.000000000000000000e+00 5.221399664878845215e-01
0.000000000000000000e+00 4.842479526996612549e-01
0.000000000000000000e+00 5.109581351280212402e-01
0.000000000000000000e+00 4.752894639968872070e-01
0.000000000000000000e+00 4.710883498191833496e-01
0.000000000000000000e+00 4.398719668388366699e-01
1.000000000000000000e+00 4.364879429340362549e-01
1.000000000000000000e+00 4.192918241024017334e-01
1.000000000000000000e+00 3.454951345920562744e-01
1.000000000000000000e+00 2.999053001403808594e-01
1.000000000000000000e+00 2.817349433898925781e-01
0.000000000000000000e+00 2.457058429718017578e-01
1.000000000000000000e+00 9.996364116668701172e-01
1.000000000000000000e+00 9.997895359992980957e-01
1.000000000000000000e+00 9.996978044509887695e-01
0.000000000000000000e+00 9.993835687637329102e-01
0.000000000000000000e+00 9.991677999496459961e-01
0.000000000000000000e+00 9.988741278648376465e-01
0.000000000000000000e+00 9.963049888610839844e-01
0.000000000000000000e+00 9.966297745704650879e-01
0.000000000000000000e+00 9.837037920951843262e-01
0.000000000000000000e+00 9.869189858436584473e-01
0.000000000000000000e+00 9.816232919692993164e-01
0.000000000000000000e+00 9.868962168693542480e-01
0.000000000000000000e+00 8.986052870750427246e-01
0.000000000000000000e+00 9.642482995986938477e-01
0.000000000000000000e+00 9.348510503768920898e-01
0.000000000000000000e+00 8.989137411117553711e-01
0.000000000000000000e+00 9.255259633064270020e-01
0.000000000000000000e+00 9.184309840202331543e-01
0.000000000000000000e+00 9.180953502655029297e-01
0.000000000000000000e+00 8.351766467094421387e-01
0.000000000000000000e+00 9.274218082427978516e-01
1.000000000000000000e+00 9.574983119964599609e-01
1.000000000000000000e+00 9.699465632438659668e-01
1.000000000000000000e+00 9.880148768424987793e-01
0.000000000000000000e+00 9.914116859436035156e-01
0.000000000000000000e+00 9.947011470794677734e-01
0.000000000000000000e+00 9.945759773254394531e-01
0.000000000000000000e+00 9.943017959594726562e-01
0.000000000000000000e+00 9.969817996025085449e-01
0.000000000000000000e+00 9.976055622100830078e-01
0.000000000000000000e+00 9.980072379112243652e-01
1.000000000000000000e+00 9.991940855979919434e-01
0.000000000000000000e+00 9.988285899162292480e-01
0.000000000000000000e+00 9.987749457359313965e-01
0.000000000000000000e+00 9.988390803337097168e-01
0.000000000000000000e+00 9.981902241706848145e-01
0.000000000000000000e+00 9.980302453041076660e-01
0.000000000000000000e+00 9.989553689956665039e-01
0.000000000000000000e+00 9.989782571792602539e-01
0.000000000000000000e+00 9.986782670021057129e-01
0.000000000000000000e+00 9.987739920616149902e-01
0.000000000000000000e+00 9.985173344612121582e-01
0.000000000000000000e+00 9.993671774864196777e-01
0.000000000000000000e+00 9.995418787002563477e-01
1.000000000000000000e+00 9.997267127037048340e-01
1.000000000000000000e+00 9.998156428337097168e-01
0.000000000000000000e+00 9.997411370277404785e-01
0.000000000000000000e+00 9.998821020126342773e-01
0.000000000000000000e+00 9.998900890350341797e-01
0.000000000000000000e+00 9.999133348464965820e-01
0.000000000000000000e+00 9.999029636383056641e-01
0.000000000000000000e+00 9.999203681945800781e-01
0.000000000000000000e+00 9.998805522918701172e-01
0.000000000000000000e+00 9.997962117195129395e-01
0.000000000000000000e+00 9.998618364334106445e-01
0.000000000000000000e+00 9.999350309371948242e-01
0.000000000000000000e+00 9.998979568481445312e-01
0.000000000000000000e+00 9.997118115425109863e-01
0.000000000000000000e+00 9.994440674781799316e-01
1.000000000000000000e+00 9.981696605682373047e-01
1.000000000000000000e+00 9.985378980636596680e-01
0.000000000000000000e+00 9.974148273468017578e-01
0.000000000000000000e+00 9.978941082954406738e-01
0.000000000000000000e+00 9.970822930335998535e-01
0.000000000000000000e+00 9.791614413261413574e-01
0.000000000000000000e+00 9.879097938537597656e-01
0.000000000000000000e+00 9.627086520195007324e-01
0.000000000000000000e+00 9.739096164703369141e-01
1.000000000000000000e+00 9.689188599586486816e-01
1.000000000000000000e+00 9.513179063796997070e-01
1.000000000000000000e+00 9.281029105186462402e-01
1.000000000000000000e+00 8.404408097267150879e-01
0.000000000000000000e+00 8.410763740539550781e-01
0.000000000000000000e+00 8.198688030242919922e-01
0.000000000000000000e+00 7.925290465354919434e-01
0.000000000000000000e+00 9.278683066368103027e-01
0.000000000000000000e+00 9.231022000312805176e-01
0.000000000000000000e+00 9.329886436462402344e-01
0.000000000000000000e+00 9.540401697158813477e-01
0.000000000000000000e+00 9.650390744209289551e-01
0.000000000000000000e+00 9.590451717376708984e-01
0.000000000000000000e+00 9.698848724365234375e-01
0.000000000000000000e+00 9.767252802848815918e-01
0.000000000000000000e+00 9.767783880233764648e-01
0.000000000000000000e+00 9.878482818603515625e-01
0.000000000000000000e+00 9.854224920272827148e-01
0.000000000000000000e+00 9.825390577316284180e-01
0.000000000000000000e+00 9.905793070793151855e-01
0.000000000000000000e+00 9.917261600494384766e-01
1.000000000000000000e+00 9.908615350723266602e-01
1.000000000000000000e+00 9.926463365554809570e-01
1.000000000000000000e+00 9.932296276092529297e-01
1.000000000000000000e+00 9.948344230651855469e-01
1.000000000000000000e+00 9.943063855171203613e-01
1.000000000000000000e+00 9.920954108238220215e-01
1.000000000000000000e+00 9.817957282066345215e-01
1.000000000000000000e+00 9.548841714859008789e-01
1.000000000000000000e+00 9.382934570312500000e-01
1.000000000000000000e+00 8.895103931427001953e-01
1.000000000000000000e+00 8.985230922698974609e-01
0.000000000000000000e+00 8.335847258567810059e-01
0.000000000000000000e+00 7.929328680038452148e-01
0.000000000000000000e+00 8.413982987403869629e-01
0.000000000000000000e+00 8.385756015777587891e-01
0.000000000000000000e+00 8.135355710983276367e-01
0.000000000000000000e+00 7.042965292930603027e-01
0.000000000000000000e+00 7.857921719551086426e-01
1.000000000000000000e+00 7.149441242218017578e-01
0.000000000000000000e+00 6.534178256988525391e-01
0.000000000000000000e+00 5.607267618179321289e-01
0.000000000000000000e+00 5.249552130699157715e-01
0.000000000000000000e+00 5.092215538024902344e-01
0.000000000000000000e+00 3.979326784610748291e-01
0.000000000000000000e+00 4.089724719524383545e-01
0.000000000000000000e+00 4.954258501529693604e-01
0.000000000000000000e+00 3.449196219444274902e-01
0.000000000000000000e+00 3.713306188583374023e-01
0.000000000000000000e+00 2.813936471939086914e-01
0.000000000000000000e+00 2.929148375988006592e-01
0.000000000000000000e+00 3.946366310119628906e-01
0.000000000000000000e+00 4.951901435852050781e-01
0.000000000000000000e+00 5.381218791007995605e-01
0.000000000000000000e+00 5.950546264648437500e-01
0.000000000000000000e+00 6.764590144157409668e-01
0.000000000000000000e+00 7.505154013633728027e-01
0.000000000000000000e+00 7.561736702919006348e-01
0.000000000000000000e+00 6.230437755584716797e-01
0.000000000000000000e+00 7.562888860702514648e-01
0.000000000000000000e+00 6.692323088645935059e-01
0.000000000000000000e+00 7.034192681312561035e-01
0.000000000000000000e+00 6.581663489341735840e-01
0.000000000000000000e+00 6.993778347969055176e-01
0.000000000000000000e+00 6.736136674880981445e-01
0.000000000000000000e+00 7.535970211029052734e-01
0.000000000000000000e+00 7.496038079261779785e-01
0.000000000000000000e+00 6.043901443481445312e-01
0.000000000000000000e+00 6.320172548294067383e-01
0.000000000000000000e+00 6.996456384658813477e-01
0.000000000000000000e+00 5.414692163467407227e-01
0.000000000000000000e+00 6.843799352645874023e-01
0.000000000000000000e+00 6.063748598098754883e-01
0.000000000000000000e+00 6.800705194473266602e-01
0.000000000000000000e+00 5.250456929206848145e-01
0.000000000000000000e+00 5.376309752464294434e-01
0.000000000000000000e+00 6.284973621368408203e-01
0.000000000000000000e+00 6.696789860725402832e-01
0.000000000000000000e+00 6.491876840591430664e-01
1.000000000000000000e+00 6.646355986595153809e-01
1.000000000000000000e+00 7.179592251777648926e-01
0.000000000000000000e+00 7.337400913238525391e-01
