0.000000000000000000e+00 6.391407847404479980e-01
0.000000000000000000e+00 6.408411264419555664e-01
0.000000000000000000e+00 5.603804588317871094e-01
0.000000000000000000e+00 6.759305000305175781e-01
0.000000000000000000e+00 6.985515952110290527e-01
0.000000000000000000e+00 7.264039516448974609e-01
0.000000000000000000e+00 7.484243512153625488e-01
0.000000000000000000e+00 7.215774655342102051e-01
0.000000000000000000e+00 7.883521914482116699e-01
0.000000000000000000e+00 7.718750238418579102e-01
0.000000000000000000e+00 7.888016104698181152e-01
0.000000000000000000e+00 8.280295729637145996e-01
0.000000000000000000e+00 8.334336280822753906e-01
0.000000000000000000e+00 8.216098546981811523e-01
0.000000000000000000e+00 8.515839576721191406e-01
1.000000000000000000e+00 8.503399491310119629e-01
1.000000000000000000e+00 8.751379847526550293e-01
1.000000000000000000e+00 8.903608918190002441e-01
1.000000000000000000e+00 8.848963975906372070e-01
1.000000000000000000e+00 9.041603207588195801e-01
1.000000000000000000e+00 9.364832043647766113e-01
1.000000000000000000e+00 9.403445720672607422e-01
1.000000000000000000e+00 9.369849562644958496e-01
1.000000000000000000e+00 8.542293906211853027e-01
0.000000000000000000e+00 9.347428679466247559e-01
0.000000000000000000e+00 4.634100496768951416e-01
0.000000000000000000e+00 5.719809532165527344e-01
0.000000000000000000e+00 1.712092757225036621e-01
0.000000000000000000e+00 5.680501088500022888e-02
0.000000000000000000e+00 1.121899858117103577e-02
0.000000000000000000e+00 1.960085472092032433e-03
0.000000000000000000e+00 1.050898223184049129e-03
0.000000000000000000e+00 9.932449029292911291e-05
0.000000000000000000e+00 5.194517871132120490e-05
0.000000000000000000e+00 3.225769978598691523e-05
0.000000000000000000e+00 6.923099590494530275e-06
0.000000000000000000e+00 5.663618594553554431e-06
0.000000000000000000e+00 1.723819195831310935e-06
0.000000000000000000e+00 8.432407980762945954e-07
0.000000000000000000e+00 7.012761216174112633e-07
0.000000000000000000e+00 3.539966257903870428e-07
0.000000000000000000e+00 3.797879912781354506e-07
0.000000000000000000e+00 3.220576445528422482e-07
0.000000000000000000e+00 4.025943098895368166e-07
0.000000000000000000e+00 4.683301142449636245e-07
0.000000000000000000e+00 1.512523647397756577e-02
0.000000000000000000e+00 3.995499107986688614e-03
0.000000000000000000e+00 8.047152659855782986e-04
0.000000000000000000e+00 4.970888840034604073e-04
0.000000000000000000e+00 6.851048965472728014e-05
0.000000000000000000e+00 8.842408533382695168e-06
0.000000000000000000e+00 4.420504865265684202e-06
0.000000000000000000e+00 1.848930992309760768e-06
0.000000000000000000e+00 2.520467035083129304e-07
0.000000000000000000e+00 1.432955940572355757e-07
0.000000000000000000e+00 2.829877310261963430e-08
0.000000000000000000e+00 1.947784333822255576e-08
0.000000000000000000e+00 7.935705426120875927e-09
0.000000000000000000e+00 5.000406311239657953e-09
0.000000000000000000e+00 3.907229206845386216e-09
0.000000000000000000e+00 1.613894684560079895e-09
0.000000000000000000e+00 1.781651270960082911e-09
0.000000000000000000e+00 1.823303508174944909e-09
0.000000000000000000e+00 1.511747615978720205e-09
0.000000000000000000e+00 1.244357727969713778e-09
0.000000000000000000e+00 1.584077313765419603e-09
0.000000000000000000e+00 1.605411692473523999e-09
0.000000000000000000e+00 1.277375316632856084e-09
0.000000000000000000e+00 1.136500449305799521e-09
0.000000000000000000e+00 1.094799806367063866e-09
0.000000000000000000e+00 1.990200670931585591e-09
0.000000000000000000e+00 1.423276607681600581e-09
0.000000000000000000e+00 1.374926950070687326e-09
0.000000000000000000e+00 1.900338109095400796e-09
0.000000000000000000e+00 1.866591992083499463e-09
0.000000000000000000e+00 1.211504785381123384e-09
0.000000000000000000e+00 1.757783585354388833e-09
0.000000000000000000e+00 1.253600889761230519e-09
0.000000000000000000e+00 1.563608020838103130e-09
0.000000000000000000e+00 8.757087832655940929e-10
0.000000000000000000e+00 1.439790175972177622e-09
0.000000000000000000e+00 1.330889953798930492e-09
0.000000000000000000e+00 2.290545308980540540e-09
0.000000000000000000e+00 1.343517408436412097e-09
0.000000000000000000e+00 1.902989765767415520e-09
0.000000000000000000e+00 2.283143230030759696e-09
0.000000000000000000e+00 1.330039856028975009e-09
0.000000000000000000e+00 1.744061339792324361e-09
0.000000000000000000e+00 2.477336114026229552e-09
0.000000000000000000e+00 2.499510598497067804e-09
0.000000000000000000e+00 1.411501318216323853e-02
0.000000000000000000e+00 6.217360962182283401e-03
0.000000000000000000e+00 1.494852825999259949e-03
0.000000000000000000e+00 6.440043798647820950e-04
0.000000000000000000e+00 3.514732816256582737e-04
0.000000000000000000e+00 1.065656542778015137e-04
0.000000000000000000e+00 5.104828596813604236e-05
0.000000000000000000e+00 2.460509131196886301e-05
0.000000000000000000e+00 1.339938717137556523e-05
0.000000000000000000e+00 9.022768608701881021e-06
0.000000000000000000e+00 4.654928488889709115e-06
0.000000000000000000e+00 2.622776264615822583e-06
0.000000000000000000e+00 1.241301333720912226e-06
0.000000000000000000e+00 8.289018182949803304e-07
0.000000000000000000e+00 5.861706995347049087e-07
0.000000000000000000e+00 3.429230730489507550e-07
0.000000000000000000e+00 2.727960577431076672e-07
0.000000000000000000e+00 1.711758983446998172e-07
0.000000000000000000e+00 1.462103682570159435e-07
0.000000000000000000e+00 1.207954909432373825e-07
0.000000000000000000e+00 1.261855402390210656e-07
0.000000000000000000e+00 8.422853881029368495e-08
0.000000000000000000e+00 6.851742995195309049e-08
0.000000000000000000e+00 5.101270517116063274e-08
0.000000000000000000e+00 5.517777168506654561e-08
0.000000000000000000e+00 5.255136770188073569e-08
0.000000000000000000e+00 5.759618915135433781e-08
0.000000000000000000e+00 5.181347262350755045e-08
0.000000000000000000e+00 3.972085593773044820e-08
0.000000000000000000e+00 3.855785735140671022e-08
0.000000000000000000e+00 3.345686394595759339e-08
0.000000000000000000e+00 2.750239325166603521e-08
0.000000000000000000e+00 3.191751574149748194e-08
0.000000000000000000e+00 2.446962810154218460e-08
0.000000000000000000e+00 2.042237845500949334e-08
0.000000000000000000e+00 2.428805245813236979e-08
0.000000000000000000e+00 2.392358844360842340e-08
0.000000000000000000e+00 1.663773652182953811e-08
0.000000000000000000e+00 1.670285421084827249e-08
0.000000000000000000e+00 1.672303184818701993e-08
0.000000000000000000e+00 1.338954191965058271e-08
0.000000000000000000e+00 1.492387191603938845e-08
0.000000000000000000e+00 1.498396962062997773e-08
0.000000000000000000e+00 1.457785625547103336e-08
0.000000000000000000e+00 1.884051492595517630e-08
0.000000000000000000e+00 5.327043589204549789e-03
0.000000000000000000e+00 1.808324246667325497e-03
0.000000000000000000e+00 1.356509746983647346e-03
0.000000000000000000e+00 6.560810725204646587e-04
0.000000000000000000e+00 2.211520186392590404e-04
0.000000000000000000e+00 4.484033343032933772e-05
0.000000000000000000e+00 1.753881588228978217e-05
0.000000000000000000e+00 1.105544197343988344e-05
0.000000000000000000e+00 1.829800453378993552e-06
0.000000000000000000e+00 2.034634917436051182e-06
0.000000000000000000e+00 4.178998551651602611e-07
0.000000000000000000e+00 2.697873924262239598e-07
0.000000000000000000e+00 2.416896904833265580e-07
0.000000000000000000e+00 7.656365141883725300e-08
0.000000000000000000e+00 7.278910629793244880e-08
0.000000000000000000e+00 5.393114932417120144e-08
0.000000000000000000e+00 5.507829570206013159e-08
0.000000000000000000e+00 4.607339576523372671e-08
0.000000000000000000e+00 5.602927544146041328e-08
0.000000000000000000e+00 6.610253677763466840e-08
0.000000000000000000e+00 6.507931971100333612e-08
0.000000000000000000e+00 5.110317502499128750e-08
0.000000000000000000e+00 2.955290590023196273e-08
0.000000000000000000e+00 8.997397316079513985e-08
0.000000000000000000e+00 5.459737195678826538e-08
0.000000000000000000e+00 7.950070113338369993e-08
0.000000000000000000e+00 1.032997900551890780e-07
0.000000000000000000e+00 1.035663146353726916e-07
0.000000000000000000e+00 1.510977796215229318e-07
0.000000000000000000e+00 1.375468485775854788e-07
0.000000000000000000e+00 2.132033642965325271e-07
0.000000000000000000e+00 2.474093889759387821e-07
0.000000000000000000e+00 1.970957157482189359e-07
0.000000000000000000e+00 3.126796173091861419e-07
0.000000000000000000e+00 1.783573679858818650e-07
0.000000000000000000e+00 3.024450734301353805e-07
0.000000000000000000e+00 3.570156934529222781e-07
0.000000000000000000e+00 3.746276888705324382e-07
0.000000000000000000e+00 4.684154362166736973e-07
0.000000000000000000e+00 3.918325148788426304e-07
0.000000000000000000e+00 5.509174911821901333e-07
0.000000000000000000e+00 5.211044822317489889e-07
0.000000000000000000e+00 3.483302748463756870e-07
0.000000000000000000e+00 4.447108210570149822e-07
0.000000000000000000e+00 5.198511416892870329e-07
0.000000000000000000e+00 1.573866582475602627e-03
0.000000000000000000e+00 3.063423791900277138e-04
0.000000000000000000e+00 1.180462131742388010e-04
0.000000000000000000e+00 2.731216409301850945e-05
0.000000000000000000e+00 5.554101335292216390e-06
0.000000000000000000e+00 1.929359768837457523e-06
0.000000000000000000e+00 8.029657010411028750e-07
0.000000000000000000e+00 3.356882700700225541e-07
0.000000000000000000e+00 1.080882654491688299e-07
0.000000000000000000e+00 6.836117449893208686e-08
0.000000000000000000e+00 3.058636366404243745e-08
0.000000000000000000e+00 1.967191565199755132e-08
0.000000000000000000e+00 9.222626218274854182e-09
0.000000000000000000e+00 6.193904500406688385e-09
0.000000000000000000e+00 4.559091770772738528e-09
0.000000000000000000e+00 3.993840813620863628e-09
0.000000000000000000e+00 3.663654712937614022e-09
0.000000000000000000e+00 4.930079899878592187e-09
0.000000000000000000e+00 7.052510131444478247e-09
0.000000000000000000e+00 1.181598197064204214e-08
0.000000000000000000e+00 2.030438395195233170e-08
0.000000000000000000e+00 2.233771922988125880e-08
0.000000000000000000e+00 4.414730980784042913e-08
0.000000000000000000e+00 3.412227300714221201e-08
0.000000000000000000e+00 6.760302539987605996e-08
0.000000000000000000e+00 8.054130518075908185e-08
0.000000000000000000e+00 9.986049320787060424e-08
0.000000000000000000e+00 1.267084144274122082e-07
0.000000000000000000e+00 1.018467656876964611e-07
0.000000000000000000e+00 8.787212379957054509e-08
0.000000000000000000e+00 1.325061589341203216e-07
0.000000000000000000e+00 8.616266455874210806e-08
0.000000000000000000e+00 8.207972967966270517e-08
0.000000000000000000e+00 7.494956832942989422e-08
0.000000000000000000e+00 8.484268931852056994e-08
0.000000000000000000e+00 8.677883300833855174e-08
0.000000000000000000e+00 7.067932727977677132e-08
0.000000000000000000e+00 6.166101229609921575e-08
0.000000000000000000e+00 7.025996495713116019e-08
0.000000000000000000e+00 1.529184032733610366e-07
0.000000000000000000e+00 9.720325522266648477e-08
0.000000000000000000e+00 1.018211293057902367e-07
0.000000000000000000e+00 7.522483258526335703e-08
0.000000000000000000e+00 7.573562754714657785e-08
0.000000000000000000e+00 5.059583685351753957e-08
0.000000000000000000e+00 1.214846745133399963e-01
0.000000000000000000e+00 2.466606199741363525e-01
0.000000000000000000e+00 1.339235752820968628e-01
0.000000000000000000e+00 3.400879502296447754e-01
0.000000000000000000e+00 5.927478671073913574e-01
0.000000000000000000e+00 7.729778885841369629e-01
0.000000000000000000e+00 9.508717656135559082e-01
0.000000000000000000e+00 8.237318992614746094e-01
0.000000000000000000e+00 8.288680315017700195e-01
0.000000000000000000e+00 7.169893980026245117e-01
0.000000000000000000e+00 5.224034786224365234e-01
0.000000000000000000e+00 4.652841389179229736e-01
0.000000000000000000e+00 5.852336883544921875e-01
0.000000000000000000e+00 3.405514061450958252e-01
0.000000000000000000e+00 5.821266770362854004e-01
0.000000000000000000e+00 6.066395640373229980e-01
1.000000000000000000e+00 4.640363156795501709e-01
1.000000000000000000e+00 6.285813450813293457e-01
1.000000000000000000e+00 5.989975929260253906e-01
1.000000000000000000e+00 5.264727473258972168e-01
1.000000000000000000e+00 4.632815122604370117e-01
1.000000000000000000e+00 2.529866993427276611e-01
1.000000000000000000e+00 2.944336235523223877e-01
1.000000000000000000e+00 3.898307308554649353e-02
0.000000000000000000e+00 5.040147155523300171e-02
0.000000000000000000e+00 2.377157285809516907e-02
0.000000000000000000e+00 2.043430693447589874e-03
0.000000000000000000e+00 6.928549264557659626e-04
0.000000000000000000e+00 2.340588252991437912e-04
0.000000000000000000e+00 6.691059388685971498e-05
0.000000000000000000e+00 2.738022885750979185e-05
0.000000000000000000e+00 3.122763155261054635e-05
0.000000000000000000e+00 9.374482033308595419e-06
0.000000000000000000e+00 5.322980996425030753e-06
0.000000000000000000e+00 2.542787797210621648e-06
0.000000000000000000e+00 1.675507633080997039e-06
0.000000000000000000e+00 7.383522984127921518e-07
0.000000000000000000e+00 6.677515784758725204e-07
0.000000000000000000e+00 4.664526613851194270e-07
0.000000000000000000e+00 2.814286972352419980e-07
0.000000000000000000e+00 2.513822323635395151e-07
0.000000000000000000e+00 1.195912489038164495e-07
0.000000000000000000e+00 1.554798956249214825e-07
0.000000000000000000e+00 1.391083657154013054e-07
0.000000000000000000e+00 1.844625217017892282e-07
0.000000000000000000e+00 9.970249235630035400e-02
0.000000000000000000e+00 9.416956454515457153e-02
0.000000000000000000e+00 1.026529222726821899e-01
0.000000000000000000e+00 1.417285948991775513e-01
0.000000000000000000e+00 6.409241259098052979e-02
0.000000000000000000e+00 9.755603224039077759e-02
0.000000000000000000e+00 1.023614928126335144e-01
0.000000000000000000e+00 1.259874105453491211e-01
0.000000000000000000e+00 1.446000337600708008e-01
0.000000000000000000e+00 9.900838881731033325e-02
0.000000000000000000e+00 1.534042507410049438e-01
0.000000000000000000e+00 6.388683617115020752e-02
0.000000000000000000e+00 9.724416583776473999e-02
0.000000000000000000e+00 1.066927462816238403e-01
0.000000000000000000e+00 9.784094989299774170e-02
0.000000000000000000e+00 1.184561029076576233e-01
1.000000000000000000e+00 7.382737845182418823e-02
1.000000000000000000e+00 3.551947772502899170e-01
1.000000000000000000e+00 7.696925103664398193e-02
1.000000000000000000e+00 1.273229718208312988e-01
1.000000000000000000e+00 1.373523771762847900e-01
1.000000000000000000e+00 5.373665317893028259e-02
1.000000000000000000e+00 3.517908602952957153e-02
1.000000000000000000e+00 1.540721021592617035e-02
0.000000000000000000e+00 9.966919198632240295e-03
0.000000000000000000e+00 3.798617981374263763e-03
0.000000000000000000e+00 1.529224100522696972e-03
0.000000000000000000e+00 4.822326882276684046e-04
0.000000000000000000e+00 1.749512157402932644e-04
0.000000000000000000e+00 7.308842032216489315e-05
0.000000000000000000e+00 4.723612801171839237e-05
0.000000000000000000e+00 1.512636390543775633e-05
0.000000000000000000e+00 6.278982709773117676e-06
0.000000000000000000e+00 2.580858563305810094e-06
0.000000000000000000e+00 1.353894958810997196e-06
0.000000000000000000e+00 8.765799748289282434e-07
0.000000000000000000e+00 4.302391971577890217e-07
0.000000000000000000e+00 2.836324597410566639e-07
0.000000000000000000e+00 2.378228458610465168e-07
0.000000000000000000e+00 1.764318255936814239e-07
0.000000000000000000e+00 1.118802614996639022e-07
0.000000000000000000e+00 9.326343075599652366e-08
0.000000000000000000e+00 6.355696768878260627e-08
0.000000000000000000e+00 5.737142316775134532e-08
0.000000000000000000e+00 5.329145125188006205e-08
0.000000000000000000e+00 8.455937504768371582e-01
0.000000000000000000e+00 8.454740047454833984e-01
0.000000000000000000e+00 8.551246523857116699e-01
0.000000000000000000e+00 8.214953541755676270e-01
0.000000000000000000e+00 8.265171051025390625e-01
0.000000000000000000e+00 8.583049178123474121e-01
0.000000000000000000e+00 8.663713932037353516e-01
0.000000000000000000e+00 8.612326979637145996e-01
0.000000000000000000e+00 8.891757726669311523e-01
0.000000000000000000e+00 9.125177860260009766e-01
0.000000000000000000e+00 8.687026500701904297e-01
0.000000000000000000e+00 9.078149795532226562e-01
0.000000000000000000e+00 8.970304727554321289e-01
0.000000000000000000e+00 9.233572483062744141e-01
0.000000000000000000e+00 9.156084656715393066e-01
1.000000000000000000e+00 9.385243654251098633e-01
1.000000000000000000e+00 9.303796291351318359e-01
1.000000000000000000e+00 9.341031908988952637e-01
1.000000000000000000e+00 9.534999132156372070e-01
1.000000000000000000e+00 9.459672570228576660e-01
1.000000000000000000e+00 9.624853134155273438e-01
1.000000000000000000e+00 9.655977487564086914e-01
1.000000000000000000e+00 8.465376496315002441e-01
1.000000000000000000e+00 8.506379723548889160e-01
0.000000000000000000e+00 7.380561828613281250e-01
0.000000000000000000e+00 3.182673454284667969e-01
0.000000000000000000e+00 2.213565111160278320e-01
0.000000000000000000e+00 1.278386823832988739e-02
0.000000000000000000e+00 4.348707385361194611e-03
0.000000000000000000e+00 7.007839158177375793e-04
0.000000000000000000e+00 1.086714983102865517e-04
0.000000000000000000e+00 5.652552499668672681e-05
0.000000000000000000e+00 1.763288491929415613e-05
0.000000000000000000e+00 6.928290986252250150e-06
0.000000000000000000e+00 2.073638825095258653e-06
0.000000000000000000e+00 9.115354941968689673e-07
0.000000000000000000e+00 6.276997623899660539e-07
0.000000000000000000e+00 3.613415913150674896e-07
0.000000000000000000e+00 1.729617480350498226e-07
0.000000000000000000e+00 1.146567072396464937e-07
0.000000000000000000e+00 5.411425263446290046e-08
0.000000000000000000e+00 4.535381137316107925e-08
0.000000000000000000e+00 4.605889714071054186e-08
0.000000000000000000e+00 3.053151687026911532e-08
0.000000000000000000e+00 6.663038476517613162e-08
