0.000000000000000000e+00 1.063633617013692856e-02
0.000000000000000000e+00 1.116293016821146011e-02
0.000000000000000000e+00 7.105906028300523758e-03
0.000000000000000000e+00 8.735039271414279938e-03
0.000000000000000000e+00 5.770592018961906433e-03
0.000000000000000000e+00 6.749632768332958221e-03
0.000000000000000000e+00 7.261234335601329803e-03
0.000000000000000000e+00 7.021822035312652588e-03
0.000000000000000000e+00 1.077020633965730667e-02
0.000000000000000000e+00 8.878170512616634369e-03
0.000000000000000000e+00 1.484849117696285248e-02
0.000000000000000000e+00 2.545521594583988190e-02
0.000000000000000000e+00 4.052305594086647034e-02
0.000000000000000000e+00 8.200725913047790527e-02
0.000000000000000000e+00 9.607794880867004395e-02
0.000000000000000000e+00 7.288306206464767456e-02
0.000000000000000000e+00 5.704943463206291199e-02
0.000000000000000000e+00 7.998756319284439087e-02
0.000000000000000000e+00 4.424478113651275635e-02
0.000000000000000000e+00 6.066826730966567993e-02
0.000000000000000000e+00 7.236662507057189941e-02
0.000000000000000000e+00 8.328030258417129517e-02
0.000000000000000000e+00 4.523336142301559448e-02
0.000000000000000000e+00 2.431788854300975800e-02
0.000000000000000000e+00 3.083610720932483673e-02
0.000000000000000000e+00 2.685983851552009583e-02
0.000000000000000000e+00 1.637404598295688629e-02
0.000000000000000000e+00 9.649939835071563721e-03
0.000000000000000000e+00 6.058951839804649353e-03
0.000000000000000000e+00 7.013003807514905930e-03
0.000000000000000000e+00 1.882629352621734142e-03
0.000000000000000000e+00 1.339548965916037560e-03
0.000000000000000000e+00 8.470357279293239117e-04
0.000000000000000000e+00 2.913628413807600737e-04
0.000000000000000000e+00 5.316145252436399460e-04
0.000000000000000000e+00 3.516304423101246357e-04
0.000000000000000000e+00 4.794044070877134800e-04
0.000000000000000000e+00 6.664491957053542137e-04
0.000000000000000000e+00 6.932247779332101345e-04
0.000000000000000000e+00 4.449415719136595726e-04
0.000000000000000000e+00 4.331532691139727831e-04
0.000000000000000000e+00 3.800160193350166082e-04
0.000000000000000000e+00 2.949011686723679304e-04
0.000000000000000000e+00 2.795577456708997488e-04
0.000000000000000000e+00 2.122383884852752090e-04
0.000000000000000000e+00 2.928097674157470465e-04
0.000000000000000000e+00 4.113799659535288811e-04
0.000000000000000000e+00 4.386159416753798723e-04
0.000000000000000000e+00 3.006444312632083893e-04
0.000000000000000000e+00 3.545607323758304119e-04
0.000000000000000000e+00 2.612485841382294893e-04
0.000000000000000000e+00 2.822958340402692556e-04
0.000000000000000000e+00 3.688029828481376171e-04
0.000000000000000000e+00 3.278567164670675993e-04
0.000000000000000000e+00 2.309169649379327893e-04
0.000000000000000000e+00 4.676736425608396530e-04
0.000000000000000000e+00 4.455070593394339085e-04
0.000000000000000000e+00 2.107648615492507815e-04
0.000000000000000000e+00 1.991316821658983827e-04
0.000000000000000000e+00 1.156874423031695187e-04
0.000000000000000000e+00 1.518196368124336004e-04
0.000000000000000000e+00 2.021718537434935570e-04
0.000000000000000000e+00 1.809789100661873817e-04
0.000000000000000000e+00 1.871455169748514891e-04
0.000000000000000000e+00 3.455269907135516405e-04
0.000000000000000000e+00 3.917759459000080824e-04
0.000000000000000000e+00 5.417789216153323650e-04
0.000000000000000000e+00 5.814564647153019905e-04
0.000000000000000000e+00 5.880115786567330360e-04
0.000000000000000000e+00 3.411693032830953598e-04
0.000000000000000000e+00 5.596639821305871010e-04
0.000000000000000000e+00 3.876058035530149937e-04
0.000000000000000000e+00 5.689298850484192371e-04
0.000000000000000000e+00 4.921957151964306831e-04
0.000000000000000000e+00 6.675946642644703388e-04
0.000000000000000000e+00 3.133456222712993622e-03
0.000000000000000000e+00 3.375580534338951111e-03
0.000000000000000000e+00 3.900547046214342117e-03
0.000000000000000000e+00 8.570031262934207916e-03
0.000000000000000000e+00 1.412284560501575470e-02
0.000000000000000000e+00 2.700440213084220886e-02
0.000000000000000000e+00 4.898663610219955444e-02
0.000000000000000000e+00 2.555135451257228851e-02
0.000000000000000000e+00 1.436397619545459747e-02
0.000000000000000000e+00 1.972975954413414001e-02
0.000000000000000000e+00 2.681234665215015411e-02
0.000000000000000000e+00 2.448718622326850891e-02
0.000000000000000000e+00 3.221119195222854614e-02
0.000000000000000000e+00 2.966602146625518799e-02
0.000000000000000000e+00 3.936665877699851990e-02
0.000000000000000000e+00 1.708342693746089935e-02
0.000000000000000000e+00 1.626066304743289948e-02
0.000000000000000000e+00 1.751535758376121521e-02
0.000000000000000000e+00 3.292944282293319702e-02
0.000000000000000000e+00 3.229076042771339417e-02
0.000000000000000000e+00 1.786979101598262787e-02
1.000000000000000000e+00 2.176592126488685608e-02
1.000000000000000000e+00 2.857731282711029053e-02
0.000000000000000000e+00 1.323551964014768600e-02
0.000000000000000000e+00 1.035782322287559509e-02
0.000000000000000000e+00 1.062363386154174805e-02
0.000000000000000000e+00 1.406606659293174744e-02
0.000000000000000000e+00 1.106339227408170700e-02
0.000000000000000000e+00 8.204364217817783356e-03
0.000000000000000000e+00 5.969056393951177597e-03
0.000000000000000000e+00 2.167570171877741814e-03
0.000000000000000000e+00 6.558906752616167068e-04
1.000000000000000000e+00 3.691712918225675821e-04
1.000000000000000000e+00 3.932479885406792164e-04
1.000000000000000000e+00 2.322674554307013750e-04
1.000000000000000000e+00 2.661521139089018106e-04
0.000000000000000000e+00 2.395392803009599447e-04
0.000000000000000000e+00 2.480148104950785637e-04
0.000000000000000000e+00 2.156681148335337639e-04
0.000000000000000000e+00 9.805591980693861842e-05
0.000000000000000000e+00 1.859383191913366318e-04
0.000000000000000000e+00 3.115500439889729023e-04
0.000000000000000000e+00 3.575526934582740068e-04
0.000000000000000000e+00 3.768499591387808323e-04
0.000000000000000000e+00 1.323563163168728352e-03
0.000000000000000000e+00 1.335101318545639515e-03
0.000000000000000000e+00 9.705662960186600685e-04
0.000000000000000000e+00 1.361500471830368042e-03
0.000000000000000000e+00 1.254253322258591652e-03
0.000000000000000000e+00 1.267051906324923038e-03
0.000000000000000000e+00 2.936988137662410736e-03
0.000000000000000000e+00 2.949035260826349258e-03
0.000000000000000000e+00 4.708542022854089737e-03
0.000000000000000000e+00 6.764750927686691284e-03
0.000000000000000000e+00 7.377315778285264969e-03
0.000000000000000000e+00 4.901731852442026138e-03
0.000000000000000000e+00 6.480488460510969162e-03
0.000000000000000000e+00 1.073472201824188232e-02
0.000000000000000000e+00 2.241055853664875031e-02
0.000000000000000000e+00 3.150640800595283508e-02
0.000000000000000000e+00 5.244648084044456482e-02
0.000000000000000000e+00 8.512173593044281006e-02
0.000000000000000000e+00 2.130334526300430298e-01
0.000000000000000000e+00 1.047280952334403992e-01
0.000000000000000000e+00 9.256526827812194824e-02
0.000000000000000000e+00 3.756117075681686401e-02
0.000000000000000000e+00 1.311377156525850296e-02
0.000000000000000000e+00 8.754028007388114929e-03
0.000000000000000000e+00 4.446566104888916016e-03
0.000000000000000000e+00 2.352498704567551613e-03
0.000000000000000000e+00 1.103800837881863117e-03
0.000000000000000000e+00 7.787618087604641914e-04
0.000000000000000000e+00 3.871685767080634832e-04
0.000000000000000000e+00 1.092539823730476201e-04
0.000000000000000000e+00 9.058963769348338246e-05
0.000000000000000000e+00 3.808814100921154022e-03
0.000000000000000000e+00 4.835197702050209045e-03
0.000000000000000000e+00 9.589948691427707672e-03
0.000000000000000000e+00 1.925011910498142242e-02
0.000000000000000000e+00 2.583044394850730896e-02
0.000000000000000000e+00 3.477939590811729431e-02
0.000000000000000000e+00 8.489309251308441162e-02
0.000000000000000000e+00 1.073938310146331787e-01
0.000000000000000000e+00 1.253048032522201538e-01
0.000000000000000000e+00 1.437900066375732422e-01
0.000000000000000000e+00 2.089771777391433716e-01
0.000000000000000000e+00 1.129371076822280884e-01
0.000000000000000000e+00 2.041609585285186768e-01
0.000000000000000000e+00 1.699071824550628662e-01
0.000000000000000000e+00 2.023019641637802124e-01
0.000000000000000000e+00 1.754376441240310669e-01
0.000000000000000000e+00 2.022289335727691650e-01
0.000000000000000000e+00 2.101441919803619385e-01
0.000000000000000000e+00 4.298252165317535400e-01
0.000000000000000000e+00 4.530945122241973877e-01
0.000000000000000000e+00 5.439587831497192383e-01
0.000000000000000000e+00 7.284535765647888184e-01
0.000000000000000000e+00 7.191894650459289551e-01
0.000000000000000000e+00 8.734655976295471191e-01
0.000000000000000000e+00 8.731389045715332031e-01
0.000000000000000000e+00 9.222847819328308105e-01
0.000000000000000000e+00 9.309471845626831055e-01
0.000000000000000000e+00 9.334000349044799805e-01
0.000000000000000000e+00 9.489578604698181152e-01
0.000000000000000000e+00 9.555480480194091797e-01
0.000000000000000000e+00 9.141806960105895996e-01
0.000000000000000000e+00 7.236044406890869141e-01
0.000000000000000000e+00 9.045815467834472656e-01
0.000000000000000000e+00 7.333725690841674805e-01
0.000000000000000000e+00 8.018363118171691895e-01
0.000000000000000000e+00 5.455508232116699219e-01
0.000000000000000000e+00 3.703229725360870361e-01
0.000000000000000000e+00 3.133287727832794189e-01
0.000000000000000000e+00 1.523591428995132446e-01
0.000000000000000000e+00 4.449660703539848328e-02
0.000000000000000000e+00 4.534905031323432922e-02
0.000000000000000000e+00 3.589759021997451782e-02
0.000000000000000000e+00 4.596668854355812073e-02
0.000000000000000000e+00 4.229024052619934082e-02
0.000000000000000000e+00 2.767950110137462616e-02
0.000000000000000000e+00 7.116708904504776001e-02
0.000000000000000000e+00 6.633965671062469482e-02
0.000000000000000000e+00 5.807084590196609497e-02
0.000000000000000000e+00 6.347519159317016602e-02
0.000000000000000000e+00 4.687238857150077820e-02
0.000000000000000000e+00 4.055589437484741211e-02
0.000000000000000000e+00 7.919001579284667969e-02
0.000000000000000000e+00 1.180173084139823914e-01
0.000000000000000000e+00 1.224207803606987000e-01
0.000000000000000000e+00 1.259283274412155151e-01
0.000000000000000000e+00 1.283326297998428345e-01
0.000000000000000000e+00 8.622604608535766602e-02
0.000000000000000000e+00 1.049069240689277649e-01
0.000000000000000000e+00 1.890130192041397095e-01
0.000000000000000000e+00 2.814302444458007812e-01
0.000000000000000000e+00 2.301460206508636475e-01
0.000000000000000000e+00 2.262632101774215698e-01
0.000000000000000000e+00 1.060844361782073975e-01
0.000000000000000000e+00 9.083130210638046265e-02
0.000000000000000000e+00 4.486232623457908630e-02
0.000000000000000000e+00 2.883260138332843781e-02
0.000000000000000000e+00 1.337847765535116196e-02
0.000000000000000000e+00 8.734143339097499847e-03
0.000000000000000000e+00 5.836990661919116974e-03
0.000000000000000000e+00 3.532072762027382851e-03
0.000000000000000000e+00 2.255868399515748024e-03
0.000000000000000000e+00 1.083077862858772278e-03
0.000000000000000000e+00 1.344124088063836098e-03
0.000000000000000000e+00 1.029066392220556736e-03
0.000000000000000000e+00 1.097577740438282490e-03
0.000000000000000000e+00 6.130681037902832031e-01
0.000000000000000000e+00 7.229859828948974609e-01
0.000000000000000000e+00 6.433086991310119629e-01
0.000000000000000000e+00 4.222154617309570312e-01
0.000000000000000000e+00 4.121059477329254150e-01
0.000000000000000000e+00 4.061680138111114502e-01
0.000000000000000000e+00 4.701594412326812744e-01
0.000000000000000000e+00 2.810135185718536377e-01
0.000000000000000000e+00 4.927466809749603271e-01
0.000000000000000000e+00 4.627964794635772705e-01
0.000000000000000000e+00 5.301498770713806152e-01
0.000000000000000000e+00 5.808932185173034668e-01
0.000000000000000000e+00 6.473562717437744141e-01
0.000000000000000000e+00 5.002518296241760254e-01
0.000000000000000000e+00 6.969166994094848633e-01
0.000000000000000000e+00 7.280842661857604980e-01
0.000000000000000000e+00 7.507897019386291504e-01
0.000000000000000000e+00 7.750025987625122070e-01
0.000000000000000000e+00 7.524000406265258789e-01
0.000000000000000000e+00 7.872079014778137207e-01
0.000000000000000000e+00 7.711747288703918457e-01
0.000000000000000000e+00 6.963962912559509277e-01
0.000000000000000000e+00 7.782211899757385254e-01
0.000000000000000000e+00 6.024745702743530273e-01
0.000000000000000000e+00 7.488645315170288086e-01
0.000000000000000000e+00 7.073932886123657227e-01
0.000000000000000000e+00 7.804336547851562500e-01
0.000000000000000000e+00 7.976762652397155762e-01
0.000000000000000000e+00 8.021075725555419922e-01
0.000000000000000000e+00 7.646692395210266113e-01
0.000000000000000000e+00 6.449360251426696777e-01
0.000000000000000000e+00 5.784003138542175293e-01
0.000000000000000000e+00 4.454339444637298584e-01
0.000000000000000000e+00 4.404109120368957520e-01
0.000000000000000000e+00 6.186460256576538086e-01
0.000000000000000000e+00 4.155956208705902100e-01
0.000000000000000000e+00 5.519766211509704590e-01
0.000000000000000000e+00 6.105161309242248535e-01
0.000000000000000000e+00 6.227998733520507812e-01
0.000000000000000000e+00 5.761544108390808105e-01
0.000000000000000000e+00 5.056247711181640625e-01
0.000000000000000000e+00 7.816084623336791992e-01
0.000000000000000000e+00 5.822533369064331055e-01
0.000000000000000000e+00 4.716396927833557129e-01
0.000000000000000000e+00 5.349954366683959961e-01
0.000000000000000000e+00 5.642818808555603027e-01
0.000000000000000000e+00 4.441409707069396973e-01
0.000000000000000000e+00 4.971879124641418457e-01
0.000000000000000000e+00 6.084617376327514648e-01
0.000000000000000000e+00 5.866662859916687012e-01
0.000000000000000000e+00 5.696291327476501465e-01
0.000000000000000000e+00 5.839259028434753418e-01
0.000000000000000000e+00 5.805607438087463379e-01
0.000000000000000000e+00 3.913179337978363037e-01
0.000000000000000000e+00 4.116515815258026123e-01
0.000000000000000000e+00 4.295471906661987305e-01
0.000000000000000000e+00 4.223378598690032959e-01
0.000000000000000000e+00 4.769065678119659424e-01
0.000000000000000000e+00 4.869702458381652832e-01
0.000000000000000000e+00 3.769367039203643799e-01
0.000000000000000000e+00 3.423257172107696533e-01
0.000000000000000000e+00 4.747945964336395264e-01
0.000000000000000000e+00 3.579401969909667969e-01
0.000000000000000000e+00 3.321321606636047363e-01
0.000000000000000000e+00 3.276677727699279785e-01
0.000000000000000000e+00 3.407984375953674316e-01
0.000000000000000000e+00 3.574818670749664307e-01
0.000000000000000000e+00 3.193712532520294189e-01
0.000000000000000000e+00 3.107751905918121338e-01
0.000000000000000000e+00 4.574649631977081299e-01
0.000000000000000000e+00 2.943535149097442627e-01
0.000000000000000000e+00 3.429788053035736084e-01
0.000000000000000000e+00 3.523663580417633057e-01
0.000000000000000000e+00 3.237271010875701904e-01
0.000000000000000000e+00 2.987813055515289307e-01
0.000000000000000000e+00 3.441210836172103882e-02
0.000000000000000000e+00 4.661054909229278564e-02
0.000000000000000000e+00 5.679040029644966125e-02
0.000000000000000000e+00 4.338077455759048462e-02
0.000000000000000000e+00 4.098624363541603088e-02
0.000000000000000000e+00 8.606288582086563110e-02
0.000000000000000000e+00 1.001608446240425110e-01
0.000000000000000000e+00 4.326344653964042664e-02
0.000000000000000000e+00 5.450181290507316589e-02
0.000000000000000000e+00 3.918196633458137512e-02
0.000000000000000000e+00 5.111847817897796631e-02
0.000000000000000000e+00 4.522167518734931946e-02
0.000000000000000000e+00 4.788324236869812012e-02
0.000000000000000000e+00 8.328080177307128906e-02
0.000000000000000000e+00 7.552041113376617432e-02
0.000000000000000000e+00 8.368565142154693604e-02
0.000000000000000000e+00 8.871152251958847046e-02
0.000000000000000000e+00 1.076182797551155090e-01
0.000000000000000000e+00 7.877366989850997925e-02
0.000000000000000000e+00 9.687047451734542847e-02
0.000000000000000000e+00 1.763650178909301758e-01
0.000000000000000000e+00 2.135106474161148071e-01
0.000000000000000000e+00 1.952745020389556885e-01
0.000000000000000000e+00 2.248105555772781372e-01
0.000000000000000000e+00 3.164259195327758789e-01
0.000000000000000000e+00 3.012453615665435791e-01
1.000000000000000000e+00 1.833057701587677002e-01
1.000000000000000000e+00 1.967734545469284058e-01
1.000000000000000000e+00 1.338427811861038208e-01
0.000000000000000000e+00 1.416189074516296387e-01
0.000000000000000000e+00 1.715497970581054688e-01
0.000000000000000000e+00 2.636666893959045410e-01
0.000000000000000000e+00 4.533445537090301514e-01
0.000000000000000000e+00 5.924023389816284180e-01
0.000000000000000000e+00 6.689250469207763672e-01
0.000000000000000000e+00 5.512564778327941895e-01
0.000000000000000000e+00 3.456488251686096191e-01
0.000000000000000000e+00 1.964124590158462524e-01
0.000000000000000000e+00 9.856254607439041138e-02
0.000000000000000000e+00 4.239132255315780640e-02
0.000000000000000000e+00 3.871674090623855591e-02
0.000000000000000000e+00 3.346234932541847229e-02
0.000000000000000000e+00 5.114904418587684631e-02
0.000000000000000000e+00 5.691149830818176270e-02
0.000000000000000000e+00 6.717152893543243408e-02
0.000000000000000000e+00 7.638438791036605835e-02
0.000000000000000000e+00 6.969085335731506348e-02
0.000000000000000000e+00 7.481339573860168457e-02
0.000000000000000000e+00 6.181760877370834351e-02
0.000000000000000000e+00 4.337631538510322571e-02
0.000000000000000000e+00 9.101069718599319458e-02
0.000000000000000000e+00 8.574420213699340820e-02
0.000000000000000000e+00 9.283947199583053589e-02
0.000000000000000000e+00 1.217613071203231812e-01
0.000000000000000000e+00 1.099053099751472473e-01
0.000000000000000000e+00 1.209668070077896118e-01
0.000000000000000000e+00 7.308819144964218140e-02
0.000000000000000000e+00 1.042872443795204163e-01
0.000000000000000000e+00 6.101458892226219177e-02
0.000000000000000000e+00 4.997584223747253418e-02
0.000000000000000000e+00 5.759194865822792053e-02
0.000000000000000000e+00 6.075307726860046387e-02
0.000000000000000000e+00 5.503381043672561646e-02
0.000000000000000000e+00 6.250276416540145874e-02
0.000000000000000000e+00 5.061679333448410034e-02
0.000000000000000000e+00 3.995141386985778809e-02
0.000000000000000000e+00 4.195778071880340576e-02
0.000000000000000000e+00 2.895389869809150696e-02
0.000000000000000000e+00 2.372503653168678284e-02
0.000000000000000000e+00 1.689927652478218079e-02
0.000000000000000000e+00 2.158966287970542908e-02
0.000000000000000000e+00 2.862866967916488647e-02
0.000000000000000000e+00 2.634765766561031342e-02
0.000000000000000000e+00 2.077314071357250214e-02
0.000000000000000000e+00 2.165786735713481903e-02
0.000000000000000000e+00 6.884633330628275871e-05
0.000000000000000000e+00 5.830027293995954096e-05
0.000000000000000000e+00 4.649022594094276428e-05
0.000000000000000000e+00 5.091230559628456831e-05
0.000000000000000000e+00 5.246857472229748964e-05
0.000000000000000000e+00 1.194959768326953053e-04
0.000000000000000000e+00 1.180182007374241948e-04
0.000000000000000000e+00 1.549831067677587271e-04
0.000000000000000000e+00 1.249568449566140771e-04
0.000000000000000000e+00 1.463271619286388159e-04
0.000000000000000000e+00 1.468143600504845381e-04
0.000000000000000000e+00 4.050301795359700918e-04
0.000000000000000000e+00 7.812521653249859810e-04
0.000000000000000000e+00 1.932214945554733276e-03
0.000000000000000000e+00 1.808895030990242958e-03
0.000000000000000000e+00 2.149925101548433304e-03
0.000000000000000000e+00 3.877652343362569809e-03
0.000000000000000000e+00 2.436949405819177628e-03
0.000000000000000000e+00 2.188615035265684128e-03
0.000000000000000000e+00 1.423901296220719814e-03
0.000000000000000000e+00 6.743103731423616409e-04
0.000000000000000000e+00 5.203092005103826523e-04
0.000000000000000000e+00 2.057433739537373185e-04
0.000000000000000000e+00 2.110890345647931099e-04
0.000000000000000000e+00 2.539810084272176027e-04
0.000000000000000000e+00 2.546118921600282192e-04
0.000000000000000000e+00 1.622878044145181775e-04
0.000000000000000000e+00 1.008263352559879422e-04
0.000000000000000000e+00 1.045441822498105466e-04
0.000000000000000000e+00 5.784830864286050200e-05
0.000000000000000000e+00 1.095659081329358742e-05
0.000000000000000000e+00 9.061884156835731119e-06
0.000000000000000000e+00 9.329104614153038710e-06
0.000000000000000000e+00 3.533901690389029682e-06
0.000000000000000000e+00 3.170943955410621129e-06
0.000000000000000000e+00 7.751464181637857109e-06
0.000000000000000000e+00 1.132877696363721043e-05
0.000000000000000000e+00 7.640604053449351341e-06
0.000000000000000000e+00 1.948760109371505678e-05
0.000000000000000000e+00 1.748034082993399352e-05
0.000000000000000000e+00 2.750141720753163099e-05
0.000000000000000000e+00 2.343257983739022166e-05
0.000000000000000000e+00 1.853275534813292325e-05
0.000000000000000000e+00 2.790882172121200711e-05
0.000000000000000000e+00 2.406310886726714671e-05
0.000000000000000000e+00 8.350933785550296307e-05
0.000000000000000000e+00 6.989695975789800286e-05
0.000000000000000000e+00 3.192080839653499424e-05
0.000000000000000000e+00 1.206598062708508223e-05
0.000000000000000000e+00 6.435643172153504565e-06
0.000000000000000000e+00 2.016961389017524198e-06
0.000000000000000000e+00 2.499648871889803559e-06
0.000000000000000000e+00 2.528771574361599050e-06
0.000000000000000000e+00 3.017397148141753860e-06
0.000000000000000000e+00 3.676085043480270542e-06
0.000000000000000000e+00 5.544157829717732966e-06
0.000000000000000000e+00 6.494058652606327087e-06
0.000000000000000000e+00 3.646267487056320533e-06
0.000000000000000000e+00 2.109055685650673695e-06
0.000000000000000000e+00 1.444743247702717781e-06
0.000000000000000000e+00 2.704842700040899217e-06
0.000000000000000000e+00 4.014099431515205652e-06
0.000000000000000000e+00 2.263583837702753954e-06
0.000000000000000000e+00 4.536139840638497844e-06
0.000000000000000000e+00 1.315093868470285088e-06
0.000000000000000000e+00 1.263087483494018670e-06
0.000000000000000000e+00 1.714760173854301684e-06
0.000000000000000000e+00 7.231472523017146159e-07
0.000000000000000000e+00 3.421645544676721329e-07
0.000000000000000000e+00 2.051906022870753077e-07
0.000000000000000000e+00 1.646962886070468812e-07
0.000000000000000000e+00 2.339652240834766417e-07
0.000000000000000000e+00 5.376158469516667537e-07
0.000000000000000000e+00 6.104780823079636320e-07
0.000000000000000000e+00 7.145089853111130651e-07
0.000000000000000000e+00 1.964864321053028107e-03
0.000000000000000000e+00 1.689677475951611996e-03
0.000000000000000000e+00 2.354351337999105453e-03
0.000000000000000000e+00 3.147301496937870979e-03
0.000000000000000000e+00 2.916343277320265770e-03
0.000000000000000000e+00 4.036035388708114624e-03
0.000000000000000000e+00 4.006757866591215134e-03
0.000000000000000000e+00 4.773668013513088226e-03
0.000000000000000000e+00 9.539497084915637970e-03
0.000000000000000000e+00 1.415830850601196289e-02
0.000000000000000000e+00 1.509884279221296310e-02
0.000000000000000000e+00 1.483266614377498627e-02
0.000000000000000000e+00 1.284816581755876541e-02
0.000000000000000000e+00 1.832447387278079987e-02
0.000000000000000000e+00 1.410887017846107483e-02
0.000000000000000000e+00 9.208342991769313812e-03
1.000000000000000000e+00 1.131851878017187119e-02
0.000000000000000000e+00 6.521170958876609802e-03
0.000000000000000000e+00 1.152228284627199173e-02
0.000000000000000000e+00 2.042511105537414551e-02
0.000000000000000000e+00 7.263845950365066528e-02
0.000000000000000000e+00 1.357870846986770630e-01
0.000000000000000000e+00 1.553374677896499634e-01
0.000000000000000000e+00 2.476329505443572998e-01
0.000000000000000000e+00 4.066987633705139160e-01
0.000000000000000000e+00 3.302564322948455811e-01
0.000000000000000000e+00 2.239614129066467285e-01
0.000000000000000000e+00 1.182560026645660400e-01
0.000000000000000000e+00 4.506522789597511292e-02
0.000000000000000000e+00 4.658044874668121338e-02
0.000000000000000000e+00 2.098713070154190063e-02
0.000000000000000000e+00 1.888508163392543793e-02
0.000000000000000000e+00 1.334270648658275604e-02
0.000000000000000000e+00 7.262863684445619583e-03
0.000000000000000000e+00 5.197233986109495163e-03
0.000000000000000000e+00 3.782272338867187500e-03
0.000000000000000000e+00 8.411199785768985748e-03
0.000000000000000000e+00 6.915181875228881836e-03
0.000000000000000000e+00 7.934723980724811554e-03
0.000000000000000000e+00 9.104272350668907166e-03
0.000000000000000000e+00 1.884081959724426270e-02
0.000000000000000000e+00 1.065688952803611755e-02
0.000000000000000000e+00 1.639570295810699463e-02
0.000000000000000000e+00 7.251073606312274933e-03
0.000000000000000000e+00 1.044042501598596573e-02
0.000000000000000000e+00 9.758431464433670044e-03
0.000000000000000000e+00 8.068465627729892731e-03
0.000000000000000000e+00 2.047929354012012482e-02
0.000000000000000000e+00 4.035003483295440674e-02
0.000000000000000000e+00 4.767082259058952332e-02
0.000000000000000000e+00 1.014143899083137512e-01
0.000000000000000000e+00 4.784510657191276550e-02
0.000000000000000000e+00 3.686242923140525818e-02
0.000000000000000000e+00 1.481290441006422043e-02
0.000000000000000000e+00 5.975114181637763977e-03
0.000000000000000000e+00 2.903425600379705429e-03
0.000000000000000000e+00 2.100264653563499451e-03
0.000000000000000000e+00 2.896085148677229881e-03
0.000000000000000000e+00 3.780323546379804611e-03
0.000000000000000000e+00 4.923909902572631836e-03
0.000000000000000000e+00 5.036947317421436310e-03
0.000000000000000000e+00 7.342836819589138031e-03
0.000000000000000000e+00 8.723820559680461884e-03
0.000000000000000000e+00 8.901530876755714417e-03
0.000000000000000000e+00 9.216634556651115417e-03
0.000000000000000000e+00 1.485676690936088562e-02
0.000000000000000000e+00 3.321672976016998291e-02
0.000000000000000000e+00 6.017726659774780273e-02
0.000000000000000000e+00 1.179438978433609009e-01
0.000000000000000000e+00 1.373992115259170532e-01
0.000000000000000000e+00 1.315733939409255981e-01
0.000000000000000000e+00 7.454760372638702393e-02
0.000000000000000000e+00 2.348718605935573578e-02
0.000000000000000000e+00 2.654491364955902100e-02
0.000000000000000000e+00 2.951651997864246368e-02
0.000000000000000000e+00 3.958906381740234792e-05
0.000000000000000000e+00 3.496385397738777101e-05
0.000000000000000000e+00 6.126234075054526329e-05
0.000000000000000000e+00 4.925218308926559985e-05
0.000000000000000000e+00 8.665378118166700006e-05
0.000000000000000000e+00 1.711618970148265362e-04
0.000000000000000000e+00 1.506544358562678099e-04
0.000000000000000000e+00 2.696783631108701229e-04
0.000000000000000000e+00 2.170978841604664922e-04
0.000000000000000000e+00 3.729586023837327957e-04
0.000000000000000000e+00 7.256226381286978722e-04
0.000000000000000000e+00 9.306042338721454144e-04
0.000000000000000000e+00 1.054220367223024368e-03
0.000000000000000000e+00 1.018461654894053936e-03
0.000000000000000000e+00 9.944499470293521881e-04
0.000000000000000000e+00 1.107788528315722942e-03
1.000000000000000000e+00 1.207862631417810917e-03
0.000000000000000000e+00 2.182888798415660858e-03
0.000000000000000000e+00 2.450433094054460526e-03
0.000000000000000000e+00 2.024284098297357559e-03
0.000000000000000000e+00 3.034809837117791176e-03
0.000000000000000000e+00 4.637622274458408356e-03
0.000000000000000000e+00 5.859246943145990372e-03
0.000000000000000000e+00 4.252862185239791870e-03
0.000000000000000000e+00 2.546986797824501991e-03
0.000000000000000000e+00 4.428069107234477997e-03
0.000000000000000000e+00 1.863020472228527069e-03
0.000000000000000000e+00 1.329361810348927975e-03
0.000000000000000000e+00 1.056449254974722862e-03
0.000000000000000000e+00 6.177544710226356983e-04
0.000000000000000000e+00 4.464381199795752764e-04
0.000000000000000000e+00 1.593104534549638629e-04
0.000000000000000000e+00 1.093125392799265683e-04
0.000000000000000000e+00 4.821686161449179053e-05
0.000000000000000000e+00 3.717993240570649505e-05
0.000000000000000000e+00 3.677167842397466302e-05
0.000000000000000000e+00 2.243043127236887813e-05
0.000000000000000000e+00 2.401425444986671209e-05
0.000000000000000000e+00 1.788983354344964027e-05
0.000000000000000000e+00 1.559811244078446180e-05
0.000000000000000000e+00 1.167536356661003083e-05
0.000000000000000000e+00 1.484037875343346968e-05
0.000000000000000000e+00 7.142295999074121937e-06
0.000000000000000000e+00 4.920227638649521396e-06
0.000000000000000000e+00 4.436803465068805963e-06
0.000000000000000000e+00 5.447107014333596453e-06
0.000000000000000000e+00 8.706740118213929236e-06
0.000000000000000000e+00 1.283661640627542511e-05
0.000000000000000000e+00 1.618818350834771991e-05
0.000000000000000000e+00 2.048165515589062124e-05
0.000000000000000000e+00 1.236473690369166434e-05
0.000000000000000000e+00 1.084450832422589883e-05
0.000000000000000000e+00 6.870921424706466496e-06
0.000000000000000000e+00 4.740464191854698583e-06
0.000000000000000000e+00 3.096062982876901515e-06
0.000000000000000000e+00 2.578991143309394829e-06
0.000000000000000000e+00 2.779115675366483629e-06
0.000000000000000000e+00 4.236192580719944090e-06
0.000000000000000000e+00 3.220611915821791627e-06
0.000000000000000000e+00 4.874346359429182485e-06
0.000000000000000000e+00 4.535166681307600811e-06
0.000000000000000000e+00 4.406375410326290876e-06
0.000000000000000000e+00 3.680922873172676191e-06
0.000000000000000000e+00 3.588864501580246724e-06
0.000000000000000000e+00 4.286438070266740397e-06
0.000000000000000000e+00 4.388618890516227111e-06
0.000000000000000000e+00 7.900149284978397191e-06
0.000000000000000000e+00 7.619000371050788090e-06
0.000000000000000000e+00 8.241548130172304809e-06
0.000000000000000000e+00 1.323724427493289113e-05
0.000000000000000000e+00 1.089052420866210014e-05
0.000000000000000000e+00 1.368353514408227056e-05
0.000000000000000000e+00 1.244137092726305127e-05
0.000000000000000000e+00 1.897225774882826954e-05
0.000000000000000000e+00 1.654833249631337821e-05
