0.000000000000000000e+00 8.830381631851196289e-01
0.000000000000000000e+00 8.695712685585021973e-01
0.000000000000000000e+00 8.705236315727233887e-01
0.000000000000000000e+00 8.972070813179016113e-01
0.000000000000000000e+00 8.632206916809082031e-01
0.000000000000000000e+00 8.891533613204956055e-01
0.000000000000000000e+00 9.054417610168457031e-01
0.000000000000000000e+00 9.105328321456909180e-01
0.000000000000000000e+00 8.950626850128173828e-01
0.000000000000000000e+00 9.037544131278991699e-01
0.000000000000000000e+00 8.796756267547607422e-01
0.000000000000000000e+00 8.969825506210327148e-01
0.000000000000000000e+00 8.755404353141784668e-01
0.000000000000000000e+00 8.950098752975463867e-01
0.000000000000000000e+00 9.053248763084411621e-01
1.000000000000000000e+00 8.636528849601745605e-01
1.000000000000000000e+00 8.822658061981201172e-01
1.000000000000000000e+00 8.974105715751647949e-01
1.000000000000000000e+00 9.069477319717407227e-01
1.000000000000000000e+00 9.251857995986938477e-01
1.000000000000000000e+00 9.168093800544738770e-01
1.000000000000000000e+00 9.437559843063354492e-01
1.000000000000000000e+00 9.523776173591613770e-01
1.000000000000000000e+00 9.385949373245239258e-01
0.000000000000000000e+00 9.011595845222473145e-01
0.000000000000000000e+00 8.335251808166503906e-01
0.000000000000000000e+00 6.524137854576110840e-01
0.000000000000000000e+00 2.518588304519653320e-01
0.000000000000000000e+00 7.779375463724136353e-02
0.000000000000000000e+00 1.966859400272369385e-02
0.000000000000000000e+00 8.001094684004783630e-03
0.000000000000000000e+00 1.653048675507307053e-03
0.000000000000000000e+00 7.537169149145483971e-04
0.000000000000000000e+00 1.152981349150650203e-04
0.000000000000000000e+00 8.944524597609415650e-05
0.000000000000000000e+00 3.467606074991635978e-05
0.000000000000000000e+00 1.644831354497000575e-05
0.000000000000000000e+00 9.325751307187601924e-06
0.000000000000000000e+00 2.596609419924789108e-06
0.000000000000000000e+00 1.138835614256095141e-06
0.000000000000000000e+00 1.242325765815621708e-06
0.000000000000000000e+00 1.075195768862613477e-06
0.000000000000000000e+00 9.326171266366145574e-07
0.000000000000000000e+00 8.746826551941921934e-07
0.000000000000000000e+00 1.207915033774042968e-06
0.000000000000000000e+00 1.235232036560773849e-02
0.000000000000000000e+00 4.684523213654756546e-03
0.000000000000000000e+00 1.910263323225080967e-03
0.000000000000000000e+00 6.197305629029870033e-04
0.000000000000000000e+00 1.366159704048186541e-04
0.000000000000000000e+00 3.909082079189829528e-05
0.000000000000000000e+00 1.351441096630878747e-05
0.000000000000000000e+00 6.972076334932353348e-06
0.000000000000000000e+00 2.211740820712293498e-06
0.000000000000000000e+00 5.878821411897661164e-07
0.000000000000000000e+00 2.486758887698670151e-07
0.000000000000000000e+00 9.916353604921823717e-08
0.000000000000000000e+00 4.109060469659198134e-08
0.000000000000000000e+00 2.618007499677332817e-08
0.000000000000000000e+00 1.398160076604426649e-08
0.000000000000000000e+00 1.219515510797464231e-08
0.000000000000000000e+00 1.013759742818365339e-08
0.000000000000000000e+00 9.738693407257414947e-09
0.000000000000000000e+00 7.558724313128095673e-09
0.000000000000000000e+00 8.632301096156425047e-09
0.000000000000000000e+00 9.527025390809740202e-09
0.000000000000000000e+00 8.593990408201079845e-09
0.000000000000000000e+00 1.337751953656152182e-08
0.000000000000000000e+00 1.247773706580801445e-08
0.000000000000000000e+00 1.435732244203791197e-08
0.000000000000000000e+00 1.510128910808816727e-08
0.000000000000000000e+00 1.171015107104267372e-08
0.000000000000000000e+00 1.315483189046062762e-08
0.000000000000000000e+00 1.465225718533247345e-08
0.000000000000000000e+00 1.365323676338903169e-08
0.000000000000000000e+00 1.235397828480699900e-08
0.000000000000000000e+00 1.288519690945122420e-08
0.000000000000000000e+00 1.018239981220858681e-08
0.000000000000000000e+00 7.247253019926347406e-09
0.000000000000000000e+00 7.929365608561056433e-09
0.000000000000000000e+00 9.446720738992553379e-09
0.000000000000000000e+00 1.019682116520925774e-08
0.000000000000000000e+00 1.365696178368125402e-08
0.000000000000000000e+00 1.367512947325622008e-08
0.000000000000000000e+00 1.430197560381429867e-08
0.000000000000000000e+00 1.130943605431866672e-08
0.000000000000000000e+00 1.355572365469015494e-08
0.000000000000000000e+00 1.340290722851023020e-08
0.000000000000000000e+00 1.267428118012503546e-08
0.000000000000000000e+00 1.468095778278666330e-08
0.000000000000000000e+00 2.763074822723865509e-03
0.000000000000000000e+00 7.659135735593736172e-04
0.000000000000000000e+00 1.932085724547505379e-04
0.000000000000000000e+00 1.067308185156434774e-04
0.000000000000000000e+00 4.985188206774182618e-05
0.000000000000000000e+00 1.413016070728190243e-05
0.000000000000000000e+00 6.289134944381657988e-06
0.000000000000000000e+00 4.267402346158633009e-06
0.000000000000000000e+00 1.783774223440559581e-06
0.000000000000000000e+00 1.361423983325948939e-06
0.000000000000000000e+00 6.057833275008306373e-07
0.000000000000000000e+00 2.693128635655739345e-07
0.000000000000000000e+00 1.382140339956094977e-07
0.000000000000000000e+00 1.266365359242627164e-07
0.000000000000000000e+00 1.550198760469356785e-07
0.000000000000000000e+00 1.356682446385093499e-07
0.000000000000000000e+00 1.196795551550167147e-07
0.000000000000000000e+00 1.087091447971033631e-07
0.000000000000000000e+00 1.012334180927609850e-07
0.000000000000000000e+00 1.255513808473551762e-07
0.000000000000000000e+00 9.630416997197244200e-08
0.000000000000000000e+00 7.106186927785529406e-08
0.000000000000000000e+00 5.779118694704266090e-08
0.000000000000000000e+00 4.784209295394248329e-08
0.000000000000000000e+00 3.814856697204049851e-08
0.000000000000000000e+00 3.736364462270103104e-08
0.000000000000000000e+00 3.664250414203706896e-08
0.000000000000000000e+00 3.369432377553494007e-08
0.000000000000000000e+00 3.061455799979739822e-08
0.000000000000000000e+00 2.769025186921680870e-08
0.000000000000000000e+00 2.661107423307385034e-08
0.000000000000000000e+00 3.200170084483033861e-08
0.000000000000000000e+00 2.328930470696377597e-08
0.000000000000000000e+00 2.007383947955077019e-08
0.000000000000000000e+00 2.154496137052319682e-08
0.000000000000000000e+00 1.743400268594541558e-08
0.000000000000000000e+00 1.530619186951298616e-08
0.000000000000000000e+00 1.342706035245555540e-08
0.000000000000000000e+00 1.632184698507899157e-08
0.000000000000000000e+00 1.399905169563453455e-08
0.000000000000000000e+00 1.352615086602781957e-08
0.000000000000000000e+00 1.046666309179045129e-08
0.000000000000000000e+00 1.268073734905783567e-08
0.000000000000000000e+00 1.124823256759555079e-08
0.000000000000000000e+00 1.379253600219954023e-08
0.000000000000000000e+00 2.464909106492996216e-03
0.000000000000000000e+00 9.467856143601238728e-04
0.000000000000000000e+00 2.420061500743031502e-04
0.000000000000000000e+00 1.447601971449330449e-04
0.000000000000000000e+00 7.275935786310583353e-05
0.000000000000000000e+00 1.405460534442681819e-05
0.000000000000000000e+00 9.884750397759489715e-06
0.000000000000000000e+00 3.930829279852332547e-06
0.000000000000000000e+00 2.450560486977337860e-06
0.000000000000000000e+00 7.157796630963275675e-07
0.000000000000000000e+00 4.289752553177095251e-07
0.000000000000000000e+00 1.960290916258600191e-07
0.000000000000000000e+00 1.395857083252849407e-07
0.000000000000000000e+00 8.981708532473930973e-08
0.000000000000000000e+00 8.627070968714178889e-08
0.000000000000000000e+00 5.831637039932502375e-08
0.000000000000000000e+00 4.382130214253265876e-08
0.000000000000000000e+00 3.664886349952212186e-08
0.000000000000000000e+00 3.005484572327077331e-08
0.000000000000000000e+00 2.518260622252910252e-08
0.000000000000000000e+00 2.531871245992078912e-08
0.000000000000000000e+00 2.057890213791324641e-08
0.000000000000000000e+00 1.901731572218068322e-08
0.000000000000000000e+00 1.521717507557696081e-08
0.000000000000000000e+00 1.467269949984029154e-08
0.000000000000000000e+00 1.425597684345802918e-08
0.000000000000000000e+00 1.280598471709026853e-08
0.000000000000000000e+00 1.325459209056134569e-08
0.000000000000000000e+00 2.022013312341641722e-08
0.000000000000000000e+00 2.120418152173897397e-08
0.000000000000000000e+00 2.633799311979601043e-08
0.000000000000000000e+00 2.907808571706027578e-08
0.000000000000000000e+00 2.846306479398208467e-08
0.000000000000000000e+00 3.232795009466826741e-08
0.000000000000000000e+00 2.349803551737750240e-08
0.000000000000000000e+00 4.963397870483277075e-08
0.000000000000000000e+00 4.347057824816147331e-08
0.000000000000000000e+00 5.010490866652617115e-08
0.000000000000000000e+00 8.526529882146860473e-08
0.000000000000000000e+00 4.603439407446785481e-08
0.000000000000000000e+00 7.498388754356710706e-08
0.000000000000000000e+00 4.907116135655087419e-08
0.000000000000000000e+00 8.781901073007247760e-08
0.000000000000000000e+00 5.767225630393113534e-08
0.000000000000000000e+00 9.750370111305528553e-08
0.000000000000000000e+00 2.070133108645677567e-03
0.000000000000000000e+00 1.860402990132570267e-04
0.000000000000000000e+00 5.932553176535293460e-05
0.000000000000000000e+00 1.256950326933292672e-05
0.000000000000000000e+00 3.206147539458470419e-06
0.000000000000000000e+00 4.991256332687044051e-07
0.000000000000000000e+00 1.405825855727016460e-07
0.000000000000000000e+00 7.638541177357183187e-08
0.000000000000000000e+00 2.623896477871312527e-08
0.000000000000000000e+00 1.154100992550866067e-08
0.000000000000000000e+00 5.256377555440394644e-09
0.000000000000000000e+00 2.644181984479132552e-09
0.000000000000000000e+00 8.631720338492243627e-10
0.000000000000000000e+00 9.369822695504126386e-10
0.000000000000000000e+00 4.170939427172726255e-10
0.000000000000000000e+00 5.382946310916736365e-10
0.000000000000000000e+00 2.409809574110965968e-10
0.000000000000000000e+00 8.099394765981315913e-11
0.000000000000000000e+00 7.501754079042299850e-11
0.000000000000000000e+00 5.570185632186586133e-11
0.000000000000000000e+00 2.941311777471256050e-11
0.000000000000000000e+00 2.282544292464550040e-11
0.000000000000000000e+00 2.104507887401574351e-11
0.000000000000000000e+00 1.116954098656641747e-11
0.000000000000000000e+00 7.152133486149070407e-12
0.000000000000000000e+00 9.053654527468868451e-12
0.000000000000000000e+00 1.084612347851399150e-11
0.000000000000000000e+00 1.349345721962658118e-11
0.000000000000000000e+00 1.023482080336757249e-11
0.000000000000000000e+00 1.193961509521335174e-11
0.000000000000000000e+00 1.016742159215544561e-11
0.000000000000000000e+00 1.162538901949838888e-11
0.000000000000000000e+00 1.365006545295255336e-11
0.000000000000000000e+00 6.340367467161378556e-12
0.000000000000000000e+00 1.444591581772902700e-11
0.000000000000000000e+00 1.839383333146482613e-11
0.000000000000000000e+00 1.525623898046557514e-11
0.000000000000000000e+00 1.198700860793877609e-11
0.000000000000000000e+00 1.396755974769625652e-11
0.000000000000000000e+00 1.541539118576906731e-11
0.000000000000000000e+00 1.771727035915215964e-11
0.000000000000000000e+00 1.475169812692467275e-11
0.000000000000000000e+00 1.803772062269892729e-11
0.000000000000000000e+00 1.853735741297324324e-11
0.000000000000000000e+00 1.549808545386888170e-11
0.000000000000000000e+00 3.137766942381858826e-02
0.000000000000000000e+00 6.983315199613571167e-02
0.000000000000000000e+00 2.168929725885391235e-01
0.000000000000000000e+00 1.509538441896438599e-01
0.000000000000000000e+00 2.618298530578613281e-01
0.000000000000000000e+00 4.540008306503295898e-01
0.000000000000000000e+00 4.624998271465301514e-01
0.000000000000000000e+00 6.650593876838684082e-01
0.000000000000000000e+00 5.491264462471008301e-01
0.000000000000000000e+00 1.576783657073974609e-01
0.000000000000000000e+00 4.412269592285156250e-01
0.000000000000000000e+00 1.021860688924789429e-01
0.000000000000000000e+00 2.448095530271530151e-01
0.000000000000000000e+00 1.607858240604400635e-01
0.000000000000000000e+00 1.356512010097503662e-01
0.000000000000000000e+00 9.129353612661361694e-02
1.000000000000000000e+00 2.524828612804412842e-01
1.000000000000000000e+00 2.674537003040313721e-01
1.000000000000000000e+00 1.325582712888717651e-01
1.000000000000000000e+00 1.571454852819442749e-01
1.000000000000000000e+00 2.879081368446350098e-01
1.000000000000000000e+00 6.420485675334930420e-02
1.000000000000000000e+00 3.546158969402313232e-02
1.000000000000000000e+00 1.063935607671737671e-01
0.000000000000000000e+00 3.348344564437866211e-02
0.000000000000000000e+00 4.065690562129020691e-03
0.000000000000000000e+00 5.403544288128614426e-03
0.000000000000000000e+00 6.197349866852164268e-04
0.000000000000000000e+00 2.584954199846833944e-04
0.000000000000000000e+00 1.628129248274490237e-04
0.000000000000000000e+00 3.957615263061597943e-05
0.000000000000000000e+00 3.377923712832853198e-05
0.000000000000000000e+00 1.051232447935035452e-05
0.000000000000000000e+00 1.146755312220193446e-05
0.000000000000000000e+00 1.027971484290901572e-05
0.000000000000000000e+00 6.195104560902109370e-06
0.000000000000000000e+00 5.053646418673451990e-06
0.000000000000000000e+00 6.511348601634381339e-06
0.000000000000000000e+00 3.120015207969117910e-06
0.000000000000000000e+00 2.360259713896084577e-06
0.000000000000000000e+00 2.358090796406031586e-06
0.000000000000000000e+00 2.575579628683044575e-06
0.000000000000000000e+00 3.666817065095528960e-06
0.000000000000000000e+00 3.468238446657778695e-06
0.000000000000000000e+00 6.654891876678448170e-06
0.000000000000000000e+00 4.710396006703376770e-02
0.000000000000000000e+00 4.084053263068199158e-02
0.000000000000000000e+00 3.098977543413639069e-02
0.000000000000000000e+00 8.242314308881759644e-02
0.000000000000000000e+00 5.071420222520828247e-02
0.000000000000000000e+00 6.732212007045745850e-02
0.000000000000000000e+00 9.280201047658920288e-02
0.000000000000000000e+00 6.361439824104309082e-02
0.000000000000000000e+00 6.212149187922477722e-02
0.000000000000000000e+00 6.072120368480682373e-02
0.000000000000000000e+00 5.479722470045089722e-02
0.000000000000000000e+00 3.728078678250312805e-02
0.000000000000000000e+00 1.032973974943161011e-01
0.000000000000000000e+00 1.080057322978973389e-01
0.000000000000000000e+00 5.684436857700347900e-02
0.000000000000000000e+00 5.921540781855583191e-02
1.000000000000000000e+00 5.442979186773300171e-02
1.000000000000000000e+00 9.233166277408599854e-02
1.000000000000000000e+00 1.990725994110107422e-01
1.000000000000000000e+00 1.155306696891784668e-01
1.000000000000000000e+00 6.890216469764709473e-02
1.000000000000000000e+00 1.962761878967285156e-01
1.000000000000000000e+00 1.688691526651382446e-01
1.000000000000000000e+00 2.106386870145797729e-01
0.000000000000000000e+00 4.394443705677986145e-02
0.000000000000000000e+00 4.282358288764953613e-02
0.000000000000000000e+00 5.463799461722373962e-03
0.000000000000000000e+00 2.331403084099292755e-03
0.000000000000000000e+00 5.866759456694126129e-04
0.000000000000000000e+00 3.430312208365648985e-04
0.000000000000000000e+00 9.531415707897394896e-05
0.000000000000000000e+00 4.721478399005718529e-05
0.000000000000000000e+00 1.511188747826963663e-05
0.000000000000000000e+00 5.630149189528310671e-06
0.000000000000000000e+00 3.200388846380519681e-06
0.000000000000000000e+00 2.774518407022696920e-06
0.000000000000000000e+00 1.371369194202998187e-06
0.000000000000000000e+00 5.044850013291579671e-07
0.000000000000000000e+00 4.061037941482936731e-07
0.000000000000000000e+00 1.982191832894386607e-07
0.000000000000000000e+00 2.227637310170393903e-07
0.000000000000000000e+00 1.067426467216137098e-07
0.000000000000000000e+00 3.972032303067862813e-08
0.000000000000000000e+00 4.654843266393982049e-08
0.000000000000000000e+00 4.189361035855654336e-08
0.000000000000000000e+00 5.584692955017089844e-01
0.000000000000000000e+00 7.063944339752197266e-01
0.000000000000000000e+00 4.966894984245300293e-01
0.000000000000000000e+00 6.413764953613281250e-01
0.000000000000000000e+00 5.602816939353942871e-01
0.000000000000000000e+00 6.021930575370788574e-01
0.000000000000000000e+00 6.985928416252136230e-01
0.000000000000000000e+00 6.980927586555480957e-01
0.000000000000000000e+00 6.427027583122253418e-01
0.000000000000000000e+00 7.293846607208251953e-01
0.000000000000000000e+00 7.571031451225280762e-01
0.000000000000000000e+00 8.389890193939208984e-01
0.000000000000000000e+00 8.674753308296203613e-01
0.000000000000000000e+00 8.911420702934265137e-01
0.000000000000000000e+00 8.808273673057556152e-01
1.000000000000000000e+00 8.698425292968750000e-01
1.000000000000000000e+00 9.133745431900024414e-01
1.000000000000000000e+00 8.967067003250122070e-01
1.000000000000000000e+00 9.207267761230468750e-01
1.000000000000000000e+00 9.536030888557434082e-01
1.000000000000000000e+00 9.627695083618164062e-01
1.000000000000000000e+00 9.624608755111694336e-01
1.000000000000000000e+00 9.634953737258911133e-01
1.000000000000000000e+00 9.489353299140930176e-01
0.000000000000000000e+00 8.511741161346435547e-01
0.000000000000000000e+00 5.593754649162292480e-01
0.000000000000000000e+00 2.246517091989517212e-01
0.000000000000000000e+00 8.979200571775436401e-02
0.000000000000000000e+00 8.910655044019222260e-03
0.000000000000000000e+00 1.278286217711865902e-03
0.000000000000000000e+00 1.897029433166608214e-04
0.000000000000000000e+00 4.868281757808290422e-05
0.000000000000000000e+00 1.142782548413379118e-05
0.000000000000000000e+00 2.079571913782274351e-06
0.000000000000000000e+00 9.855473308562068269e-07
0.000000000000000000e+00 3.529088701270666206e-07
0.000000000000000000e+00 1.418559492094573216e-07
0.000000000000000000e+00 2.662259745989103976e-08
0.000000000000000000e+00 1.585000042325646064e-08
0.000000000000000000e+00 1.069125410424476286e-08
0.000000000000000000e+00 8.075693891385071765e-09
0.000000000000000000e+00 5.686080051248154632e-09
0.000000000000000000e+00 2.625632378183695437e-09
0.000000000000000000e+00 3.535324699655006953e-09
0.000000000000000000e+00 4.283507770708183671e-09
