0.000000000000000000e+00 8.982077240943908691e-01
0.000000000000000000e+00 8.884091377258300781e-01
0.000000000000000000e+00 8.826859593391418457e-01
0.000000000000000000e+00 8.892235755920410156e-01
0.000000000000000000e+00 8.831737637519836426e-01
0.000000000000000000e+00 8.718999028205871582e-01
0.000000000000000000e+00 8.739295601844787598e-01
0.000000000000000000e+00 8.527740836143493652e-01
0.000000000000000000e+00 8.690789341926574707e-01
0.000000000000000000e+00 8.700901865959167480e-01
0.000000000000000000e+00 8.505575060844421387e-01
0.000000000000000000e+00 8.666806221008300781e-01
0.000000000000000000e+00 8.868134617805480957e-01
0.000000000000000000e+00 8.836706876754760742e-01
0.000000000000000000e+00 8.957539796829223633e-01
1.000000000000000000e+00 8.826820850372314453e-01
1.000000000000000000e+00 9.067032337188720703e-01
1.000000000000000000e+00 8.957904577255249023e-01
1.000000000000000000e+00 9.080847501754760742e-01
1.000000000000000000e+00 9.125723838806152344e-01
1.000000000000000000e+00 9.156113862991333008e-01
1.000000000000000000e+00 9.124245047569274902e-01
1.000000000000000000e+00 9.047142267227172852e-01
1.000000000000000000e+00 9.020830988883972168e-01
0.000000000000000000e+00 8.188356757164001465e-01
0.000000000000000000e+00 7.458546161651611328e-01
0.000000000000000000e+00 5.162306427955627441e-01
0.000000000000000000e+00 2.144111543893814087e-01
0.000000000000000000e+00 4.261685907840728760e-02
0.000000000000000000e+00 2.115205302834510803e-02
0.000000000000000000e+00 7.382789161056280136e-03
0.000000000000000000e+00 1.288384315557777882e-03
0.000000000000000000e+00 5.218115984462201595e-04
0.000000000000000000e+00 8.713554416317492723e-05
0.000000000000000000e+00 3.263628241256810725e-05
0.000000000000000000e+00 1.567538674862589687e-05
0.000000000000000000e+00 4.713142516266088933e-06
0.000000000000000000e+00 4.121327492612181231e-06
0.000000000000000000e+00 1.385969767397909891e-06
0.000000000000000000e+00 1.334612989012384787e-06
0.000000000000000000e+00 6.663743192802940030e-07
0.000000000000000000e+00 5.621944296763103921e-07
0.000000000000000000e+00 4.428389672739285743e-07
0.000000000000000000e+00 5.802949090139009058e-07
0.000000000000000000e+00 8.077166739894892089e-07
0.000000000000000000e+00 1.949226832948625088e-03
0.000000000000000000e+00 6.353865028358995914e-04
0.000000000000000000e+00 2.215287240687757730e-04
0.000000000000000000e+00 2.753141052380669862e-05
0.000000000000000000e+00 1.505275849922327325e-05
0.000000000000000000e+00 4.471490228752372786e-06
0.000000000000000000e+00 1.909065531435771845e-06
0.000000000000000000e+00 5.767990387539612129e-07
0.000000000000000000e+00 2.279177095942941378e-07
0.000000000000000000e+00 9.734371531067154137e-08
0.000000000000000000e+00 4.725225366541963012e-08
0.000000000000000000e+00 1.960217232976901869e-08
0.000000000000000000e+00 1.064254551152998829e-08
0.000000000000000000e+00 3.099752010626843912e-09
0.000000000000000000e+00 3.742517851179627542e-09
0.000000000000000000e+00 2.362871676098166063e-09
0.000000000000000000e+00 1.229827684134932042e-09
0.000000000000000000e+00 1.539821492535509151e-09
0.000000000000000000e+00 1.388562709259133499e-09
0.000000000000000000e+00 1.102450353229755819e-09
0.000000000000000000e+00 1.066873811517154991e-09
0.000000000000000000e+00 8.454634770060920346e-10
0.000000000000000000e+00 7.915776922828854367e-10
0.000000000000000000e+00 7.266419133067358871e-10
0.000000000000000000e+00 8.205210400014095740e-10
0.000000000000000000e+00 1.002493421609074176e-09
0.000000000000000000e+00 8.406603191346562198e-10
0.000000000000000000e+00 7.238531996023311876e-10
0.000000000000000000e+00 1.250400893937353430e-09
0.000000000000000000e+00 9.646512477701207899e-10
0.000000000000000000e+00 1.347885913993707163e-09
0.000000000000000000e+00 9.247987375893274020e-10
0.000000000000000000e+00 1.124590975898343004e-09
0.000000000000000000e+00 8.924969652213121662e-10
0.000000000000000000e+00 8.044666044426662666e-10
0.000000000000000000e+00 7.622611430946335531e-10
0.000000000000000000e+00 1.605871213783416351e-09
0.000000000000000000e+00 1.224981671654745696e-09
0.000000000000000000e+00 1.274586214350392765e-09
0.000000000000000000e+00 1.643683633645309783e-09
0.000000000000000000e+00 1.562603157978514901e-09
0.000000000000000000e+00 1.577474373348763947e-09
0.000000000000000000e+00 1.106826519325920799e-09
0.000000000000000000e+00 2.366841167500410847e-09
0.000000000000000000e+00 2.001644183735606930e-09
0.000000000000000000e+00 5.514787626452744007e-04
0.000000000000000000e+00 2.530591154936701059e-04
0.000000000000000000e+00 9.011567453853785992e-05
0.000000000000000000e+00 3.707926953211426735e-05
0.000000000000000000e+00 1.657549910305533558e-05
0.000000000000000000e+00 3.499339072732254863e-06
0.000000000000000000e+00 1.503628254795330577e-06
0.000000000000000000e+00 1.023423124024702702e-06
0.000000000000000000e+00 3.256784282257285668e-07
0.000000000000000000e+00 1.996113780933228554e-07
0.000000000000000000e+00 1.353333090037267539e-07
0.000000000000000000e+00 6.657893436567974277e-08
0.000000000000000000e+00 3.302320905618216784e-08
0.000000000000000000e+00 3.923458535837198724e-08
0.000000000000000000e+00 1.891927148278682580e-08
0.000000000000000000e+00 1.591956433344421384e-08
0.000000000000000000e+00 1.272577954125608812e-08
0.000000000000000000e+00 1.595062570913796662e-08
0.000000000000000000e+00 1.409362582194262359e-08
0.000000000000000000e+00 1.238760205524158664e-08
0.000000000000000000e+00 1.468098709267451341e-08
0.000000000000000000e+00 1.270647409512548620e-08
0.000000000000000000e+00 1.161521101522566823e-08
0.000000000000000000e+00 1.212561873131789980e-08
0.000000000000000000e+00 9.082483209965630522e-09
0.000000000000000000e+00 1.303946994823945715e-08
0.000000000000000000e+00 8.401061180052238342e-09
0.000000000000000000e+00 7.513045297002918232e-09
0.000000000000000000e+00 6.573436905910057249e-09
0.000000000000000000e+00 6.296726695609322633e-09
0.000000000000000000e+00 4.654796548209105822e-09
0.000000000000000000e+00 4.080380033855135480e-09
0.000000000000000000e+00 2.307620983188485297e-09
0.000000000000000000e+00 3.231943157544492351e-09
0.000000000000000000e+00 3.507919510425949738e-09
0.000000000000000000e+00 2.663685716441932527e-09
0.000000000000000000e+00 3.101946255412713072e-09
0.000000000000000000e+00 3.264088999088698984e-09
0.000000000000000000e+00 3.074702714656041280e-09
0.000000000000000000e+00 4.690499544324211456e-09
0.000000000000000000e+00 4.900071459701393906e-09
0.000000000000000000e+00 5.804524416674894383e-09
0.000000000000000000e+00 8.787024441403445962e-09
0.000000000000000000e+00 9.021794866725940665e-09
0.000000000000000000e+00 1.027824669819210612e-08
0.000000000000000000e+00 4.993712645955383778e-04
0.000000000000000000e+00 3.105163341388106346e-04
0.000000000000000000e+00 1.185268338304013014e-04
0.000000000000000000e+00 7.910567364888265729e-05
0.000000000000000000e+00 6.189707346493378282e-05
0.000000000000000000e+00 2.561737346695736051e-05
0.000000000000000000e+00 2.247730481030885130e-05
0.000000000000000000e+00 7.870272384025156498e-06
0.000000000000000000e+00 5.788192083855392411e-06
0.000000000000000000e+00 2.539557272029924206e-06
0.000000000000000000e+00 1.594745299371425062e-06
0.000000000000000000e+00 1.340249241366109345e-06
0.000000000000000000e+00 1.794155650713946670e-06
0.000000000000000000e+00 1.119180979003431275e-06
0.000000000000000000e+00 5.171266366232885048e-07
0.000000000000000000e+00 4.146908452185016358e-07
0.000000000000000000e+00 2.780160173188050976e-07
0.000000000000000000e+00 3.329472804125543917e-07
0.000000000000000000e+00 3.118930749224091414e-07
0.000000000000000000e+00 3.214687751551537076e-07
0.000000000000000000e+00 4.755233931064140052e-07
0.000000000000000000e+00 2.707193687001563376e-07
0.000000000000000000e+00 3.812965871929918649e-07
0.000000000000000000e+00 3.158679362513794331e-07
0.000000000000000000e+00 4.290308766030648258e-07
0.000000000000000000e+00 3.983512328886718024e-07
0.000000000000000000e+00 3.227870308819547063e-07
0.000000000000000000e+00 5.055194947090058122e-07
0.000000000000000000e+00 4.687528303293220233e-07
0.000000000000000000e+00 7.974474556249333546e-07
0.000000000000000000e+00 8.899002068574191071e-07
0.000000000000000000e+00 1.026300537887436803e-06
0.000000000000000000e+00 9.292240292779752053e-07
0.000000000000000000e+00 9.519159789306286257e-07
0.000000000000000000e+00 1.000232487058383413e-06
0.000000000000000000e+00 1.233286980095726904e-06
0.000000000000000000e+00 1.442046709598798770e-06
0.000000000000000000e+00 1.526015466879471205e-06
0.000000000000000000e+00 1.445836232960573398e-06
0.000000000000000000e+00 1.513057327429123688e-06
0.000000000000000000e+00 1.685659299255348742e-06
0.000000000000000000e+00 1.456725954085413832e-06
0.000000000000000000e+00 1.735653427203942556e-06
0.000000000000000000e+00 1.963178874575532973e-06
0.000000000000000000e+00 2.192349256802117452e-06
0.000000000000000000e+00 4.125743173062801361e-03
0.000000000000000000e+00 2.199852606281638145e-03
0.000000000000000000e+00 4.615766229107975960e-04
0.000000000000000000e+00 9.231507283402606845e-05
0.000000000000000000e+00 3.115538129350170493e-05
0.000000000000000000e+00 5.791096555185504258e-06
0.000000000000000000e+00 1.284003928958554752e-06
0.000000000000000000e+00 3.822213443527289201e-07
0.000000000000000000e+00 1.039893078313980368e-07
0.000000000000000000e+00 3.437802575945170247e-08
0.000000000000000000e+00 1.384773362644864392e-08
0.000000000000000000e+00 7.535332358088453475e-09
0.000000000000000000e+00 2.820445876849930755e-09
0.000000000000000000e+00 1.912176639251583765e-09
0.000000000000000000e+00 8.004518714521680067e-10
0.000000000000000000e+00 3.498776823818161574e-10
0.000000000000000000e+00 2.598800896702613272e-10
0.000000000000000000e+00 1.719479142403557148e-10
0.000000000000000000e+00 1.720528997051218312e-10
0.000000000000000000e+00 1.709766078716867810e-10
0.000000000000000000e+00 1.598633586619158109e-10
0.000000000000000000e+00 1.778031610832897513e-10
0.000000000000000000e+00 1.116388093080900035e-10
0.000000000000000000e+00 9.020496155587309772e-11
0.000000000000000000e+00 1.769839969023578874e-10
0.000000000000000000e+00 1.374813457521995019e-10
0.000000000000000000e+00 1.381266212518994507e-10
0.000000000000000000e+00 1.769229207582156960e-10
0.000000000000000000e+00 1.547880296159931390e-10
0.000000000000000000e+00 1.974945346150391856e-10
0.000000000000000000e+00 1.615033107249530531e-10
0.000000000000000000e+00 1.401167376569034673e-10
0.000000000000000000e+00 1.638224417233047348e-10
0.000000000000000000e+00 1.206882233040218466e-10
0.000000000000000000e+00 1.490852302721279443e-10
0.000000000000000000e+00 9.750170115729872578e-11
0.000000000000000000e+00 1.402076371670446520e-10
0.000000000000000000e+00 2.150322975236207412e-10
0.000000000000000000e+00 1.842864333356786233e-10
0.000000000000000000e+00 1.533264765152253517e-10
0.000000000000000000e+00 1.533688870347660327e-10
0.000000000000000000e+00 1.495203544310541588e-10
0.000000000000000000e+00 1.535453847401058169e-10
0.000000000000000000e+00 9.879036477755676060e-11
0.000000000000000000e+00 1.613044420256670719e-10
0.000000000000000000e+00 6.554492749273777008e-03
0.000000000000000000e+00 2.850547060370445251e-02
0.000000000000000000e+00 5.400839820504188538e-02
0.000000000000000000e+00 3.599674999713897705e-01
0.000000000000000000e+00 4.147049486637115479e-01
0.000000000000000000e+00 6.558877825736999512e-01
0.000000000000000000e+00 8.473635911941528320e-01
0.000000000000000000e+00 8.941572904586791992e-01
0.000000000000000000e+00 7.064542174339294434e-01
0.000000000000000000e+00 3.079222440719604492e-01
0.000000000000000000e+00 6.004683971405029297e-01
0.000000000000000000e+00 1.306220740079879761e-01
0.000000000000000000e+00 2.339452952146530151e-01
0.000000000000000000e+00 9.291941672563552856e-02
0.000000000000000000e+00 9.816616028547286987e-02
0.000000000000000000e+00 2.077281922101974487e-01
1.000000000000000000e+00 7.790756225585937500e-02
1.000000000000000000e+00 9.510491788387298584e-02
1.000000000000000000e+00 3.319598734378814697e-02
1.000000000000000000e+00 1.220846772193908691e-01
1.000000000000000000e+00 1.356811523437500000e-01
1.000000000000000000e+00 1.141971796751022339e-01
1.000000000000000000e+00 1.568716950714588165e-02
1.000000000000000000e+00 1.324911508709192276e-02
0.000000000000000000e+00 1.004548557102680206e-02
0.000000000000000000e+00 3.570544766262173653e-03
0.000000000000000000e+00 7.125248084776103497e-04
0.000000000000000000e+00 2.099887788062915206e-04
0.000000000000000000e+00 5.090773993288166821e-05
0.000000000000000000e+00 1.051356775860767812e-05
0.000000000000000000e+00 5.764152774645481259e-06
0.000000000000000000e+00 2.766180159596842714e-06
0.000000000000000000e+00 2.503473069737083279e-06
0.000000000000000000e+00 1.947691544046392664e-06
0.000000000000000000e+00 1.380989147037325893e-06
0.000000000000000000e+00 6.607202180930471513e-07
0.000000000000000000e+00 8.947200740294647403e-07
0.000000000000000000e+00 8.197113743335648905e-07
0.000000000000000000e+00 6.489264592346444260e-07
0.000000000000000000e+00 3.125648220247967402e-07
0.000000000000000000e+00 3.039234286461578449e-07
0.000000000000000000e+00 5.831876137563085649e-07
0.000000000000000000e+00 3.369015360021876404e-07
0.000000000000000000e+00 4.627375460586335976e-07
0.000000000000000000e+00 5.237545792624587193e-07
0.000000000000000000e+00 5.088248872198164463e-04
0.000000000000000000e+00 1.101693778764456511e-04
0.000000000000000000e+00 6.494519038824364543e-05
0.000000000000000000e+00 1.056567198247648776e-04
0.000000000000000000e+00 1.910039427457377315e-04
0.000000000000000000e+00 1.611387415323406458e-04
0.000000000000000000e+00 3.750153991859406233e-04
0.000000000000000000e+00 6.765195576008409262e-05
0.000000000000000000e+00 8.830367733025923371e-05
0.000000000000000000e+00 1.887965481728315353e-04
0.000000000000000000e+00 8.876141509972512722e-05
0.000000000000000000e+00 8.392197923967614770e-05
0.000000000000000000e+00 1.014634690363891423e-04
0.000000000000000000e+00 5.127500480739399791e-05
0.000000000000000000e+00 7.036402530502527952e-05
0.000000000000000000e+00 6.234730244614183903e-05
1.000000000000000000e+00 5.136818799655884504e-05
1.000000000000000000e+00 1.313677057623863220e-04
1.000000000000000000e+00 3.143391222693026066e-05
1.000000000000000000e+00 9.947187936631962657e-05
1.000000000000000000e+00 3.234558607800863683e-05
1.000000000000000000e+00 2.216279426647815853e-05
1.000000000000000000e+00 1.195215372717939317e-05
1.000000000000000000e+00 6.260381724132457748e-06
0.000000000000000000e+00 1.873991664069762919e-06
0.000000000000000000e+00 6.546862891809723806e-07
0.000000000000000000e+00 7.967548754095332697e-07
0.000000000000000000e+00 1.259252684349121409e-07
0.000000000000000000e+00 7.498288567830968532e-08
0.000000000000000000e+00 2.899318474192114081e-08
0.000000000000000000e+00 8.709701404541192460e-09
0.000000000000000000e+00 4.445587453716370874e-09
0.000000000000000000e+00 1.654188230837405627e-09
0.000000000000000000e+00 3.988319952075158881e-10
0.000000000000000000e+00 2.083596073454430098e-10
0.000000000000000000e+00 8.733264111882022007e-11
0.000000000000000000e+00 5.841959554997444570e-11
0.000000000000000000e+00 2.288861634947014778e-11
0.000000000000000000e+00 2.535704458905829739e-11
0.000000000000000000e+00 2.284665685803322077e-11
0.000000000000000000e+00 4.492428130886683135e-12
0.000000000000000000e+00 3.937777621337845702e-12
0.000000000000000000e+00 2.873317252530260824e-12
0.000000000000000000e+00 5.781279101280123456e-12
0.000000000000000000e+00 4.391400437731007855e-12
0.000000000000000000e+00 1.381536871194839478e-01
0.000000000000000000e+00 2.042657434940338135e-01
0.000000000000000000e+00 1.423831433057785034e-01
0.000000000000000000e+00 2.962346374988555908e-01
0.000000000000000000e+00 3.308163285255432129e-01
0.000000000000000000e+00 4.537591040134429932e-01
0.000000000000000000e+00 3.650771081447601318e-01
0.000000000000000000e+00 3.082475662231445312e-01
0.000000000000000000e+00 4.207448065280914307e-01
0.000000000000000000e+00 3.403426110744476318e-01
0.000000000000000000e+00 6.276951432228088379e-01
0.000000000000000000e+00 6.021029353141784668e-01
0.000000000000000000e+00 7.778035998344421387e-01
0.000000000000000000e+00 5.893660187721252441e-01
0.000000000000000000e+00 7.696488499641418457e-01
1.000000000000000000e+00 7.960906624794006348e-01
1.000000000000000000e+00 8.153141140937805176e-01
1.000000000000000000e+00 8.522800207138061523e-01
1.000000000000000000e+00 9.431741833686828613e-01
1.000000000000000000e+00 9.083605408668518066e-01
1.000000000000000000e+00 8.996078968048095703e-01
1.000000000000000000e+00 9.064047336578369141e-01
1.000000000000000000e+00 7.456529736518859863e-01
1.000000000000000000e+00 1.491977721452713013e-01
0.000000000000000000e+00 4.661517217755317688e-02
0.000000000000000000e+00 2.193113043904304504e-02
0.000000000000000000e+00 2.330665709450840950e-03
0.000000000000000000e+00 6.820266135036945343e-04
0.000000000000000000e+00 2.063620631815865636e-04
0.000000000000000000e+00 3.185995228704996407e-05
0.000000000000000000e+00 2.064922227873466909e-05
0.000000000000000000e+00 8.501328920829109848e-06
0.000000000000000000e+00 2.565680233601597138e-06
0.000000000000000000e+00 1.172474298982706387e-06
0.000000000000000000e+00 5.006388050787791144e-07
0.000000000000000000e+00 1.629778978440299397e-07
0.000000000000000000e+00 2.011930746448342688e-07
0.000000000000000000e+00 1.173767216755550180e-07
0.000000000000000000e+00 5.025555083193466999e-08
0.000000000000000000e+00 1.692700202227115369e-08
0.000000000000000000e+00 2.209715077583496168e-08
0.000000000000000000e+00 1.492133883118640370e-08
0.000000000000000000e+00 1.399459481632447932e-08
0.000000000000000000e+00 1.501652668878250552e-08
0.000000000000000000e+00 1.349793077309868750e-08
