0.000000000000000000e+00 2.995373308658599854e-01
0.000000000000000000e+00 3.280992805957794189e-01
0.000000000000000000e+00 3.030517995357513428e-01
0.000000000000000000e+00 3.645086884498596191e-01
0.000000000000000000e+00 3.459928035736083984e-01
0.000000000000000000e+00 3.979552984237670898e-01
0.000000000000000000e+00 4.836489856243133545e-01
0.000000000000000000e+00 4.081876873970031738e-01
0.000000000000000000e+00 4.042097330093383789e-01
0.000000000000000000e+00 2.873525023460388184e-01
0.000000000000000000e+00 3.005644083023071289e-01
0.000000000000000000e+00 2.348708063364028931e-01
0.000000000000000000e+00 1.867842078208923340e-01
0.000000000000000000e+00 2.691380679607391357e-01
0.000000000000000000e+00 1.828289926052093506e-01
0.000000000000000000e+00 2.084989398717880249e-01
1.000000000000000000e+00 2.739340662956237793e-01
0.000000000000000000e+00 2.302669584751129150e-01
0.000000000000000000e+00 1.988020241260528564e-01
0.000000000000000000e+00 3.421296775341033936e-01
0.000000000000000000e+00 3.415802419185638428e-01
1.000000000000000000e+00 4.016886949539184570e-01
1.000000000000000000e+00 3.961280882358551025e-01
1.000000000000000000e+00 4.982448518276214600e-01
1.000000000000000000e+00 4.226066172122955322e-01
1.000000000000000000e+00 4.788759052753448486e-01
0.000000000000000000e+00 3.943102061748504639e-01
0.000000000000000000e+00 3.764900267124176025e-01
0.000000000000000000e+00 2.442685514688491821e-01
0.000000000000000000e+00 1.959173679351806641e-01
0.000000000000000000e+00 1.689356565475463867e-01
1.000000000000000000e+00 1.131183877587318420e-01
1.000000000000000000e+00 1.225884333252906799e-01
1.000000000000000000e+00 1.171737313270568848e-01
0.000000000000000000e+00 7.739621400833129883e-02
0.000000000000000000e+00 1.239599063992500305e-01
0.000000000000000000e+00 7.594955712556838989e-02
0.000000000000000000e+00 9.096611291170120239e-02
1.000000000000000000e+00 1.053740903735160828e-01
0.000000000000000000e+00 1.191119775176048279e-01
0.000000000000000000e+00 1.221243441104888916e-01
0.000000000000000000e+00 1.954972445964813232e-01
0.000000000000000000e+00 1.797090917825698853e-01
0.000000000000000000e+00 1.447393447160720825e-01
0.000000000000000000e+00 1.761641800403594971e-01
0.000000000000000000e+00 2.111041396856307983e-01
0.000000000000000000e+00 1.793482154607772827e-01
0.000000000000000000e+00 2.582684755325317383e-01
0.000000000000000000e+00 2.554212212562561035e-01
0.000000000000000000e+00 2.742111980915069580e-01
0.000000000000000000e+00 2.753155827522277832e-01
0.000000000000000000e+00 2.877352237701416016e-01
0.000000000000000000e+00 3.561822474002838135e-01
0.000000000000000000e+00 3.575747013092041016e-01
0.000000000000000000e+00 3.118549585342407227e-01
0.000000000000000000e+00 3.999775648117065430e-01
0.000000000000000000e+00 4.380972087383270264e-01
0.000000000000000000e+00 4.539001584053039551e-01
0.000000000000000000e+00 4.220624566078186035e-01
0.000000000000000000e+00 4.072790741920471191e-01
0.000000000000000000e+00 3.965664803981781006e-01
0.000000000000000000e+00 3.474983274936676025e-01
0.000000000000000000e+00 3.778906166553497314e-01
0.000000000000000000e+00 3.221305310726165771e-01
1.000000000000000000e+00 3.587388098239898682e-01
0.000000000000000000e+00 4.428318440914154053e-01
0.000000000000000000e+00 5.341168642044067383e-01
0.000000000000000000e+00 5.599391460418701172e-01
0.000000000000000000e+00 5.043242573738098145e-01
0.000000000000000000e+00 5.586544871330261230e-01
0.000000000000000000e+00 5.147562026977539062e-01
0.000000000000000000e+00 4.327119886875152588e-01
0.000000000000000000e+00 4.633945822715759277e-01
1.000000000000000000e+00 4.533066451549530029e-01
0.000000000000000000e+00 5.142740607261657715e-01
0.000000000000000000e+00 6.395353078842163086e-01
0.000000000000000000e+00 5.720800161361694336e-01
0.000000000000000000e+00 4.380939900875091553e-01
0.000000000000000000e+00 3.874668776988983154e-01
0.000000000000000000e+00 4.618732333183288574e-01
0.000000000000000000e+00 3.516754209995269775e-01
0.000000000000000000e+00 2.430666089057922363e-01
0.000000000000000000e+00 2.295543402433395386e-01
0.000000000000000000e+00 1.621995568275451660e-01
0.000000000000000000e+00 1.815191060304641724e-01
0.000000000000000000e+00 1.276003420352935791e-01
0.000000000000000000e+00 1.253039687871932983e-01
0.000000000000000000e+00 1.168557628989219666e-01
0.000000000000000000e+00 1.096048504114151001e-01
0.000000000000000000e+00 8.546005934476852417e-02
0.000000000000000000e+00 8.602909743785858154e-02
1.000000000000000000e+00 1.182449534535408020e-01
1.000000000000000000e+00 1.339195817708969116e-01
0.000000000000000000e+00 1.883068978786468506e-01
0.000000000000000000e+00 2.421871721744537354e-01
0.000000000000000000e+00 2.928024232387542725e-01
1.000000000000000000e+00 4.437802731990814209e-01
1.000000000000000000e+00 5.622319579124450684e-01
1.000000000000000000e+00 6.195151805877685547e-01
0.000000000000000000e+00 7.297582626342773438e-01
0.000000000000000000e+00 6.238579750061035156e-01
0.000000000000000000e+00 6.029905676841735840e-01
0.000000000000000000e+00 5.437085032463073730e-01
0.000000000000000000e+00 4.141795635223388672e-01
0.000000000000000000e+00 3.215290606021881104e-01
0.000000000000000000e+00 3.481049835681915283e-01
0.000000000000000000e+00 3.524264991283416748e-01
0.000000000000000000e+00 2.923094332218170166e-01
0.000000000000000000e+00 2.563872635364532471e-01
0.000000000000000000e+00 2.368234246969223022e-01
0.000000000000000000e+00 2.692702114582061768e-01
0.000000000000000000e+00 2.834368646144866943e-01
0.000000000000000000e+00 2.581431567668914795e-01
0.000000000000000000e+00 2.217618823051452637e-01
0.000000000000000000e+00 2.760531902313232422e-01
0.000000000000000000e+00 2.667147517204284668e-01
0.000000000000000000e+00 2.426791340112686157e-01
0.000000000000000000e+00 2.852671742439270020e-01
0.000000000000000000e+00 1.916733235120773315e-01
0.000000000000000000e+00 2.272945195436477661e-01
0.000000000000000000e+00 3.490847945213317871e-01
0.000000000000000000e+00 2.502718567848205566e-01
0.000000000000000000e+00 3.998623788356781006e-01
0.000000000000000000e+00 3.899636268615722656e-01
0.000000000000000000e+00 4.151699244976043701e-01
0.000000000000000000e+00 4.285139441490173340e-01
0.000000000000000000e+00 3.894560039043426514e-01
0.000000000000000000e+00 4.305302500724792480e-01
0.000000000000000000e+00 5.528587102890014648e-01
1.000000000000000000e+00 4.678605198860168457e-01
1.000000000000000000e+00 4.478563964366912842e-01
1.000000000000000000e+00 4.966430962085723877e-01
1.000000000000000000e+00 5.640637874603271484e-01
1.000000000000000000e+00 4.564641714096069336e-01
1.000000000000000000e+00 5.206767916679382324e-01
0.000000000000000000e+00 4.629898369312286377e-01
0.000000000000000000e+00 5.006893873214721680e-01
0.000000000000000000e+00 4.423427283763885498e-01
0.000000000000000000e+00 4.128291010856628418e-01
0.000000000000000000e+00 4.243132174015045166e-01
0.000000000000000000e+00 4.025460183620452881e-01
0.000000000000000000e+00 3.881765902042388916e-01
0.000000000000000000e+00 4.096740186214447021e-01
0.000000000000000000e+00 3.693434000015258789e-01
0.000000000000000000e+00 3.563845157623291016e-01
0.000000000000000000e+00 4.458573460578918457e-01
1.000000000000000000e+00 4.115995168685913086e-01
1.000000000000000000e+00 3.308359384536743164e-01
0.000000000000000000e+00 3.801044821739196777e-01
0.000000000000000000e+00 2.884057462215423584e-01
0.000000000000000000e+00 2.775249779224395752e-01
0.000000000000000000e+00 1.566479504108428955e-01
0.000000000000000000e+00 1.757394522428512573e-01
0.000000000000000000e+00 1.866583377122879028e-01
0.000000000000000000e+00 1.872917562723159790e-01
0.000000000000000000e+00 2.683733701705932617e-01
0.000000000000000000e+00 1.761026978492736816e-01
0.000000000000000000e+00 2.758756875991821289e-01
0.000000000000000000e+00 2.669558823108673096e-01
0.000000000000000000e+00 3.022060394287109375e-01
0.000000000000000000e+00 2.246055305004119873e-01
0.000000000000000000e+00 2.868775129318237305e-01
0.000000000000000000e+00 2.939665913581848145e-01
0.000000000000000000e+00 3.012230992317199707e-01
0.000000000000000000e+00 2.424319833517074585e-01
0.000000000000000000e+00 2.668353915214538574e-01
0.000000000000000000e+00 3.179075121879577637e-01
0.000000000000000000e+00 2.770639359951019287e-01
0.000000000000000000e+00 3.220573961734771729e-01
0.000000000000000000e+00 2.983148992061614990e-01
0.000000000000000000e+00 1.989516913890838623e-01
0.000000000000000000e+00 2.618088722229003906e-01
0.000000000000000000e+00 2.568376064300537109e-01
0.000000000000000000e+00 3.756965100765228271e-01
0.000000000000000000e+00 3.956929743289947510e-01
0.000000000000000000e+00 4.528564512729644775e-01
0.000000000000000000e+00 4.034939110279083252e-01
0.000000000000000000e+00 4.698998928070068359e-01
0.000000000000000000e+00 4.579169452190399170e-01
0.000000000000000000e+00 3.942571282386779785e-01
0.000000000000000000e+00 5.659692883491516113e-01
0.000000000000000000e+00 3.233017325401306152e-01
1.000000000000000000e+00 3.348987102508544922e-01
1.000000000000000000e+00 3.580399751663208008e-01
0.000000000000000000e+00 3.128425180912017822e-01
0.000000000000000000e+00 4.271794259548187256e-01
0.000000000000000000e+00 5.239964127540588379e-01
0.000000000000000000e+00 6.296769380569458008e-01
0.000000000000000000e+00 5.961380004882812500e-01
0.000000000000000000e+00 5.900794267654418945e-01
0.000000000000000000e+00 5.432916879653930664e-01
0.000000000000000000e+00 5.996541976928710938e-01
0.000000000000000000e+00 4.388023912906646729e-01
0.000000000000000000e+00 5.108463764190673828e-01
0.000000000000000000e+00 5.375629067420959473e-01
0.000000000000000000e+00 3.970165252685546875e-01
0.000000000000000000e+00 5.662620067596435547e-01
0.000000000000000000e+00 5.069858431816101074e-01
0.000000000000000000e+00 5.763583183288574219e-01
0.000000000000000000e+00 5.585812330245971680e-01
0.000000000000000000e+00 6.452174782752990723e-01
0.000000000000000000e+00 5.536818504333496094e-01
1.000000000000000000e+00 4.534351229667663574e-01
1.000000000000000000e+00 5.706477761268615723e-01
1.000000000000000000e+00 5.459108948707580566e-01
1.000000000000000000e+00 5.080910921096801758e-01
1.000000000000000000e+00 6.532855033874511719e-01
0.000000000000000000e+00 6.550801396369934082e-01
0.000000000000000000e+00 5.006767511367797852e-01
0.000000000000000000e+00 6.209825277328491211e-01
0.000000000000000000e+00 5.687369108200073242e-01
0.000000000000000000e+00 6.139038205146789551e-01
0.000000000000000000e+00 5.883669257164001465e-01
0.000000000000000000e+00 6.625499725341796875e-01
0.000000000000000000e+00 5.810766220092773438e-01
0.000000000000000000e+00 6.705264449119567871e-01
0.000000000000000000e+00 6.290476918220520020e-01
0.000000000000000000e+00 6.802172064781188965e-01
0.000000000000000000e+00 7.127948999404907227e-01
0.000000000000000000e+00 7.491152882575988770e-01
0.000000000000000000e+00 8.021976351737976074e-01
0.000000000000000000e+00 7.089821100234985352e-01
0.000000000000000000e+00 7.389163970947265625e-01
0.000000000000000000e+00 6.471335291862487793e-01
0.000000000000000000e+00 6.131551861763000488e-01
1.000000000000000000e+00 2.134901285171508789e-01
1.000000000000000000e+00 2.603054344654083252e-01
1.000000000000000000e+00 2.592262923717498779e-01
1.000000000000000000e+00 3.707331120967864990e-01
0.000000000000000000e+00 4.837448000907897949e-01
0.000000000000000000e+00 4.003816843032836914e-01
0.000000000000000000e+00 3.504463732242584229e-01
1.000000000000000000e+00 3.649474680423736572e-01
0.000000000000000000e+00 1.080484911799430847e-01
0.000000000000000000e+00 7.071169465780258179e-02
0.000000000000000000e+00 4.943232610821723938e-02
0.000000000000000000e+00 3.430319949984550476e-02
0.000000000000000000e+00 2.197459712624549866e-02
0.000000000000000000e+00 2.038163132965564728e-02
0.000000000000000000e+00 1.961046271026134491e-02
0.000000000000000000e+00 2.370000444352626801e-02
0.000000000000000000e+00 3.594746440649032593e-02
0.000000000000000000e+00 4.749742150306701660e-02
0.000000000000000000e+00 5.145312845706939697e-02
0.000000000000000000e+00 5.777023732662200928e-02
0.000000000000000000e+00 1.301507502794265747e-01
0.000000000000000000e+00 1.290108412504196167e-01
0.000000000000000000e+00 1.630212515592575073e-01
0.000000000000000000e+00 1.836878657341003418e-01
0.000000000000000000e+00 1.571927815675735474e-01
0.000000000000000000e+00 1.644079238176345825e-01
1.000000000000000000e+00 1.491301506757736206e-01
0.000000000000000000e+00 1.588103920221328735e-01
0.000000000000000000e+00 1.697149276733398438e-01
0.000000000000000000e+00 2.042349278926849365e-01
0.000000000000000000e+00 1.719223558902740479e-01
0.000000000000000000e+00 1.472886502742767334e-01
0.000000000000000000e+00 1.621135771274566650e-01
0.000000000000000000e+00 2.123820781707763672e-01
0.000000000000000000e+00 1.546777188777923584e-01
0.000000000000000000e+00 2.365329712629318237e-01
0.000000000000000000e+00 2.304376810789108276e-01
0.000000000000000000e+00 3.295447528362274170e-01
0.000000000000000000e+00 2.221714109182357788e-01
0.000000000000000000e+00 2.419194728136062622e-01
0.000000000000000000e+00 2.767814099788665771e-01
0.000000000000000000e+00 2.561360001564025879e-01
0.000000000000000000e+00 2.079758346080780029e-01
0.000000000000000000e+00 2.782934308052062988e-01
0.000000000000000000e+00 4.479618966579437256e-01
0.000000000000000000e+00 6.599842309951782227e-01
0.000000000000000000e+00 7.184002399444580078e-01
0.000000000000000000e+00 7.628078460693359375e-01
0.000000000000000000e+00 7.831478118896484375e-01
0.000000000000000000e+00 8.042587041854858398e-01
0.000000000000000000e+00 8.242563009262084961e-01
0.000000000000000000e+00 8.463430404663085938e-01
0.000000000000000000e+00 8.927397131919860840e-01
1.000000000000000000e+00 8.703588247299194336e-01
1.000000000000000000e+00 8.117828369140625000e-01
1.000000000000000000e+00 8.107609748840332031e-01
1.000000000000000000e+00 7.731418609619140625e-01
1.000000000000000000e+00 7.235932350158691406e-01
1.000000000000000000e+00 6.907702684402465820e-01
0.000000000000000000e+00 6.460201740264892578e-01
0.000000000000000000e+00 4.567996263504028320e-01
0.000000000000000000e+00 6.280960440635681152e-01
0.000000000000000000e+00 4.620597660541534424e-01
0.000000000000000000e+00 4.477541148662567139e-01
0.000000000000000000e+00 4.577865898609161377e-01
0.000000000000000000e+00 5.059818029403686523e-01
0.000000000000000000e+00 5.942881703376770020e-01
0.000000000000000000e+00 5.213813781738281250e-01
0.000000000000000000e+00 4.469181001186370850e-01
0.000000000000000000e+00 4.761310219764709473e-01
0.000000000000000000e+00 5.556972026824951172e-01
0.000000000000000000e+00 6.338284611701965332e-01
0.000000000000000000e+00 4.531354904174804688e-01
0.000000000000000000e+00 5.828351974487304688e-01
0.000000000000000000e+00 6.762689948081970215e-01
1.000000000000000000e+00 8.394631743431091309e-01
1.000000000000000000e+00 8.024131059646606445e-01
1.000000000000000000e+00 8.752819895744323730e-01
1.000000000000000000e+00 8.178302645683288574e-01
1.000000000000000000e+00 8.104581236839294434e-01
1.000000000000000000e+00 8.098088502883911133e-01
1.000000000000000000e+00 5.761590003967285156e-01
1.000000000000000000e+00 3.691945374011993408e-01
1.000000000000000000e+00 2.552513182163238525e-01
1.000000000000000000e+00 1.558526903390884399e-01
0.000000000000000000e+00 1.084411889314651489e-01
0.000000000000000000e+00 6.579115986824035645e-02
0.000000000000000000e+00 5.357345193624496460e-02
0.000000000000000000e+00 3.278267756104469299e-02
0.000000000000000000e+00 2.662855572998523712e-02
0.000000000000000000e+00 2.344216406345367432e-02
0.000000000000000000e+00 2.497776597738265991e-02
0.000000000000000000e+00 2.720962092280387878e-02
0.000000000000000000e+00 2.395421825349330902e-02
0.000000000000000000e+00 1.614863052964210510e-02
0.000000000000000000e+00 1.632070355117321014e-02
0.000000000000000000e+00 2.322269044816493988e-02
0.000000000000000000e+00 1.663706451654434204e-02
0.000000000000000000e+00 2.286864817142486572e-02
0.000000000000000000e+00 2.565003558993339539e-02
0.000000000000000000e+00 2.907628193497657776e-02
0.000000000000000000e+00 3.125726431608200073e-02
1.000000000000000000e+00 3.128953650593757629e-02
0.000000000000000000e+00 4.589469358325004578e-02
0.000000000000000000e+00 5.034140497446060181e-02
0.000000000000000000e+00 8.244909346103668213e-02
0.000000000000000000e+00 6.528790295124053955e-02
0.000000000000000000e+00 7.130065560340881348e-02
0.000000000000000000e+00 8.906277269124984741e-02
0.000000000000000000e+00 1.118431165814399719e-01
0.000000000000000000e+00 1.624611914157867432e-01
0.000000000000000000e+00 1.858347505331039429e-01
0.000000000000000000e+00 1.802986860275268555e-01
0.000000000000000000e+00 2.123295664787292480e-01
0.000000000000000000e+00 2.365152686834335327e-01
0.000000000000000000e+00 2.543841004371643066e-01
0.000000000000000000e+00 2.962607741355895996e-01
0.000000000000000000e+00 2.651744484901428223e-01
0.000000000000000000e+00 3.088281750679016113e-01
0.000000000000000000e+00 3.560908734798431396e-01
0.000000000000000000e+00 3.997426033020019531e-01
0.000000000000000000e+00 5.121830701828002930e-01
0.000000000000000000e+00 5.126979351043701172e-01
0.000000000000000000e+00 5.174283981323242188e-01
0.000000000000000000e+00 5.149742364883422852e-01
0.000000000000000000e+00 7.807137966156005859e-01
0.000000000000000000e+00 5.202152729034423828e-01
0.000000000000000000e+00 7.041199803352355957e-01
1.000000000000000000e+00 6.834988594055175781e-01
1.000000000000000000e+00 7.029769420623779297e-01
1.000000000000000000e+00 5.825397372245788574e-01
1.000000000000000000e+00 6.988140344619750977e-01
0.000000000000000000e+00 6.170776486396789551e-01
0.000000000000000000e+00 6.645833849906921387e-01
0.000000000000000000e+00 6.431635022163391113e-01
0.000000000000000000e+00 5.091942548751831055e-01
0.000000000000000000e+00 5.263584256172180176e-01
0.000000000000000000e+00 4.715236127376556396e-01
0.000000000000000000e+00 5.024716854095458984e-01
0.000000000000000000e+00 4.291147589683532715e-01
0.000000000000000000e+00 4.197379052639007568e-01
0.000000000000000000e+00 4.351975321769714355e-01
0.000000000000000000e+00 4.523177444934844971e-01
0.000000000000000000e+00 3.654902279376983643e-01
0.000000000000000000e+00 4.777968823909759521e-01
0.000000000000000000e+00 5.502274036407470703e-01
1.000000000000000000e+00 4.966731071472167969e-01
1.000000000000000000e+00 3.512997627258300781e-01
0.000000000000000000e+00 3.703369200229644775e-01
0.000000000000000000e+00 3.080523908138275146e-01
1.000000000000000000e+00 6.689419150352478027e-01
1.000000000000000000e+00 7.201518416404724121e-01
1.000000000000000000e+00 7.067011594772338867e-01
1.000000000000000000e+00 7.087202072143554688e-01
1.000000000000000000e+00 6.081553697586059570e-01
1.000000000000000000e+00 6.263435482978820801e-01
1.000000000000000000e+00 6.391007900238037109e-01
1.000000000000000000e+00 6.055091023445129395e-01
0.000000000000000000e+00 5.317265987396240234e-01
0.000000000000000000e+00 5.746201276779174805e-01
0.000000000000000000e+00 6.482927799224853516e-01
0.000000000000000000e+00 5.480293631553649902e-01
0.000000000000000000e+00 4.868932068347930908e-01
0.000000000000000000e+00 4.839175343513488770e-01
0.000000000000000000e+00 3.468492031097412109e-01
0.000000000000000000e+00 3.780777752399444580e-01
0.000000000000000000e+00 2.561570703983306885e-01
0.000000000000000000e+00 3.038786053657531738e-01
0.000000000000000000e+00 2.354652285575866699e-01
0.000000000000000000e+00 2.483547180891036987e-01
0.000000000000000000e+00 1.839083880186080933e-01
0.000000000000000000e+00 1.911482065916061401e-01
0.000000000000000000e+00 1.714388430118560791e-01
1.000000000000000000e+00 1.345543861389160156e-01
0.000000000000000000e+00 1.333957910537719727e-01
0.000000000000000000e+00 9.214465320110321045e-02
0.000000000000000000e+00 1.025233119726181030e-01
0.000000000000000000e+00 7.857796549797058105e-02
0.000000000000000000e+00 8.404708653688430786e-02
0.000000000000000000e+00 9.032008796930313110e-02
0.000000000000000000e+00 9.123682975769042969e-02
0.000000000000000000e+00 6.674772500991821289e-02
0.000000000000000000e+00 9.829125553369522095e-02
0.000000000000000000e+00 6.892341375350952148e-02
0.000000000000000000e+00 8.082524687051773071e-02
0.000000000000000000e+00 9.180394560098648071e-02
0.000000000000000000e+00 8.626063168048858643e-02
0.000000000000000000e+00 7.071631401777267456e-02
0.000000000000000000e+00 8.301226049661636353e-02
0.000000000000000000e+00 8.386450260877609253e-02
0.000000000000000000e+00 7.732215523719787598e-02
0.000000000000000000e+00 8.822844922542572021e-02
0.000000000000000000e+00 6.829234957695007324e-02
0.000000000000000000e+00 7.735242694616317749e-02
0.000000000000000000e+00 8.497625589370727539e-02
0.000000000000000000e+00 1.095779538154602051e-01
0.000000000000000000e+00 1.114800497889518738e-01
0.000000000000000000e+00 1.297142505645751953e-01
0.000000000000000000e+00 1.468101143836975098e-01
0.000000000000000000e+00 1.598058193922042847e-01
0.000000000000000000e+00 1.866883933544158936e-01
1.000000000000000000e+00 3.070527911186218262e-01
1.000000000000000000e+00 4.354887306690216064e-01
1.000000000000000000e+00 5.284308195114135742e-01
1.000000000000000000e+00 5.997525453567504883e-01
1.000000000000000000e+00 7.906289696693420410e-01
1.000000000000000000e+00 7.415621876716613770e-01
1.000000000000000000e+00 7.565333247184753418e-01
1.000000000000000000e+00 6.862204074859619141e-01
1.000000000000000000e+00 5.274738669395446777e-01
1.000000000000000000e+00 4.071759581565856934e-01
0.000000000000000000e+00 3.080555796623229980e-01
0.000000000000000000e+00 3.060680925846099854e-01
0.000000000000000000e+00 2.118138968944549561e-01
0.000000000000000000e+00 1.964055597782135010e-01
0.000000000000000000e+00 2.067636847496032715e-01
0.000000000000000000e+00 2.021204084157943726e-01
0.000000000000000000e+00 2.034036666154861450e-01
0.000000000000000000e+00 1.754507422447204590e-01
1.000000000000000000e+00 2.434386014938354492e-01
1.000000000000000000e+00 2.308079749345779419e-01
1.000000000000000000e+00 2.275981307029724121e-01
1.000000000000000000e+00 3.994642198085784912e-01
1.000000000000000000e+00 3.773972392082214355e-01
0.000000000000000000e+00 3.584547936916351318e-01
1.000000000000000000e+00 9.783333539962768555e-01
1.000000000000000000e+00 9.772203564643859863e-01
1.000000000000000000e+00 9.803009629249572754e-01
0.000000000000000000e+00 9.676991105079650879e-01
0.000000000000000000e+00 9.772458672523498535e-01
0.000000000000000000e+00 9.688474535942077637e-01
0.000000000000000000e+00 9.560753703117370605e-01
0.000000000000000000e+00 9.677249789237976074e-01
0.000000000000000000e+00 9.440491199493408203e-01
0.000000000000000000e+00 9.538878202438354492e-01
0.000000000000000000e+00 9.590415358543395996e-01
0.000000000000000000e+00 9.283166527748107910e-01
0.000000000000000000e+00 9.731902480125427246e-01
0.000000000000000000e+00 9.722065925598144531e-01
0.000000000000000000e+00 9.781392216682434082e-01
0.000000000000000000e+00 9.792982339859008789e-01
0.000000000000000000e+00 9.814878702163696289e-01
0.000000000000000000e+00 9.879968762397766113e-01
0.000000000000000000e+00 9.896363615989685059e-01
0.000000000000000000e+00 9.904978871345520020e-01
0.000000000000000000e+00 9.914040565490722656e-01
1.000000000000000000e+00 9.920796751976013184e-01
1.000000000000000000e+00 9.917258024215698242e-01
1.000000000000000000e+00 9.934204220771789551e-01
0.000000000000000000e+00 9.923211932182312012e-01
0.000000000000000000e+00 9.953711628913879395e-01
0.000000000000000000e+00 9.946933388710021973e-01
0.000000000000000000e+00 9.936607480049133301e-01
0.000000000000000000e+00 9.963951706886291504e-01
0.000000000000000000e+00 9.953745007514953613e-01
0.000000000000000000e+00 9.947911500930786133e-01
1.000000000000000000e+00 9.964354038238525391e-01
0.000000000000000000e+00 9.960397481918334961e-01
0.000000000000000000e+00 9.968468546867370605e-01
0.000000000000000000e+00 9.966097474098205566e-01
0.000000000000000000e+00 9.963359832763671875e-01
0.000000000000000000e+00 9.974676370620727539e-01
0.000000000000000000e+00 9.975847005844116211e-01
0.000000000000000000e+00 9.971954822540283203e-01
0.000000000000000000e+00 9.966602325439453125e-01
0.000000000000000000e+00 9.971952438354492188e-01
0.000000000000000000e+00 9.963092207908630371e-01
0.000000000000000000e+00 9.976239800453186035e-01
0.000000000000000000e+00 9.976160526275634766e-01
1.000000000000000000e+00 9.978704452514648438e-01
1.000000000000000000e+00 9.985567927360534668e-01
0.000000000000000000e+00 9.979464411735534668e-01
0.000000000000000000e+00 9.982618689537048340e-01
0.000000000000000000e+00 9.984092116355895996e-01
0.000000000000000000e+00 9.979410767555236816e-01
0.000000000000000000e+00 9.985637068748474121e-01
0.000000000000000000e+00 9.981821775436401367e-01
0.000000000000000000e+00 9.980161190032958984e-01
0.000000000000000000e+00 9.983440637588500977e-01
0.000000000000000000e+00 9.982504248619079590e-01
0.000000000000000000e+00 9.981852173805236816e-01
0.000000000000000000e+00 9.984923601150512695e-01
0.000000000000000000e+00 9.983403682708740234e-01
0.000000000000000000e+00 9.979928731918334961e-01
1.000000000000000000e+00 9.980654120445251465e-01
1.000000000000000000e+00 9.977074861526489258e-01
0.000000000000000000e+00 9.978185892105102539e-01
0.000000000000000000e+00 9.976181387901306152e-01
0.000000000000000000e+00 9.976031184196472168e-01
0.000000000000000000e+00 9.955632686614990234e-01
0.000000000000000000e+00 9.965502023696899414e-01
0.000000000000000000e+00 9.956320524215698242e-01
0.000000000000000000e+00 9.960903525352478027e-01
1.000000000000000000e+00 9.967833757400512695e-01
1.000000000000000000e+00 9.949803948402404785e-01
1.000000000000000000e+00 9.926341176033020020e-01
1.000000000000000000e+00 9.910269379615783691e-01
0.000000000000000000e+00 9.851487874984741211e-01
0.000000000000000000e+00 9.832307100296020508e-01
0.000000000000000000e+00 9.814909696578979492e-01
0.000000000000000000e+00 9.848815202713012695e-01
0.000000000000000000e+00 9.835055470466613770e-01
0.000000000000000000e+00 9.834039807319641113e-01
0.000000000000000000e+00 9.868974685668945312e-01
0.000000000000000000e+00 9.802126884460449219e-01
0.000000000000000000e+00 9.828242063522338867e-01
0.000000000000000000e+00 9.763387441635131836e-01
0.000000000000000000e+00 9.870492815971374512e-01
0.000000000000000000e+00 9.865607619285583496e-01
0.000000000000000000e+00 9.880359768867492676e-01
0.000000000000000000e+00 9.891906976699829102e-01
0.000000000000000000e+00 9.828928112983703613e-01
0.000000000000000000e+00 9.863014221191406250e-01
0.000000000000000000e+00 9.851692914962768555e-01
1.000000000000000000e+00 9.841670393943786621e-01
1.000000000000000000e+00 9.809073805809020996e-01
1.000000000000000000e+00 9.860864877700805664e-01
1.000000000000000000e+00 9.759684801101684570e-01
1.000000000000000000e+00 9.690910577774047852e-01
1.000000000000000000e+00 9.624055624008178711e-01
1.000000000000000000e+00 9.474695324897766113e-01
1.000000000000000000e+00 9.654269218444824219e-01
1.000000000000000000e+00 9.008135199546813965e-01
1.000000000000000000e+00 8.125717639923095703e-01
1.000000000000000000e+00 7.382194995880126953e-01
0.000000000000000000e+00 6.430005431175231934e-01
0.000000000000000000e+00 5.914642810821533203e-01
0.000000000000000000e+00 5.524052381515502930e-01
0.000000000000000000e+00 4.353318512439727783e-01
0.000000000000000000e+00 4.003019034862518311e-01
0.000000000000000000e+00 5.978583097457885742e-01
0.000000000000000000e+00 4.501624405384063721e-01
1.000000000000000000e+00 4.992345869541168213e-01
0.000000000000000000e+00 5.336036682128906250e-01
0.000000000000000000e+00 5.459477305412292480e-01
0.000000000000000000e+00 3.355664908885955811e-01
0.000000000000000000e+00 3.226101696491241455e-01
0.000000000000000000e+00 2.611518502235412598e-01
0.000000000000000000e+00 2.368419319391250610e-01
0.000000000000000000e+00 2.142439931631088257e-01
0.000000000000000000e+00 2.583773136138916016e-01
0.000000000000000000e+00 2.918295562267303467e-01
0.000000000000000000e+00 2.671987414360046387e-01
0.000000000000000000e+00 2.407656908035278320e-01
0.000000000000000000e+00 3.571006357669830322e-01
0.000000000000000000e+00 3.795099854469299316e-01
0.000000000000000000e+00 5.465391874313354492e-01
0.000000000000000000e+00 4.614791870117187500e-01
0.000000000000000000e+00 3.957835137844085693e-01
0.000000000000000000e+00 4.400867521762847900e-01
0.000000000000000000e+00 2.911063432693481445e-01
0.000000000000000000e+00 2.982490956783294678e-01
0.000000000000000000e+00 3.219098746776580811e-01
0.000000000000000000e+00 4.177024960517883301e-01
0.000000000000000000e+00 3.332166671752929688e-01
0.000000000000000000e+00 3.325290381908416748e-01
0.000000000000000000e+00 3.542641699314117432e-01
0.000000000000000000e+00 3.047298789024353027e-01
0.000000000000000000e+00 3.770769536495208740e-01
0.000000000000000000e+00 3.459365367889404297e-01
0.000000000000000000e+00 3.352756500244140625e-01
0.000000000000000000e+00 2.512517571449279785e-01
0.000000000000000000e+00 1.125049665570259094e-01
0.000000000000000000e+00 2.422123700380325317e-01
0.000000000000000000e+00 2.648593783378601074e-01
0.000000000000000000e+00 1.892863661050796509e-01
0.000000000000000000e+00 2.231280952692031860e-01
0.000000000000000000e+00 2.451519668102264404e-01
0.000000000000000000e+00 2.592245638370513916e-01
0.000000000000000000e+00 2.928539216518402100e-01
0.000000000000000000e+00 3.434569835662841797e-01
0.000000000000000000e+00 2.971815168857574463e-01
1.000000000000000000e+00 2.872311770915985107e-01
1.000000000000000000e+00 3.402859568595886230e-01
0.000000000000000000e+00 3.133468627929687500e-01
