0.000000000000000000e+00 5.623069033026695251e-02
0.000000000000000000e+00 3.337040310725569725e-03
0.000000000000000000e+00 2.326886635273694992e-03
0.000000000000000000e+00 3.473153046797960997e-04
0.000000000000000000e+00 4.454714144230820239e-05
0.000000000000000000e+00 1.011353288049576804e-05
0.000000000000000000e+00 5.295240043778903782e-06
0.000000000000000000e+00 2.096621983582735993e-06
0.000000000000000000e+00 2.577073473730706610e-06
0.000000000000000000e+00 2.249636281703715213e-06
0.000000000000000000e+00 1.082457288248406257e-06
0.000000000000000000e+00 1.640496634536248166e-06
0.000000000000000000e+00 1.679787374087027274e-06
0.000000000000000000e+00 2.154692992917262018e-06
0.000000000000000000e+00 2.691806230359361507e-06
0.000000000000000000e+00 8.712197086424566805e-06
0.000000000000000000e+00 1.212288952956441790e-05
0.000000000000000000e+00 1.896688627311959863e-05
0.000000000000000000e+00 5.567719927057623863e-05
0.000000000000000000e+00 7.338398427236825228e-05
0.000000000000000000e+00 4.222485877107828856e-04
0.000000000000000000e+00 1.002871082164347172e-03
0.000000000000000000e+00 4.554077051579952240e-03
0.000000000000000000e+00 2.714386582374572754e-02
0.000000000000000000e+00 8.119068294763565063e-02
0.000000000000000000e+00 2.858904376626014709e-02
0.000000000000000000e+00 2.493178471922874451e-02
0.000000000000000000e+00 5.071654170751571655e-02
0.000000000000000000e+00 4.616979509592056274e-02
0.000000000000000000e+00 2.328318916261196136e-02
0.000000000000000000e+00 2.561238594353199005e-03
0.000000000000000000e+00 1.534880045801401138e-02
1.000000000000000000e+00 2.892009681090712547e-03
1.000000000000000000e+00 2.449051011353731155e-03
0.000000000000000000e+00 8.834872860461473465e-04
0.000000000000000000e+00 1.390662509948015213e-03
0.000000000000000000e+00 1.116718281991779804e-03
0.000000000000000000e+00 1.218405086547136307e-03
0.000000000000000000e+00 1.806343905627727509e-03
0.000000000000000000e+00 1.473927521146833897e-03
0.000000000000000000e+00 3.272141097113490105e-03
0.000000000000000000e+00 5.882110912352800369e-03
0.000000000000000000e+00 5.596364382654428482e-03
0.000000000000000000e+00 1.535444427281618118e-02
0.000000000000000000e+00 6.129461340606212616e-03
0.000000000000000000e+00 1.880810968577861786e-02
0.000000000000000000e+00 2.239176817238330841e-02
0.000000000000000000e+00 1.336276531219482422e-02
0.000000000000000000e+00 1.651130244135856628e-02
0.000000000000000000e+00 5.972675979137420654e-03
0.000000000000000000e+00 1.504246611148118973e-02
0.000000000000000000e+00 2.465873025357723236e-02
0.000000000000000000e+00 1.752331107854843140e-02
0.000000000000000000e+00 1.202044822275638580e-02
0.000000000000000000e+00 1.735344342887401581e-02
0.000000000000000000e+00 9.701524861156940460e-03
0.000000000000000000e+00 2.439919114112854004e-02
0.000000000000000000e+00 2.629613876342773438e-02
0.000000000000000000e+00 8.767100051045417786e-03
0.000000000000000000e+00 4.131805617362260818e-03
0.000000000000000000e+00 1.999447355046868324e-03
0.000000000000000000e+00 1.806276035495102406e-03
0.000000000000000000e+00 2.490298356860876083e-03
0.000000000000000000e+00 2.363360021263360977e-03
0.000000000000000000e+00 1.648767152801156044e-03
0.000000000000000000e+00 2.641379134729504585e-03
0.000000000000000000e+00 5.602240096777677536e-03
0.000000000000000000e+00 3.928025253117084503e-03
0.000000000000000000e+00 5.282699130475521088e-03
0.000000000000000000e+00 4.124125000089406967e-03
0.000000000000000000e+00 3.291270695626735687e-03
0.000000000000000000e+00 3.383667441084980965e-03
0.000000000000000000e+00 1.914838096126914024e-03
0.000000000000000000e+00 1.125207520090043545e-03
0.000000000000000000e+00 1.449762843549251556e-03
0.000000000000000000e+00 5.801553925266489387e-05
0.000000000000000000e+00 2.329586277483031154e-05
0.000000000000000000e+00 2.808077624649740756e-05
0.000000000000000000e+00 8.372091542696580291e-06
0.000000000000000000e+00 2.909126123995520175e-06
0.000000000000000000e+00 1.523525952507043257e-06
0.000000000000000000e+00 1.965235696843592450e-06
0.000000000000000000e+00 1.548928139527561143e-06
0.000000000000000000e+00 2.077494627883424982e-06
0.000000000000000000e+00 1.177358512904902454e-06
0.000000000000000000e+00 6.600885740226658527e-07
0.000000000000000000e+00 7.702738002990372479e-07
0.000000000000000000e+00 4.950043717144581024e-07
0.000000000000000000e+00 3.518677260672120610e-07
0.000000000000000000e+00 1.076997335758278496e-07
0.000000000000000000e+00 1.719548805567683303e-07
0.000000000000000000e+00 1.415448593888868345e-07
0.000000000000000000e+00 2.130893363982977462e-07
0.000000000000000000e+00 7.817974960744322743e-07
0.000000000000000000e+00 2.163996896342723630e-06
0.000000000000000000e+00 3.244590061513008550e-06
0.000000000000000000e+00 1.838429307099431753e-05
0.000000000000000000e+00 8.312622230732813478e-05
0.000000000000000000e+00 7.481547800125554204e-05
0.000000000000000000e+00 2.550983335822820663e-04
0.000000000000000000e+00 5.726491799578070641e-04
0.000000000000000000e+00 1.255193841643631458e-03
0.000000000000000000e+00 7.270616479218006134e-04
0.000000000000000000e+00 8.711531409062445164e-04
0.000000000000000000e+00 5.492320051416754723e-04
0.000000000000000000e+00 4.122076788917183876e-04
0.000000000000000000e+00 5.613187677226960659e-04
0.000000000000000000e+00 5.870621534995734692e-04
0.000000000000000000e+00 2.401327481493353844e-03
0.000000000000000000e+00 1.876916037872433662e-03
0.000000000000000000e+00 1.646631164476275444e-03
0.000000000000000000e+00 1.434119185432791710e-03
0.000000000000000000e+00 2.166521502658724785e-03
0.000000000000000000e+00 2.125768223777413368e-03
0.000000000000000000e+00 3.731711301952600479e-03
0.000000000000000000e+00 1.786709995940327644e-03
0.000000000000000000e+00 2.854293677955865860e-03
0.000000000000000000e+00 1.827115891501307487e-03
0.000000000000000000e+00 4.077713936567306519e-03
0.000000000000000000e+00 3.033289685845375061e-03
0.000000000000000000e+00 6.105838343501091003e-03
0.000000000000000000e+00 7.330925203859806061e-03
0.000000000000000000e+00 1.877121254801750183e-02
0.000000000000000000e+00 1.044368091970682144e-02
0.000000000000000000e+00 9.076789021492004395e-02
0.000000000000000000e+00 1.067355722188949585e-01
0.000000000000000000e+00 1.273139715194702148e-01
0.000000000000000000e+00 7.223881036043167114e-02
0.000000000000000000e+00 2.444691210985183716e-01
0.000000000000000000e+00 1.158934012055397034e-01
1.000000000000000000e+00 3.308534622192382812e-01
1.000000000000000000e+00 1.161002367734909058e-01
0.000000000000000000e+00 7.043247669935226440e-02
0.000000000000000000e+00 2.848655283451080322e-01
0.000000000000000000e+00 2.034408003091812134e-01
0.000000000000000000e+00 3.242261111736297607e-01
0.000000000000000000e+00 2.346034795045852661e-01
0.000000000000000000e+00 1.677581965923309326e-01
0.000000000000000000e+00 1.797715574502944946e-01
0.000000000000000000e+00 2.267533540725708008e-01
0.000000000000000000e+00 2.165807634592056274e-01
0.000000000000000000e+00 1.228167489171028137e-01
0.000000000000000000e+00 1.732806265354156494e-01
0.000000000000000000e+00 1.033643782138824463e-01
0.000000000000000000e+00 2.007237821817398071e-01
0.000000000000000000e+00 9.573776274919509888e-02
0.000000000000000000e+00 1.131624355912208557e-01
0.000000000000000000e+00 8.563627302646636963e-02
0.000000000000000000e+00 1.215477883815765381e-01
0.000000000000000000e+00 7.945734262466430664e-02
0.000000000000000000e+00 8.737268298864364624e-02
0.000000000000000000e+00 5.120308697223663330e-02
0.000000000000000000e+00 6.905662268400192261e-02
0.000000000000000000e+00 3.099669702351093292e-02
0.000000000000000000e+00 9.809344075620174408e-03
0.000000000000000000e+00 4.397728014737367630e-03
0.000000000000000000e+00 6.097114179283380508e-03
0.000000000000000000e+00 3.973769955337047577e-03
0.000000000000000000e+00 4.314294550567865372e-03
0.000000000000000000e+00 4.196729976683855057e-03
0.000000000000000000e+00 7.692661602050065994e-03
0.000000000000000000e+00 4.089737776666879654e-03
0.000000000000000000e+00 1.189220696687698364e-02
0.000000000000000000e+00 1.363593712449073792e-02
0.000000000000000000e+00 6.596371531486511230e-02
0.000000000000000000e+00 6.885509192943572998e-02
0.000000000000000000e+00 6.216318160295486450e-02
0.000000000000000000e+00 6.979475170373916626e-02
0.000000000000000000e+00 4.654495790600776672e-02
0.000000000000000000e+00 9.088438004255294800e-02
0.000000000000000000e+00 6.856936961412429810e-02
0.000000000000000000e+00 5.000673979520797729e-02
0.000000000000000000e+00 3.909248486161231995e-02
0.000000000000000000e+00 4.019622877240180969e-02
0.000000000000000000e+00 1.033811941742897034e-01
0.000000000000000000e+00 1.982908546924591064e-01
0.000000000000000000e+00 3.481421768665313721e-01
0.000000000000000000e+00 3.216605782508850098e-01
0.000000000000000000e+00 6.283015012741088867e-01
0.000000000000000000e+00 1.190960705280303955e-01
0.000000000000000000e+00 3.391802012920379639e-01
0.000000000000000000e+00 3.170479238033294678e-01
0.000000000000000000e+00 1.410012692213058472e-01
0.000000000000000000e+00 1.132435575127601624e-01
0.000000000000000000e+00 2.061996161937713623e-01
0.000000000000000000e+00 5.615211129188537598e-01
0.000000000000000000e+00 3.263642787933349609e-01
0.000000000000000000e+00 3.474693596363067627e-01
0.000000000000000000e+00 6.775469779968261719e-01
0.000000000000000000e+00 5.409005284309387207e-01
0.000000000000000000e+00 6.012229919433593750e-01
0.000000000000000000e+00 4.786668717861175537e-01
0.000000000000000000e+00 2.810969948768615723e-01
0.000000000000000000e+00 4.859436452388763428e-01
0.000000000000000000e+00 3.513107001781463623e-01
0.000000000000000000e+00 7.360320091247558594e-01
0.000000000000000000e+00 3.781705200672149658e-01
0.000000000000000000e+00 1.428138762712478638e-01
0.000000000000000000e+00 1.594364345073699951e-01
0.000000000000000000e+00 8.220329135656356812e-02
0.000000000000000000e+00 2.283190041780471802e-01
0.000000000000000000e+00 1.647713929414749146e-01
0.000000000000000000e+00 2.543185353279113770e-01
0.000000000000000000e+00 1.876019388437271118e-01
0.000000000000000000e+00 2.046674489974975586e-01
0.000000000000000000e+00 1.611703783273696899e-01
0.000000000000000000e+00 4.724403917789459229e-01
0.000000000000000000e+00 2.323484718799591064e-01
0.000000000000000000e+00 4.243084490299224854e-01
0.000000000000000000e+00 4.388967752456665039e-01
0.000000000000000000e+00 3.901162147521972656e-01
0.000000000000000000e+00 2.124819755554199219e-01
0.000000000000000000e+00 5.015943050384521484e-01
0.000000000000000000e+00 2.968316674232482910e-01
0.000000000000000000e+00 3.791674673557281494e-01
0.000000000000000000e+00 4.206576347351074219e-01
0.000000000000000000e+00 7.178485393524169922e-01
0.000000000000000000e+00 6.950224637985229492e-01
0.000000000000000000e+00 4.955753684043884277e-01
0.000000000000000000e+00 7.091715335845947266e-01
0.000000000000000000e+00 6.634365916252136230e-01
0.000000000000000000e+00 6.435127854347229004e-01
0.000000000000000000e+00 4.993851482868194580e-01
0.000000000000000000e+00 4.631431400775909424e-01
0.000000000000000000e+00 6.366524696350097656e-01
0.000000000000000000e+00 1.638608574867248535e-01
0.000000000000000000e+00 2.121388465166091919e-01
0.000000000000000000e+00 1.994685456156730652e-02
0.000000000000000000e+00 1.756452023983001709e-02
0.000000000000000000e+00 3.059531096369028091e-03
0.000000000000000000e+00 7.049546111375093460e-04
0.000000000000000000e+00 6.922995817149057984e-05
0.000000000000000000e+00 2.545593997638206929e-05
0.000000000000000000e+00 5.707167929358547553e-06
0.000000000000000000e+00 9.910611424857052043e-07
0.000000000000000000e+00 3.496492695376218762e-07
0.000000000000000000e+00 1.179069428758339200e-07
0.000000000000000000e+00 6.596587809326592833e-08
0.000000000000000000e+00 5.482214504581861547e-08
0.000000000000000000e+00 4.724684998791417456e-08
0.000000000000000000e+00 3.439796358861713088e-08
0.000000000000000000e+00 9.425950686647865950e-09
0.000000000000000000e+00 8.390748540421100188e-09
0.000000000000000000e+00 1.365907209560646152e-08
0.000000000000000000e+00 1.387385228923676550e-08
0.000000000000000000e+00 3.513459034820698434e-08
0.000000000000000000e+00 1.285659010363815469e-07
0.000000000000000000e+00 1.845860708726831945e-07
0.000000000000000000e+00 2.428514335406362079e-06
0.000000000000000000e+00 2.546119276303215884e-06
0.000000000000000000e+00 1.119359239964978769e-05
0.000000000000000000e+00 1.792103103070985526e-05
0.000000000000000000e+00 4.146932406001724303e-05
0.000000000000000000e+00 1.139961168519221246e-04
0.000000000000000000e+00 4.012729041278362274e-04
0.000000000000000000e+00 6.799805560149252415e-04
0.000000000000000000e+00 2.403711667284369469e-03
0.000000000000000000e+00 3.282794030383229256e-03
0.000000000000000000e+00 2.391744637861847878e-03
0.000000000000000000e+00 2.389082685112953186e-03
0.000000000000000000e+00 1.318602729588747025e-02
0.000000000000000000e+00 1.598019339144229889e-02
0.000000000000000000e+00 4.558118432760238647e-02
0.000000000000000000e+00 1.572754047811031342e-02
0.000000000000000000e+00 9.056223928928375244e-02
0.000000000000000000e+00 6.290233135223388672e-02
0.000000000000000000e+00 1.048280764371156693e-02
0.000000000000000000e+00 3.805860131978988647e-02
0.000000000000000000e+00 2.948108687996864319e-02
0.000000000000000000e+00 1.274657547473907471e-01
0.000000000000000000e+00 7.292428016662597656e-01
0.000000000000000000e+00 6.844003796577453613e-01
0.000000000000000000e+00 7.226439118385314941e-01
0.000000000000000000e+00 8.064416646957397461e-01
0.000000000000000000e+00 8.656353354454040527e-01
0.000000000000000000e+00 8.833818435668945312e-01
0.000000000000000000e+00 8.235040903091430664e-01
0.000000000000000000e+00 8.630921840667724609e-01
0.000000000000000000e+00 8.550469875335693359e-01
1.000000000000000000e+00 9.110401272773742676e-01
1.000000000000000000e+00 8.304144144058227539e-01
1.000000000000000000e+00 7.580667734146118164e-01
0.000000000000000000e+00 6.264678239822387695e-01
0.000000000000000000e+00 4.734227955341339111e-01
0.000000000000000000e+00 5.690971612930297852e-01
0.000000000000000000e+00 1.757320314645767212e-01
0.000000000000000000e+00 1.502407044172286987e-01
0.000000000000000000e+00 1.781407296657562256e-01
0.000000000000000000e+00 7.871799916028976440e-02
0.000000000000000000e+00 1.148942559957504272e-01
0.000000000000000000e+00 1.258881986141204834e-01
0.000000000000000000e+00 1.416313350200653076e-01
0.000000000000000000e+00 1.921962946653366089e-01
0.000000000000000000e+00 2.237265408039093018e-01
0.000000000000000000e+00 2.004419565200805664e-01
0.000000000000000000e+00 1.474596560001373291e-01
0.000000000000000000e+00 1.157959923148155212e-01
0.000000000000000000e+00 1.693157702684402466e-01
0.000000000000000000e+00 1.515014767646789551e-01
0.000000000000000000e+00 5.241940170526504517e-02
1.000000000000000000e+00 9.665698558092117310e-02
1.000000000000000000e+00 1.891149878501892090e-01
1.000000000000000000e+00 3.656908571720123291e-01
1.000000000000000000e+00 6.732352972030639648e-01
1.000000000000000000e+00 5.867242813110351562e-01
1.000000000000000000e+00 6.327756643295288086e-01
0.000000000000000000e+00 3.929583728313446045e-01
0.000000000000000000e+00 5.210066437721252441e-01
0.000000000000000000e+00 3.340154290199279785e-01
0.000000000000000000e+00 1.033171415328979492e-01
0.000000000000000000e+00 1.049415394663810730e-01
0.000000000000000000e+00 1.530219018459320068e-01
0.000000000000000000e+00 4.873726516962051392e-02
0.000000000000000000e+00 1.791394688189029694e-02
0.000000000000000000e+00 4.058485385030508041e-03
0.000000000000000000e+00 8.395556360483169556e-03
0.000000000000000000e+00 1.870770473033189774e-03
0.000000000000000000e+00 7.357351132668554783e-04
0.000000000000000000e+00 3.521640319377183914e-04
0.000000000000000000e+00 3.998003667220473289e-04
0.000000000000000000e+00 2.406876010354608297e-04
0.000000000000000000e+00 2.512418723199516535e-04
0.000000000000000000e+00 1.049411948770284653e-04
0.000000000000000000e+00 3.856176335830241442e-04
0.000000000000000000e+00 2.074251242447644472e-04
0.000000000000000000e+00 1.761549210641533136e-04
0.000000000000000000e+00 9.477819548919796944e-04
0.000000000000000000e+00 1.066217431798577309e-03
0.000000000000000000e+00 6.710446905344724655e-04
0.000000000000000000e+00 1.292248140089213848e-03
0.000000000000000000e+00 1.986304763704538345e-03
0.000000000000000000e+00 4.476277623325586319e-03
0.000000000000000000e+00 1.072375220246613026e-03
0.000000000000000000e+00 6.457178853452205658e-03
0.000000000000000000e+00 7.418194320052862167e-03
0.000000000000000000e+00 9.508679620921611786e-03
0.000000000000000000e+00 3.473880514502525330e-02
0.000000000000000000e+00 3.572115674614906311e-02
0.000000000000000000e+00 2.738807164132595062e-02
0.000000000000000000e+00 6.500007957220077515e-02
0.000000000000000000e+00 6.379161775112152100e-02
0.000000000000000000e+00 2.743719890713691711e-02
0.000000000000000000e+00 5.064276605844497681e-02
0.000000000000000000e+00 1.834115944802761078e-02
0.000000000000000000e+00 2.754713967442512512e-02
0.000000000000000000e+00 4.372869059443473816e-02
0.000000000000000000e+00 3.315657377243041992e-02
0.000000000000000000e+00 6.845365744084119797e-03
0.000000000000000000e+00 4.509145766496658325e-02
0.000000000000000000e+00 4.867735505104064941e-02
0.000000000000000000e+00 9.363898634910583496e-02
0.000000000000000000e+00 1.189732924103736877e-01
0.000000000000000000e+00 1.921775043010711670e-01
0.000000000000000000e+00 4.407512247562408447e-01
0.000000000000000000e+00 5.898895263671875000e-01
0.000000000000000000e+00 6.946206688880920410e-01
0.000000000000000000e+00 8.544771671295166016e-01
0.000000000000000000e+00 8.948163390159606934e-01
0.000000000000000000e+00 6.863025426864624023e-01
0.000000000000000000e+00 7.718369364738464355e-01
0.000000000000000000e+00 6.077068448066711426e-01
0.000000000000000000e+00 4.797511398792266846e-01
0.000000000000000000e+00 7.041199803352355957e-01
0.000000000000000000e+00 4.447692930698394775e-01
0.000000000000000000e+00 5.933170318603515625e-01
0.000000000000000000e+00 5.441847443580627441e-01
0.000000000000000000e+00 5.205871462821960449e-01
0.000000000000000000e+00 3.946549892425537109e-01
0.000000000000000000e+00 5.643857121467590332e-01
0.000000000000000000e+00 4.866612851619720459e-01
0.000000000000000000e+00 4.311648905277252197e-01
0.000000000000000000e+00 3.457764387130737305e-01
0.000000000000000000e+00 3.195212781429290771e-01
0.000000000000000000e+00 2.304823994636535645e-01
0.000000000000000000e+00 1.497529000043869019e-01
0.000000000000000000e+00 4.817572516913060099e-06
0.000000000000000000e+00 3.191827090631704777e-06
1.000000000000000000e+00 1.856178187154000625e-06
0.000000000000000000e+00 1.962041096703615040e-06
0.000000000000000000e+00 1.715821895231783856e-06
0.000000000000000000e+00 8.649334972687938716e-07
0.000000000000000000e+00 6.022688694429234602e-07
0.000000000000000000e+00 6.836703505541663617e-07
0.000000000000000000e+00 5.857705787093436811e-07
0.000000000000000000e+00 1.458167275814048480e-06
0.000000000000000000e+00 2.324126171515672468e-06
0.000000000000000000e+00 5.655143695548758842e-07
0.000000000000000000e+00 5.275156809148029424e-07
0.000000000000000000e+00 8.257882768702984322e-07
0.000000000000000000e+00 1.254997073374397587e-06
0.000000000000000000e+00 1.117945657824748196e-06
0.000000000000000000e+00 3.225414388907665852e-07
0.000000000000000000e+00 2.159009540037004626e-07
0.000000000000000000e+00 3.756204307592270197e-07
0.000000000000000000e+00 1.372952169731433969e-07
0.000000000000000000e+00 1.566528737839689711e-07
0.000000000000000000e+00 8.109624616281507770e-08
0.000000000000000000e+00 1.119092871704197023e-07
0.000000000000000000e+00 3.026628974112099968e-07
0.000000000000000000e+00 3.166476005844742758e-07
0.000000000000000000e+00 3.327683998577413149e-06
0.000000000000000000e+00 4.110791905986843631e-06
0.000000000000000000e+00 7.836189070076216012e-06
0.000000000000000000e+00 1.229321424034424126e-05
0.000000000000000000e+00 8.557289402233436704e-05
0.000000000000000000e+00 3.467142232693731785e-04
0.000000000000000000e+00 5.101783899590373039e-04
0.000000000000000000e+00 1.511185429990291595e-03
0.000000000000000000e+00 3.256596624851226807e-03
0.000000000000000000e+00 1.731516444124281406e-03
0.000000000000000000e+00 5.311210174113512039e-03
0.000000000000000000e+00 1.035898737609386444e-02
0.000000000000000000e+00 8.541289716958999634e-03
0.000000000000000000e+00 6.577764637768268585e-03
0.000000000000000000e+00 5.540547892451286316e-03
0.000000000000000000e+00 3.186969831585884094e-02
0.000000000000000000e+00 1.335943955928087234e-02
0.000000000000000000e+00 5.513123702257871628e-03
0.000000000000000000e+00 8.633838035166263580e-03
0.000000000000000000e+00 2.098775655031204224e-02
0.000000000000000000e+00 2.245245873928070068e-02
0.000000000000000000e+00 3.909902274608612061e-02
0.000000000000000000e+00 2.925471961498260498e-02
0.000000000000000000e+00 1.254689395427703857e-01
0.000000000000000000e+00 1.766445040702819824e-01
0.000000000000000000e+00 2.481597661972045898e-01
0.000000000000000000e+00 2.239762097597122192e-01
1.000000000000000000e+00 4.418543875217437744e-01
1.000000000000000000e+00 6.319971084594726562e-01
1.000000000000000000e+00 6.383704543113708496e-01
1.000000000000000000e+00 8.298066258430480957e-01
1.000000000000000000e+00 8.286464810371398926e-01
1.000000000000000000e+00 7.085048556327819824e-01
1.000000000000000000e+00 6.556743383407592773e-01
0.000000000000000000e+00 3.168761432170867920e-01
0.000000000000000000e+00 1.503543108701705933e-01
0.000000000000000000e+00 1.143338754773139954e-01
0.000000000000000000e+00 3.444454073905944824e-02
0.000000000000000000e+00 1.259651500731706619e-02
0.000000000000000000e+00 2.300111344084143639e-03
0.000000000000000000e+00 6.602605571970343590e-04
0.000000000000000000e+00 6.583697977475821972e-04
0.000000000000000000e+00 2.721667988225817680e-04
0.000000000000000000e+00 3.270398010499775410e-04
0.000000000000000000e+00 9.667882113717496395e-05
0.000000000000000000e+00 2.873746416298672557e-05
1.000000000000000000e+00 2.019042767642531544e-05
0.000000000000000000e+00 1.941779191838577390e-05
0.000000000000000000e+00 3.244797426305012777e-06
0.000000000000000000e+00 2.976200221382896416e-06
0.000000000000000000e+00 9.829587340354919434e-01
0.000000000000000000e+00 9.772043824195861816e-01
0.000000000000000000e+00 9.702894091606140137e-01
0.000000000000000000e+00 8.950737714767456055e-01
0.000000000000000000e+00 8.710862994194030762e-01
0.000000000000000000e+00 7.606858611106872559e-01
0.000000000000000000e+00 7.087990641593933105e-01
0.000000000000000000e+00 7.316483855247497559e-01
0.000000000000000000e+00 7.118555307388305664e-01
0.000000000000000000e+00 7.886515259742736816e-01
0.000000000000000000e+00 7.284515500068664551e-01
0.000000000000000000e+00 7.951213121414184570e-01
0.000000000000000000e+00 4.454367756843566895e-01
0.000000000000000000e+00 5.042645931243896484e-01
0.000000000000000000e+00 7.976701259613037109e-01
0.000000000000000000e+00 8.977304697036743164e-01
0.000000000000000000e+00 8.697615861892700195e-01
0.000000000000000000e+00 9.801596403121948242e-01
0.000000000000000000e+00 9.650686979293823242e-01
0.000000000000000000e+00 9.910145401954650879e-01
0.000000000000000000e+00 9.899516701698303223e-01
0.000000000000000000e+00 9.960624575614929199e-01
0.000000000000000000e+00 9.976074695587158203e-01
0.000000000000000000e+00 9.974855184555053711e-01
0.000000000000000000e+00 9.984784722328186035e-01
0.000000000000000000e+00 9.988552331924438477e-01
0.000000000000000000e+00 9.983886480331420898e-01
0.000000000000000000e+00 9.990743398666381836e-01
0.000000000000000000e+00 9.993039369583129883e-01
0.000000000000000000e+00 9.992555975914001465e-01
0.000000000000000000e+00 9.995324611663818359e-01
0.000000000000000000e+00 9.996203184127807617e-01
0.000000000000000000e+00 9.992879033088684082e-01
0.000000000000000000e+00 9.995422363281250000e-01
0.000000000000000000e+00 9.996242523193359375e-01
0.000000000000000000e+00 9.995877146720886230e-01
0.000000000000000000e+00 9.996618032455444336e-01
0.000000000000000000e+00 9.996030926704406738e-01
0.000000000000000000e+00 9.996943473815917969e-01
0.000000000000000000e+00 9.996225833892822266e-01
0.000000000000000000e+00 9.995290040969848633e-01
0.000000000000000000e+00 9.996281862258911133e-01
0.000000000000000000e+00 9.996851682662963867e-01
0.000000000000000000e+00 9.997623562812805176e-01
0.000000000000000000e+00 9.997581839561462402e-01
0.000000000000000000e+00 9.996980428695678711e-01
0.000000000000000000e+00 9.997710585594177246e-01
0.000000000000000000e+00 9.997103810310363770e-01
0.000000000000000000e+00 9.997028708457946777e-01
0.000000000000000000e+00 9.998028874397277832e-01
0.000000000000000000e+00 9.997784495353698730e-01
0.000000000000000000e+00 9.998279809951782227e-01
0.000000000000000000e+00 9.997975230216979980e-01
0.000000000000000000e+00 9.998019337654113770e-01
0.000000000000000000e+00 9.998078942298889160e-01
0.000000000000000000e+00 9.998370409011840820e-01
0.000000000000000000e+00 9.998198151588439941e-01
0.000000000000000000e+00 9.997656941413879395e-01
0.000000000000000000e+00 9.996815919876098633e-01
0.000000000000000000e+00 9.996273517608642578e-01
0.000000000000000000e+00 9.995156526565551758e-01
0.000000000000000000e+00 9.995502829551696777e-01
0.000000000000000000e+00 9.995967745780944824e-01
0.000000000000000000e+00 9.995903372764587402e-01
0.000000000000000000e+00 9.994384646415710449e-01
0.000000000000000000e+00 9.992268085479736328e-01
0.000000000000000000e+00 9.989047050476074219e-01
0.000000000000000000e+00 9.990979433059692383e-01
0.000000000000000000e+00 9.991514682769775391e-01
0.000000000000000000e+00 9.992005228996276855e-01
0.000000000000000000e+00 9.984453320503234863e-01
0.000000000000000000e+00 9.977644681930541992e-01
0.000000000000000000e+00 9.976205229759216309e-01
0.000000000000000000e+00 9.961871504783630371e-01
0.000000000000000000e+00 9.944770932197570801e-01
0.000000000000000000e+00 8.972940444946289062e-01
0.000000000000000000e+00 9.196663498878479004e-01
0.000000000000000000e+00 9.300059676170349121e-01
0.000000000000000000e+00 8.439897298812866211e-01
0.000000000000000000e+00 9.126598238945007324e-01
0.000000000000000000e+00 8.304705023765563965e-01
0.000000000000000000e+00 8.377783298492431641e-01
0.000000000000000000e+00 8.950834870338439941e-01
0.000000000000000000e+00 8.387576341629028320e-01
0.000000000000000000e+00 9.096058607101440430e-01
0.000000000000000000e+00 7.737693190574645996e-01
0.000000000000000000e+00 8.849460482597351074e-01
0.000000000000000000e+00 8.305876255035400391e-01
0.000000000000000000e+00 8.750644922256469727e-01
0.000000000000000000e+00 8.653908371925354004e-01
0.000000000000000000e+00 8.957118988037109375e-01
1.000000000000000000e+00 8.827882409095764160e-01
1.000000000000000000e+00 7.412073016166687012e-01
1.000000000000000000e+00 6.926755309104919434e-01
1.000000000000000000e+00 3.227928578853607178e-01
1.000000000000000000e+00 3.651674687862396240e-01
1.000000000000000000e+00 2.406013906002044678e-01
1.000000000000000000e+00 2.011321336030960083e-01
0.000000000000000000e+00 1.680185496807098389e-01
0.000000000000000000e+00 1.393126249313354492e-01
0.000000000000000000e+00 5.343995988368988037e-02
0.000000000000000000e+00 8.969758450984954834e-02
0.000000000000000000e+00 9.721173346042633057e-02
0.000000000000000000e+00 4.864397644996643066e-02
0.000000000000000000e+00 1.818252354860305786e-02
0.000000000000000000e+00 1.819150522351264954e-02
0.000000000000000000e+00 1.732469163835048676e-02
0.000000000000000000e+00 2.647482044994831085e-02
0.000000000000000000e+00 2.126238681375980377e-02
0.000000000000000000e+00 2.137563936412334442e-02
0.000000000000000000e+00 1.461869850754737854e-02
0.000000000000000000e+00 1.955099031329154968e-02
0.000000000000000000e+00 2.123961783945560455e-02
0.000000000000000000e+00 1.060016918927431107e-02
0.000000000000000000e+00 9.566088207066059113e-03
0.000000000000000000e+00 4.666845779865980148e-03
0.000000000000000000e+00 6.190675310790538788e-03
0.000000000000000000e+00 3.389524063095450401e-03
0.000000000000000000e+00 2.136265859007835388e-03
0.000000000000000000e+00 3.710313467308878899e-03
0.000000000000000000e+00 2.318413928151130676e-03
0.000000000000000000e+00 1.198047422803938389e-03
0.000000000000000000e+00 7.603974081575870514e-04
0.000000000000000000e+00 5.181792075745761395e-04
0.000000000000000000e+00 5.024583660997450352e-04
0.000000000000000000e+00 2.188254584325477481e-04
0.000000000000000000e+00 2.079978876281529665e-04
0.000000000000000000e+00 3.154278674628585577e-04
0.000000000000000000e+00 2.699448377825319767e-04
0.000000000000000000e+00 1.224737789016216993e-04
0.000000000000000000e+00 1.064060415956191719e-04
0.000000000000000000e+00 8.983194857137277722e-05
0.000000000000000000e+00 2.054209326161071658e-04
0.000000000000000000e+00 1.016746246023103595e-04
0.000000000000000000e+00 1.375185966026037931e-04
0.000000000000000000e+00 5.372398663894273341e-05
0.000000000000000000e+00 8.781855285633355379e-05
0.000000000000000000e+00 2.720846350712236017e-05
0.000000000000000000e+00 2.856072387658059597e-05
0.000000000000000000e+00 3.039690818695817143e-05
0.000000000000000000e+00 3.586201637517660856e-05
0.000000000000000000e+00 5.319480987964197993e-05
0.000000000000000000e+00 3.281773751950822771e-05
0.000000000000000000e+00 6.366724846884608269e-05
0.000000000000000000e+00 4.370489477878436446e-05
0.000000000000000000e+00 2.998510899487882853e-05
0.000000000000000000e+00 1.943300230777822435e-05
0.000000000000000000e+00 1.519315628684125841e-05
0.000000000000000000e+00 1.279053503822069615e-05
0.000000000000000000e+00 3.114263381576165557e-05
