0.000000000000000000e+00 1.460680514574050903e-01
0.000000000000000000e+00 1.517324000597000122e-01
0.000000000000000000e+00 1.458336710929870605e-01
0.000000000000000000e+00 1.675225049257278442e-01
0.000000000000000000e+00 1.631631851196289062e-01
0.000000000000000000e+00 1.753285676240921021e-01
0.000000000000000000e+00 1.710915416479110718e-01
0.000000000000000000e+00 1.670138686895370483e-01
0.000000000000000000e+00 1.753327399492263794e-01
0.000000000000000000e+00 1.737490743398666382e-01
0.000000000000000000e+00 1.830182075500488281e-01
0.000000000000000000e+00 1.869213730096817017e-01
0.000000000000000000e+00 1.799903810024261475e-01
0.000000000000000000e+00 1.931514590978622437e-01
0.000000000000000000e+00 1.852931529283523560e-01
0.000000000000000000e+00 1.876854151487350464e-01
0.000000000000000000e+00 1.935699582099914551e-01
0.000000000000000000e+00 1.925491541624069214e-01
0.000000000000000000e+00 1.808567345142364502e-01
0.000000000000000000e+00 1.893534213304519653e-01
0.000000000000000000e+00 1.902363300323486328e-01
0.000000000000000000e+00 1.910174936056137085e-01
0.000000000000000000e+00 1.848127543926239014e-01
0.000000000000000000e+00 1.928646862506866455e-01
0.000000000000000000e+00 1.895267814397811890e-01
1.000000000000000000e+00 1.932072490453720093e-01
1.000000000000000000e+00 1.998983770608901978e-01
1.000000000000000000e+00 1.883700340986251831e-01
1.000000000000000000e+00 1.947612911462783813e-01
1.000000000000000000e+00 1.815729439258575439e-01
1.000000000000000000e+00 1.685279011726379395e-01
0.000000000000000000e+00 1.771136820316314697e-01
0.000000000000000000e+00 1.589007973670959473e-01
0.000000000000000000e+00 1.601262837648391724e-01
0.000000000000000000e+00 1.551722735166549683e-01
0.000000000000000000e+00 1.406054943799972534e-01
0.000000000000000000e+00 1.323444992303848267e-01
0.000000000000000000e+00 1.320627927780151367e-01
0.000000000000000000e+00 1.224690005183219910e-01
0.000000000000000000e+00 1.223820373415946960e-01
0.000000000000000000e+00 1.138160526752471924e-01
0.000000000000000000e+00 1.140050590038299561e-01
0.000000000000000000e+00 9.618745744228363037e-02
0.000000000000000000e+00 8.611229062080383301e-02
0.000000000000000000e+00 7.626704126596450806e-02
0.000000000000000000e+00 5.424259230494499207e-03
0.000000000000000000e+00 4.473284818232059479e-03
0.000000000000000000e+00 4.405909217894077301e-03
0.000000000000000000e+00 3.446655580773949623e-03
0.000000000000000000e+00 3.375879023224115372e-03
0.000000000000000000e+00 2.411512192338705063e-03
0.000000000000000000e+00 2.810704987496137619e-03
0.000000000000000000e+00 2.789237769320607185e-03
0.000000000000000000e+00 2.498342189937829971e-03
0.000000000000000000e+00 2.438306109979748726e-03
0.000000000000000000e+00 2.322249813005328178e-03
0.000000000000000000e+00 2.590928692370653152e-03
0.000000000000000000e+00 2.451530424878001213e-03
0.000000000000000000e+00 2.409771550446748734e-03
0.000000000000000000e+00 2.757404698058962822e-03
0.000000000000000000e+00 2.647247863933444023e-03
0.000000000000000000e+00 2.699748147279024124e-03
0.000000000000000000e+00 2.538579050451517105e-03
0.000000000000000000e+00 2.534090075641870499e-03
0.000000000000000000e+00 2.573228906840085983e-03
0.000000000000000000e+00 2.571918535977602005e-03
0.000000000000000000e+00 2.527719829231500626e-03
0.000000000000000000e+00 2.498907968401908875e-03
0.000000000000000000e+00 2.547220792621374130e-03
0.000000000000000000e+00 2.607859438285231590e-03
0.000000000000000000e+00 2.514502964913845062e-03
0.000000000000000000e+00 2.565182512626051903e-03
0.000000000000000000e+00 2.563130110502243042e-03
0.000000000000000000e+00 2.473560627549886703e-03
0.000000000000000000e+00 2.492915140464901924e-03
0.000000000000000000e+00 2.372199902310967445e-03
0.000000000000000000e+00 2.634126693010330200e-03
0.000000000000000000e+00 2.799262525513768196e-03
0.000000000000000000e+00 2.837029052898287773e-03
0.000000000000000000e+00 2.550411503762006760e-03
0.000000000000000000e+00 2.613531192764639854e-03
0.000000000000000000e+00 3.036125795915722847e-03
0.000000000000000000e+00 3.010140499100089073e-03
0.000000000000000000e+00 3.206248395144939423e-03
0.000000000000000000e+00 3.343834774568676949e-03
0.000000000000000000e+00 3.078797133639454842e-03
0.000000000000000000e+00 3.344246419146656990e-03
0.000000000000000000e+00 3.469123970717191696e-03
0.000000000000000000e+00 3.464389825239777565e-03
0.000000000000000000e+00 3.255073912441730499e-03
0.000000000000000000e+00 1.738616847433149815e-03
0.000000000000000000e+00 1.545236213132739067e-03
0.000000000000000000e+00 1.090127741917967796e-03
0.000000000000000000e+00 1.249921857379376888e-03
0.000000000000000000e+00 1.116029103286564350e-03
0.000000000000000000e+00 1.122089452110230923e-03
0.000000000000000000e+00 8.834287873469293118e-04
0.000000000000000000e+00 8.695475989952683449e-04
0.000000000000000000e+00 9.539733291603624821e-04
0.000000000000000000e+00 1.001406461000442505e-03
0.000000000000000000e+00 8.655833080410957336e-04
0.000000000000000000e+00 1.000794232822954655e-03
0.000000000000000000e+00 8.972590439952909946e-04
0.000000000000000000e+00 9.550528484396636486e-04
0.000000000000000000e+00 9.939129231497645378e-04
0.000000000000000000e+00 9.496929123997688293e-04
0.000000000000000000e+00 9.321101242676377296e-04
0.000000000000000000e+00 1.041891518980264664e-03
0.000000000000000000e+00 1.076387357898056507e-03
0.000000000000000000e+00 1.254525734111666679e-03
0.000000000000000000e+00 1.137854764237999916e-03
0.000000000000000000e+00 1.233641640283167362e-03
0.000000000000000000e+00 1.341344555839896202e-03
0.000000000000000000e+00 1.247609034180641174e-03
0.000000000000000000e+00 1.175552722997963428e-03
0.000000000000000000e+00 1.311572850681841373e-03
0.000000000000000000e+00 1.420787302777171135e-03
0.000000000000000000e+00 1.542839570902287960e-03
0.000000000000000000e+00 1.359771704301238060e-03
0.000000000000000000e+00 1.443564775399863720e-03
0.000000000000000000e+00 1.516659860499203205e-03
0.000000000000000000e+00 1.479942817240953445e-03
0.000000000000000000e+00 1.494719879701733589e-03
0.000000000000000000e+00 1.523385872133076191e-03
0.000000000000000000e+00 1.633029081858694553e-03
0.000000000000000000e+00 1.649176003411412239e-03
0.000000000000000000e+00 1.655663480050861835e-03
0.000000000000000000e+00 1.645451877266168594e-03
0.000000000000000000e+00 1.793166156858205795e-03
0.000000000000000000e+00 1.948216930031776428e-03
0.000000000000000000e+00 1.701988978311419487e-03
0.000000000000000000e+00 1.870289794169366360e-03
0.000000000000000000e+00 1.958123641088604927e-03
0.000000000000000000e+00 1.915183500386774540e-03
0.000000000000000000e+00 1.921216025948524475e-03
0.000000000000000000e+00 4.582334682345390320e-02
0.000000000000000000e+00 4.042397812008857727e-02
0.000000000000000000e+00 3.096997551620006561e-02
0.000000000000000000e+00 2.474942244589328766e-02
0.000000000000000000e+00 1.791221089661121368e-02
0.000000000000000000e+00 1.548088435083627701e-02
0.000000000000000000e+00 1.206253282725811005e-02
0.000000000000000000e+00 1.044276542961597443e-02
0.000000000000000000e+00 9.468873031437397003e-03
0.000000000000000000e+00 7.294797338545322418e-03
0.000000000000000000e+00 6.054046563804149628e-03
0.000000000000000000e+00 5.668357014656066895e-03
0.000000000000000000e+00 4.923767410218715668e-03
0.000000000000000000e+00 4.944458603858947754e-03
0.000000000000000000e+00 3.830319503322243690e-03
0.000000000000000000e+00 3.368121571838855743e-03
0.000000000000000000e+00 3.032594453543424606e-03
0.000000000000000000e+00 2.502167830243706703e-03
0.000000000000000000e+00 2.333494601771235466e-03
0.000000000000000000e+00 2.250643447041511536e-03
0.000000000000000000e+00 2.300788881257176399e-03
0.000000000000000000e+00 2.162534976378083229e-03
0.000000000000000000e+00 2.093629213050007820e-03
0.000000000000000000e+00 2.241259440779685974e-03
0.000000000000000000e+00 2.092136302962899208e-03
0.000000000000000000e+00 2.061886712908744812e-03
0.000000000000000000e+00 1.949004246853291988e-03
0.000000000000000000e+00 2.144373254850506783e-03
0.000000000000000000e+00 2.230890095233917236e-03
0.000000000000000000e+00 2.003429690375924110e-03
0.000000000000000000e+00 1.980812754482030869e-03
0.000000000000000000e+00 2.123618964105844498e-03
0.000000000000000000e+00 2.127476269379258156e-03
0.000000000000000000e+00 2.225331962108612061e-03
0.000000000000000000e+00 2.178552793338894844e-03
0.000000000000000000e+00 2.144411206245422363e-03
0.000000000000000000e+00 2.387327374890446663e-03
0.000000000000000000e+00 2.267985604703426361e-03
0.000000000000000000e+00 2.633855212479829788e-03
0.000000000000000000e+00 2.508857054635882378e-03
0.000000000000000000e+00 2.797907916828989983e-03
0.000000000000000000e+00 2.774322172626852989e-03
0.000000000000000000e+00 2.859405474737286568e-03
0.000000000000000000e+00 3.057162743061780930e-03
0.000000000000000000e+00 3.015145892277359962e-03
0.000000000000000000e+00 1.622160337865352631e-02
0.000000000000000000e+00 1.228637527674436569e-02
0.000000000000000000e+00 1.082825101912021637e-02
0.000000000000000000e+00 8.669795468449592590e-03
0.000000000000000000e+00 8.334265090525150299e-03
0.000000000000000000e+00 7.114904001355171204e-03
0.000000000000000000e+00 6.819618865847587585e-03
0.000000000000000000e+00 6.729450076818466187e-03
0.000000000000000000e+00 6.750345695763826370e-03
0.000000000000000000e+00 6.973559502512216568e-03
0.000000000000000000e+00 7.495742291212081909e-03
0.000000000000000000e+00 6.742708850651979446e-03
0.000000000000000000e+00 7.159290369600057602e-03
0.000000000000000000e+00 7.016976363956928253e-03
0.000000000000000000e+00 6.691158283501863480e-03
0.000000000000000000e+00 7.188252173364162445e-03
0.000000000000000000e+00 7.224298082292079926e-03
0.000000000000000000e+00 6.979717407375574112e-03
0.000000000000000000e+00 6.694606970995664597e-03
0.000000000000000000e+00 7.422837428748607635e-03
0.000000000000000000e+00 7.295049261301755905e-03
0.000000000000000000e+00 7.220550905913114548e-03
0.000000000000000000e+00 8.096750825643539429e-03
0.000000000000000000e+00 8.420220576226711273e-03
0.000000000000000000e+00 7.374232634902000427e-03
0.000000000000000000e+00 7.686450611799955368e-03
0.000000000000000000e+00 8.282084017992019653e-03
0.000000000000000000e+00 9.100431576371192932e-03
0.000000000000000000e+00 7.544030901044607162e-03
0.000000000000000000e+00 8.480201475322246552e-03
0.000000000000000000e+00 8.082204498350620270e-03
0.000000000000000000e+00 8.992896415293216705e-03
0.000000000000000000e+00 8.363091386854648590e-03
0.000000000000000000e+00 8.814482949674129486e-03
0.000000000000000000e+00 8.693087846040725708e-03
0.000000000000000000e+00 8.929763920605182648e-03
0.000000000000000000e+00 9.427824988961219788e-03
0.000000000000000000e+00 8.494676090776920319e-03
0.000000000000000000e+00 8.677248843014240265e-03
0.000000000000000000e+00 8.434505201876163483e-03
0.000000000000000000e+00 8.724116720259189606e-03
0.000000000000000000e+00 9.234064258635044098e-03
0.000000000000000000e+00 8.857496082782745361e-03
0.000000000000000000e+00 8.896815590560436249e-03
0.000000000000000000e+00 8.428453467786312103e-03
0.000000000000000000e+00 4.927060101181268692e-03
0.000000000000000000e+00 4.312838427722454071e-03
0.000000000000000000e+00 3.632053732872009277e-03
0.000000000000000000e+00 2.817407250404357910e-03
0.000000000000000000e+00 2.703811973333358765e-03
0.000000000000000000e+00 2.190107479691505432e-03
0.000000000000000000e+00 1.873605768196284771e-03
0.000000000000000000e+00 1.489147194661200047e-03
0.000000000000000000e+00 1.579269184730947018e-03
0.000000000000000000e+00 1.464877743273973465e-03
0.000000000000000000e+00 1.558766816742718220e-03
0.000000000000000000e+00 1.327972975559532642e-03
0.000000000000000000e+00 1.411562436260282993e-03
0.000000000000000000e+00 1.302585355006158352e-03
0.000000000000000000e+00 1.388465752825140953e-03
0.000000000000000000e+00 1.247489592060446739e-03
0.000000000000000000e+00 1.351727056317031384e-03
0.000000000000000000e+00 1.308413688093423843e-03
0.000000000000000000e+00 1.331008155830204487e-03
0.000000000000000000e+00 1.444543129764497280e-03
0.000000000000000000e+00 1.498469384387135506e-03
0.000000000000000000e+00 1.545348670333623886e-03
0.000000000000000000e+00 1.556888222694396973e-03
0.000000000000000000e+00 1.720036962069571018e-03
0.000000000000000000e+00 1.711405813694000244e-03
0.000000000000000000e+00 1.628621714189648628e-03
0.000000000000000000e+00 1.686829375103116035e-03
0.000000000000000000e+00 1.840122044086456299e-03
0.000000000000000000e+00 1.763622509315609932e-03
0.000000000000000000e+00 1.972507685422897339e-03
0.000000000000000000e+00 1.726755639538168907e-03
0.000000000000000000e+00 2.027919748798012733e-03
0.000000000000000000e+00 1.885048346593976021e-03
0.000000000000000000e+00 1.947511336766183376e-03
0.000000000000000000e+00 2.133331261575222015e-03
0.000000000000000000e+00 2.048786962404847145e-03
0.000000000000000000e+00 2.062759129330515862e-03
0.000000000000000000e+00 2.045263536274433136e-03
0.000000000000000000e+00 2.235886175185441971e-03
0.000000000000000000e+00 2.071768976747989655e-03
0.000000000000000000e+00 2.006847644224762917e-03
0.000000000000000000e+00 2.054276410490274429e-03
0.000000000000000000e+00 1.930767204612493515e-03
0.000000000000000000e+00 1.965670613572001457e-03
0.000000000000000000e+00 2.083909697830677032e-03
0.000000000000000000e+00 8.418157696723937988e-01
0.000000000000000000e+00 8.569782376289367676e-01
0.000000000000000000e+00 8.469794988632202148e-01
0.000000000000000000e+00 8.380762934684753418e-01
0.000000000000000000e+00 8.444574475288391113e-01
0.000000000000000000e+00 8.567472696304321289e-01
0.000000000000000000e+00 8.470191359519958496e-01
0.000000000000000000e+00 8.503667116165161133e-01
0.000000000000000000e+00 8.468909263610839844e-01
0.000000000000000000e+00 8.622754812240600586e-01
0.000000000000000000e+00 8.557317852973937988e-01
0.000000000000000000e+00 8.508781194686889648e-01
0.000000000000000000e+00 8.643115162849426270e-01
0.000000000000000000e+00 8.546741604804992676e-01
0.000000000000000000e+00 8.641353845596313477e-01
0.000000000000000000e+00 8.590280413627624512e-01
0.000000000000000000e+00 8.661972880363464355e-01
0.000000000000000000e+00 8.537402153015136719e-01
0.000000000000000000e+00 8.471787571907043457e-01
0.000000000000000000e+00 8.642320632934570312e-01
0.000000000000000000e+00 8.716133236885070801e-01
0.000000000000000000e+00 8.714835047721862793e-01
0.000000000000000000e+00 8.818235993385314941e-01
0.000000000000000000e+00 8.724071383476257324e-01
0.000000000000000000e+00 8.692817687988281250e-01
0.000000000000000000e+00 8.745558857917785645e-01
0.000000000000000000e+00 8.857886195182800293e-01
0.000000000000000000e+00 8.920825123786926270e-01
0.000000000000000000e+00 8.813433051109313965e-01
0.000000000000000000e+00 8.895469307899475098e-01
0.000000000000000000e+00 8.919453620910644531e-01
0.000000000000000000e+00 8.873723745346069336e-01
0.000000000000000000e+00 8.745224475860595703e-01
0.000000000000000000e+00 8.836638927459716797e-01
0.000000000000000000e+00 8.786655664443969727e-01
0.000000000000000000e+00 8.582443594932556152e-01
0.000000000000000000e+00 8.609130978584289551e-01
0.000000000000000000e+00 8.627746701240539551e-01
0.000000000000000000e+00 8.617283105850219727e-01
0.000000000000000000e+00 8.501156568527221680e-01
0.000000000000000000e+00 8.378128409385681152e-01
0.000000000000000000e+00 8.380295038223266602e-01
0.000000000000000000e+00 8.324686288833618164e-01
0.000000000000000000e+00 8.196934461593627930e-01
0.000000000000000000e+00 8.030042648315429688e-01
0.000000000000000000e+00 2.460585348308086395e-02
1.000000000000000000e+00 2.030965685844421387e-02
0.000000000000000000e+00 1.726438105106353760e-02
0.000000000000000000e+00 1.101620402187108994e-02
0.000000000000000000e+00 7.865702733397483826e-03
0.000000000000000000e+00 8.649716153740882874e-03
0.000000000000000000e+00 5.514190532267093658e-03
0.000000000000000000e+00 4.159008152782917023e-03
0.000000000000000000e+00 3.607999067753553391e-03
0.000000000000000000e+00 3.288890933617949486e-03
0.000000000000000000e+00 2.646384527906775475e-03
0.000000000000000000e+00 2.200801856815814972e-03
0.000000000000000000e+00 1.769890077412128448e-03
0.000000000000000000e+00 1.397887826897203922e-03
0.000000000000000000e+00 1.345397089608013630e-03
0.000000000000000000e+00 1.191568793728947639e-03
0.000000000000000000e+00 1.188713125884532928e-03
0.000000000000000000e+00 9.653847082518041134e-04
0.000000000000000000e+00 9.707789868116378784e-04
0.000000000000000000e+00 7.043133373372256756e-04
0.000000000000000000e+00 6.445465842261910439e-04
0.000000000000000000e+00 6.094690179452300072e-04
0.000000000000000000e+00 5.378633504733443260e-04
0.000000000000000000e+00 4.940700600855052471e-04
0.000000000000000000e+00 4.717028350569307804e-04
0.000000000000000000e+00 4.194347420707345009e-04
0.000000000000000000e+00 3.666695847641676664e-04
0.000000000000000000e+00 3.321248514112085104e-04
0.000000000000000000e+00 3.165515663567930460e-04
0.000000000000000000e+00 3.094875428359955549e-04
0.000000000000000000e+00 2.661528706084936857e-04
0.000000000000000000e+00 2.620301384013146162e-04
0.000000000000000000e+00 2.713501162361353636e-04
0.000000000000000000e+00 2.785263059195131063e-04
0.000000000000000000e+00 2.339338971069082618e-04
0.000000000000000000e+00 2.325173991266638041e-04
0.000000000000000000e+00 2.207810175605118275e-04
0.000000000000000000e+00 2.552518562879413366e-04
0.000000000000000000e+00 2.579820575192570686e-04
0.000000000000000000e+00 2.763962838798761368e-04
0.000000000000000000e+00 2.624436747282743454e-04
0.000000000000000000e+00 3.113781276624649763e-04
0.000000000000000000e+00 2.544900344219058752e-04
0.000000000000000000e+00 2.947715693153440952e-04
0.000000000000000000e+00 3.017635317519307137e-04
