0.000000000000000000e+00 1.239914074540138245e-01
0.000000000000000000e+00 1.311270296573638916e-01
0.000000000000000000e+00 1.237602457404136658e-01
0.000000000000000000e+00 1.263090968132019043e-01
0.000000000000000000e+00 1.343120634555816650e-01
0.000000000000000000e+00 1.359495520591735840e-01
0.000000000000000000e+00 1.414528787136077881e-01
0.000000000000000000e+00 1.355545371770858765e-01
0.000000000000000000e+00 1.377047896385192871e-01
0.000000000000000000e+00 1.413610875606536865e-01
0.000000000000000000e+00 1.402097642421722412e-01
0.000000000000000000e+00 1.387778073549270630e-01
0.000000000000000000e+00 1.422137469053268433e-01
0.000000000000000000e+00 1.449333280324935913e-01
0.000000000000000000e+00 1.302556842565536499e-01
0.000000000000000000e+00 1.384707838296890259e-01
0.000000000000000000e+00 1.377071738243103027e-01
0.000000000000000000e+00 1.492355763912200928e-01
0.000000000000000000e+00 1.450680494308471680e-01
0.000000000000000000e+00 1.521525532007217407e-01
0.000000000000000000e+00 1.630057990550994873e-01
0.000000000000000000e+00 1.454229801893234253e-01
0.000000000000000000e+00 1.682987958192825317e-01
0.000000000000000000e+00 1.670898795127868652e-01
0.000000000000000000e+00 1.638170927762985229e-01
1.000000000000000000e+00 1.615338325500488281e-01
1.000000000000000000e+00 1.666314601898193359e-01
1.000000000000000000e+00 1.740751564502716064e-01
1.000000000000000000e+00 1.802602559328079224e-01
1.000000000000000000e+00 1.805320531129837036e-01
1.000000000000000000e+00 1.822432279586791992e-01
0.000000000000000000e+00 1.809754669666290283e-01
0.000000000000000000e+00 1.781785786151885986e-01
0.000000000000000000e+00 1.806851625442504883e-01
0.000000000000000000e+00 1.826395392417907715e-01
0.000000000000000000e+00 1.761814951896667480e-01
0.000000000000000000e+00 1.811957061290740967e-01
0.000000000000000000e+00 1.731824874877929688e-01
0.000000000000000000e+00 1.734111309051513672e-01
0.000000000000000000e+00 1.707983911037445068e-01
0.000000000000000000e+00 1.623631119728088379e-01
0.000000000000000000e+00 1.518457084894180298e-01
0.000000000000000000e+00 1.366548836231231689e-01
0.000000000000000000e+00 1.260674148797988892e-01
0.000000000000000000e+00 1.169684678316116333e-01
0.000000000000000000e+00 7.144643459469079971e-04
0.000000000000000000e+00 6.716384086757898331e-04
0.000000000000000000e+00 5.673302803188562393e-04
0.000000000000000000e+00 4.501909133978188038e-04
0.000000000000000000e+00 4.818267480004578829e-04
0.000000000000000000e+00 3.668496501632034779e-04
0.000000000000000000e+00 3.963512717746198177e-04
0.000000000000000000e+00 4.676000971812754869e-04
0.000000000000000000e+00 3.611292922869324684e-04
0.000000000000000000e+00 4.145582788623869419e-04
0.000000000000000000e+00 3.511440590955317020e-04
0.000000000000000000e+00 2.942271821666508913e-04
0.000000000000000000e+00 3.786877205129712820e-04
0.000000000000000000e+00 3.658396599348634481e-04
0.000000000000000000e+00 4.039054620079696178e-04
0.000000000000000000e+00 4.071803414262831211e-04
0.000000000000000000e+00 4.346893110778182745e-04
0.000000000000000000e+00 4.451118584256619215e-04
0.000000000000000000e+00 3.592951979953795671e-04
0.000000000000000000e+00 3.766676818486303091e-04
0.000000000000000000e+00 4.049628041684627533e-04
0.000000000000000000e+00 3.553908027242869139e-04
0.000000000000000000e+00 3.043854085262864828e-04
0.000000000000000000e+00 3.581966739147901535e-04
0.000000000000000000e+00 3.856372786685824394e-04
0.000000000000000000e+00 3.667847777251154184e-04
0.000000000000000000e+00 4.297378181945532560e-04
0.000000000000000000e+00 3.916277200914919376e-04
0.000000000000000000e+00 4.060955252498388290e-04
0.000000000000000000e+00 3.712080942932516336e-04
0.000000000000000000e+00 3.229447174817323685e-04
0.000000000000000000e+00 3.919360169675201178e-04
0.000000000000000000e+00 3.132754936814308167e-04
0.000000000000000000e+00 3.643600502982735634e-04
0.000000000000000000e+00 3.236774064134806395e-04
0.000000000000000000e+00 3.660985385067760944e-04
0.000000000000000000e+00 3.034631081391125917e-04
0.000000000000000000e+00 4.230152408126741648e-04
0.000000000000000000e+00 3.198875056114047766e-04
0.000000000000000000e+00 3.095217689406126738e-04
0.000000000000000000e+00 4.209552716929465532e-04
0.000000000000000000e+00 3.486585919745266438e-04
0.000000000000000000e+00 3.597177565097808838e-04
0.000000000000000000e+00 4.083293315488845110e-04
0.000000000000000000e+00 3.690298181027173996e-04
0.000000000000000000e+00 1.101356116123497486e-03
0.000000000000000000e+00 1.041777431964874268e-03
0.000000000000000000e+00 1.067945617251098156e-03
0.000000000000000000e+00 8.260206086561083794e-04
0.000000000000000000e+00 7.100908551365137100e-04
0.000000000000000000e+00 5.601037410087883472e-04
0.000000000000000000e+00 6.304720300249755383e-04
0.000000000000000000e+00 5.465626600198447704e-04
0.000000000000000000e+00 4.609049938153475523e-04
0.000000000000000000e+00 4.970793961547315121e-04
0.000000000000000000e+00 5.212061223573982716e-04
0.000000000000000000e+00 4.901504144072532654e-04
0.000000000000000000e+00 5.302494391798973083e-04
0.000000000000000000e+00 5.793755990453064442e-04
0.000000000000000000e+00 4.973578033968806267e-04
0.000000000000000000e+00 6.410060450434684753e-04
0.000000000000000000e+00 6.043884204700589180e-04
0.000000000000000000e+00 5.852080066688358784e-04
0.000000000000000000e+00 5.955643136985599995e-04
0.000000000000000000e+00 5.062859272584319115e-04
0.000000000000000000e+00 5.959052359685301781e-04
0.000000000000000000e+00 6.196685717441141605e-04
0.000000000000000000e+00 7.081273943185806274e-04
0.000000000000000000e+00 6.083492771722376347e-04
0.000000000000000000e+00 6.187496474012732506e-04
0.000000000000000000e+00 6.611562566831707954e-04
0.000000000000000000e+00 6.040291045792400837e-04
0.000000000000000000e+00 6.718122167512774467e-04
0.000000000000000000e+00 6.813610089011490345e-04
0.000000000000000000e+00 7.569845183752477169e-04
0.000000000000000000e+00 8.298121392726898193e-04
0.000000000000000000e+00 6.939938757568597794e-04
0.000000000000000000e+00 6.917705759406089783e-04
0.000000000000000000e+00 6.726745632477104664e-04
0.000000000000000000e+00 7.128113647922873497e-04
0.000000000000000000e+00 6.732678739354014397e-04
0.000000000000000000e+00 7.908179541118443012e-04
0.000000000000000000e+00 8.375383331440389156e-04
0.000000000000000000e+00 8.710336405783891678e-04
0.000000000000000000e+00 7.697069086134433746e-04
0.000000000000000000e+00 8.560853893868625164e-04
0.000000000000000000e+00 8.832864696159958839e-04
0.000000000000000000e+00 9.256587363779544830e-04
0.000000000000000000e+00 9.446199401281774044e-04
0.000000000000000000e+00 9.562743944115936756e-04
0.000000000000000000e+00 1.022488996386528015e-02
0.000000000000000000e+00 5.928989499807357788e-03
0.000000000000000000e+00 5.096882116049528122e-03
0.000000000000000000e+00 3.415584098547697067e-03
0.000000000000000000e+00 2.612201496958732605e-03
0.000000000000000000e+00 2.108459360897541046e-03
0.000000000000000000e+00 1.611754763871431351e-03
0.000000000000000000e+00 1.329803722910583019e-03
0.000000000000000000e+00 1.081924536265432835e-03
0.000000000000000000e+00 6.752254557795822620e-04
0.000000000000000000e+00 7.843535277061164379e-04
0.000000000000000000e+00 6.256916094571352005e-04
0.000000000000000000e+00 5.737621104344725609e-04
0.000000000000000000e+00 5.218036239966750145e-04
0.000000000000000000e+00 5.018466617912054062e-04
0.000000000000000000e+00 4.346777277532964945e-04
0.000000000000000000e+00 4.247362085152417421e-04
0.000000000000000000e+00 3.833102528005838394e-04
0.000000000000000000e+00 3.701444657053798437e-04
0.000000000000000000e+00 3.242240636609494686e-04
0.000000000000000000e+00 3.665916447062045336e-04
0.000000000000000000e+00 3.677705826703459024e-04
0.000000000000000000e+00 4.025961679872125387e-04
0.000000000000000000e+00 3.963315975852310658e-04
0.000000000000000000e+00 4.056333564221858978e-04
0.000000000000000000e+00 4.307721974328160286e-04
0.000000000000000000e+00 3.983805363532155752e-04
0.000000000000000000e+00 3.887948405463248491e-04
0.000000000000000000e+00 4.036925965920090675e-04
0.000000000000000000e+00 3.794972435571253300e-04
0.000000000000000000e+00 4.630679613910615444e-04
0.000000000000000000e+00 4.847513337153941393e-04
0.000000000000000000e+00 4.701806174125522375e-04
0.000000000000000000e+00 5.158003186807036400e-04
0.000000000000000000e+00 5.822952953167259693e-04
0.000000000000000000e+00 5.348432459868490696e-04
0.000000000000000000e+00 5.512569914571940899e-04
0.000000000000000000e+00 6.951317191123962402e-04
0.000000000000000000e+00 7.741787121631205082e-04
0.000000000000000000e+00 7.974442560225725174e-04
0.000000000000000000e+00 8.360082865692675114e-04
0.000000000000000000e+00 1.014772453345358372e-03
0.000000000000000000e+00 1.006963080726563931e-03
0.000000000000000000e+00 9.956141002476215363e-04
0.000000000000000000e+00 1.347758807241916656e-03
0.000000000000000000e+00 1.099718501791357994e-04
0.000000000000000000e+00 9.846021566772833467e-05
0.000000000000000000e+00 9.763464913703501225e-05
0.000000000000000000e+00 7.478344923583790660e-05
0.000000000000000000e+00 6.689343717880547047e-05
0.000000000000000000e+00 7.159296364989131689e-05
0.000000000000000000e+00 6.305619899649173021e-05
0.000000000000000000e+00 5.666119977831840515e-05
0.000000000000000000e+00 5.524915468413382769e-05
0.000000000000000000e+00 5.805815453641116619e-05
0.000000000000000000e+00 5.326979226083494723e-05
0.000000000000000000e+00 5.519439218915067613e-05
0.000000000000000000e+00 5.968991172267124057e-05
0.000000000000000000e+00 5.973056977381929755e-05
0.000000000000000000e+00 6.424475577659904957e-05
0.000000000000000000e+00 5.157965642865747213e-05
0.000000000000000000e+00 6.569609104190021753e-05
0.000000000000000000e+00 6.517393194371834397e-05
0.000000000000000000e+00 6.416173710022121668e-05
0.000000000000000000e+00 6.355678488034754992e-05
0.000000000000000000e+00 6.663278327323496342e-05
0.000000000000000000e+00 6.488371582236140966e-05
0.000000000000000000e+00 7.216826634248718619e-05
0.000000000000000000e+00 6.496370770037174225e-05
0.000000000000000000e+00 6.994243449298664927e-05
0.000000000000000000e+00 7.347276550717651844e-05
0.000000000000000000e+00 7.714632374700158834e-05
0.000000000000000000e+00 8.175607217708602548e-05
0.000000000000000000e+00 8.129846537485718727e-05
0.000000000000000000e+00 7.892062421888113022e-05
0.000000000000000000e+00 7.353164255619049072e-05
0.000000000000000000e+00 7.293545786524191499e-05
0.000000000000000000e+00 8.235481072915717959e-05
0.000000000000000000e+00 7.402941992040723562e-05
0.000000000000000000e+00 8.435363270109519362e-05
0.000000000000000000e+00 7.808340160408988595e-05
0.000000000000000000e+00 7.940473733469843864e-05
0.000000000000000000e+00 8.279443864012137055e-05
0.000000000000000000e+00 8.019032975425943732e-05
0.000000000000000000e+00 6.876077532069757581e-05
0.000000000000000000e+00 7.245001324918121099e-05
0.000000000000000000e+00 8.192002860596403480e-05
0.000000000000000000e+00 7.567788998130708933e-05
0.000000000000000000e+00 8.885101851774379611e-05
0.000000000000000000e+00 7.229355833260342479e-05
0.000000000000000000e+00 1.117843668907880783e-02
0.000000000000000000e+00 1.036534830927848816e-02
0.000000000000000000e+00 8.249241858720779419e-03
0.000000000000000000e+00 6.476719398051500320e-03
0.000000000000000000e+00 5.855673458427190781e-03
0.000000000000000000e+00 5.027302075177431107e-03
0.000000000000000000e+00 4.378591198474168777e-03
0.000000000000000000e+00 4.294840153306722641e-03
0.000000000000000000e+00 3.909758292138576508e-03
0.000000000000000000e+00 4.171709995716810226e-03
0.000000000000000000e+00 3.995696082711219788e-03
0.000000000000000000e+00 4.033728502690792084e-03
0.000000000000000000e+00 4.200584255158901215e-03
0.000000000000000000e+00 4.414093215018510818e-03
0.000000000000000000e+00 4.498648922890424728e-03
0.000000000000000000e+00 5.164101719856262207e-03
0.000000000000000000e+00 5.486932117491960526e-03
0.000000000000000000e+00 5.305962171405553818e-03
0.000000000000000000e+00 6.047762930393218994e-03
0.000000000000000000e+00 6.514483131468296051e-03
0.000000000000000000e+00 6.228608079254627228e-03
0.000000000000000000e+00 7.253230083733797073e-03
0.000000000000000000e+00 7.293236441910266876e-03
0.000000000000000000e+00 8.306480012834072113e-03
0.000000000000000000e+00 8.795884437859058380e-03
0.000000000000000000e+00 9.720018133521080017e-03
0.000000000000000000e+00 9.417966008186340332e-03
0.000000000000000000e+00 1.147857494652271271e-02
0.000000000000000000e+00 1.188931055366992950e-02
0.000000000000000000e+00 1.200193259865045547e-02
0.000000000000000000e+00 1.332332938909530640e-02
0.000000000000000000e+00 1.469609979540109634e-02
0.000000000000000000e+00 1.500062923878431320e-02
0.000000000000000000e+00 1.501736510545015335e-02
0.000000000000000000e+00 1.695228554308414459e-02
0.000000000000000000e+00 1.637754961848258972e-02
0.000000000000000000e+00 1.654177717864513397e-02
0.000000000000000000e+00 1.711522787809371948e-02
0.000000000000000000e+00 1.614569686353206635e-02
0.000000000000000000e+00 1.501331571489572525e-02
0.000000000000000000e+00 1.684026420116424561e-02
0.000000000000000000e+00 1.923581585288047791e-02
0.000000000000000000e+00 1.769840717315673828e-02
0.000000000000000000e+00 1.643262431025505066e-02
0.000000000000000000e+00 1.813066191971302032e-02
0.000000000000000000e+00 8.674095869064331055e-01
0.000000000000000000e+00 8.896645903587341309e-01
0.000000000000000000e+00 8.785164356231689453e-01
0.000000000000000000e+00 8.963470458984375000e-01
0.000000000000000000e+00 9.014882445335388184e-01
0.000000000000000000e+00 8.992859125137329102e-01
0.000000000000000000e+00 8.987877368927001953e-01
0.000000000000000000e+00 9.009274840354919434e-01
0.000000000000000000e+00 8.999523520469665527e-01
0.000000000000000000e+00 8.986412882804870605e-01
0.000000000000000000e+00 9.040133357048034668e-01
0.000000000000000000e+00 9.001687765121459961e-01
0.000000000000000000e+00 8.982980251312255859e-01
0.000000000000000000e+00 8.959205746650695801e-01
0.000000000000000000e+00 9.026390910148620605e-01
0.000000000000000000e+00 9.044679403305053711e-01
0.000000000000000000e+00 9.075176119804382324e-01
0.000000000000000000e+00 9.061275124549865723e-01
0.000000000000000000e+00 9.091969132423400879e-01
0.000000000000000000e+00 9.049767851829528809e-01
0.000000000000000000e+00 9.146372079849243164e-01
0.000000000000000000e+00 9.140942096710205078e-01
0.000000000000000000e+00 9.151236414909362793e-01
0.000000000000000000e+00 9.168411493301391602e-01
0.000000000000000000e+00 9.147521853446960449e-01
0.000000000000000000e+00 9.242946505546569824e-01
0.000000000000000000e+00 9.130334258079528809e-01
0.000000000000000000e+00 9.183545112609863281e-01
0.000000000000000000e+00 9.144240617752075195e-01
0.000000000000000000e+00 9.191293716430664062e-01
0.000000000000000000e+00 9.184786677360534668e-01
0.000000000000000000e+00 9.170038104057312012e-01
0.000000000000000000e+00 9.182980656623840332e-01
0.000000000000000000e+00 9.136676192283630371e-01
0.000000000000000000e+00 9.130503535270690918e-01
0.000000000000000000e+00 9.055850505828857422e-01
0.000000000000000000e+00 9.099503159523010254e-01
0.000000000000000000e+00 9.048072099685668945e-01
0.000000000000000000e+00 9.094914793968200684e-01
0.000000000000000000e+00 8.979272842407226562e-01
0.000000000000000000e+00 8.976527452468872070e-01
0.000000000000000000e+00 8.947011828422546387e-01
0.000000000000000000e+00 8.895397186279296875e-01
0.000000000000000000e+00 8.753576278686523438e-01
0.000000000000000000e+00 8.779907226562500000e-01
0.000000000000000000e+00 2.546142935752868652e-01
1.000000000000000000e+00 2.265815138816833496e-01
0.000000000000000000e+00 1.838802099227905273e-01
0.000000000000000000e+00 1.773356497287750244e-01
0.000000000000000000e+00 1.651841849088668823e-01
0.000000000000000000e+00 1.491006761789321899e-01
0.000000000000000000e+00 1.393151581287384033e-01
0.000000000000000000e+00 1.022788360714912415e-01
0.000000000000000000e+00 9.569276124238967896e-02
0.000000000000000000e+00 8.145130425691604614e-02
0.000000000000000000e+00 5.956683680415153503e-02
0.000000000000000000e+00 4.828694090247154236e-02
0.000000000000000000e+00 4.635903984308242798e-02
0.000000000000000000e+00 3.494671359658241272e-02
0.000000000000000000e+00 2.810617536306381226e-02
0.000000000000000000e+00 2.343393489718437195e-02
0.000000000000000000e+00 2.168570086359977722e-02
0.000000000000000000e+00 1.642369478940963745e-02
0.000000000000000000e+00 1.394241582602262497e-02
0.000000000000000000e+00 1.081632077693939209e-02
0.000000000000000000e+00 1.199194043874740601e-02
0.000000000000000000e+00 9.242976084351539612e-03
0.000000000000000000e+00 8.430139161646366119e-03
0.000000000000000000e+00 7.264762185513973236e-03
0.000000000000000000e+00 6.858617998659610748e-03
0.000000000000000000e+00 6.003268528729677200e-03
0.000000000000000000e+00 5.222359672188758850e-03
0.000000000000000000e+00 5.088141188025474548e-03
0.000000000000000000e+00 3.811603412032127380e-03
0.000000000000000000e+00 3.653050633147358894e-03
0.000000000000000000e+00 3.489666851237416267e-03
0.000000000000000000e+00 2.839129883795976639e-03
0.000000000000000000e+00 2.678648335859179497e-03
0.000000000000000000e+00 2.829833189025521278e-03
0.000000000000000000e+00 2.532238373532891273e-03
0.000000000000000000e+00 2.422448247671127319e-03
0.000000000000000000e+00 2.370066707953810692e-03
0.000000000000000000e+00 2.106579020619392395e-03
0.000000000000000000e+00 1.974025974050164223e-03
0.000000000000000000e+00 2.024808200076222420e-03
0.000000000000000000e+00 1.887378050014376640e-03
0.000000000000000000e+00 2.212547231465578079e-03
0.000000000000000000e+00 2.323040971532464027e-03
0.000000000000000000e+00 2.491003368049860001e-03
0.000000000000000000e+00 2.378542209044098854e-03
