1.000000000000000000e+00 9.079205989837646484e-02
1.000000000000000000e+00 6.302511692047119141e-02
1.000000000000000000e+00 8.209212869405746460e-02
1.000000000000000000e+00 7.931611686944961548e-02
0.000000000000000000e+00 8.812902122735977173e-02
0.000000000000000000e+00 1.182003915309906006e-01
0.000000000000000000e+00 7.687861472368240356e-02
0.000000000000000000e+00 8.652827143669128418e-02
0.000000000000000000e+00 7.961614429950714111e-02
1.000000000000000000e+00 8.184583485126495361e-02
1.000000000000000000e+00 6.491466611623764038e-02
1.000000000000000000e+00 8.843091130256652832e-02
1.000000000000000000e+00 8.589448034763336182e-02
0.000000000000000000e+00 7.421811670064926147e-02
0.000000000000000000e+00 1.094256266951560974e-01
0.000000000000000000e+00 9.751637279987335205e-02
0.000000000000000000e+00 7.176259905099868774e-02
0.000000000000000000e+00 8.233045041561126709e-02
0.000000000000000000e+00 1.133457720279693604e-01
0.000000000000000000e+00 8.771438151597976685e-02
0.000000000000000000e+00 7.376945763826370239e-02
0.000000000000000000e+00 9.833107143640518188e-02
0.000000000000000000e+00 7.612023502588272095e-02
1.000000000000000000e+00 8.547522127628326416e-02
1.000000000000000000e+00 8.177865296602249146e-02
1.000000000000000000e+00 8.950537443161010742e-02
1.000000000000000000e+00 8.191566169261932373e-02
1.000000000000000000e+00 4.864819347858428955e-02
1.000000000000000000e+00 5.484957993030548096e-02
1.000000000000000000e+00 5.200802907347679138e-02
1.000000000000000000e+00 5.218926817178726196e-02
1.000000000000000000e+00 4.177549481391906738e-02
1.000000000000000000e+00 3.851861506700515747e-02
0.000000000000000000e+00 3.074720129370689392e-02
0.000000000000000000e+00 1.612248271703720093e-02
0.000000000000000000e+00 1.378982514142990112e-02
0.000000000000000000e+00 9.634321555495262146e-03
0.000000000000000000e+00 8.230965584516525269e-03
0.000000000000000000e+00 7.306339219212532043e-03
0.000000000000000000e+00 4.447435960173606873e-03
0.000000000000000000e+00 3.835313720628619194e-03
0.000000000000000000e+00 3.234127303585410118e-03
0.000000000000000000e+00 2.629090566188097000e-03
0.000000000000000000e+00 1.878320937976241112e-03
0.000000000000000000e+00 1.810323912650346756e-03
0.000000000000000000e+00 4.534960025921463966e-04
0.000000000000000000e+00 3.660779038909822702e-04
0.000000000000000000e+00 1.948908029589802027e-04
0.000000000000000000e+00 1.328635553363710642e-04
0.000000000000000000e+00 1.229818008141592145e-04
0.000000000000000000e+00 6.834467785665765405e-05
0.000000000000000000e+00 5.708727985620498657e-05
0.000000000000000000e+00 5.654828055412508547e-05
0.000000000000000000e+00 4.797409565071575344e-05
0.000000000000000000e+00 3.987627133028581738e-05
0.000000000000000000e+00 5.531083297682926059e-05
0.000000000000000000e+00 4.421907942742109299e-05
0.000000000000000000e+00 4.556563726509921253e-05
0.000000000000000000e+00 4.355219789431430399e-05
0.000000000000000000e+00 4.050633287988603115e-05
0.000000000000000000e+00 3.841721627395600080e-05
0.000000000000000000e+00 4.016927778138779104e-05
0.000000000000000000e+00 4.475604146136902273e-05
0.000000000000000000e+00 4.031987919006496668e-05
0.000000000000000000e+00 4.996720235794782639e-05
0.000000000000000000e+00 3.817551987594924867e-05
0.000000000000000000e+00 3.885681871906854212e-05
0.000000000000000000e+00 4.467340477276593447e-05
0.000000000000000000e+00 4.363405605545267463e-05
0.000000000000000000e+00 3.906108031515032053e-05
0.000000000000000000e+00 3.668764838948845863e-05
0.000000000000000000e+00 4.235604865243658423e-05
0.000000000000000000e+00 3.298408773844130337e-05
0.000000000000000000e+00 4.111065209144726396e-05
0.000000000000000000e+00 3.386070602573454380e-05
0.000000000000000000e+00 4.213146530673839152e-05
0.000000000000000000e+00 4.007496681879274547e-05
0.000000000000000000e+00 3.958664819947443902e-05
0.000000000000000000e+00 4.007584357168525457e-05
0.000000000000000000e+00 3.958008164772763848e-05
0.000000000000000000e+00 4.821801121579483151e-05
0.000000000000000000e+00 4.157147850492037833e-05
0.000000000000000000e+00 4.426059240358881652e-05
0.000000000000000000e+00 4.861925481236539781e-05
0.000000000000000000e+00 4.260824061930179596e-05
0.000000000000000000e+00 4.998364238417707384e-05
0.000000000000000000e+00 5.654833148582838476e-05
0.000000000000000000e+00 5.407143180491402745e-05
0.000000000000000000e+00 5.283686914481222630e-05
0.000000000000000000e+00 7.073701272020116448e-05
0.000000000000000000e+00 6.563186179846525192e-03
0.000000000000000000e+00 5.883385892957448959e-03
0.000000000000000000e+00 4.616804420948028564e-03
0.000000000000000000e+00 4.276181571185588837e-03
0.000000000000000000e+00 3.581580240279436111e-03
0.000000000000000000e+00 2.946330700069665909e-03
0.000000000000000000e+00 2.681022509932518005e-03
0.000000000000000000e+00 2.076206263154745102e-03
0.000000000000000000e+00 1.858929288573563099e-03
0.000000000000000000e+00 1.798326265998184681e-03
0.000000000000000000e+00 1.860552816651761532e-03
0.000000000000000000e+00 1.850764034315943718e-03
0.000000000000000000e+00 2.046136651188135147e-03
0.000000000000000000e+00 2.051520394161343575e-03
0.000000000000000000e+00 2.187474863603711128e-03
0.000000000000000000e+00 2.340640174224972725e-03
0.000000000000000000e+00 2.448227722197771072e-03
0.000000000000000000e+00 2.762191928923130035e-03
0.000000000000000000e+00 3.091065678745508194e-03
0.000000000000000000e+00 3.153885016217827797e-03
0.000000000000000000e+00 3.745941678062081337e-03
0.000000000000000000e+00 4.458768758922815323e-03
0.000000000000000000e+00 4.192828200757503510e-03
0.000000000000000000e+00 4.875482525676488876e-03
0.000000000000000000e+00 4.966133739799261093e-03
0.000000000000000000e+00 5.145546514540910721e-03
0.000000000000000000e+00 6.408142857253551483e-03
0.000000000000000000e+00 6.743983365595340729e-03
0.000000000000000000e+00 7.587657310068607330e-03
0.000000000000000000e+00 8.599918335676193237e-03
0.000000000000000000e+00 8.719965815544128418e-03
0.000000000000000000e+00 8.736918680369853973e-03
0.000000000000000000e+00 8.611284196376800537e-03
0.000000000000000000e+00 8.991328999400138855e-03
0.000000000000000000e+00 1.062385924160480499e-02
0.000000000000000000e+00 1.115855202078819275e-02
0.000000000000000000e+00 1.064371503889560699e-02
0.000000000000000000e+00 1.228544395416975021e-02
0.000000000000000000e+00 1.415924169123172760e-02
0.000000000000000000e+00 1.428187452256679535e-02
0.000000000000000000e+00 1.506459526717662811e-02
0.000000000000000000e+00 1.625454798340797424e-02
0.000000000000000000e+00 1.592063158750534058e-02
0.000000000000000000e+00 1.749370805919170380e-02
0.000000000000000000e+00 1.870668865740299225e-02
0.000000000000000000e+00 1.796727031469345093e-01
0.000000000000000000e+00 1.137115582823753357e-01
0.000000000000000000e+00 6.585288047790527344e-02
0.000000000000000000e+00 4.266053810715675354e-02
0.000000000000000000e+00 3.863963484764099121e-02
0.000000000000000000e+00 2.632021531462669373e-02
0.000000000000000000e+00 1.716648042201995850e-02
0.000000000000000000e+00 1.249401178210973740e-02
0.000000000000000000e+00 8.267792873084545135e-03
0.000000000000000000e+00 6.336663849651813507e-03
0.000000000000000000e+00 4.949599038809537888e-03
0.000000000000000000e+00 3.444473259150981903e-03
0.000000000000000000e+00 2.796811750158667564e-03
0.000000000000000000e+00 2.248652512207627296e-03
0.000000000000000000e+00 1.631945022381842136e-03
0.000000000000000000e+00 1.512192306108772755e-03
0.000000000000000000e+00 1.192565774545073509e-03
0.000000000000000000e+00 1.040193135850131512e-03
0.000000000000000000e+00 8.367287227883934975e-04
0.000000000000000000e+00 8.059600368142127991e-04
0.000000000000000000e+00 7.383325137197971344e-04
0.000000000000000000e+00 6.900188163854181767e-04
0.000000000000000000e+00 6.127782980911433697e-04
0.000000000000000000e+00 5.767241818830370903e-04
0.000000000000000000e+00 5.881312536075711250e-04
0.000000000000000000e+00 6.915784324519336224e-04
0.000000000000000000e+00 5.603218451142311096e-04
0.000000000000000000e+00 6.437402334995567799e-04
0.000000000000000000e+00 7.228756439872086048e-04
0.000000000000000000e+00 6.172241992317140102e-04
0.000000000000000000e+00 6.133099668659269810e-04
0.000000000000000000e+00 5.586846964433789253e-04
0.000000000000000000e+00 5.379815120249986649e-04
0.000000000000000000e+00 6.350841140374541283e-04
0.000000000000000000e+00 6.454376270994544029e-04
0.000000000000000000e+00 6.988021777942776680e-04
0.000000000000000000e+00 7.579644443467259407e-04
0.000000000000000000e+00 7.698650006204843521e-04
0.000000000000000000e+00 8.135681273415684700e-04
0.000000000000000000e+00 8.861949318088591099e-04
0.000000000000000000e+00 9.306440479122102261e-04
0.000000000000000000e+00 9.040770819410681725e-04
0.000000000000000000e+00 1.133493962697684765e-03
0.000000000000000000e+00 1.007409184239804745e-03
0.000000000000000000e+00 1.284978003241121769e-03
0.000000000000000000e+00 2.587330760434269905e-03
0.000000000000000000e+00 2.092016860842704773e-03
0.000000000000000000e+00 1.731033436954021454e-03
0.000000000000000000e+00 1.521788071841001511e-03
0.000000000000000000e+00 1.494753989391028881e-03
0.000000000000000000e+00 1.201355131343007088e-03
0.000000000000000000e+00 1.020268886350095272e-03
0.000000000000000000e+00 1.062088296748697758e-03
0.000000000000000000e+00 9.746440337039530277e-04
0.000000000000000000e+00 9.377786191180348396e-04
0.000000000000000000e+00 8.840548107400536537e-04
0.000000000000000000e+00 1.022442243993282318e-03
0.000000000000000000e+00 9.855950484052300453e-04
0.000000000000000000e+00 1.108899712562561035e-03
0.000000000000000000e+00 1.072792103514075279e-03
0.000000000000000000e+00 7.991235470399260521e-04
0.000000000000000000e+00 9.508780785836279392e-04
0.000000000000000000e+00 1.054355408996343613e-03
0.000000000000000000e+00 1.143306843005120754e-03
0.000000000000000000e+00 1.147720729932188988e-03
0.000000000000000000e+00 1.338269910775125027e-03
0.000000000000000000e+00 1.263712765648961067e-03
0.000000000000000000e+00 1.323072239756584167e-03
0.000000000000000000e+00 1.147973816841840744e-03
0.000000000000000000e+00 1.265027211047708988e-03
0.000000000000000000e+00 1.141719985753297806e-03
0.000000000000000000e+00 1.260821358300745487e-03
0.000000000000000000e+00 1.492462004534900188e-03
0.000000000000000000e+00 1.343997428193688393e-03
0.000000000000000000e+00 1.329373801127076149e-03
0.000000000000000000e+00 1.166449626907706261e-03
0.000000000000000000e+00 1.378784654662013054e-03
0.000000000000000000e+00 1.335063250735402107e-03
0.000000000000000000e+00 1.342980074696242809e-03
0.000000000000000000e+00 1.452535740099847317e-03
0.000000000000000000e+00 1.281106611713767052e-03
0.000000000000000000e+00 1.430564559996128082e-03
0.000000000000000000e+00 1.305040321312844753e-03
0.000000000000000000e+00 1.272370107471942902e-03
0.000000000000000000e+00 1.275801216252148151e-03
0.000000000000000000e+00 1.436908030882477760e-03
0.000000000000000000e+00 1.553304726257920265e-03
0.000000000000000000e+00 1.268018269911408424e-03
0.000000000000000000e+00 1.303856377489864826e-03
0.000000000000000000e+00 1.271794550120830536e-03
0.000000000000000000e+00 8.155207149684429169e-03
0.000000000000000000e+00 5.750710144639015198e-03
0.000000000000000000e+00 4.876669496297836304e-03
0.000000000000000000e+00 4.421162884682416916e-03
0.000000000000000000e+00 3.819257020950317383e-03
0.000000000000000000e+00 3.044669516384601593e-03
0.000000000000000000e+00 3.111986443400382996e-03
0.000000000000000000e+00 2.491350518539547920e-03
0.000000000000000000e+00 2.560817170888185501e-03
0.000000000000000000e+00 2.896824851632118225e-03
0.000000000000000000e+00 2.600112929940223694e-03
0.000000000000000000e+00 2.803006675094366074e-03
0.000000000000000000e+00 3.000820055603981018e-03
0.000000000000000000e+00 2.772758016362786293e-03
0.000000000000000000e+00 3.197148209437727928e-03
0.000000000000000000e+00 3.467990318313241005e-03
0.000000000000000000e+00 3.192482981830835342e-03
0.000000000000000000e+00 3.152937395498156548e-03
0.000000000000000000e+00 3.058767411857843399e-03
0.000000000000000000e+00 3.222675761207938194e-03
0.000000000000000000e+00 3.523272695019841194e-03
0.000000000000000000e+00 3.151824232190847397e-03
0.000000000000000000e+00 3.325550816953182220e-03
0.000000000000000000e+00 3.145864000543951988e-03
0.000000000000000000e+00 3.321243915706872940e-03
0.000000000000000000e+00 3.052457468584179878e-03
0.000000000000000000e+00 3.357674228027462959e-03
0.000000000000000000e+00 3.792441217228770256e-03
0.000000000000000000e+00 3.532762406393885612e-03
0.000000000000000000e+00 3.916969988495111465e-03
0.000000000000000000e+00 3.741102991625666618e-03
0.000000000000000000e+00 3.904684213921427727e-03
0.000000000000000000e+00 3.756173886358737946e-03
0.000000000000000000e+00 4.076647106558084488e-03
0.000000000000000000e+00 4.616497550159692764e-03
0.000000000000000000e+00 4.265029449015855789e-03
0.000000000000000000e+00 4.426902160048484802e-03
0.000000000000000000e+00 4.772311542183160782e-03
0.000000000000000000e+00 4.522642120718955994e-03
0.000000000000000000e+00 4.436200950294733047e-03
0.000000000000000000e+00 4.558012820780277252e-03
0.000000000000000000e+00 4.638069309294223785e-03
0.000000000000000000e+00 4.854527767747640610e-03
0.000000000000000000e+00 4.906413611024618149e-03
0.000000000000000000e+00 4.890719428658485413e-03
0.000000000000000000e+00 9.236156344413757324e-01
0.000000000000000000e+00 9.229089021682739258e-01
0.000000000000000000e+00 9.235315322875976562e-01
0.000000000000000000e+00 9.253438115119934082e-01
0.000000000000000000e+00 9.283818602561950684e-01
0.000000000000000000e+00 9.268592000007629395e-01
0.000000000000000000e+00 9.316432476043701172e-01
0.000000000000000000e+00 9.294221401214599609e-01
0.000000000000000000e+00 9.329499006271362305e-01
0.000000000000000000e+00 9.314510226249694824e-01
0.000000000000000000e+00 9.331804513931274414e-01
0.000000000000000000e+00 9.318192005157470703e-01
0.000000000000000000e+00 9.309880137443542480e-01
0.000000000000000000e+00 9.319819211959838867e-01
0.000000000000000000e+00 9.339954257011413574e-01
0.000000000000000000e+00 9.317814707756042480e-01
0.000000000000000000e+00 9.324055910110473633e-01
0.000000000000000000e+00 9.286831021308898926e-01
0.000000000000000000e+00 9.313274621963500977e-01
0.000000000000000000e+00 9.292126297950744629e-01
0.000000000000000000e+00 9.290435314178466797e-01
0.000000000000000000e+00 9.322169423103332520e-01
0.000000000000000000e+00 9.335336089134216309e-01
0.000000000000000000e+00 9.321227669715881348e-01
0.000000000000000000e+00 9.310351610183715820e-01
0.000000000000000000e+00 9.329226016998291016e-01
0.000000000000000000e+00 9.337562918663024902e-01
0.000000000000000000e+00 9.324226975440979004e-01
1.000000000000000000e+00 9.364696145057678223e-01
1.000000000000000000e+00 9.323992729187011719e-01
1.000000000000000000e+00 9.330279231071472168e-01
1.000000000000000000e+00 9.312915802001953125e-01
0.000000000000000000e+00 9.322067499160766602e-01
0.000000000000000000e+00 9.293812513351440430e-01
0.000000000000000000e+00 9.320136904716491699e-01
0.000000000000000000e+00 9.291417002677917480e-01
0.000000000000000000e+00 9.307580590248107910e-01
0.000000000000000000e+00 9.248143434524536133e-01
0.000000000000000000e+00 9.276440143585205078e-01
0.000000000000000000e+00 9.266923069953918457e-01
0.000000000000000000e+00 9.245216250419616699e-01
0.000000000000000000e+00 9.263782501220703125e-01
0.000000000000000000e+00 9.269381761550903320e-01
0.000000000000000000e+00 9.271771907806396484e-01
0.000000000000000000e+00 9.246896505355834961e-01
1.000000000000000000e+00 6.522930264472961426e-01
1.000000000000000000e+00 6.458206176757812500e-01
1.000000000000000000e+00 6.552345752716064453e-01
1.000000000000000000e+00 6.026970744132995605e-01
1.000000000000000000e+00 5.425242185592651367e-01
0.000000000000000000e+00 4.993085861206054688e-01
0.000000000000000000e+00 4.381722509860992432e-01
0.000000000000000000e+00 3.817515373229980469e-01
0.000000000000000000e+00 3.193915784358978271e-01
0.000000000000000000e+00 2.451268583536148071e-01
0.000000000000000000e+00 2.152782082557678223e-01
0.000000000000000000e+00 1.856385171413421631e-01
0.000000000000000000e+00 1.354404538869857788e-01
0.000000000000000000e+00 1.347410082817077637e-01
0.000000000000000000e+00 1.246139481663703918e-01
0.000000000000000000e+00 8.790849149227142334e-02
1.000000000000000000e+00 7.543712854385375977e-02
1.000000000000000000e+00 5.281220749020576477e-02
0.000000000000000000e+00 3.324257209897041321e-02
0.000000000000000000e+00 2.628818526864051819e-02
0.000000000000000000e+00 2.093751356005668640e-02
0.000000000000000000e+00 1.309542451053857803e-02
0.000000000000000000e+00 9.383255615830421448e-03
0.000000000000000000e+00 8.427266031503677368e-03
0.000000000000000000e+00 5.730523727834224701e-03
1.000000000000000000e+00 3.794343909248709679e-03
1.000000000000000000e+00 3.217050107195973396e-03
1.000000000000000000e+00 2.693662885576486588e-03
1.000000000000000000e+00 2.833979204297065735e-03
0.000000000000000000e+00 2.282209228724241257e-03
0.000000000000000000e+00 1.809001667425036430e-03
0.000000000000000000e+00 1.694670994766056538e-03
0.000000000000000000e+00 1.293634762987494469e-03
0.000000000000000000e+00 1.494905678555369377e-03
0.000000000000000000e+00 1.851123524829745293e-03
0.000000000000000000e+00 2.007885836064815521e-03
0.000000000000000000e+00 1.719381310977041721e-03
0.000000000000000000e+00 1.440110849216580391e-03
0.000000000000000000e+00 1.447409391403198242e-03
0.000000000000000000e+00 1.854725298471748829e-03
0.000000000000000000e+00 1.850827597081661224e-03
0.000000000000000000e+00 1.779956510290503502e-03
0.000000000000000000e+00 2.130354056134819984e-03
0.000000000000000000e+00 2.542409580200910568e-03
0.000000000000000000e+00 2.909081056714057922e-03
