0.000000000000000000e+00 8.837727308273315430e-01
0.000000000000000000e+00 8.863369822502136230e-01
0.000000000000000000e+00 8.792856931686401367e-01
0.000000000000000000e+00 8.813021779060363770e-01
0.000000000000000000e+00 8.686252832412719727e-01
0.000000000000000000e+00 8.825667500495910645e-01
0.000000000000000000e+00 8.863052725791931152e-01
0.000000000000000000e+00 8.890685439109802246e-01
0.000000000000000000e+00 8.813397884368896484e-01
0.000000000000000000e+00 8.768715262413024902e-01
0.000000000000000000e+00 8.795773983001708984e-01
0.000000000000000000e+00 8.887815475463867188e-01
0.000000000000000000e+00 8.856127262115478516e-01
0.000000000000000000e+00 8.809451460838317871e-01
0.000000000000000000e+00 8.909799456596374512e-01
0.000000000000000000e+00 8.846148252487182617e-01
0.000000000000000000e+00 8.779911994934082031e-01
0.000000000000000000e+00 8.873955607414245605e-01
0.000000000000000000e+00 8.894373178482055664e-01
0.000000000000000000e+00 8.855559825897216797e-01
0.000000000000000000e+00 8.789879083633422852e-01
0.000000000000000000e+00 8.811116814613342285e-01
0.000000000000000000e+00 8.826361894607543945e-01
1.000000000000000000e+00 8.859007358551025391e-01
1.000000000000000000e+00 8.809010982513427734e-01
1.000000000000000000e+00 8.870403170585632324e-01
1.000000000000000000e+00 8.793214559555053711e-01
1.000000000000000000e+00 8.666806221008300781e-01
1.000000000000000000e+00 7.462277412414550781e-01
1.000000000000000000e+00 7.067791223526000977e-01
1.000000000000000000e+00 5.713565349578857422e-01
0.000000000000000000e+00 3.741070330142974854e-01
0.000000000000000000e+00 2.806891202926635742e-01
0.000000000000000000e+00 2.237866073846817017e-01
0.000000000000000000e+00 2.093448936939239502e-01
0.000000000000000000e+00 1.660173386335372925e-01
0.000000000000000000e+00 1.796011775732040405e-01
0.000000000000000000e+00 1.869202405214309692e-01
0.000000000000000000e+00 2.068623006343841553e-01
0.000000000000000000e+00 1.904406845569610596e-01
0.000000000000000000e+00 2.188577651977539062e-01
0.000000000000000000e+00 1.466239988803863525e-01
0.000000000000000000e+00 1.050392240285873413e-01
0.000000000000000000e+00 7.201003283262252808e-02
0.000000000000000000e+00 4.455494135618209839e-02
0.000000000000000000e+00 4.100451245903968811e-02
0.000000000000000000e+00 2.678726986050605774e-02
0.000000000000000000e+00 2.272574603557586670e-02
0.000000000000000000e+00 2.072587981820106506e-02
0.000000000000000000e+00 1.862863078713417053e-02
0.000000000000000000e+00 1.873453520238399506e-02
0.000000000000000000e+00 1.827607303857803345e-02
0.000000000000000000e+00 2.178921923041343689e-02
0.000000000000000000e+00 2.691891603171825409e-02
0.000000000000000000e+00 3.379525989294052124e-02
0.000000000000000000e+00 4.901897907257080078e-02
0.000000000000000000e+00 6.335093826055526733e-02
0.000000000000000000e+00 8.528240025043487549e-02
0.000000000000000000e+00 1.394340991973876953e-01
0.000000000000000000e+00 1.439145207405090332e-01
0.000000000000000000e+00 1.874034404754638672e-01
0.000000000000000000e+00 1.934650242328643799e-01
0.000000000000000000e+00 2.114899456501007080e-01
0.000000000000000000e+00 2.653920054435729980e-01
0.000000000000000000e+00 2.937820851802825928e-01
0.000000000000000000e+00 3.224504888057708740e-01
0.000000000000000000e+00 3.882763385772705078e-01
0.000000000000000000e+00 4.244484901428222656e-01
0.000000000000000000e+00 4.600815474987030029e-01
0.000000000000000000e+00 4.919350445270538330e-01
0.000000000000000000e+00 5.190793275833129883e-01
0.000000000000000000e+00 5.212046504020690918e-01
0.000000000000000000e+00 5.400753617286682129e-01
0.000000000000000000e+00 5.330845713615417480e-01
0.000000000000000000e+00 5.370251536369323730e-01
0.000000000000000000e+00 8.869647979736328125e-01
0.000000000000000000e+00 8.888061046600341797e-01
0.000000000000000000e+00 8.882325887680053711e-01
0.000000000000000000e+00 8.914988040924072266e-01
0.000000000000000000e+00 8.875417709350585938e-01
0.000000000000000000e+00 8.861829042434692383e-01
0.000000000000000000e+00 8.897507190704345703e-01
0.000000000000000000e+00 8.864415287971496582e-01
0.000000000000000000e+00 8.874329328536987305e-01
0.000000000000000000e+00 8.855857849121093750e-01
0.000000000000000000e+00 8.868813514709472656e-01
0.000000000000000000e+00 8.846387267112731934e-01
0.000000000000000000e+00 8.885689377784729004e-01
0.000000000000000000e+00 8.862445950508117676e-01
0.000000000000000000e+00 8.870576620101928711e-01
1.000000000000000000e+00 8.886277079582214355e-01
1.000000000000000000e+00 8.880448937416076660e-01
1.000000000000000000e+00 8.893636465072631836e-01
1.000000000000000000e+00 8.882498741149902344e-01
0.000000000000000000e+00 8.879132270812988281e-01
0.000000000000000000e+00 8.859537839889526367e-01
0.000000000000000000e+00 8.832819461822509766e-01
0.000000000000000000e+00 7.363909482955932617e-01
0.000000000000000000e+00 6.808412075042724609e-01
0.000000000000000000e+00 6.197063922882080078e-01
0.000000000000000000e+00 4.246352016925811768e-01
0.000000000000000000e+00 3.236423432826995850e-01
0.000000000000000000e+00 2.060652822256088257e-01
0.000000000000000000e+00 9.756564348936080933e-02
0.000000000000000000e+00 8.901331573724746704e-02
0.000000000000000000e+00 5.734366178512573242e-02
0.000000000000000000e+00 5.595108866691589355e-02
1.000000000000000000e+00 3.701316192746162415e-02
1.000000000000000000e+00 4.041659459471702576e-02
0.000000000000000000e+00 2.841400168836116791e-02
0.000000000000000000e+00 1.983328163623809814e-02
0.000000000000000000e+00 1.876139640808105469e-02
0.000000000000000000e+00 2.359520643949508667e-02
0.000000000000000000e+00 2.734231203794479370e-02
0.000000000000000000e+00 3.026684559881687164e-02
0.000000000000000000e+00 3.512527048587799072e-02
0.000000000000000000e+00 3.539108484983444214e-02
0.000000000000000000e+00 3.196323662996292114e-02
0.000000000000000000e+00 4.302027821540832520e-02
0.000000000000000000e+00 5.430992320179939270e-02
0.000000000000000000e+00 4.621390253305435181e-02
0.000000000000000000e+00 4.766270518302917480e-02
0.000000000000000000e+00 5.980309471487998962e-02
0.000000000000000000e+00 6.174825504422187805e-02
0.000000000000000000e+00 9.813863039016723633e-02
0.000000000000000000e+00 1.254648864269256592e-01
0.000000000000000000e+00 1.637945920228958130e-01
0.000000000000000000e+00 1.992200165987014771e-01
0.000000000000000000e+00 2.126907408237457275e-01
0.000000000000000000e+00 2.277632951736450195e-01
0.000000000000000000e+00 2.514691650867462158e-01
0.000000000000000000e+00 2.593547999858856201e-01
0.000000000000000000e+00 3.046788573265075684e-01
0.000000000000000000e+00 3.173465132713317871e-01
0.000000000000000000e+00 3.090118467807769775e-01
0.000000000000000000e+00 3.189861774444580078e-01
0.000000000000000000e+00 3.557006120681762695e-01
0.000000000000000000e+00 3.808229565620422363e-01
0.000000000000000000e+00 3.703043460845947266e-01
0.000000000000000000e+00 3.795504271984100342e-01
0.000000000000000000e+00 4.240123629570007324e-01
0.000000000000000000e+00 4.514353573322296143e-01
0.000000000000000000e+00 4.979816079139709473e-01
0.000000000000000000e+00 5.062844753265380859e-01
0.000000000000000000e+00 5.219819545745849609e-01
0.000000000000000000e+00 5.492687225341796875e-01
0.000000000000000000e+00 5.621063113212585449e-01
0.000000000000000000e+00 5.718554258346557617e-01
0.000000000000000000e+00 5.784658193588256836e-01
0.000000000000000000e+00 5.780149102210998535e-01
1.000000000000000000e+00 8.707738518714904785e-01
1.000000000000000000e+00 8.561964035034179688e-01
1.000000000000000000e+00 8.600763082504272461e-01
1.000000000000000000e+00 8.689782023429870605e-01
1.000000000000000000e+00 8.635712265968322754e-01
0.000000000000000000e+00 8.706279397010803223e-01
0.000000000000000000e+00 8.675166964530944824e-01
0.000000000000000000e+00 8.653163909912109375e-01
0.000000000000000000e+00 8.655689954757690430e-01
0.000000000000000000e+00 8.657001852989196777e-01
0.000000000000000000e+00 8.628435134887695312e-01
0.000000000000000000e+00 8.614829182624816895e-01
0.000000000000000000e+00 8.689393997192382812e-01
0.000000000000000000e+00 8.611273765563964844e-01
0.000000000000000000e+00 8.679274320602416992e-01
0.000000000000000000e+00 8.600741624832153320e-01
0.000000000000000000e+00 8.646838665008544922e-01
0.000000000000000000e+00 8.611619472503662109e-01
0.000000000000000000e+00 8.726259469985961914e-01
0.000000000000000000e+00 8.667652606964111328e-01
0.000000000000000000e+00 8.659288883209228516e-01
0.000000000000000000e+00 8.699308037757873535e-01
0.000000000000000000e+00 8.640778660774230957e-01
0.000000000000000000e+00 8.625177741050720215e-01
0.000000000000000000e+00 8.703030943870544434e-01
0.000000000000000000e+00 8.593157529830932617e-01
1.000000000000000000e+00 8.593581914901733398e-01
1.000000000000000000e+00 8.591058850288391113e-01
0.000000000000000000e+00 8.434380292892456055e-01
0.000000000000000000e+00 8.489614129066467285e-01
0.000000000000000000e+00 7.574246525764465332e-01
0.000000000000000000e+00 7.653774619102478027e-01
0.000000000000000000e+00 6.625130772590637207e-01
0.000000000000000000e+00 6.284965872764587402e-01
0.000000000000000000e+00 5.696005225181579590e-01
0.000000000000000000e+00 5.684468746185302734e-01
0.000000000000000000e+00 5.536805391311645508e-01
0.000000000000000000e+00 5.833427906036376953e-01
0.000000000000000000e+00 5.306060314178466797e-01
0.000000000000000000e+00 4.543196856975555420e-01
0.000000000000000000e+00 4.018752872943878174e-01
0.000000000000000000e+00 3.761951923370361328e-01
0.000000000000000000e+00 4.062417149543762207e-01
0.000000000000000000e+00 3.074786067008972168e-01
0.000000000000000000e+00 2.752284407615661621e-01
0.000000000000000000e+00 2.861889004707336426e-01
0.000000000000000000e+00 2.638629972934722900e-01
0.000000000000000000e+00 2.735751569271087646e-01
0.000000000000000000e+00 2.411717623472213745e-01
0.000000000000000000e+00 2.703267335891723633e-01
0.000000000000000000e+00 2.681826055049896240e-01
0.000000000000000000e+00 2.964608371257781982e-01
0.000000000000000000e+00 3.022021055221557617e-01
0.000000000000000000e+00 3.521386682987213135e-01
0.000000000000000000e+00 4.022904932498931885e-01
0.000000000000000000e+00 4.609322249889373779e-01
0.000000000000000000e+00 4.890957772731781006e-01
0.000000000000000000e+00 5.233605504035949707e-01
0.000000000000000000e+00 5.498663187026977539e-01
0.000000000000000000e+00 5.903546214103698730e-01
0.000000000000000000e+00 5.513778328895568848e-01
0.000000000000000000e+00 5.653573274612426758e-01
0.000000000000000000e+00 5.173223018646240234e-01
0.000000000000000000e+00 5.198503732681274414e-01
0.000000000000000000e+00 5.552209019660949707e-01
0.000000000000000000e+00 5.906150937080383301e-01
0.000000000000000000e+00 5.895807743072509766e-01
0.000000000000000000e+00 6.263147592544555664e-01
0.000000000000000000e+00 6.597087383270263672e-01
0.000000000000000000e+00 6.369469761848449707e-01
0.000000000000000000e+00 6.340453028678894043e-01
0.000000000000000000e+00 6.419311165809631348e-01
0.000000000000000000e+00 6.347010135650634766e-01
0.000000000000000000e+00 6.562173366546630859e-01
0.000000000000000000e+00 6.696135997772216797e-01
1.000000000000000000e+00 8.164964914321899414e-01
0.000000000000000000e+00 7.945204377174377441e-01
0.000000000000000000e+00 7.623921036720275879e-01
0.000000000000000000e+00 6.656238436698913574e-01
0.000000000000000000e+00 6.597245335578918457e-01
0.000000000000000000e+00 5.684195756912231445e-01
0.000000000000000000e+00 4.949465692043304443e-01
0.000000000000000000e+00 4.485714733600616455e-01
0.000000000000000000e+00 3.922497034072875977e-01
0.000000000000000000e+00 3.286806046962738037e-01
0.000000000000000000e+00 2.710517048835754395e-01
0.000000000000000000e+00 2.457086145877838135e-01
0.000000000000000000e+00 1.999418288469314575e-01
0.000000000000000000e+00 1.654080897569656372e-01
0.000000000000000000e+00 1.289320290088653564e-01
0.000000000000000000e+00 1.034230589866638184e-01
0.000000000000000000e+00 8.711946755647659302e-02
0.000000000000000000e+00 6.528513878583908081e-02
0.000000000000000000e+00 6.376983225345611572e-02
0.000000000000000000e+00 6.301183998584747314e-02
0.000000000000000000e+00 6.136716157197952271e-02
0.000000000000000000e+00 6.675375252962112427e-02
0.000000000000000000e+00 6.954057514667510986e-02
0.000000000000000000e+00 6.368837505578994751e-02
0.000000000000000000e+00 6.205067411065101624e-02
0.000000000000000000e+00 6.548188626766204834e-02
0.000000000000000000e+00 6.847824156284332275e-02
0.000000000000000000e+00 7.496962696313858032e-02
0.000000000000000000e+00 7.745528221130371094e-02
0.000000000000000000e+00 8.493027091026306152e-02
0.000000000000000000e+00 8.324176073074340820e-02
0.000000000000000000e+00 8.553706854581832886e-02
0.000000000000000000e+00 8.553314954042434692e-02
0.000000000000000000e+00 9.556863456964492798e-02
0.000000000000000000e+00 9.043012559413909912e-02
0.000000000000000000e+00 9.021338820457458496e-02
0.000000000000000000e+00 8.401176333427429199e-02
0.000000000000000000e+00 7.706730067729949951e-02
0.000000000000000000e+00 7.216691225767135620e-02
0.000000000000000000e+00 7.037088274955749512e-02
0.000000000000000000e+00 6.925882399082183838e-02
0.000000000000000000e+00 6.735871732234954834e-02
0.000000000000000000e+00 6.191884726285934448e-02
0.000000000000000000e+00 5.777328461408615112e-02
0.000000000000000000e+00 5.852744728326797485e-02
0.000000000000000000e+00 5.692413449287414551e-02
0.000000000000000000e+00 6.187416240572929382e-02
0.000000000000000000e+00 6.928852200508117676e-02
0.000000000000000000e+00 7.819256931543350220e-02
0.000000000000000000e+00 8.747877180576324463e-02
0.000000000000000000e+00 9.727606922388076782e-02
0.000000000000000000e+00 1.068063154816627502e-01
0.000000000000000000e+00 1.139278262853622437e-01
0.000000000000000000e+00 1.116868704557418823e-01
0.000000000000000000e+00 1.160991340875625610e-01
0.000000000000000000e+00 1.147562041878700256e-01
0.000000000000000000e+00 1.256303638219833374e-01
0.000000000000000000e+00 1.322603821754455566e-01
0.000000000000000000e+00 1.347998976707458496e-01
0.000000000000000000e+00 1.455925852060317993e-01
0.000000000000000000e+00 1.541133224964141846e-01
0.000000000000000000e+00 1.657876223325729370e-01
0.000000000000000000e+00 1.734042167663574219e-01
0.000000000000000000e+00 1.885196864604949951e-01
0.000000000000000000e+00 1.946476548910140991e-01
0.000000000000000000e+00 2.108773440122604370e-01
0.000000000000000000e+00 2.170637696981430054e-01
1.000000000000000000e+00 2.179500907659530640e-01
1.000000000000000000e+00 2.205037623643875122e-01
0.000000000000000000e+00 2.262475639581680298e-01
0.000000000000000000e+00 2.360817044973373413e-01
0.000000000000000000e+00 2.565054595470428467e-01
0.000000000000000000e+00 2.703106701374053955e-01
0.000000000000000000e+00 2.855595946311950684e-01
0.000000000000000000e+00 2.862708866596221924e-01
0.000000000000000000e+00 5.508595108985900879e-01
0.000000000000000000e+00 5.140800476074218750e-01
0.000000000000000000e+00 4.509991109371185303e-01
0.000000000000000000e+00 4.470818340778350830e-01
0.000000000000000000e+00 3.867582976818084717e-01
0.000000000000000000e+00 3.296023309230804443e-01
0.000000000000000000e+00 2.979188263416290283e-01
0.000000000000000000e+00 2.665344178676605225e-01
0.000000000000000000e+00 2.100487500429153442e-01
0.000000000000000000e+00 1.851232796907424927e-01
0.000000000000000000e+00 1.362132281064987183e-01
0.000000000000000000e+00 1.185166165232658386e-01
0.000000000000000000e+00 1.047725453972816467e-01
0.000000000000000000e+00 9.284555912017822266e-02
0.000000000000000000e+00 8.289851993322372437e-02
0.000000000000000000e+00 7.627082616090774536e-02
0.000000000000000000e+00 7.223337888717651367e-02
0.000000000000000000e+00 6.970254331827163696e-02
0.000000000000000000e+00 7.094766944646835327e-02
0.000000000000000000e+00 7.334288954734802246e-02
0.000000000000000000e+00 7.572677731513977051e-02
0.000000000000000000e+00 8.328939229249954224e-02
0.000000000000000000e+00 9.136282652616500854e-02
0.000000000000000000e+00 1.084695905447006226e-01
0.000000000000000000e+00 1.169412583112716675e-01
0.000000000000000000e+00 1.370916813611984253e-01
0.000000000000000000e+00 1.494836807250976562e-01
0.000000000000000000e+00 1.578604578971862793e-01
0.000000000000000000e+00 1.505112349987030029e-01
0.000000000000000000e+00 1.701697856187820435e-01
0.000000000000000000e+00 1.547735333442687988e-01
0.000000000000000000e+00 1.539848297834396362e-01
0.000000000000000000e+00 1.742536574602127075e-01
0.000000000000000000e+00 1.737511307001113892e-01
0.000000000000000000e+00 1.797365546226501465e-01
0.000000000000000000e+00 1.712140887975692749e-01
0.000000000000000000e+00 1.616669744253158569e-01
0.000000000000000000e+00 1.407601535320281982e-01
0.000000000000000000e+00 1.353204846382141113e-01
0.000000000000000000e+00 1.341785639524459839e-01
0.000000000000000000e+00 1.306241452693939209e-01
0.000000000000000000e+00 1.371607482433319092e-01
0.000000000000000000e+00 1.288747638463973999e-01
0.000000000000000000e+00 1.128329709172248840e-01
0.000000000000000000e+00 1.064567714929580688e-01
0.000000000000000000e+00 1.037135794758796692e-01
0.000000000000000000e+00 9.895555675029754639e-02
0.000000000000000000e+00 1.087775528430938721e-01
0.000000000000000000e+00 1.104748621582984924e-01
0.000000000000000000e+00 1.208889782428741455e-01
0.000000000000000000e+00 1.293962299823760986e-01
0.000000000000000000e+00 1.491590589284896851e-01
0.000000000000000000e+00 1.528487652540206909e-01
0.000000000000000000e+00 1.747491359710693359e-01
0.000000000000000000e+00 1.824326813220977783e-01
0.000000000000000000e+00 2.030080705881118774e-01
0.000000000000000000e+00 2.144607454538345337e-01
0.000000000000000000e+00 2.328805178403854370e-01
0.000000000000000000e+00 2.228127568960189819e-01
0.000000000000000000e+00 2.299360036849975586e-01
0.000000000000000000e+00 2.476502060890197754e-01
0.000000000000000000e+00 2.929462194442749023e-01
0.000000000000000000e+00 3.246441185474395752e-01
0.000000000000000000e+00 3.444871306419372559e-01
0.000000000000000000e+00 3.513430655002593994e-01
0.000000000000000000e+00 3.567055463790893555e-01
0.000000000000000000e+00 3.644373416900634766e-01
0.000000000000000000e+00 3.694112300872802734e-01
0.000000000000000000e+00 3.625413179397583008e-01
0.000000000000000000e+00 3.893263638019561768e-01
0.000000000000000000e+00 4.035232663154602051e-01
0.000000000000000000e+00 4.270715117454528809e-01
0.000000000000000000e+00 3.918750882148742676e-01
0.000000000000000000e+00 3.908860385417938232e-01
0.000000000000000000e+00 3.798806369304656982e-01
0.000000000000000000e+00 4.539006054401397705e-01
0.000000000000000000e+00 4.051297008991241455e-01
0.000000000000000000e+00 3.648241162300109863e-01
0.000000000000000000e+00 2.952991724014282227e-01
0.000000000000000000e+00 2.658637762069702148e-01
0.000000000000000000e+00 2.218501418828964233e-01
0.000000000000000000e+00 1.938889175653457642e-01
0.000000000000000000e+00 1.510624885559082031e-01
0.000000000000000000e+00 1.078363507986068726e-01
0.000000000000000000e+00 8.918706327676773071e-02
0.000000000000000000e+00 6.552479416131973267e-02
0.000000000000000000e+00 5.927362293004989624e-02
0.000000000000000000e+00 4.699995368719100952e-02
0.000000000000000000e+00 4.182618111371994019e-02
0.000000000000000000e+00 3.692444041371345520e-02
0.000000000000000000e+00 3.425793722271919250e-02
0.000000000000000000e+00 3.109189122915267944e-02
0.000000000000000000e+00 2.777465246617794037e-02
0.000000000000000000e+00 2.839994058012962341e-02
0.000000000000000000e+00 2.941729687154293060e-02
0.000000000000000000e+00 3.089385479688644409e-02
0.000000000000000000e+00 3.381999209523200989e-02
0.000000000000000000e+00 4.225777462124824524e-02
0.000000000000000000e+00 5.412357673048973083e-02
0.000000000000000000e+00 5.617335066199302673e-02
0.000000000000000000e+00 6.680395454168319702e-02
0.000000000000000000e+00 6.970973312854766846e-02
0.000000000000000000e+00 6.842819601297378540e-02
0.000000000000000000e+00 6.571642309427261353e-02
0.000000000000000000e+00 5.588462203741073608e-02
0.000000000000000000e+00 5.480862408876419067e-02
0.000000000000000000e+00 5.048523470759391785e-02
0.000000000000000000e+00 4.542487487196922302e-02
0.000000000000000000e+00 4.493666812777519226e-02
0.000000000000000000e+00 4.191638156771659851e-02
0.000000000000000000e+00 3.931684792041778564e-02
0.000000000000000000e+00 3.864200785756111145e-02
0.000000000000000000e+00 3.544233366847038269e-02
0.000000000000000000e+00 3.368905186653137207e-02
0.000000000000000000e+00 3.419318050146102905e-02
0.000000000000000000e+00 3.509482741355895996e-02
0.000000000000000000e+00 3.398198261857032776e-02
0.000000000000000000e+00 3.090022131800651550e-02
0.000000000000000000e+00 3.132160753011703491e-02
0.000000000000000000e+00 3.114585392177104950e-02
0.000000000000000000e+00 3.535131365060806274e-02
0.000000000000000000e+00 3.466454893350601196e-02
0.000000000000000000e+00 3.845366090536117554e-02
0.000000000000000000e+00 4.464785009622573853e-02
0.000000000000000000e+00 4.928440228104591370e-02
0.000000000000000000e+00 5.269760638475418091e-02
0.000000000000000000e+00 6.245991215109825134e-02
0.000000000000000000e+00 7.048086076974868774e-02
0.000000000000000000e+00 7.644531130790710449e-02
0.000000000000000000e+00 8.677802234888076782e-02
0.000000000000000000e+00 9.617344290018081665e-02
0.000000000000000000e+00 1.048001199960708618e-01
0.000000000000000000e+00 1.071079820394515991e-01
0.000000000000000000e+00 1.219832450151443481e-01
0.000000000000000000e+00 1.412979066371917725e-01
0.000000000000000000e+00 1.585442721843719482e-01
0.000000000000000000e+00 1.709419339895248413e-01
0.000000000000000000e+00 1.792145073413848877e-01
0.000000000000000000e+00 2.017793804407119751e-01
0.000000000000000000e+00 2.319439649581909180e-01
0.000000000000000000e+00 2.497443258762359619e-01
0.000000000000000000e+00 2.725236117839813232e-01
1.000000000000000000e+00 2.748635411262512207e-01
0.000000000000000000e+00 3.011360466480255127e-01
0.000000000000000000e+00 3.239829838275909424e-01
0.000000000000000000e+00 3.436274528503417969e-01
0.000000000000000000e+00 3.694435358047485352e-01
0.000000000000000000e+00 3.945731520652770996e-01
0.000000000000000000e+00 4.131391048431396484e-01
0.000000000000000000e+00 4.101952612400054932e-01
1.000000000000000000e+00 8.213689327239990234e-01
1.000000000000000000e+00 8.163982629776000977e-01
1.000000000000000000e+00 8.281408548355102539e-01
1.000000000000000000e+00 8.112039566040039062e-01
0.000000000000000000e+00 8.054767847061157227e-01
0.000000000000000000e+00 6.931115388870239258e-01
0.000000000000000000e+00 6.488927602767944336e-01
0.000000000000000000e+00 5.285164117813110352e-01
0.000000000000000000e+00 4.627451598644256592e-01
0.000000000000000000e+00 4.011459648609161377e-01
0.000000000000000000e+00 3.828498721122741699e-01
0.000000000000000000e+00 3.538137376308441162e-01
0.000000000000000000e+00 3.052144646644592285e-01
0.000000000000000000e+00 2.677560746669769287e-01
0.000000000000000000e+00 2.301987409591674805e-01
0.000000000000000000e+00 1.912461817264556885e-01
0.000000000000000000e+00 1.778704226016998291e-01
0.000000000000000000e+00 1.229660511016845703e-01
0.000000000000000000e+00 9.179927408695220947e-02
0.000000000000000000e+00 6.645452976226806641e-02
0.000000000000000000e+00 5.753348022699356079e-02
0.000000000000000000e+00 4.678280651569366455e-02
0.000000000000000000e+00 4.534335434436798096e-02
0.000000000000000000e+00 3.242661431431770325e-02
0.000000000000000000e+00 2.988483384251594543e-02
0.000000000000000000e+00 3.249808773398399353e-02
0.000000000000000000e+00 3.122775070369243622e-02
0.000000000000000000e+00 3.237853944301605225e-02
0.000000000000000000e+00 3.603264689445495605e-02
0.000000000000000000e+00 4.994458705186843872e-02
0.000000000000000000e+00 5.664053931832313538e-02
0.000000000000000000e+00 6.104784458875656128e-02
0.000000000000000000e+00 6.256080418825149536e-02
0.000000000000000000e+00 6.515736877918243408e-02
0.000000000000000000e+00 7.966079562902450562e-02
0.000000000000000000e+00 9.131685644388198853e-02
0.000000000000000000e+00 9.190843999385833740e-02
0.000000000000000000e+00 9.110489487648010254e-02
0.000000000000000000e+00 9.756843745708465576e-02
0.000000000000000000e+00 1.006730645895004272e-01
0.000000000000000000e+00 1.036999970674514771e-01
0.000000000000000000e+00 1.155997514724731445e-01
0.000000000000000000e+00 1.002823859453201294e-01
0.000000000000000000e+00 1.078194081783294678e-01
0.000000000000000000e+00 9.552991390228271484e-02
0.000000000000000000e+00 1.011030077934265137e-01
0.000000000000000000e+00 1.013968735933303833e-01
0.000000000000000000e+00 1.074175462126731873e-01
0.000000000000000000e+00 1.152717992663383484e-01
0.000000000000000000e+00 1.187553778290748596e-01
0.000000000000000000e+00 1.261032521724700928e-01
0.000000000000000000e+00 1.417502760887145996e-01
0.000000000000000000e+00 1.480757594108581543e-01
0.000000000000000000e+00 1.562665849924087524e-01
0.000000000000000000e+00 1.703675240278244019e-01
0.000000000000000000e+00 1.856135278940200806e-01
0.000000000000000000e+00 1.940392702817916870e-01
0.000000000000000000e+00 2.121529281139373779e-01
0.000000000000000000e+00 2.468173801898956299e-01
0.000000000000000000e+00 2.682866156101226807e-01
0.000000000000000000e+00 2.859321534633636475e-01
0.000000000000000000e+00 2.869679927825927734e-01
0.000000000000000000e+00 3.252546787261962891e-01
0.000000000000000000e+00 3.474929630756378174e-01
0.000000000000000000e+00 4.301467239856719971e-01
0.000000000000000000e+00 4.368223845958709717e-01
0.000000000000000000e+00 4.709388613700866699e-01
0.000000000000000000e+00 4.904260337352752686e-01
0.000000000000000000e+00 5.053066015243530273e-01
0.000000000000000000e+00 5.276986360549926758e-01
0.000000000000000000e+00 5.355381965637207031e-01
0.000000000000000000e+00 5.423247814178466797e-01
0.000000000000000000e+00 5.425372123718261719e-01
0.000000000000000000e+00 5.426418185234069824e-01
0.000000000000000000e+00 5.294558405876159668e-01
0.000000000000000000e+00 6.514154076576232910e-01
0.000000000000000000e+00 5.952208638191223145e-01
0.000000000000000000e+00 5.423394441604614258e-01
0.000000000000000000e+00 4.819992482662200928e-01
0.000000000000000000e+00 4.350502192974090576e-01
0.000000000000000000e+00 3.834821581840515137e-01
0.000000000000000000e+00 3.391576111316680908e-01
0.000000000000000000e+00 2.991847991943359375e-01
0.000000000000000000e+00 2.707109153270721436e-01
0.000000000000000000e+00 2.226440459489822388e-01
0.000000000000000000e+00 1.933495700359344482e-01
0.000000000000000000e+00 1.651751250028610229e-01
0.000000000000000000e+00 1.339182406663894653e-01
0.000000000000000000e+00 1.130604371428489685e-01
0.000000000000000000e+00 1.093543395400047302e-01
0.000000000000000000e+00 8.439230173826217651e-02
0.000000000000000000e+00 7.296823710203170776e-02
0.000000000000000000e+00 6.908545643091201782e-02
0.000000000000000000e+00 6.586793065071105957e-02
0.000000000000000000e+00 7.019540667533874512e-02
0.000000000000000000e+00 6.635413318872451782e-02
0.000000000000000000e+00 7.457958906888961792e-02
0.000000000000000000e+00 9.856919944286346436e-02
0.000000000000000000e+00 1.064708381891250610e-01
0.000000000000000000e+00 1.120399087667465210e-01
0.000000000000000000e+00 1.215674057602882385e-01
0.000000000000000000e+00 1.253078132867813110e-01
0.000000000000000000e+00 1.320387572050094604e-01
0.000000000000000000e+00 1.457388252019882202e-01
0.000000000000000000e+00 1.333898156881332397e-01
0.000000000000000000e+00 1.347795128822326660e-01
0.000000000000000000e+00 1.411317139863967896e-01
0.000000000000000000e+00 1.531346738338470459e-01
0.000000000000000000e+00 1.457913517951965332e-01
0.000000000000000000e+00 1.383487135171890259e-01
0.000000000000000000e+00 1.327719390392303467e-01
0.000000000000000000e+00 1.150759309530258179e-01
0.000000000000000000e+00 1.425248384475708008e-01
0.000000000000000000e+00 1.343315392732620239e-01
0.000000000000000000e+00 1.105783581733703613e-01
0.000000000000000000e+00 1.067928671836853027e-01
0.000000000000000000e+00 9.200971573591232300e-02
0.000000000000000000e+00 9.544418752193450928e-02
0.000000000000000000e+00 8.434651046991348267e-02
0.000000000000000000e+00 7.278982549905776978e-02
0.000000000000000000e+00 6.270536035299301147e-02
0.000000000000000000e+00 5.451132357120513916e-02
0.000000000000000000e+00 5.377086251974105835e-02
0.000000000000000000e+00 5.223083496093750000e-02
0.000000000000000000e+00 5.525257810950279236e-02
0.000000000000000000e+00 6.213883683085441589e-02
0.000000000000000000e+00 7.036293298006057739e-02
0.000000000000000000e+00 7.208963483572006226e-02
0.000000000000000000e+00 9.253262728452682495e-02
0.000000000000000000e+00 1.063348650932312012e-01
0.000000000000000000e+00 1.081959456205368042e-01
0.000000000000000000e+00 8.749614655971527100e-02
0.000000000000000000e+00 9.379304200410842896e-02
0.000000000000000000e+00 1.060424298048019409e-01
0.000000000000000000e+00 1.063708961009979248e-01
1.000000000000000000e+00 1.164815276861190796e-01
1.000000000000000000e+00 1.208023354411125183e-01
0.000000000000000000e+00 1.346769779920578003e-01
0.000000000000000000e+00 1.551084071397781372e-01
0.000000000000000000e+00 1.675440222024917603e-01
0.000000000000000000e+00 2.002117037773132324e-01
0.000000000000000000e+00 2.566973268985748291e-01
0.000000000000000000e+00 2.823618948459625244e-01
0.000000000000000000e+00 3.061996698379516602e-01
0.000000000000000000e+00 3.324504196643829346e-01
0.000000000000000000e+00 3.504984974861145020e-01
0.000000000000000000e+00 3.787191212177276611e-01
0.000000000000000000e+00 4.066293835639953613e-01
0.000000000000000000e+00 4.137628376483917236e-01
0.000000000000000000e+00 4.252878129482269287e-01
