0.000000000000000000e+00 1.728942692279815674e-01
0.000000000000000000e+00 1.697427183389663696e-01
0.000000000000000000e+00 1.692296266555786133e-01
0.000000000000000000e+00 1.759504079818725586e-01
0.000000000000000000e+00 1.732312589883804321e-01
0.000000000000000000e+00 1.759341657161712646e-01
0.000000000000000000e+00 1.755490899085998535e-01
0.000000000000000000e+00 1.768864393234252930e-01
0.000000000000000000e+00 1.756937354803085327e-01
0.000000000000000000e+00 1.806599050760269165e-01
0.000000000000000000e+00 1.779287755489349365e-01
0.000000000000000000e+00 1.817606985569000244e-01
0.000000000000000000e+00 1.782243549823760986e-01
0.000000000000000000e+00 1.823712289333343506e-01
0.000000000000000000e+00 1.773457974195480347e-01
0.000000000000000000e+00 1.805924177169799805e-01
0.000000000000000000e+00 1.819186061620712280e-01
0.000000000000000000e+00 1.764988005161285400e-01
0.000000000000000000e+00 1.753997504711151123e-01
0.000000000000000000e+00 1.793139129877090454e-01
0.000000000000000000e+00 1.767160743474960327e-01
0.000000000000000000e+00 1.796323359012603760e-01
0.000000000000000000e+00 1.785051375627517700e-01
0.000000000000000000e+00 1.770580857992172241e-01
0.000000000000000000e+00 1.773757487535476685e-01
1.000000000000000000e+00 1.689686924219131470e-01
1.000000000000000000e+00 1.713787764310836792e-01
1.000000000000000000e+00 1.692938208580017090e-01
1.000000000000000000e+00 1.689139753580093384e-01
1.000000000000000000e+00 1.661682426929473877e-01
1.000000000000000000e+00 1.616712808609008789e-01
0.000000000000000000e+00 1.514725536108016968e-01
0.000000000000000000e+00 1.415865272283554077e-01
0.000000000000000000e+00 1.395687907934188843e-01
0.000000000000000000e+00 1.315440386533737183e-01
0.000000000000000000e+00 1.245817542076110840e-01
0.000000000000000000e+00 1.173044890165328979e-01
0.000000000000000000e+00 1.136676594614982605e-01
0.000000000000000000e+00 1.072793230414390564e-01
0.000000000000000000e+00 1.041233539581298828e-01
0.000000000000000000e+00 1.014368161559104919e-01
0.000000000000000000e+00 9.077078104019165039e-02
0.000000000000000000e+00 8.748713880777359009e-02
0.000000000000000000e+00 7.755652070045471191e-02
0.000000000000000000e+00 7.346555590629577637e-02
0.000000000000000000e+00 3.936345688998699188e-03
0.000000000000000000e+00 3.533729817718267441e-03
0.000000000000000000e+00 3.265373874455690384e-03
0.000000000000000000e+00 2.927264664322137833e-03
0.000000000000000000e+00 2.599967177957296371e-03
0.000000000000000000e+00 2.607683418318629265e-03
0.000000000000000000e+00 2.243401715531945229e-03
0.000000000000000000e+00 2.055539516732096672e-03
0.000000000000000000e+00 2.006892347708344460e-03
0.000000000000000000e+00 1.980730798095464706e-03
0.000000000000000000e+00 1.976671395823359489e-03
0.000000000000000000e+00 1.997809624299407005e-03
0.000000000000000000e+00 1.851651351898908615e-03
0.000000000000000000e+00 2.113931346684694290e-03
0.000000000000000000e+00 2.309591742232441902e-03
0.000000000000000000e+00 1.974873477593064308e-03
0.000000000000000000e+00 1.946719014085829258e-03
0.000000000000000000e+00 2.041314030066132545e-03
0.000000000000000000e+00 2.075158292427659035e-03
0.000000000000000000e+00 1.945015974342823029e-03
0.000000000000000000e+00 2.201869152486324310e-03
0.000000000000000000e+00 1.989940647035837173e-03
0.000000000000000000e+00 1.912298030219972134e-03
0.000000000000000000e+00 1.818860648199915886e-03
0.000000000000000000e+00 2.055766526609659195e-03
0.000000000000000000e+00 1.837954041548073292e-03
0.000000000000000000e+00 2.363591687753796577e-03
0.000000000000000000e+00 1.961485017091035843e-03
0.000000000000000000e+00 2.098181983456015587e-03
0.000000000000000000e+00 2.113486872985959053e-03
0.000000000000000000e+00 2.046196255832910538e-03
0.000000000000000000e+00 2.133682603016495705e-03
0.000000000000000000e+00 2.247236669063568115e-03
0.000000000000000000e+00 2.091194735839962959e-03
0.000000000000000000e+00 2.129328437149524689e-03
0.000000000000000000e+00 2.278582192957401276e-03
0.000000000000000000e+00 2.130628796294331551e-03
0.000000000000000000e+00 2.413545735180377960e-03
0.000000000000000000e+00 2.267607022076845169e-03
0.000000000000000000e+00 2.460581948980689049e-03
0.000000000000000000e+00 2.374222734943032265e-03
0.000000000000000000e+00 2.331742551177740097e-03
0.000000000000000000e+00 2.371417824178934097e-03
0.000000000000000000e+00 2.460579620674252510e-03
0.000000000000000000e+00 2.652914496138691902e-03
0.000000000000000000e+00 9.488859213888645172e-03
0.000000000000000000e+00 7.738561835139989853e-03
0.000000000000000000e+00 6.164880469441413879e-03
0.000000000000000000e+00 5.831161048263311386e-03
0.000000000000000000e+00 5.740454420447349548e-03
0.000000000000000000e+00 5.420068278908729553e-03
0.000000000000000000e+00 4.737025592476129532e-03
0.000000000000000000e+00 4.729886539280414581e-03
0.000000000000000000e+00 4.312992095947265625e-03
0.000000000000000000e+00 3.997541498392820358e-03
0.000000000000000000e+00 4.440370947122573853e-03
0.000000000000000000e+00 4.577436950057744980e-03
0.000000000000000000e+00 4.601730965077877045e-03
0.000000000000000000e+00 4.344625398516654968e-03
0.000000000000000000e+00 4.625105764716863632e-03
0.000000000000000000e+00 5.104732234030961990e-03
0.000000000000000000e+00 5.308562889695167542e-03
0.000000000000000000e+00 5.987738259136676788e-03
0.000000000000000000e+00 5.668066442012786865e-03
0.000000000000000000e+00 6.063792388886213303e-03
0.000000000000000000e+00 6.359589286148548126e-03
0.000000000000000000e+00 5.846957676112651825e-03
0.000000000000000000e+00 6.710194516927003860e-03
0.000000000000000000e+00 6.437648087739944458e-03
0.000000000000000000e+00 6.378823891282081604e-03
0.000000000000000000e+00 7.681201212108135223e-03
0.000000000000000000e+00 6.440860684961080551e-03
0.000000000000000000e+00 8.016020059585571289e-03
0.000000000000000000e+00 8.151358924806118011e-03
0.000000000000000000e+00 8.051938377320766449e-03
0.000000000000000000e+00 8.035707287490367889e-03
0.000000000000000000e+00 8.362640626728534698e-03
0.000000000000000000e+00 8.926376700401306152e-03
0.000000000000000000e+00 8.387747220695018768e-03
0.000000000000000000e+00 1.040083635598421097e-02
0.000000000000000000e+00 9.009991772472858429e-03
0.000000000000000000e+00 9.657114744186401367e-03
0.000000000000000000e+00 1.027513202279806137e-02
0.000000000000000000e+00 9.799317456781864166e-03
0.000000000000000000e+00 8.797909133136272430e-03
0.000000000000000000e+00 1.017321087419986725e-02
0.000000000000000000e+00 9.889987297356128693e-03
0.000000000000000000e+00 1.023314520716667175e-02
0.000000000000000000e+00 1.021094340831041336e-02
0.000000000000000000e+00 1.093129999935626984e-02
0.000000000000000000e+00 1.478268951177597046e-01
0.000000000000000000e+00 1.087336167693138123e-01
0.000000000000000000e+00 1.016488224267959595e-01
0.000000000000000000e+00 8.292503654956817627e-02
0.000000000000000000e+00 6.585054099559783936e-02
0.000000000000000000e+00 6.388989090919494629e-02
0.000000000000000000e+00 5.582084134221076965e-02
0.000000000000000000e+00 3.976423293352127075e-02
0.000000000000000000e+00 3.544501215219497681e-02
0.000000000000000000e+00 2.623825520277023315e-02
0.000000000000000000e+00 2.033508010208606720e-02
0.000000000000000000e+00 1.474531274288892746e-02
0.000000000000000000e+00 1.144626457244157791e-02
0.000000000000000000e+00 9.927997365593910217e-03
0.000000000000000000e+00 8.965429849922657013e-03
0.000000000000000000e+00 6.773160304874181747e-03
0.000000000000000000e+00 5.324214231222867966e-03
0.000000000000000000e+00 3.915759269148111343e-03
0.000000000000000000e+00 3.169585252180695534e-03
0.000000000000000000e+00 2.690655644983053207e-03
0.000000000000000000e+00 2.659118967130780220e-03
0.000000000000000000e+00 2.776951529085636139e-03
0.000000000000000000e+00 2.545269671827554703e-03
0.000000000000000000e+00 2.606217749416828156e-03
0.000000000000000000e+00 2.201599068939685822e-03
0.000000000000000000e+00 2.192720538005232811e-03
0.000000000000000000e+00 2.158985938876867294e-03
0.000000000000000000e+00 2.162230433896183968e-03
0.000000000000000000e+00 2.397216623649001122e-03
0.000000000000000000e+00 2.131349872797727585e-03
0.000000000000000000e+00 2.506215358152985573e-03
0.000000000000000000e+00 2.199684036895632744e-03
0.000000000000000000e+00 1.961802365258336067e-03
0.000000000000000000e+00 2.089114161208271980e-03
0.000000000000000000e+00 2.164831850677728653e-03
0.000000000000000000e+00 2.271478995680809021e-03
0.000000000000000000e+00 2.122731879353523254e-03
0.000000000000000000e+00 2.670478774234652519e-03
0.000000000000000000e+00 2.299593761563301086e-03
0.000000000000000000e+00 2.252405509352684021e-03
0.000000000000000000e+00 2.085251733660697937e-03
0.000000000000000000e+00 2.399248536676168442e-03
0.000000000000000000e+00 2.191491890698671341e-03
0.000000000000000000e+00 2.508983714506030083e-03
0.000000000000000000e+00 2.307535847648978233e-03
0.000000000000000000e+00 1.295104902237653732e-02
0.000000000000000000e+00 9.747198782861232758e-03
0.000000000000000000e+00 6.754669826477766037e-03
0.000000000000000000e+00 7.435210980474948883e-03
0.000000000000000000e+00 6.445738486945629120e-03
0.000000000000000000e+00 5.227222107350826263e-03
0.000000000000000000e+00 4.734699148684740067e-03
0.000000000000000000e+00 4.140667617321014404e-03
0.000000000000000000e+00 4.248014651238918304e-03
0.000000000000000000e+00 4.366507753729820251e-03
0.000000000000000000e+00 4.120830446481704712e-03
0.000000000000000000e+00 4.042969085276126862e-03
0.000000000000000000e+00 4.501673858612775803e-03
0.000000000000000000e+00 4.118175711482763290e-03
0.000000000000000000e+00 4.133394919335842133e-03
0.000000000000000000e+00 4.313188605010509491e-03
0.000000000000000000e+00 4.568010568618774414e-03
0.000000000000000000e+00 4.421821795403957367e-03
0.000000000000000000e+00 4.908055067062377930e-03
0.000000000000000000e+00 5.021154880523681641e-03
0.000000000000000000e+00 5.138779990375041962e-03
0.000000000000000000e+00 5.277725402265787125e-03
0.000000000000000000e+00 6.107856053858995438e-03
0.000000000000000000e+00 5.257145501673221588e-03
0.000000000000000000e+00 5.884071812033653259e-03
0.000000000000000000e+00 5.102097988128662109e-03
0.000000000000000000e+00 6.038565654307603836e-03
0.000000000000000000e+00 6.284069269895553589e-03
0.000000000000000000e+00 6.123434286564588547e-03
0.000000000000000000e+00 5.959133617579936981e-03
0.000000000000000000e+00 5.745265167206525803e-03
0.000000000000000000e+00 5.966411437839269638e-03
0.000000000000000000e+00 5.892057437449693680e-03
0.000000000000000000e+00 5.859321914613246918e-03
0.000000000000000000e+00 6.604355759918689728e-03
0.000000000000000000e+00 5.527351051568984985e-03
0.000000000000000000e+00 6.626761518418788910e-03
0.000000000000000000e+00 6.252655759453773499e-03
0.000000000000000000e+00 5.736068356782197952e-03
0.000000000000000000e+00 7.142704445868730545e-03
0.000000000000000000e+00 6.136792246252298355e-03
0.000000000000000000e+00 6.602576002478599548e-03
0.000000000000000000e+00 6.957015953958034515e-03
0.000000000000000000e+00 6.663759239017963409e-03
0.000000000000000000e+00 6.590861361473798752e-03
0.000000000000000000e+00 3.537131473422050476e-03
0.000000000000000000e+00 3.035762347280979156e-03
0.000000000000000000e+00 2.760787028819322586e-03
0.000000000000000000e+00 2.526944503188133240e-03
0.000000000000000000e+00 2.195163164287805557e-03
0.000000000000000000e+00 1.978079089894890785e-03
0.000000000000000000e+00 1.915257307700812817e-03
0.000000000000000000e+00 1.762480358593165874e-03
0.000000000000000000e+00 1.603861688636243343e-03
0.000000000000000000e+00 1.644652336835861206e-03
0.000000000000000000e+00 1.672725542448461056e-03
0.000000000000000000e+00 1.733586541377007961e-03
0.000000000000000000e+00 1.614322653040289879e-03
0.000000000000000000e+00 1.829499262385070324e-03
0.000000000000000000e+00 1.779833575710654259e-03
0.000000000000000000e+00 2.056228462606668472e-03
0.000000000000000000e+00 1.930876402184367180e-03
0.000000000000000000e+00 2.138264244422316551e-03
0.000000000000000000e+00 2.257519634440541267e-03
0.000000000000000000e+00 2.259008819237351418e-03
0.000000000000000000e+00 2.412848873063921928e-03
0.000000000000000000e+00 2.475724322721362114e-03
0.000000000000000000e+00 2.437372459098696709e-03
0.000000000000000000e+00 2.467136830091476440e-03
0.000000000000000000e+00 2.813785802572965622e-03
0.000000000000000000e+00 2.908334368839859962e-03
0.000000000000000000e+00 2.995711518451571465e-03
0.000000000000000000e+00 3.038646886125206947e-03
0.000000000000000000e+00 3.202553372830152512e-03
0.000000000000000000e+00 3.235419047996401787e-03
0.000000000000000000e+00 3.286451566964387894e-03
0.000000000000000000e+00 3.562490455806255341e-03
0.000000000000000000e+00 3.727512201294302940e-03
0.000000000000000000e+00 4.106714390218257904e-03
0.000000000000000000e+00 4.459424875676631927e-03
0.000000000000000000e+00 4.413020331412553787e-03
0.000000000000000000e+00 4.489288199692964554e-03
0.000000000000000000e+00 4.518128000199794769e-03
0.000000000000000000e+00 4.220398608595132828e-03
0.000000000000000000e+00 4.400478675961494446e-03
0.000000000000000000e+00 4.320571199059486389e-03
0.000000000000000000e+00 4.411072470247745514e-03
0.000000000000000000e+00 4.435074515640735626e-03
0.000000000000000000e+00 4.635905846953392029e-03
0.000000000000000000e+00 4.450546577572822571e-03
0.000000000000000000e+00 8.676640987396240234e-01
0.000000000000000000e+00 8.912187218666076660e-01
0.000000000000000000e+00 8.896607160568237305e-01
0.000000000000000000e+00 8.877805471420288086e-01
0.000000000000000000e+00 8.864403963088989258e-01
0.000000000000000000e+00 8.750498890876770020e-01
0.000000000000000000e+00 8.684472441673278809e-01
0.000000000000000000e+00 8.759998679161071777e-01
0.000000000000000000e+00 8.726544380187988281e-01
0.000000000000000000e+00 8.763598203659057617e-01
0.000000000000000000e+00 8.566687107086181641e-01
0.000000000000000000e+00 8.629770278930664062e-01
0.000000000000000000e+00 8.581919074058532715e-01
0.000000000000000000e+00 8.602594733238220215e-01
0.000000000000000000e+00 8.524379134178161621e-01
0.000000000000000000e+00 8.455156683921813965e-01
0.000000000000000000e+00 8.609148263931274414e-01
0.000000000000000000e+00 8.594794273376464844e-01
0.000000000000000000e+00 8.720839023590087891e-01
0.000000000000000000e+00 8.581297397613525391e-01
0.000000000000000000e+00 8.542694449424743652e-01
0.000000000000000000e+00 8.705291748046875000e-01
0.000000000000000000e+00 8.770298361778259277e-01
0.000000000000000000e+00 8.773857355117797852e-01
0.000000000000000000e+00 8.661715388298034668e-01
0.000000000000000000e+00 8.729832768440246582e-01
0.000000000000000000e+00 8.693374991416931152e-01
0.000000000000000000e+00 8.721895217895507812e-01
0.000000000000000000e+00 8.698888421058654785e-01
0.000000000000000000e+00 8.587588667869567871e-01
0.000000000000000000e+00 8.641445636749267578e-01
0.000000000000000000e+00 8.657771348953247070e-01
0.000000000000000000e+00 8.442850112915039062e-01
0.000000000000000000e+00 8.436999320983886719e-01
0.000000000000000000e+00 8.300507068634033203e-01
0.000000000000000000e+00 8.226488828659057617e-01
0.000000000000000000e+00 8.123142123222351074e-01
0.000000000000000000e+00 7.703767418861389160e-01
0.000000000000000000e+00 7.820032835006713867e-01
0.000000000000000000e+00 7.367494106292724609e-01
0.000000000000000000e+00 7.321581840515136719e-01
0.000000000000000000e+00 7.470881938934326172e-01
0.000000000000000000e+00 7.008265852928161621e-01
0.000000000000000000e+00 7.044271230697631836e-01
0.000000000000000000e+00 6.811609268188476562e-01
0.000000000000000000e+00 5.676589440554380417e-03
1.000000000000000000e+00 4.199501127004623413e-03
0.000000000000000000e+00 4.526845645159482956e-03
0.000000000000000000e+00 4.664735402911901474e-03
0.000000000000000000e+00 5.056050606071949005e-03
0.000000000000000000e+00 2.965064952149987221e-03
0.000000000000000000e+00 2.881319262087345123e-03
0.000000000000000000e+00 2.350080292671918869e-03
0.000000000000000000e+00 1.289827632717788219e-03
0.000000000000000000e+00 1.121465465985238552e-03
0.000000000000000000e+00 1.475330325774848461e-03
0.000000000000000000e+00 8.527372847311198711e-04
0.000000000000000000e+00 8.489074534736573696e-04
0.000000000000000000e+00 9.353733621537685394e-04
0.000000000000000000e+00 6.033426616340875626e-04
0.000000000000000000e+00 5.636267014779150486e-04
0.000000000000000000e+00 5.393580067902803421e-04
0.000000000000000000e+00 5.330761778168380260e-04
0.000000000000000000e+00 3.922111354768276215e-04
0.000000000000000000e+00 3.275012422818690538e-04
0.000000000000000000e+00 2.955268428195267916e-04
0.000000000000000000e+00 2.387048443779349327e-04
0.000000000000000000e+00 2.225550852017477155e-04
0.000000000000000000e+00 2.540013520047068596e-04
0.000000000000000000e+00 1.624945143703371286e-04
0.000000000000000000e+00 2.301410859217867255e-04
0.000000000000000000e+00 2.029405150096863508e-04
0.000000000000000000e+00 1.848963001975789666e-04
0.000000000000000000e+00 1.847324019763618708e-04
0.000000000000000000e+00 1.174637945950962603e-04
0.000000000000000000e+00 1.512493327027186751e-04
0.000000000000000000e+00 1.323705073446035385e-04
0.000000000000000000e+00 1.570507884025573730e-04
0.000000000000000000e+00 1.286992192035540938e-04
0.000000000000000000e+00 1.559249649289995432e-04
0.000000000000000000e+00 1.058891066350042820e-04
0.000000000000000000e+00 1.502607628935948014e-04
0.000000000000000000e+00 1.172362899524159729e-04
0.000000000000000000e+00 1.175811194116249681e-04
0.000000000000000000e+00 1.215938173118047416e-04
0.000000000000000000e+00 1.193174466607160866e-04
0.000000000000000000e+00 1.626777666388079524e-04
0.000000000000000000e+00 1.517708587925881147e-04
0.000000000000000000e+00 1.518245699116960168e-04
0.000000000000000000e+00 1.445249072276055813e-04
