0.000000000000000000e+00 9.905034303665161133e-01
0.000000000000000000e+00 9.902924895286560059e-01
0.000000000000000000e+00 9.884737133979797363e-01
0.000000000000000000e+00 9.905409216880798340e-01
0.000000000000000000e+00 9.882940053939819336e-01
0.000000000000000000e+00 9.845315814018249512e-01
0.000000000000000000e+00 9.864370226860046387e-01
0.000000000000000000e+00 9.867117404937744141e-01
0.000000000000000000e+00 9.869621992111206055e-01
0.000000000000000000e+00 9.909919500350952148e-01
0.000000000000000000e+00 9.906949996948242188e-01
0.000000000000000000e+00 9.897458553314208984e-01
0.000000000000000000e+00 9.877840876579284668e-01
0.000000000000000000e+00 9.948531985282897949e-01
0.000000000000000000e+00 9.944233298301696777e-01
0.000000000000000000e+00 9.946925044059753418e-01
1.000000000000000000e+00 9.953023195266723633e-01
1.000000000000000000e+00 9.915586709976196289e-01
1.000000000000000000e+00 9.952673912048339844e-01
0.000000000000000000e+00 9.941595792770385742e-01
0.000000000000000000e+00 9.943025112152099609e-01
0.000000000000000000e+00 9.938178658485412598e-01
1.000000000000000000e+00 9.940428137779235840e-01
1.000000000000000000e+00 9.959039092063903809e-01
1.000000000000000000e+00 9.944595098495483398e-01
1.000000000000000000e+00 9.956479668617248535e-01
1.000000000000000000e+00 9.936502575874328613e-01
1.000000000000000000e+00 9.922961592674255371e-01
1.000000000000000000e+00 9.921722412109375000e-01
1.000000000000000000e+00 9.910099506378173828e-01
1.000000000000000000e+00 9.860582947731018066e-01
1.000000000000000000e+00 9.798702001571655273e-01
0.000000000000000000e+00 9.624490737915039062e-01
0.000000000000000000e+00 9.061128497123718262e-01
0.000000000000000000e+00 8.722929954528808594e-01
0.000000000000000000e+00 7.993850111961364746e-01
0.000000000000000000e+00 7.660023570060729980e-01
0.000000000000000000e+00 5.889034867286682129e-01
0.000000000000000000e+00 5.067729949951171875e-01
0.000000000000000000e+00 2.955849170684814453e-01
0.000000000000000000e+00 1.942345649003982544e-01
0.000000000000000000e+00 1.015266254544258118e-01
0.000000000000000000e+00 6.636265665292739868e-02
0.000000000000000000e+00 2.214496210217475891e-02
0.000000000000000000e+00 1.544524729251861572e-02
0.000000000000000000e+00 7.482205983251333237e-03
0.000000000000000000e+00 6.260809022933244705e-03
0.000000000000000000e+00 2.396399155259132385e-03
0.000000000000000000e+00 6.848206277936697006e-03
0.000000000000000000e+00 5.863448139280080795e-03
0.000000000000000000e+00 3.609475214034318924e-03
0.000000000000000000e+00 4.589927382767200470e-03
0.000000000000000000e+00 8.757486939430236816e-03
0.000000000000000000e+00 1.062755379825830460e-02
0.000000000000000000e+00 1.267413049936294556e-02
1.000000000000000000e+00 1.591069251298904419e-02
1.000000000000000000e+00 2.226623520255088806e-02
0.000000000000000000e+00 6.819624453783035278e-02
0.000000000000000000e+00 1.369111686944961548e-01
0.000000000000000000e+00 1.229915171861648560e-01
0.000000000000000000e+00 2.198742032051086426e-01
1.000000000000000000e+00 1.916172802448272705e-01
1.000000000000000000e+00 3.483875095844268799e-01
1.000000000000000000e+00 4.332156777381896973e-01
1.000000000000000000e+00 4.024821817874908447e-01
1.000000000000000000e+00 3.513473570346832275e-01
1.000000000000000000e+00 6.785560846328735352e-01
1.000000000000000000e+00 7.582460045814514160e-01
1.000000000000000000e+00 7.462454438209533691e-01
1.000000000000000000e+00 8.236932158470153809e-01
0.000000000000000000e+00 7.545561790466308594e-01
0.000000000000000000e+00 6.247013211250305176e-01
0.000000000000000000e+00 6.864442229270935059e-01
0.000000000000000000e+00 4.629493951797485352e-01
0.000000000000000000e+00 3.741647005081176758e-01
0.000000000000000000e+00 9.329988956451416016e-01
0.000000000000000000e+00 9.126309752464294434e-01
0.000000000000000000e+00 8.846198916435241699e-01
0.000000000000000000e+00 8.752135634422302246e-01
0.000000000000000000e+00 8.658103346824645996e-01
0.000000000000000000e+00 8.793877363204956055e-01
0.000000000000000000e+00 8.535662889480590820e-01
0.000000000000000000e+00 8.637081384658813477e-01
0.000000000000000000e+00 7.998004555702209473e-01
0.000000000000000000e+00 8.048130273818969727e-01
0.000000000000000000e+00 8.263889551162719727e-01
0.000000000000000000e+00 7.669499516487121582e-01
0.000000000000000000e+00 7.971996068954467773e-01
0.000000000000000000e+00 7.734056115150451660e-01
1.000000000000000000e+00 6.835669279098510742e-01
1.000000000000000000e+00 6.412628293037414551e-01
1.000000000000000000e+00 7.337076067924499512e-01
1.000000000000000000e+00 6.579797863960266113e-01
1.000000000000000000e+00 7.419138550758361816e-01
1.000000000000000000e+00 6.466221213340759277e-01
0.000000000000000000e+00 6.516547203063964844e-01
1.000000000000000000e+00 7.214499711990356445e-01
1.000000000000000000e+00 7.394737005233764648e-01
1.000000000000000000e+00 6.483585238456726074e-01
0.000000000000000000e+00 5.055312514305114746e-01
1.000000000000000000e+00 5.817360877990722656e-01
1.000000000000000000e+00 4.250018298625946045e-01
1.000000000000000000e+00 2.570106387138366699e-01
1.000000000000000000e+00 2.669226229190826416e-01
0.000000000000000000e+00 2.916349172592163086e-01
1.000000000000000000e+00 1.850045770406723022e-01
1.000000000000000000e+00 9.235218167304992676e-02
1.000000000000000000e+00 9.258050471544265747e-02
1.000000000000000000e+00 6.870806962251663208e-02
1.000000000000000000e+00 5.350415408611297607e-02
0.000000000000000000e+00 4.223276302218437195e-02
0.000000000000000000e+00 4.521301761269569397e-02
0.000000000000000000e+00 3.432184830307960510e-02
0.000000000000000000e+00 3.082442656159400940e-02
0.000000000000000000e+00 3.462037444114685059e-02
0.000000000000000000e+00 3.601756691932678223e-02
0.000000000000000000e+00 3.728528320789337158e-02
0.000000000000000000e+00 3.355931863188743591e-02
0.000000000000000000e+00 4.410978034138679504e-02
0.000000000000000000e+00 4.307510331273078918e-02
0.000000000000000000e+00 3.800294175744056702e-02
0.000000000000000000e+00 4.604182019829750061e-02
0.000000000000000000e+00 4.640443623065948486e-02
0.000000000000000000e+00 5.470008403062820435e-02
0.000000000000000000e+00 5.236394703388214111e-02
0.000000000000000000e+00 5.338311940431594849e-02
0.000000000000000000e+00 6.314373761415481567e-02
0.000000000000000000e+00 5.603940784931182861e-02
0.000000000000000000e+00 7.077948749065399170e-02
0.000000000000000000e+00 6.793233007192611694e-02
0.000000000000000000e+00 6.490485370159149170e-02
0.000000000000000000e+00 6.504940241575241089e-02
0.000000000000000000e+00 5.264188349246978760e-02
0.000000000000000000e+00 5.433855578303337097e-02
0.000000000000000000e+00 6.034522503614425659e-02
0.000000000000000000e+00 5.386059358716011047e-02
0.000000000000000000e+00 5.021370202302932739e-02
0.000000000000000000e+00 5.087298154830932617e-02
0.000000000000000000e+00 4.850025847554206848e-02
0.000000000000000000e+00 4.972650110721588135e-02
0.000000000000000000e+00 4.672889783978462219e-02
0.000000000000000000e+00 6.266587227582931519e-02
0.000000000000000000e+00 5.986744910478591919e-02
0.000000000000000000e+00 6.325671076774597168e-02
0.000000000000000000e+00 7.478690147399902344e-02
0.000000000000000000e+00 8.602485805749893188e-02
0.000000000000000000e+00 8.130862563848495483e-02
0.000000000000000000e+00 7.714186608791351318e-02
0.000000000000000000e+00 8.303739875555038452e-02
0.000000000000000000e+00 6.347832083702087402e-02
1.000000000000000000e+00 9.569392800331115723e-01
1.000000000000000000e+00 9.064711332321166992e-01
1.000000000000000000e+00 7.890539765357971191e-01
1.000000000000000000e+00 5.783610939979553223e-01
1.000000000000000000e+00 3.708205223083496094e-01
1.000000000000000000e+00 1.806134730577468872e-01
0.000000000000000000e+00 8.529637008905410767e-02
0.000000000000000000e+00 6.999490410089492798e-02
0.000000000000000000e+00 3.758352249860763550e-02
0.000000000000000000e+00 2.822100743651390076e-02
0.000000000000000000e+00 2.128335833549499512e-02
0.000000000000000000e+00 1.480741519480943680e-02
0.000000000000000000e+00 1.018931251019239426e-02
0.000000000000000000e+00 8.594451472163200378e-03
0.000000000000000000e+00 6.508785765618085861e-03
0.000000000000000000e+00 4.604090470820665359e-03
0.000000000000000000e+00 4.096075892448425293e-03
0.000000000000000000e+00 3.611039603129029274e-03
0.000000000000000000e+00 3.231776412576436996e-03
0.000000000000000000e+00 3.519552992656826973e-03
0.000000000000000000e+00 2.978457137942314148e-03
0.000000000000000000e+00 3.411886747926473618e-03
0.000000000000000000e+00 3.557011717930436134e-03
0.000000000000000000e+00 3.242016304284334183e-03
1.000000000000000000e+00 3.950625192373991013e-03
1.000000000000000000e+00 4.483140073716640472e-03
1.000000000000000000e+00 4.762517288327217102e-03
1.000000000000000000e+00 5.136515479534864426e-03
1.000000000000000000e+00 7.828100584447383881e-03
0.000000000000000000e+00 1.028709206730127335e-02
0.000000000000000000e+00 1.487673912197351456e-02
0.000000000000000000e+00 1.638511568307876587e-02
1.000000000000000000e+00 1.988044939935207367e-02
1.000000000000000000e+00 2.030532434582710266e-02
0.000000000000000000e+00 1.953808404505252838e-02
0.000000000000000000e+00 2.097088284790515900e-02
0.000000000000000000e+00 1.710829883813858032e-02
0.000000000000000000e+00 1.422650460153818130e-02
0.000000000000000000e+00 1.590517535805702209e-02
0.000000000000000000e+00 1.748776622116565704e-02
0.000000000000000000e+00 1.475928537547588348e-02
0.000000000000000000e+00 1.666234433650970459e-02
0.000000000000000000e+00 1.882117986679077148e-02
0.000000000000000000e+00 1.225324440747499466e-02
0.000000000000000000e+00 1.206223201006650925e-02
0.000000000000000000e+00 1.277047861367464066e-02
0.000000000000000000e+00 1.266790088266134262e-02
0.000000000000000000e+00 1.162959448993206024e-02
0.000000000000000000e+00 1.346654538065195084e-02
0.000000000000000000e+00 1.250041928142309189e-02
0.000000000000000000e+00 1.089278329163789749e-02
0.000000000000000000e+00 8.813074789941310883e-03
0.000000000000000000e+00 8.587421849370002747e-03
0.000000000000000000e+00 1.014526467770338058e-02
0.000000000000000000e+00 1.131096482276916504e-02
0.000000000000000000e+00 1.048413757234811783e-02
0.000000000000000000e+00 7.941964082419872284e-03
0.000000000000000000e+00 8.582235313951969147e-03
0.000000000000000000e+00 8.206327445805072784e-03
0.000000000000000000e+00 8.663318119943141937e-03
0.000000000000000000e+00 7.608763407915830612e-03
0.000000000000000000e+00 9.194740094244480133e-03
0.000000000000000000e+00 9.889123030006885529e-03
0.000000000000000000e+00 1.088024955242872238e-02
0.000000000000000000e+00 1.021391246467828751e-02
0.000000000000000000e+00 9.617238305509090424e-03
0.000000000000000000e+00 1.308628264814615250e-02
0.000000000000000000e+00 1.465651206672191620e-02
0.000000000000000000e+00 1.610865443944931030e-02
0.000000000000000000e+00 1.565047167241573334e-02
0.000000000000000000e+00 1.696242764592170715e-02
0.000000000000000000e+00 1.653401367366313934e-02
0.000000000000000000e+00 1.744008250534534454e-02
0.000000000000000000e+00 1.574646309018135071e-02
0.000000000000000000e+00 1.687076501548290253e-02
1.000000000000000000e+00 9.882534742355346680e-01
1.000000000000000000e+00 9.891356229782104492e-01
1.000000000000000000e+00 9.788054227828979492e-01
1.000000000000000000e+00 9.539425373077392578e-01
1.000000000000000000e+00 8.301998376846313477e-01
0.000000000000000000e+00 8.753670454025268555e-01
0.000000000000000000e+00 6.032719016075134277e-01
0.000000000000000000e+00 3.983864188194274902e-01
0.000000000000000000e+00 3.590659499168395996e-01
0.000000000000000000e+00 2.251549810171127319e-01
0.000000000000000000e+00 1.940133124589920044e-01
0.000000000000000000e+00 1.477057933807373047e-01
0.000000000000000000e+00 1.100728437304496765e-01
0.000000000000000000e+00 7.703181356191635132e-02
0.000000000000000000e+00 4.760272055864334106e-02
0.000000000000000000e+00 3.018711507320404053e-02
0.000000000000000000e+00 2.801737375557422638e-02
0.000000000000000000e+00 2.150455489754676819e-02
0.000000000000000000e+00 2.390529215335845947e-02
0.000000000000000000e+00 2.122189849615097046e-02
0.000000000000000000e+00 2.649882063269615173e-02
0.000000000000000000e+00 2.863478288054466248e-02
1.000000000000000000e+00 3.242259472608566284e-02
0.000000000000000000e+00 2.811532281339168549e-02
0.000000000000000000e+00 1.725381985306739807e-02
0.000000000000000000e+00 1.453350391238927841e-02
0.000000000000000000e+00 1.660472154617309570e-02
0.000000000000000000e+00 1.909240707755088806e-02
0.000000000000000000e+00 2.231692522764205933e-02
0.000000000000000000e+00 2.496822550892829895e-02
0.000000000000000000e+00 3.388822078704833984e-02
0.000000000000000000e+00 3.956846892833709717e-02
0.000000000000000000e+00 3.055022843182086945e-02
0.000000000000000000e+00 6.900506466627120972e-02
0.000000000000000000e+00 5.349872261285781860e-02
0.000000000000000000e+00 3.486482426524162292e-02
0.000000000000000000e+00 3.042172454297542572e-02
0.000000000000000000e+00 2.367721125483512878e-02
0.000000000000000000e+00 1.703656278550624847e-02
0.000000000000000000e+00 2.143491990864276886e-02
0.000000000000000000e+00 1.657397672533988953e-02
0.000000000000000000e+00 1.361368037760257721e-02
0.000000000000000000e+00 1.509880647063255310e-02
0.000000000000000000e+00 1.340799778699874878e-02
0.000000000000000000e+00 1.833717338740825653e-02
0.000000000000000000e+00 2.387357875704765320e-02
0.000000000000000000e+00 3.279941529035568237e-02
0.000000000000000000e+00 4.649501293897628784e-02
0.000000000000000000e+00 9.095750749111175537e-02
0.000000000000000000e+00 1.851690560579299927e-01
0.000000000000000000e+00 3.284661769866943359e-01
0.000000000000000000e+00 5.119249820709228516e-01
0.000000000000000000e+00 7.621941566467285156e-01
0.000000000000000000e+00 6.151987910270690918e-01
0.000000000000000000e+00 7.174852490425109863e-01
0.000000000000000000e+00 5.368185639381408691e-01
1.000000000000000000e+00 5.457751154899597168e-01
0.000000000000000000e+00 6.919167041778564453e-01
0.000000000000000000e+00 5.615689754486083984e-01
1.000000000000000000e+00 5.922735929489135742e-01
1.000000000000000000e+00 6.932735443115234375e-01
0.000000000000000000e+00 7.106893658638000488e-01
0.000000000000000000e+00 6.257866621017456055e-01
0.000000000000000000e+00 6.822651028633117676e-01
0.000000000000000000e+00 6.628890633583068848e-01
0.000000000000000000e+00 5.378604531288146973e-01
1.000000000000000000e+00 5.503711700439453125e-01
1.000000000000000000e+00 4.158956110477447510e-01
1.000000000000000000e+00 2.394095510244369507e-01
1.000000000000000000e+00 1.554860621690750122e-01
0.000000000000000000e+00 1.065454855561256409e-01
0.000000000000000000e+00 5.846946313977241516e-02
0.000000000000000000e+00 7.823217660188674927e-02
0.000000000000000000e+00 3.635089099407196045e-02
0.000000000000000000e+00 1.927072368562221527e-02
0.000000000000000000e+00 9.639033675193786621e-01
0.000000000000000000e+00 8.720040321350097656e-01
1.000000000000000000e+00 8.128009438514709473e-01
0.000000000000000000e+00 7.456694245338439941e-01
0.000000000000000000e+00 5.790509581565856934e-01
0.000000000000000000e+00 4.836531579494476318e-01
0.000000000000000000e+00 3.712360858917236328e-01
0.000000000000000000e+00 2.509623169898986816e-01
0.000000000000000000e+00 1.824439167976379395e-01
0.000000000000000000e+00 1.841139048337936401e-01
0.000000000000000000e+00 2.145521342754364014e-01
0.000000000000000000e+00 3.161929845809936523e-01
0.000000000000000000e+00 2.940650582313537598e-01
0.000000000000000000e+00 1.958273351192474365e-01
0.000000000000000000e+00 1.945508867502212524e-01
0.000000000000000000e+00 1.802309751510620117e-01
1.000000000000000000e+00 2.792004346847534180e-01
0.000000000000000000e+00 4.671297669410705566e-01
0.000000000000000000e+00 4.990268945693969727e-01
0.000000000000000000e+00 7.168386578559875488e-01
0.000000000000000000e+00 6.817935705184936523e-01
0.000000000000000000e+00 8.574186563491821289e-01
0.000000000000000000e+00 7.968478798866271973e-01
0.000000000000000000e+00 8.129171729087829590e-01
0.000000000000000000e+00 8.244785070419311523e-01
0.000000000000000000e+00 8.446369171142578125e-01
0.000000000000000000e+00 6.965842843055725098e-01
0.000000000000000000e+00 7.859023213386535645e-01
0.000000000000000000e+00 6.461772918701171875e-01
0.000000000000000000e+00 6.824574470520019531e-01
0.000000000000000000e+00 7.009374499320983887e-01
0.000000000000000000e+00 5.561803579330444336e-01
0.000000000000000000e+00 5.011087059974670410e-01
0.000000000000000000e+00 6.669943332672119141e-01
0.000000000000000000e+00 3.981411159038543701e-01
0.000000000000000000e+00 1.498765200376510620e-01
0.000000000000000000e+00 1.877122670412063599e-01
0.000000000000000000e+00 8.523041754961013794e-02
0.000000000000000000e+00 5.445491522550582886e-02
0.000000000000000000e+00 9.772927314043045044e-02
0.000000000000000000e+00 1.119993776082992554e-01
0.000000000000000000e+00 2.087976336479187012e-01
0.000000000000000000e+00 1.394985765218734741e-01
0.000000000000000000e+00 1.204122751951217651e-01
0.000000000000000000e+00 5.059253424406051636e-02
0.000000000000000000e+00 9.443859010934829712e-02
0.000000000000000000e+00 9.780288487672805786e-02
0.000000000000000000e+00 3.415066301822662354e-01
0.000000000000000000e+00 5.867434144020080566e-01
0.000000000000000000e+00 6.091254949569702148e-01
0.000000000000000000e+00 6.623114943504333496e-01
0.000000000000000000e+00 8.694369196891784668e-01
0.000000000000000000e+00 9.547501802444458008e-01
0.000000000000000000e+00 9.574810266494750977e-01
0.000000000000000000e+00 9.757502675056457520e-01
0.000000000000000000e+00 9.692009687423706055e-01
0.000000000000000000e+00 9.777027964591979980e-01
0.000000000000000000e+00 9.812849760055541992e-01
0.000000000000000000e+00 9.755398035049438477e-01
0.000000000000000000e+00 9.532846808433532715e-01
0.000000000000000000e+00 9.303877949714660645e-01
0.000000000000000000e+00 9.486662745475769043e-01
0.000000000000000000e+00 9.128710031509399414e-01
0.000000000000000000e+00 8.843593001365661621e-01
0.000000000000000000e+00 9.673348665237426758e-01
0.000000000000000000e+00 9.252681732177734375e-01
1.000000000000000000e+00 8.951612710952758789e-01
1.000000000000000000e+00 8.723667263984680176e-01
1.000000000000000000e+00 8.940834403038024902e-01
1.000000000000000000e+00 9.092569351196289062e-01
1.000000000000000000e+00 8.410780429840087891e-01
1.000000000000000000e+00 8.083429336547851562e-01
1.000000000000000000e+00 5.300576686859130859e-01
0.000000000000000000e+00 4.391570687294006348e-01
1.000000000000000000e+00 3.631650209426879883e-01
1.000000000000000000e+00 1.611725986003875732e-01
1.000000000000000000e+00 7.944676280021667480e-02
1.000000000000000000e+00 5.684977397322654724e-02
0.000000000000000000e+00 4.985498264431953430e-02
0.000000000000000000e+00 2.618660032749176025e-02
0.000000000000000000e+00 2.403282560408115387e-02
0.000000000000000000e+00 1.693620905280113220e-02
0.000000000000000000e+00 1.352332904934883118e-02
0.000000000000000000e+00 1.533734705299139023e-02
0.000000000000000000e+00 1.386808231472969055e-02
0.000000000000000000e+00 2.072779648005962372e-02
0.000000000000000000e+00 2.218107320368289948e-02
0.000000000000000000e+00 2.792985737323760986e-02
0.000000000000000000e+00 3.690227866172790527e-02
0.000000000000000000e+00 3.733268752694129944e-02
0.000000000000000000e+00 7.538032531738281250e-02
0.000000000000000000e+00 1.059034690260887146e-01
0.000000000000000000e+00 1.123791858553886414e-01
0.000000000000000000e+00 1.448333412408828735e-01
0.000000000000000000e+00 1.236527413129806519e-01
0.000000000000000000e+00 2.078785449266433716e-01
0.000000000000000000e+00 1.965640783309936523e-01
0.000000000000000000e+00 1.388417184352874756e-01
0.000000000000000000e+00 1.696996837854385376e-01
0.000000000000000000e+00 1.146209537982940674e-01
0.000000000000000000e+00 8.978955447673797607e-02
0.000000000000000000e+00 8.641910552978515625e-02
0.000000000000000000e+00 6.441072374582290649e-02
0.000000000000000000e+00 4.011937975883483887e-02
0.000000000000000000e+00 4.506252706050872803e-02
0.000000000000000000e+00 3.921674937009811401e-02
0.000000000000000000e+00 2.529239654541015625e-02
0.000000000000000000e+00 3.017101809382438660e-02
0.000000000000000000e+00 3.153197467327117920e-02
0.000000000000000000e+00 2.037267945706844330e-02
0.000000000000000000e+00 1.587718911468982697e-02
0.000000000000000000e+00 2.312756329774856567e-02
0.000000000000000000e+00 2.318300679326057434e-02
0.000000000000000000e+00 2.132695727050304413e-02
0.000000000000000000e+00 1.929496601223945618e-02
0.000000000000000000e+00 2.555362135171890259e-02
0.000000000000000000e+00 2.732899971306324005e-02
0.000000000000000000e+00 2.148583345115184784e-02
0.000000000000000000e+00 3.354690968990325928e-02
0.000000000000000000e+00 2.498305030167102814e-02
0.000000000000000000e+00 3.647332638502120972e-02
0.000000000000000000e+00 3.720242530107498169e-02
0.000000000000000000e+00 4.515293985605239868e-02
0.000000000000000000e+00 8.970847725868225098e-02
0.000000000000000000e+00 1.534229367971420288e-01
0.000000000000000000e+00 2.182196825742721558e-01
0.000000000000000000e+00 2.734780609607696533e-01
0.000000000000000000e+00 3.459026515483856201e-01
0.000000000000000000e+00 3.185884952545166016e-01
0.000000000000000000e+00 5.399430394172668457e-01
1.000000000000000000e+00 3.658359050750732422e-01
1.000000000000000000e+00 5.006132721900939941e-01
1.000000000000000000e+00 5.190292596817016602e-01
0.000000000000000000e+00 5.647555589675903320e-01
1.000000000000000000e+00 7.578617334365844727e-01
1.000000000000000000e+00 7.364553213119506836e-01
1.000000000000000000e+00 7.223801612854003906e-01
1.000000000000000000e+00 7.327369451522827148e-01
1.000000000000000000e+00 5.826589465141296387e-01
0.000000000000000000e+00 5.008521676063537598e-01
0.000000000000000000e+00 3.851608037948608398e-01
1.000000000000000000e+00 2.253178805112838745e-01
1.000000000000000000e+00 2.004271000623703003e-01
1.000000000000000000e+00 1.830207705497741699e-01
1.000000000000000000e+00 1.506676077842712402e-01
0.000000000000000000e+00 5.035930126905441284e-02
0.000000000000000000e+00 3.212552517652511597e-02
0.000000000000000000e+00 1.862965151667594910e-02
0.000000000000000000e+00 1.296502165496349335e-02
0.000000000000000000e+00 7.197446189820766449e-03
1.000000000000000000e+00 9.913277029991149902e-01
1.000000000000000000e+00 9.892292618751525879e-01
1.000000000000000000e+00 9.859906435012817383e-01
1.000000000000000000e+00 9.740043878555297852e-01
1.000000000000000000e+00 9.649133086204528809e-01
1.000000000000000000e+00 8.341003656387329102e-01
1.000000000000000000e+00 7.028909325599670410e-01
0.000000000000000000e+00 6.156705617904663086e-01
0.000000000000000000e+00 5.327863693237304688e-01
0.000000000000000000e+00 4.660468697547912598e-01
0.000000000000000000e+00 4.044082164764404297e-01
0.000000000000000000e+00 3.325325250625610352e-01
0.000000000000000000e+00 3.743915855884552002e-01
0.000000000000000000e+00 1.522172391414642334e-01
0.000000000000000000e+00 1.420753449201583862e-01
0.000000000000000000e+00 1.399693936109542847e-01
1.000000000000000000e+00 8.004567027091979980e-02
0.000000000000000000e+00 6.932192295789718628e-02
0.000000000000000000e+00 7.761231064796447754e-02
0.000000000000000000e+00 8.456507325172424316e-02
0.000000000000000000e+00 7.654203474521636963e-02
0.000000000000000000e+00 1.021649613976478577e-01
0.000000000000000000e+00 1.152951195836067200e-01
0.000000000000000000e+00 1.240636706352233887e-01
0.000000000000000000e+00 1.285916715860366821e-01
0.000000000000000000e+00 1.302729249000549316e-01
0.000000000000000000e+00 1.198850050568580627e-01
0.000000000000000000e+00 8.321496844291687012e-02
0.000000000000000000e+00 9.685073792934417725e-02
0.000000000000000000e+00 1.330271214246749878e-01
0.000000000000000000e+00 1.838990747928619385e-01
0.000000000000000000e+00 1.566901504993438721e-01
0.000000000000000000e+00 1.503228247165679932e-01
0.000000000000000000e+00 1.893822997808456421e-01
0.000000000000000000e+00 2.520602643489837646e-01
0.000000000000000000e+00 1.149742752313613892e-01
0.000000000000000000e+00 1.276208013296127319e-01
0.000000000000000000e+00 1.709774881601333618e-01
0.000000000000000000e+00 1.325722634792327881e-01
0.000000000000000000e+00 1.170694679021835327e-01
0.000000000000000000e+00 1.528183519840240479e-01
0.000000000000000000e+00 9.457585960626602173e-02
0.000000000000000000e+00 9.849664568901062012e-02
0.000000000000000000e+00 5.958145111799240112e-02
0.000000000000000000e+00 6.994519382715225220e-02
0.000000000000000000e+00 6.884751468896865845e-02
0.000000000000000000e+00 7.802103459835052490e-02
0.000000000000000000e+00 9.496243298053741455e-02
0.000000000000000000e+00 1.908648163080215454e-01
0.000000000000000000e+00 2.120679616928100586e-01
0.000000000000000000e+00 2.245064228773117065e-01
0.000000000000000000e+00 4.037805199623107910e-01
0.000000000000000000e+00 6.340714693069458008e-01
0.000000000000000000e+00 6.576625108718872070e-01
0.000000000000000000e+00 8.066593408584594727e-01
1.000000000000000000e+00 7.847787141799926758e-01
1.000000000000000000e+00 8.279425501823425293e-01
1.000000000000000000e+00 8.016557693481445312e-01
1.000000000000000000e+00 8.098630905151367188e-01
1.000000000000000000e+00 7.793092131614685059e-01
1.000000000000000000e+00 8.120701313018798828e-01
0.000000000000000000e+00 7.994301915168762207e-01
0.000000000000000000e+00 7.277224659919738770e-01
0.000000000000000000e+00 7.879742383956909180e-01
0.000000000000000000e+00 6.728261709213256836e-01
0.000000000000000000e+00 6.252502202987670898e-01
0.000000000000000000e+00 4.242229759693145752e-01
0.000000000000000000e+00 4.473518133163452148e-01
0.000000000000000000e+00 3.376163244247436523e-01
0.000000000000000000e+00 3.059629499912261963e-01
0.000000000000000000e+00 2.441118508577346802e-01
0.000000000000000000e+00 1.497490406036376953e-01
0.000000000000000000e+00 1.165674254298210144e-01
0.000000000000000000e+00 3.738223761320114136e-02
0.000000000000000000e+00 4.079801216721534729e-02
0.000000000000000000e+00 9.933727979660034180e-01
0.000000000000000000e+00 9.913528561592102051e-01
0.000000000000000000e+00 9.862180352210998535e-01
0.000000000000000000e+00 9.809406399726867676e-01
0.000000000000000000e+00 9.786497354507446289e-01
0.000000000000000000e+00 9.558120369911193848e-01
0.000000000000000000e+00 9.252281785011291504e-01
0.000000000000000000e+00 9.118655920028686523e-01
0.000000000000000000e+00 9.023068547248840332e-01
0.000000000000000000e+00 7.454349994659423828e-01
0.000000000000000000e+00 5.848642587661743164e-01
0.000000000000000000e+00 6.454257965087890625e-01
0.000000000000000000e+00 3.696347475051879883e-01
0.000000000000000000e+00 3.179062008857727051e-01
0.000000000000000000e+00 3.035905957221984863e-01
0.000000000000000000e+00 1.913899183273315430e-01
0.000000000000000000e+00 2.377631217241287231e-01
0.000000000000000000e+00 3.144996166229248047e-01
0.000000000000000000e+00 2.218007743358612061e-01
0.000000000000000000e+00 1.544634401798248291e-01
0.000000000000000000e+00 2.470958679914474487e-01
1.000000000000000000e+00 3.532283604145050049e-01
1.000000000000000000e+00 5.778172612190246582e-01
1.000000000000000000e+00 5.634618997573852539e-01
0.000000000000000000e+00 5.725919008255004883e-01
0.000000000000000000e+00 4.534266889095306396e-01
0.000000000000000000e+00 7.490413188934326172e-01
0.000000000000000000e+00 5.359491705894470215e-01
0.000000000000000000e+00 5.169764757156372070e-01
0.000000000000000000e+00 6.511225104331970215e-01
0.000000000000000000e+00 6.472341418266296387e-01
0.000000000000000000e+00 5.096879005432128906e-01
0.000000000000000000e+00 4.280151724815368652e-01
0.000000000000000000e+00 5.376507639884948730e-01
0.000000000000000000e+00 3.921624124050140381e-01
0.000000000000000000e+00 3.141139447689056396e-01
0.000000000000000000e+00 3.021887838840484619e-01
0.000000000000000000e+00 4.227546751499176025e-01
0.000000000000000000e+00 2.556523382663726807e-01
0.000000000000000000e+00 2.487175166606903076e-01
0.000000000000000000e+00 2.760925889015197754e-01
0.000000000000000000e+00 1.301408261060714722e-01
0.000000000000000000e+00 1.453816741704940796e-01
0.000000000000000000e+00 1.038474142551422119e-01
0.000000000000000000e+00 6.887355446815490723e-02
0.000000000000000000e+00 6.523434072732925415e-02
0.000000000000000000e+00 6.447248905897140503e-02
0.000000000000000000e+00 6.058843806385993958e-02
1.000000000000000000e+00 5.848487466573715210e-02
0.000000000000000000e+00 4.881453141570091248e-02
0.000000000000000000e+00 7.067784667015075684e-02
0.000000000000000000e+00 8.322650194168090820e-02
0.000000000000000000e+00 7.084826380014419556e-02
1.000000000000000000e+00 1.002471372485160828e-01
1.000000000000000000e+00 1.868253797292709351e-01
1.000000000000000000e+00 1.790647804737091064e-01
0.000000000000000000e+00 1.109172552824020386e-01
0.000000000000000000e+00 1.254568994045257568e-01
0.000000000000000000e+00 1.001630872488021851e-01
1.000000000000000000e+00 1.149243786931037903e-01
1.000000000000000000e+00 1.412946730852127075e-01
1.000000000000000000e+00 1.274250745773315430e-01
1.000000000000000000e+00 1.687307804822921753e-01
1.000000000000000000e+00 1.916314512491226196e-01
1.000000000000000000e+00 1.987870186567306519e-01
0.000000000000000000e+00 3.314388394355773926e-01
0.000000000000000000e+00 4.818836152553558350e-01
0.000000000000000000e+00 7.407855987548828125e-01
0.000000000000000000e+00 7.076589465141296387e-01
0.000000000000000000e+00 7.345785498619079590e-01
0.000000000000000000e+00 7.107928991317749023e-01
0.000000000000000000e+00 5.082566738128662109e-01
0.000000000000000000e+00 2.777093946933746338e-01
0.000000000000000000e+00 2.613545358180999756e-01
0.000000000000000000e+00 3.406639397144317627e-01
