0.000000000000000000e+00 1.573508083820343018e-01
0.000000000000000000e+00 1.697538495063781738e-01
0.000000000000000000e+00 1.960287094116210938e-01
0.000000000000000000e+00 1.693634241819381714e-01
0.000000000000000000e+00 1.887668818235397339e-01
0.000000000000000000e+00 2.002035230398178101e-01
0.000000000000000000e+00 2.370181232690811157e-01
0.000000000000000000e+00 2.834340035915374756e-01
0.000000000000000000e+00 2.379493117332458496e-01
0.000000000000000000e+00 2.045839279890060425e-01
0.000000000000000000e+00 1.738935410976409912e-01
0.000000000000000000e+00 2.369704991579055786e-01
0.000000000000000000e+00 2.413432002067565918e-01
0.000000000000000000e+00 1.274052411317825317e-01
0.000000000000000000e+00 2.298990786075592041e-01
0.000000000000000000e+00 7.210679352283477783e-02
0.000000000000000000e+00 1.685028225183486938e-01
0.000000000000000000e+00 1.440302580595016479e-01
0.000000000000000000e+00 1.694643646478652954e-01
0.000000000000000000e+00 1.370992660522460938e-01
0.000000000000000000e+00 1.770544946193695068e-01
0.000000000000000000e+00 8.128245174884796143e-02
0.000000000000000000e+00 1.189953163266181946e-01
1.000000000000000000e+00 1.901392489671707153e-01
1.000000000000000000e+00 8.729693293571472168e-02
1.000000000000000000e+00 1.322990208864212036e-01
1.000000000000000000e+00 1.442580968141555786e-01
1.000000000000000000e+00 9.845370054244995117e-02
1.000000000000000000e+00 6.245587766170501709e-02
1.000000000000000000e+00 7.657941430807113647e-02
1.000000000000000000e+00 6.033318489789962769e-02
0.000000000000000000e+00 7.241307199001312256e-02
0.000000000000000000e+00 6.440451741218566895e-02
0.000000000000000000e+00 3.424982726573944092e-02
0.000000000000000000e+00 6.219694018363952637e-02
0.000000000000000000e+00 6.421955674886703491e-02
0.000000000000000000e+00 7.184398174285888672e-02
0.000000000000000000e+00 5.732598155736923218e-02
0.000000000000000000e+00 6.740815937519073486e-02
0.000000000000000000e+00 3.834073618054389954e-02
0.000000000000000000e+00 4.324802383780479431e-02
0.000000000000000000e+00 2.812558412551879883e-02
0.000000000000000000e+00 3.148929402232170105e-02
0.000000000000000000e+00 1.805053837597370148e-02
0.000000000000000000e+00 1.415865588933229446e-02
0.000000000000000000e+00 7.611313834786415100e-03
0.000000000000000000e+00 5.278090946376323700e-03
0.000000000000000000e+00 4.986375104635953903e-03
0.000000000000000000e+00 6.539546418935060501e-03
0.000000000000000000e+00 4.164754878729581833e-03
0.000000000000000000e+00 4.373472183942794800e-03
0.000000000000000000e+00 4.721823614090681076e-03
0.000000000000000000e+00 5.912708584219217300e-03
0.000000000000000000e+00 8.543386124074459076e-03
0.000000000000000000e+00 1.030188985168933868e-02
0.000000000000000000e+00 8.079761639237403870e-03
0.000000000000000000e+00 1.258138846606016159e-02
0.000000000000000000e+00 2.871514484286308289e-02
0.000000000000000000e+00 4.046334326267242432e-02
0.000000000000000000e+00 1.132821217179298401e-01
0.000000000000000000e+00 1.084210053086280823e-01
0.000000000000000000e+00 2.008312642574310303e-01
0.000000000000000000e+00 1.897187083959579468e-01
0.000000000000000000e+00 2.413205653429031372e-01
0.000000000000000000e+00 3.192099928855895996e-01
0.000000000000000000e+00 3.841919898986816406e-01
0.000000000000000000e+00 4.243001043796539307e-01
0.000000000000000000e+00 4.823538959026336670e-01
0.000000000000000000e+00 5.295723080635070801e-01
0.000000000000000000e+00 5.463138222694396973e-01
0.000000000000000000e+00 6.347786188125610352e-01
0.000000000000000000e+00 5.057700276374816895e-01
0.000000000000000000e+00 5.555933117866516113e-01
0.000000000000000000e+00 4.467051327228546143e-01
0.000000000000000000e+00 4.677726328372955322e-01
0.000000000000000000e+00 6.583629846572875977e-01
0.000000000000000000e+00 6.403375864028930664e-01
0.000000000000000000e+00 7.880443930625915527e-01
0.000000000000000000e+00 7.726532220840454102e-01
0.000000000000000000e+00 7.666523456573486328e-01
0.000000000000000000e+00 8.605284690856933594e-01
0.000000000000000000e+00 7.646104097366333008e-01
0.000000000000000000e+00 8.316777944564819336e-01
0.000000000000000000e+00 8.633023500442504883e-01
0.000000000000000000e+00 6.919170022010803223e-01
0.000000000000000000e+00 7.939688563346862793e-01
0.000000000000000000e+00 7.765416502952575684e-01
0.000000000000000000e+00 7.197776436805725098e-01
0.000000000000000000e+00 7.406819462776184082e-01
0.000000000000000000e+00 5.734076499938964844e-01
1.000000000000000000e+00 5.058591961860656738e-01
1.000000000000000000e+00 4.181820750236511230e-01
1.000000000000000000e+00 5.214560627937316895e-01
1.000000000000000000e+00 4.189112484455108643e-01
0.000000000000000000e+00 5.412781834602355957e-01
0.000000000000000000e+00 5.930179953575134277e-01
0.000000000000000000e+00 5.885059833526611328e-01
0.000000000000000000e+00 5.769532322883605957e-01
0.000000000000000000e+00 5.302416682243347168e-01
0.000000000000000000e+00 4.542202055454254150e-01
0.000000000000000000e+00 3.411812484264373779e-01
0.000000000000000000e+00 3.168050348758697510e-01
0.000000000000000000e+00 1.608236730098724365e-01
0.000000000000000000e+00 9.562245011329650879e-02
0.000000000000000000e+00 8.093239367008209229e-02
0.000000000000000000e+00 1.352402940392494202e-02
0.000000000000000000e+00 7.326158694922924042e-03
1.000000000000000000e+00 6.975983269512653351e-03
1.000000000000000000e+00 4.074334166944026947e-03
0.000000000000000000e+00 1.920527662150561810e-03
0.000000000000000000e+00 1.049500540830194950e-03
0.000000000000000000e+00 1.075617503374814987e-03
0.000000000000000000e+00 8.750886772759258747e-04
0.000000000000000000e+00 1.231428701430559158e-03
0.000000000000000000e+00 1.108199590817093849e-03
0.000000000000000000e+00 1.643482130020856857e-03
0.000000000000000000e+00 7.051145075820386410e-04
0.000000000000000000e+00 1.474992488510906696e-03
0.000000000000000000e+00 2.260651672258973122e-03
0.000000000000000000e+00 2.875010715797543526e-03
0.000000000000000000e+00 2.700431272387504578e-03
0.000000000000000000e+00 3.192062955349683762e-03
0.000000000000000000e+00 4.672871902585029602e-03
0.000000000000000000e+00 3.754004603251814842e-03
0.000000000000000000e+00 7.485014852136373520e-03
0.000000000000000000e+00 1.720963045954704285e-02
0.000000000000000000e+00 2.857361175119876862e-02
0.000000000000000000e+00 3.385677561163902283e-02
0.000000000000000000e+00 3.921543061733245850e-02
0.000000000000000000e+00 3.588526695966720581e-02
0.000000000000000000e+00 3.713586553931236267e-02
0.000000000000000000e+00 2.434010617434978485e-02
0.000000000000000000e+00 3.404702618718147278e-02
0.000000000000000000e+00 5.614446476101875305e-02
0.000000000000000000e+00 6.472387164831161499e-02
0.000000000000000000e+00 1.053454130887985229e-01
0.000000000000000000e+00 1.161356642842292786e-01
0.000000000000000000e+00 1.015859618782997131e-01
0.000000000000000000e+00 1.040783971548080444e-01
0.000000000000000000e+00 9.976048767566680908e-02
0.000000000000000000e+00 7.842884957790374756e-02
0.000000000000000000e+00 7.975649833679199219e-02
0.000000000000000000e+00 8.144431561231613159e-02
0.000000000000000000e+00 1.154872030019760132e-01
0.000000000000000000e+00 1.014116704463958740e-01
0.000000000000000000e+00 1.353915482759475708e-01
0.000000000000000000e+00 1.660945713520050049e-01
0.000000000000000000e+00 1.931320726871490479e-01
0.000000000000000000e+00 1.644673645496368408e-01
0.000000000000000000e+00 2.015134394168853760e-01
1.000000000000000000e+00 4.756469130516052246e-01
1.000000000000000000e+00 1.532487422227859497e-01
1.000000000000000000e+00 1.851012110710144043e-01
1.000000000000000000e+00 3.178472444415092468e-02
1.000000000000000000e+00 1.983676664531230927e-02
0.000000000000000000e+00 1.039375737309455872e-02
0.000000000000000000e+00 5.536451004445552826e-03
0.000000000000000000e+00 1.992150209844112396e-03
0.000000000000000000e+00 9.166625677607953548e-04
0.000000000000000000e+00 8.579709101468324661e-04
0.000000000000000000e+00 4.634320212062448263e-04
0.000000000000000000e+00 2.975783427245914936e-04
0.000000000000000000e+00 1.939537032740190625e-04
0.000000000000000000e+00 7.812980766175314784e-05
0.000000000000000000e+00 5.441153189167380333e-05
0.000000000000000000e+00 1.924287062138319016e-05
0.000000000000000000e+00 1.580269781698007137e-05
0.000000000000000000e+00 1.435765807400457561e-05
0.000000000000000000e+00 6.439430762839037925e-06
0.000000000000000000e+00 3.461329015408409759e-06
0.000000000000000000e+00 3.353683950990671292e-06
0.000000000000000000e+00 3.698266255014459603e-06
0.000000000000000000e+00 3.019982159457867965e-06
0.000000000000000000e+00 5.118061380926519632e-06
0.000000000000000000e+00 3.301476226624799892e-06
0.000000000000000000e+00 3.393267661522259004e-06
1.000000000000000000e+00 7.402337359962984920e-06
1.000000000000000000e+00 2.179174953198526055e-05
0.000000000000000000e+00 5.197416612645611167e-05
0.000000000000000000e+00 1.557819923618808389e-04
0.000000000000000000e+00 4.631162737496197224e-04
0.000000000000000000e+00 6.650773575529456139e-04
0.000000000000000000e+00 3.107082447968423367e-04
0.000000000000000000e+00 8.825701079331338406e-04
0.000000000000000000e+00 9.434857638552784920e-04
0.000000000000000000e+00 5.928311729803681374e-04
0.000000000000000000e+00 2.743879449553787708e-04
0.000000000000000000e+00 4.982128157280385494e-04
0.000000000000000000e+00 3.737909719347953796e-04
0.000000000000000000e+00 3.832428483292460442e-04
0.000000000000000000e+00 2.288337127538397908e-04
0.000000000000000000e+00 2.856821229215711355e-04
0.000000000000000000e+00 1.614426291780546308e-04
0.000000000000000000e+00 1.436023303540423512e-04
0.000000000000000000e+00 1.124336558859795332e-04
0.000000000000000000e+00 8.233558037318289280e-05
0.000000000000000000e+00 1.477023470215499401e-04
0.000000000000000000e+00 1.590659376233816147e-04
0.000000000000000000e+00 2.265408256789669394e-04
0.000000000000000000e+00 9.927004430210217834e-05
0.000000000000000000e+00 1.240557321580126882e-04
0.000000000000000000e+00 1.103789545595645905e-04
0.000000000000000000e+00 1.191062328871339560e-04
0.000000000000000000e+00 3.025110345333814621e-04
0.000000000000000000e+00 4.251118516549468040e-04
0.000000000000000000e+00 2.170819498132914305e-04
0.000000000000000000e+00 5.194977275095880032e-04
0.000000000000000000e+00 2.945344895124435425e-04
0.000000000000000000e+00 5.677700391970574856e-04
0.000000000000000000e+00 5.677760345861315727e-04
0.000000000000000000e+00 6.007244228385388851e-04
0.000000000000000000e+00 6.904200999997556210e-04
0.000000000000000000e+00 3.631309373304247856e-04
0.000000000000000000e+00 8.067394956015050411e-04
0.000000000000000000e+00 8.598791901022195816e-04
0.000000000000000000e+00 1.210320391692221165e-03
0.000000000000000000e+00 1.515753800049424171e-03
0.000000000000000000e+00 1.921568880788981915e-03
0.000000000000000000e+00 6.578699685633182526e-03
0.000000000000000000e+00 2.922062994912266731e-03
0.000000000000000000e+00 4.986256826668977737e-03
0.000000000000000000e+00 3.230461850762367249e-03
0.000000000000000000e+00 3.743970766663551331e-03
0.000000000000000000e+00 3.749362193048000336e-03
0.000000000000000000e+00 5.121349822729825974e-03
1.000000000000000000e+00 8.893821239471435547e-01
0.000000000000000000e+00 6.953129172325134277e-01
0.000000000000000000e+00 4.818621873855590820e-01
0.000000000000000000e+00 4.466343522071838379e-01
0.000000000000000000e+00 3.743875026702880859e-01
0.000000000000000000e+00 3.464822471141815186e-01
0.000000000000000000e+00 1.924571990966796875e-01
0.000000000000000000e+00 1.852479577064514160e-01
0.000000000000000000e+00 1.170988827943801880e-01
0.000000000000000000e+00 9.889203310012817383e-02
0.000000000000000000e+00 1.157551854848861694e-01
0.000000000000000000e+00 6.653060764074325562e-02
0.000000000000000000e+00 4.305372387170791626e-02
0.000000000000000000e+00 2.719383686780929565e-02
0.000000000000000000e+00 2.263190038502216339e-02
0.000000000000000000e+00 1.080008968710899353e-02
0.000000000000000000e+00 1.608756929636001587e-02
0.000000000000000000e+00 1.199429575353860855e-02
0.000000000000000000e+00 7.755976635962724686e-03
0.000000000000000000e+00 1.210995949804782867e-02
0.000000000000000000e+00 1.332346070557832718e-02
0.000000000000000000e+00 1.423523388803005219e-02
0.000000000000000000e+00 1.502890698611736298e-02
0.000000000000000000e+00 2.247642166912555695e-02
0.000000000000000000e+00 1.500395499169826508e-02
0.000000000000000000e+00 1.884893886744976044e-02
0.000000000000000000e+00 2.381978370249271393e-02
0.000000000000000000e+00 1.727210171520709991e-02
0.000000000000000000e+00 1.686244644224643707e-02
0.000000000000000000e+00 3.482687845826148987e-02
0.000000000000000000e+00 7.288842648267745972e-02
0.000000000000000000e+00 4.227339476346969604e-02
0.000000000000000000e+00 6.134501472115516663e-02
0.000000000000000000e+00 6.131365150213241577e-02
0.000000000000000000e+00 5.050459876656532288e-02
0.000000000000000000e+00 4.067887365818023682e-02
0.000000000000000000e+00 5.804460868239402771e-02
0.000000000000000000e+00 3.773248195648193359e-02
0.000000000000000000e+00 3.282414004206657410e-02
0.000000000000000000e+00 2.597806416451931000e-02
0.000000000000000000e+00 4.837718978524208069e-02
0.000000000000000000e+00 2.986685372889041901e-02
0.000000000000000000e+00 2.674682997167110443e-02
0.000000000000000000e+00 3.048126772046089172e-02
0.000000000000000000e+00 1.970056816935539246e-02
0.000000000000000000e+00 2.873933129012584686e-02
0.000000000000000000e+00 3.903812170028686523e-02
0.000000000000000000e+00 4.455444961786270142e-02
0.000000000000000000e+00 6.052414700388908386e-02
0.000000000000000000e+00 9.222052991390228271e-02
0.000000000000000000e+00 1.240012943744659424e-01
0.000000000000000000e+00 1.984848082065582275e-01
0.000000000000000000e+00 1.972155272960662842e-01
0.000000000000000000e+00 1.774382293224334717e-01
0.000000000000000000e+00 2.108955830335617065e-01
0.000000000000000000e+00 1.571097373962402344e-01
0.000000000000000000e+00 2.103834152221679688e-01
0.000000000000000000e+00 2.065722644329071045e-01
0.000000000000000000e+00 1.824377179145812988e-01
0.000000000000000000e+00 2.612796127796173096e-01
0.000000000000000000e+00 2.723991572856903076e-01
0.000000000000000000e+00 2.805738747119903564e-01
0.000000000000000000e+00 2.848323285579681396e-01
0.000000000000000000e+00 2.583504319190979004e-01
0.000000000000000000e+00 2.710705101490020752e-01
0.000000000000000000e+00 2.554288208484649658e-01
0.000000000000000000e+00 2.639533281326293945e-01
1.000000000000000000e+00 2.542848587036132812e-01
1.000000000000000000e+00 2.565818428993225098e-01
0.000000000000000000e+00 1.999270766973495483e-01
0.000000000000000000e+00 1.777014285326004028e-01
0.000000000000000000e+00 1.830425858497619629e-01
0.000000000000000000e+00 1.500337272882461548e-01
0.000000000000000000e+00 1.513131558895111084e-01
0.000000000000000000e+00 1.185274794697761536e-01
0.000000000000000000e+00 7.646691799163818359e-01
0.000000000000000000e+00 3.830055594444274902e-01
0.000000000000000000e+00 1.279982328414916992e-01
0.000000000000000000e+00 8.391259610652923584e-02
0.000000000000000000e+00 3.900365903973579407e-02
0.000000000000000000e+00 3.599930554628372192e-02
0.000000000000000000e+00 2.655186876654624939e-02
0.000000000000000000e+00 2.131744660437107086e-02
0.000000000000000000e+00 1.667788252234458923e-02
0.000000000000000000e+00 1.210126280784606934e-02
0.000000000000000000e+00 1.110861077904701233e-02
0.000000000000000000e+00 1.360775995999574661e-02
0.000000000000000000e+00 1.040249597281217575e-02
0.000000000000000000e+00 1.246846280992031097e-02
0.000000000000000000e+00 7.715047337114810944e-03
0.000000000000000000e+00 9.030054323375225067e-03
0.000000000000000000e+00 9.404377080500125885e-03
0.000000000000000000e+00 1.436197757720947266e-02
0.000000000000000000e+00 1.311888080090284348e-02
0.000000000000000000e+00 1.604027487337589264e-02
0.000000000000000000e+00 3.079245612025260925e-02
0.000000000000000000e+00 4.422717168927192688e-02
0.000000000000000000e+00 3.312524408102035522e-02
0.000000000000000000e+00 4.256559535861015320e-02
0.000000000000000000e+00 5.088568106293678284e-02
0.000000000000000000e+00 8.722443133592605591e-02
0.000000000000000000e+00 1.594462543725967407e-01
0.000000000000000000e+00 1.142449229955673218e-01
0.000000000000000000e+00 1.185707822442054749e-01
0.000000000000000000e+00 2.654378712177276611e-01
0.000000000000000000e+00 1.679128110408782959e-01
0.000000000000000000e+00 1.400477588176727295e-01
0.000000000000000000e+00 2.808051109313964844e-01
0.000000000000000000e+00 2.835761606693267822e-01
0.000000000000000000e+00 1.493247896432876587e-01
0.000000000000000000e+00 1.673373132944107056e-01
0.000000000000000000e+00 1.409494876861572266e-01
0.000000000000000000e+00 1.275524199008941650e-01
0.000000000000000000e+00 1.850150227546691895e-01
0.000000000000000000e+00 8.816897869110107422e-02
0.000000000000000000e+00 1.281803846359252930e-01
0.000000000000000000e+00 1.207250505685806274e-01
0.000000000000000000e+00 8.166441321372985840e-02
0.000000000000000000e+00 1.119724437594413757e-01
0.000000000000000000e+00 1.146571859717369080e-01
0.000000000000000000e+00 5.951415747404098511e-02
0.000000000000000000e+00 8.011031895875930786e-02
0.000000000000000000e+00 9.378866106271743774e-02
0.000000000000000000e+00 1.626554578542709351e-01
0.000000000000000000e+00 3.050888478755950928e-01
0.000000000000000000e+00 3.953161239624023438e-01
0.000000000000000000e+00 4.194611907005310059e-01
0.000000000000000000e+00 3.791503608226776123e-01
0.000000000000000000e+00 5.660085678100585938e-01
0.000000000000000000e+00 5.757442712783813477e-01
0.000000000000000000e+00 5.386189818382263184e-01
0.000000000000000000e+00 4.898141324520111084e-01
0.000000000000000000e+00 5.803916454315185547e-01
0.000000000000000000e+00 6.463314294815063477e-01
0.000000000000000000e+00 5.990620851516723633e-01
0.000000000000000000e+00 6.778833270072937012e-01
0.000000000000000000e+00 6.761160492897033691e-01
0.000000000000000000e+00 6.773501038551330566e-01
0.000000000000000000e+00 6.891497969627380371e-01
0.000000000000000000e+00 5.985024571418762207e-01
0.000000000000000000e+00 6.493384242057800293e-01
0.000000000000000000e+00 6.396277546882629395e-01
0.000000000000000000e+00 6.247316598892211914e-01
0.000000000000000000e+00 6.686917543411254883e-01
0.000000000000000000e+00 5.699574947357177734e-01
0.000000000000000000e+00 6.177105307579040527e-01
0.000000000000000000e+00 5.537925362586975098e-01
0.000000000000000000e+00 4.394976794719696045e-01
0.000000000000000000e+00 2.768361568450927734e-01
0.000000000000000000e+00 2.123193144798278809e-01
0.000000000000000000e+00 1.483757644891738892e-01
0.000000000000000000e+00 1.141609400510787964e-01
0.000000000000000000e+00 5.948607251048088074e-02
0.000000000000000000e+00 3.832262381911277771e-02
0.000000000000000000e+00 2.267027273774147034e-02
0.000000000000000000e+00 1.934414543211460114e-02
0.000000000000000000e+00 1.574488170444965363e-02
0.000000000000000000e+00 1.218988932669162750e-02
0.000000000000000000e+00 1.193640101701021194e-02
0.000000000000000000e+00 6.691662594676017761e-03
0.000000000000000000e+00 4.071871750056743622e-03
0.000000000000000000e+00 5.273996386677026749e-03
0.000000000000000000e+00 3.769642673432826996e-03
0.000000000000000000e+00 1.600593212060630322e-03
0.000000000000000000e+00 2.173960441723465919e-03
0.000000000000000000e+00 1.423823297955095768e-03
0.000000000000000000e+00 1.139085739850997925e-03
0.000000000000000000e+00 1.467000343836843967e-03
0.000000000000000000e+00 1.365522155538201332e-03
0.000000000000000000e+00 2.322146901860833168e-03
0.000000000000000000e+00 2.233106177300214767e-03
0.000000000000000000e+00 3.625037381425499916e-03
0.000000000000000000e+00 7.856048643589019775e-03
0.000000000000000000e+00 1.126866042613983154e-02
0.000000000000000000e+00 1.281136926263570786e-02
0.000000000000000000e+00 2.237364090979099274e-02
0.000000000000000000e+00 1.598614826798439026e-02
0.000000000000000000e+00 1.477856747806072235e-02
0.000000000000000000e+00 1.821801997721195221e-02
0.000000000000000000e+00 2.046125195920467377e-02
0.000000000000000000e+00 1.805448159575462341e-02
0.000000000000000000e+00 9.569033980369567871e-03
0.000000000000000000e+00 1.267454680055379868e-02
0.000000000000000000e+00 9.016384370625019073e-03
0.000000000000000000e+00 7.043403107672929764e-03
0.000000000000000000e+00 6.187736522406339645e-03
0.000000000000000000e+00 8.019903674721717834e-03
0.000000000000000000e+00 7.265697233378887177e-03
0.000000000000000000e+00 5.490391049534082413e-03
0.000000000000000000e+00 8.402219973504543304e-03
0.000000000000000000e+00 6.836625281721353531e-03
0.000000000000000000e+00 7.447667885571718216e-03
0.000000000000000000e+00 6.905266549438238144e-03
0.000000000000000000e+00 5.136496387422084808e-03
0.000000000000000000e+00 4.851623903959989548e-03
0.000000000000000000e+00 4.213040694594383240e-03
0.000000000000000000e+00 6.388017907738685608e-03
0.000000000000000000e+00 7.896197028458118439e-03
0.000000000000000000e+00 1.164290495216846466e-02
0.000000000000000000e+00 1.542343571782112122e-02
0.000000000000000000e+00 2.194549143314361572e-02
0.000000000000000000e+00 2.742831967771053314e-02
0.000000000000000000e+00 3.822439536452293396e-02
0.000000000000000000e+00 3.779602795839309692e-02
0.000000000000000000e+00 7.310646027326583862e-02
0.000000000000000000e+00 7.476931810379028320e-02
0.000000000000000000e+00 8.164449781179428101e-02
0.000000000000000000e+00 1.461182087659835815e-01
0.000000000000000000e+00 1.758582293987274170e-01
0.000000000000000000e+00 2.361554503440856934e-01
0.000000000000000000e+00 2.912488281726837158e-01
0.000000000000000000e+00 3.089311420917510986e-01
0.000000000000000000e+00 2.894594073295593262e-01
0.000000000000000000e+00 2.487293481826782227e-01
0.000000000000000000e+00 1.552127301692962646e-01
0.000000000000000000e+00 2.341735512018203735e-01
0.000000000000000000e+00 2.172444760799407959e-01
1.000000000000000000e+00 2.458929717540740967e-01
0.000000000000000000e+00 2.518876194953918457e-01
0.000000000000000000e+00 1.926682591438293457e-01
0.000000000000000000e+00 1.741748750209808350e-01
0.000000000000000000e+00 1.534505784511566162e-01
0.000000000000000000e+00 1.209738552570343018e-01
0.000000000000000000e+00 9.552914649248123169e-02
0.000000000000000000e+00 1.401851773262023926e-01
1.000000000000000000e+00 9.789683818817138672e-01
1.000000000000000000e+00 9.756442904472351074e-01
1.000000000000000000e+00 9.785108566284179688e-01
1.000000000000000000e+00 9.769774675369262695e-01
0.000000000000000000e+00 9.452749490737915039e-01
0.000000000000000000e+00 8.449305295944213867e-01
0.000000000000000000e+00 6.417108178138732910e-01
0.000000000000000000e+00 4.048831760883331299e-01
0.000000000000000000e+00 2.128592580556869507e-01
0.000000000000000000e+00 8.316312730312347412e-02
0.000000000000000000e+00 8.302741497755050659e-02
0.000000000000000000e+00 2.866425737738609314e-02
0.000000000000000000e+00 3.157963231205940247e-02
0.000000000000000000e+00 2.470181882381439209e-02
0.000000000000000000e+00 1.357790268957614899e-02
0.000000000000000000e+00 5.736957769840955734e-03
0.000000000000000000e+00 6.385249551385641098e-03
0.000000000000000000e+00 3.511278191581368446e-03
0.000000000000000000e+00 5.540655460208654404e-03
0.000000000000000000e+00 4.021643195301294327e-03
0.000000000000000000e+00 3.275069175288081169e-03
0.000000000000000000e+00 3.537704236805438995e-03
0.000000000000000000e+00 3.831165842711925507e-03
0.000000000000000000e+00 3.350369399413466454e-03
0.000000000000000000e+00 2.869549207389354706e-03
0.000000000000000000e+00 3.177577396854758263e-03
0.000000000000000000e+00 2.951901406049728394e-03
0.000000000000000000e+00 2.237352542579174042e-03
0.000000000000000000e+00 4.832653794437646866e-03
0.000000000000000000e+00 7.255187723785638809e-03
0.000000000000000000e+00 8.555830456316471100e-03
0.000000000000000000e+00 1.557406689971685410e-02
0.000000000000000000e+00 1.471749693155288696e-02
0.000000000000000000e+00 2.204121463000774384e-02
0.000000000000000000e+00 2.642911300063133240e-02
0.000000000000000000e+00 3.703435882925987244e-02
0.000000000000000000e+00 3.734201937913894653e-02
0.000000000000000000e+00 4.752530157566070557e-02
0.000000000000000000e+00 4.721668735146522522e-02
0.000000000000000000e+00 5.963113903999328613e-02
0.000000000000000000e+00 6.468913704156875610e-02
0.000000000000000000e+00 4.208292439579963684e-02
0.000000000000000000e+00 5.577114224433898926e-02
0.000000000000000000e+00 5.267039313912391663e-02
0.000000000000000000e+00 3.119997866451740265e-02
0.000000000000000000e+00 3.477581590414047241e-02
0.000000000000000000e+00 4.349949210882186890e-02
0.000000000000000000e+00 5.483338236808776855e-02
0.000000000000000000e+00 5.813796445727348328e-02
0.000000000000000000e+00 5.233465880155563354e-02
0.000000000000000000e+00 9.273723512887954712e-02
0.000000000000000000e+00 1.746855825185775757e-01
0.000000000000000000e+00 2.054967433214187622e-01
0.000000000000000000e+00 2.080655694007873535e-01
0.000000000000000000e+00 2.109373956918716431e-01
0.000000000000000000e+00 2.251479178667068481e-01
0.000000000000000000e+00 2.720727324485778809e-01
0.000000000000000000e+00 2.885541915893554688e-01
0.000000000000000000e+00 3.903990089893341064e-01
0.000000000000000000e+00 4.186133444309234619e-01
0.000000000000000000e+00 4.557076990604400635e-01
0.000000000000000000e+00 4.584413766860961914e-01
0.000000000000000000e+00 4.914484918117523193e-01
0.000000000000000000e+00 4.946361780166625977e-01
0.000000000000000000e+00 5.194181203842163086e-01
0.000000000000000000e+00 4.851322472095489502e-01
0.000000000000000000e+00 5.662903785705566406e-01
0.000000000000000000e+00 5.607419610023498535e-01
0.000000000000000000e+00 5.858582258224487305e-01
0.000000000000000000e+00 5.644421577453613281e-01
0.000000000000000000e+00 4.870263338088989258e-01
0.000000000000000000e+00 5.001868605613708496e-01
0.000000000000000000e+00 4.343916177749633789e-01
0.000000000000000000e+00 3.619154989719390869e-01
0.000000000000000000e+00 3.010943531990051270e-01
0.000000000000000000e+00 1.500358283519744873e-01
0.000000000000000000e+00 7.114404439926147461e-02
0.000000000000000000e+00 5.177184194326400757e-02
0.000000000000000000e+00 4.458433017134666443e-02
0.000000000000000000e+00 6.218833103775978088e-02
0.000000000000000000e+00 8.545286208391189575e-02
0.000000000000000000e+00 6.961766630411148071e-02
0.000000000000000000e+00 5.141685903072357178e-02
0.000000000000000000e+00 4.167770966887474060e-02
0.000000000000000000e+00 4.170792922377586365e-02
0.000000000000000000e+00 5.313181877136230469e-02
0.000000000000000000e+00 5.634826049208641052e-02
0.000000000000000000e+00 3.782900795340538025e-02
0.000000000000000000e+00 4.534560441970825195e-02
0.000000000000000000e+00 3.850677609443664551e-02
0.000000000000000000e+00 3.709075972437858582e-02
0.000000000000000000e+00 3.332212194800376892e-02
0.000000000000000000e+00 3.768303990364074707e-02
0.000000000000000000e+00 2.966491691768169403e-02
0.000000000000000000e+00 4.741661995649337769e-02
0.000000000000000000e+00 4.036685451865196228e-02
0.000000000000000000e+00 4.103237763047218323e-02
0.000000000000000000e+00 4.715196788311004639e-02
0.000000000000000000e+00 5.634483322501182556e-02
0.000000000000000000e+00 6.470391154289245605e-02
0.000000000000000000e+00 8.195886760950088501e-02
0.000000000000000000e+00 6.754251569509506226e-02
0.000000000000000000e+00 8.522991091012954712e-02
0.000000000000000000e+00 9.200037270784378052e-02
0.000000000000000000e+00 9.414143860340118408e-02
0.000000000000000000e+00 9.000466763973236084e-02
0.000000000000000000e+00 1.056970804929733276e-01
0.000000000000000000e+00 8.916778117418289185e-02
0.000000000000000000e+00 1.178271546959877014e-01
0.000000000000000000e+00 9.298779815435409546e-02
0.000000000000000000e+00 7.702773064374923706e-02
0.000000000000000000e+00 8.100926131010055542e-02
0.000000000000000000e+00 8.974474668502807617e-02
0.000000000000000000e+00 6.747791916131973267e-02
0.000000000000000000e+00 5.321811884641647339e-02
0.000000000000000000e+00 5.631805583834648132e-02
0.000000000000000000e+00 6.348548084497451782e-02
0.000000000000000000e+00 8.353722840547561646e-02
0.000000000000000000e+00 7.290462404489517212e-02
0.000000000000000000e+00 4.102023690938949585e-02
0.000000000000000000e+00 3.610540181398391724e-02
0.000000000000000000e+00 4.659518972039222717e-02
0.000000000000000000e+00 2.849826589226722717e-02
0.000000000000000000e+00 2.911383472383022308e-02
0.000000000000000000e+00 2.769544348120689392e-02
0.000000000000000000e+00 3.776205703616142273e-02
0.000000000000000000e+00 6.874380260705947876e-02
0.000000000000000000e+00 7.852365821599960327e-02
0.000000000000000000e+00 8.927622437477111816e-02
0.000000000000000000e+00 7.673722505569458008e-02
0.000000000000000000e+00 7.437049597501754761e-02
0.000000000000000000e+00 4.730882123112678528e-02
0.000000000000000000e+00 5.540812760591506958e-02
0.000000000000000000e+00 5.595197156071662903e-02
0.000000000000000000e+00 6.567575782537460327e-02
1.000000000000000000e+00 4.935050010681152344e-02
1.000000000000000000e+00 1.008936986327171326e-01
0.000000000000000000e+00 8.946124464273452759e-02
0.000000000000000000e+00 1.209247782826423645e-01
0.000000000000000000e+00 1.079917103052139282e-01
0.000000000000000000e+00 2.217420935630798340e-01
0.000000000000000000e+00 2.907816767692565918e-01
0.000000000000000000e+00 3.209339976310729980e-01
0.000000000000000000e+00 3.638025224208831787e-01
0.000000000000000000e+00 3.986089825630187988e-01
0.000000000000000000e+00 4.640652537345886230e-01
0.000000000000000000e+00 4.436710774898529053e-01
0.000000000000000000e+00 4.279671609401702881e-01
0.000000000000000000e+00 4.123033285140991211e-01
0.000000000000000000e+00 4.451843202114105225e-01
