0.000000000000000000e+00 9.337121248245239258e-02
0.000000000000000000e+00 9.981529414653778076e-02
0.000000000000000000e+00 9.544289112091064453e-02
0.000000000000000000e+00 9.485590457916259766e-02
0.000000000000000000e+00 9.657389670610427856e-02
0.000000000000000000e+00 9.454023838043212891e-02
0.000000000000000000e+00 9.769833087921142578e-02
0.000000000000000000e+00 8.926474303007125854e-02
0.000000000000000000e+00 8.896229416131973267e-02
0.000000000000000000e+00 9.070925414562225342e-02
0.000000000000000000e+00 9.056590497493743896e-02
0.000000000000000000e+00 8.971457183361053467e-02
0.000000000000000000e+00 9.033832699060440063e-02
0.000000000000000000e+00 8.654325455427169800e-02
0.000000000000000000e+00 8.848187327384948730e-02
0.000000000000000000e+00 9.290352463722229004e-02
0.000000000000000000e+00 9.171050041913986206e-02
0.000000000000000000e+00 9.524767100811004639e-02
0.000000000000000000e+00 9.717582911252975464e-02
0.000000000000000000e+00 9.229706227779388428e-02
0.000000000000000000e+00 9.544132649898529053e-02
0.000000000000000000e+00 9.814881533384323120e-02
0.000000000000000000e+00 9.539110213518142700e-02
0.000000000000000000e+00 9.878466278314590454e-02
0.000000000000000000e+00 1.011525914072990417e-01
1.000000000000000000e+00 9.929275512695312500e-02
1.000000000000000000e+00 1.010268554091453552e-01
1.000000000000000000e+00 1.018604189157485962e-01
1.000000000000000000e+00 9.793574362993240356e-02
1.000000000000000000e+00 9.720607846975326538e-02
1.000000000000000000e+00 9.889356791973114014e-02
0.000000000000000000e+00 9.425151348114013672e-02
0.000000000000000000e+00 8.728500455617904663e-02
0.000000000000000000e+00 8.663538843393325806e-02
0.000000000000000000e+00 8.671052753925323486e-02
0.000000000000000000e+00 7.415628433227539062e-02
0.000000000000000000e+00 7.491651922464370728e-02
0.000000000000000000e+00 6.949563324451446533e-02
0.000000000000000000e+00 6.454017013311386108e-02
0.000000000000000000e+00 6.013891473412513733e-02
0.000000000000000000e+00 5.220099538564682007e-02
0.000000000000000000e+00 5.095981806516647339e-02
0.000000000000000000e+00 4.697536677122116089e-02
0.000000000000000000e+00 4.133890569210052490e-02
0.000000000000000000e+00 4.191883280873298645e-02
0.000000000000000000e+00 6.046102498658001423e-04
0.000000000000000000e+00 5.364793469198048115e-04
0.000000000000000000e+00 4.497336340136826038e-04
0.000000000000000000e+00 3.541225742083042860e-04
0.000000000000000000e+00 3.046278143301606178e-04
0.000000000000000000e+00 2.524499141145497561e-04
0.000000000000000000e+00 2.410231245448812842e-04
0.000000000000000000e+00 2.229724341304972768e-04
0.000000000000000000e+00 1.940558286150917411e-04
0.000000000000000000e+00 2.377785276621580124e-04
0.000000000000000000e+00 2.164334000553935766e-04
0.000000000000000000e+00 2.136054827133193612e-04
0.000000000000000000e+00 2.182249882025644183e-04
0.000000000000000000e+00 2.376665506744757295e-04
0.000000000000000000e+00 2.060586703009903431e-04
0.000000000000000000e+00 2.058045938611030579e-04
0.000000000000000000e+00 2.174102555727586150e-04
0.000000000000000000e+00 2.161049196729436517e-04
0.000000000000000000e+00 2.133272500941529870e-04
0.000000000000000000e+00 2.326841786270961165e-04
0.000000000000000000e+00 2.205600758315995336e-04
0.000000000000000000e+00 2.221145696239545941e-04
0.000000000000000000e+00 2.342834195587784052e-04
0.000000000000000000e+00 2.162174496334046125e-04
0.000000000000000000e+00 2.108183107338845730e-04
0.000000000000000000e+00 2.933149517048150301e-04
0.000000000000000000e+00 2.743997320067137480e-04
0.000000000000000000e+00 2.448523009661585093e-04
0.000000000000000000e+00 2.466988225933164358e-04
0.000000000000000000e+00 2.417550131212919950e-04
0.000000000000000000e+00 2.384964463999494910e-04
0.000000000000000000e+00 2.175363333662971854e-04
0.000000000000000000e+00 2.524097217246890068e-04
0.000000000000000000e+00 2.682290214579552412e-04
0.000000000000000000e+00 2.419683150947093964e-04
0.000000000000000000e+00 2.393078029854223132e-04
0.000000000000000000e+00 2.994130481965839863e-04
0.000000000000000000e+00 2.912498021032661200e-04
0.000000000000000000e+00 2.738602634053677320e-04
0.000000000000000000e+00 2.792644372675567865e-04
0.000000000000000000e+00 3.167336108162999153e-04
0.000000000000000000e+00 2.931100316345691681e-04
0.000000000000000000e+00 3.180335042998194695e-04
0.000000000000000000e+00 3.108774544671177864e-04
0.000000000000000000e+00 3.459541476331651211e-04
0.000000000000000000e+00 3.789352718740701675e-03
0.000000000000000000e+00 3.747527720406651497e-03
0.000000000000000000e+00 3.790166229009628296e-03
0.000000000000000000e+00 3.911784384399652481e-03
0.000000000000000000e+00 4.001841880381107330e-03
0.000000000000000000e+00 4.286137875169515610e-03
0.000000000000000000e+00 4.141808021813631058e-03
0.000000000000000000e+00 4.117213655263185501e-03
0.000000000000000000e+00 4.391802940517663956e-03
0.000000000000000000e+00 3.951700869947671890e-03
0.000000000000000000e+00 4.810713697224855423e-03
0.000000000000000000e+00 4.673976451158523560e-03
0.000000000000000000e+00 4.747143946588039398e-03
0.000000000000000000e+00 4.971964284777641296e-03
0.000000000000000000e+00 4.939634818583726883e-03
0.000000000000000000e+00 4.865576513111591339e-03
0.000000000000000000e+00 4.992115311324596405e-03
0.000000000000000000e+00 5.614579189568758011e-03
0.000000000000000000e+00 5.779347848147153854e-03
0.000000000000000000e+00 5.639702081680297852e-03
0.000000000000000000e+00 6.313852965831756592e-03
0.000000000000000000e+00 5.928851198405027390e-03
0.000000000000000000e+00 6.035679019987583160e-03
0.000000000000000000e+00 6.031726486980915070e-03
0.000000000000000000e+00 6.181980017572641373e-03
0.000000000000000000e+00 6.435656920075416565e-03
0.000000000000000000e+00 6.031098309904336929e-03
0.000000000000000000e+00 6.195611320436000824e-03
0.000000000000000000e+00 6.455878727138042450e-03
0.000000000000000000e+00 6.297402083873748779e-03
0.000000000000000000e+00 6.957408040761947632e-03
0.000000000000000000e+00 7.443143520504236221e-03
0.000000000000000000e+00 7.090500555932521820e-03
0.000000000000000000e+00 7.118489127606153488e-03
0.000000000000000000e+00 7.952738553285598755e-03
0.000000000000000000e+00 7.553922943770885468e-03
0.000000000000000000e+00 7.297563366591930389e-03
0.000000000000000000e+00 7.498186081647872925e-03
0.000000000000000000e+00 8.000844158232212067e-03
0.000000000000000000e+00 8.314870297908782959e-03
0.000000000000000000e+00 7.788417860865592957e-03
0.000000000000000000e+00 8.132662624120712280e-03
0.000000000000000000e+00 7.732668891549110413e-03
0.000000000000000000e+00 8.423035033047199249e-03
0.000000000000000000e+00 8.755711838603019714e-03
0.000000000000000000e+00 7.151563465595245361e-02
0.000000000000000000e+00 4.875538498163223267e-02
0.000000000000000000e+00 4.640829935669898987e-02
0.000000000000000000e+00 3.890669718384742737e-02
0.000000000000000000e+00 3.102168068289756775e-02
0.000000000000000000e+00 2.857790142297744751e-02
0.000000000000000000e+00 2.574163861572742462e-02
0.000000000000000000e+00 2.287450246512889862e-02
0.000000000000000000e+00 1.606436073780059814e-02
0.000000000000000000e+00 1.438946183770895004e-02
0.000000000000000000e+00 1.190429925918579102e-02
0.000000000000000000e+00 1.006924174726009369e-02
0.000000000000000000e+00 8.151578716933727264e-03
0.000000000000000000e+00 7.104163523763418198e-03
0.000000000000000000e+00 5.888153798878192902e-03
0.000000000000000000e+00 5.574244540184736252e-03
0.000000000000000000e+00 4.528616555035114288e-03
0.000000000000000000e+00 3.605874255299568176e-03
0.000000000000000000e+00 3.506692824885249138e-03
0.000000000000000000e+00 3.215541131794452667e-03
0.000000000000000000e+00 3.409122116863727570e-03
0.000000000000000000e+00 2.867230679839849472e-03
0.000000000000000000e+00 2.704039448872208595e-03
0.000000000000000000e+00 2.668561646714806557e-03
0.000000000000000000e+00 2.976938383653759956e-03
0.000000000000000000e+00 2.629373222589492798e-03
0.000000000000000000e+00 2.818478038534522057e-03
0.000000000000000000e+00 3.180927596986293793e-03
0.000000000000000000e+00 3.051295643672347069e-03
0.000000000000000000e+00 2.654235810041427612e-03
0.000000000000000000e+00 2.891973825171589851e-03
0.000000000000000000e+00 2.889076713472604752e-03
0.000000000000000000e+00 2.771019702777266502e-03
0.000000000000000000e+00 3.001766279339790344e-03
0.000000000000000000e+00 2.509286627173423767e-03
0.000000000000000000e+00 2.606966532766819000e-03
0.000000000000000000e+00 2.974506467580795288e-03
0.000000000000000000e+00 3.179554827511310577e-03
0.000000000000000000e+00 3.024733159691095352e-03
0.000000000000000000e+00 3.311959793791174889e-03
0.000000000000000000e+00 3.264594590291380882e-03
0.000000000000000000e+00 3.220881102606654167e-03
0.000000000000000000e+00 3.924601245671510696e-03
0.000000000000000000e+00 3.704691072925925255e-03
0.000000000000000000e+00 3.718296065926551819e-03
0.000000000000000000e+00 1.153738051652908325e-02
0.000000000000000000e+00 9.539240039885044098e-03
0.000000000000000000e+00 9.663916192948818207e-03
0.000000000000000000e+00 8.280306123197078705e-03
0.000000000000000000e+00 7.272510323673486710e-03
0.000000000000000000e+00 6.740940269082784653e-03
0.000000000000000000e+00 6.297787185758352280e-03
0.000000000000000000e+00 5.814658943563699722e-03
0.000000000000000000e+00 5.913035944104194641e-03
0.000000000000000000e+00 5.724661052227020264e-03
0.000000000000000000e+00 6.295081228017807007e-03
0.000000000000000000e+00 6.023510359227657318e-03
0.000000000000000000e+00 7.133323699235916138e-03
0.000000000000000000e+00 7.066314108669757843e-03
0.000000000000000000e+00 6.520639639347791672e-03
0.000000000000000000e+00 6.374298129230737686e-03
0.000000000000000000e+00 7.176056038588285446e-03
0.000000000000000000e+00 7.669103331863880157e-03
0.000000000000000000e+00 8.198766969144344330e-03
0.000000000000000000e+00 7.210293319076299667e-03
0.000000000000000000e+00 7.795156445354223251e-03
0.000000000000000000e+00 8.655700832605361938e-03
0.000000000000000000e+00 8.363059721887111664e-03
0.000000000000000000e+00 6.962875835597515106e-03
0.000000000000000000e+00 8.415245451033115387e-03
0.000000000000000000e+00 8.665108121931552887e-03
0.000000000000000000e+00 9.930313564836978912e-03
0.000000000000000000e+00 1.071001403033733368e-02
0.000000000000000000e+00 1.030056364834308624e-02
0.000000000000000000e+00 1.043281611055135727e-02
0.000000000000000000e+00 1.051235292106866837e-02
0.000000000000000000e+00 9.734913706779479980e-03
0.000000000000000000e+00 8.348125033080577850e-03
0.000000000000000000e+00 8.435937575995922089e-03
0.000000000000000000e+00 1.021327637135982513e-02
0.000000000000000000e+00 9.649483487010002136e-03
0.000000000000000000e+00 1.057173497974872589e-02
0.000000000000000000e+00 1.008160319179296494e-02
0.000000000000000000e+00 1.011750008910894394e-02
0.000000000000000000e+00 1.045190915465354919e-02
0.000000000000000000e+00 9.433139115571975708e-03
0.000000000000000000e+00 8.619735948741436005e-03
0.000000000000000000e+00 9.862182661890983582e-03
0.000000000000000000e+00 9.609924629330635071e-03
0.000000000000000000e+00 9.886509738862514496e-03
0.000000000000000000e+00 1.229098718613386154e-02
0.000000000000000000e+00 1.076465006917715073e-02
0.000000000000000000e+00 8.908697403967380524e-03
0.000000000000000000e+00 8.618623018264770508e-03
0.000000000000000000e+00 7.675035391002893448e-03
0.000000000000000000e+00 7.120208349078893661e-03
0.000000000000000000e+00 6.750863511115312576e-03
0.000000000000000000e+00 6.703853607177734375e-03
0.000000000000000000e+00 7.039019372314214706e-03
0.000000000000000000e+00 6.959589198231697083e-03
0.000000000000000000e+00 7.374226115643978119e-03
0.000000000000000000e+00 6.677196361124515533e-03
0.000000000000000000e+00 7.052402943372726440e-03
0.000000000000000000e+00 6.879129912704229355e-03
0.000000000000000000e+00 7.032196503132581711e-03
0.000000000000000000e+00 7.311684079468250275e-03
0.000000000000000000e+00 7.781463675200939178e-03
0.000000000000000000e+00 7.543484680354595184e-03
0.000000000000000000e+00 7.781872060149908066e-03
0.000000000000000000e+00 7.754499092698097229e-03
0.000000000000000000e+00 7.690798491239547729e-03
0.000000000000000000e+00 7.764733862131834030e-03
0.000000000000000000e+00 8.261375129222869873e-03
0.000000000000000000e+00 8.606730028986930847e-03
0.000000000000000000e+00 9.347951970994472504e-03
0.000000000000000000e+00 9.008442051708698273e-03
0.000000000000000000e+00 9.284907020628452301e-03
0.000000000000000000e+00 9.652778506278991699e-03
0.000000000000000000e+00 1.053091511130332947e-02
0.000000000000000000e+00 1.013327576220035553e-02
0.000000000000000000e+00 1.006452366709709167e-02
0.000000000000000000e+00 1.062686182558536530e-02
0.000000000000000000e+00 1.144888252019882202e-02
0.000000000000000000e+00 1.091884542256593704e-02
0.000000000000000000e+00 1.058268919587135315e-02
0.000000000000000000e+00 1.231520343571901321e-02
0.000000000000000000e+00 1.147788204252719879e-02
0.000000000000000000e+00 1.217030733823776245e-02
0.000000000000000000e+00 1.217677630484104156e-02
0.000000000000000000e+00 1.114314142614603043e-02
0.000000000000000000e+00 1.187789253890514374e-02
0.000000000000000000e+00 1.158888172358274460e-02
0.000000000000000000e+00 1.187203451991081238e-02
0.000000000000000000e+00 1.205105986446142197e-02
0.000000000000000000e+00 1.188483554869890213e-02
0.000000000000000000e+00 7.909801602363586426e-01
0.000000000000000000e+00 8.131749629974365234e-01
0.000000000000000000e+00 8.049064874649047852e-01
0.000000000000000000e+00 8.458939194679260254e-01
0.000000000000000000e+00 8.197794556617736816e-01
0.000000000000000000e+00 8.348295688629150391e-01
0.000000000000000000e+00 8.313253521919250488e-01
0.000000000000000000e+00 8.273213505744934082e-01
0.000000000000000000e+00 8.357549905776977539e-01
0.000000000000000000e+00 8.105585575103759766e-01
0.000000000000000000e+00 8.160589933395385742e-01
0.000000000000000000e+00 8.089818358421325684e-01
0.000000000000000000e+00 8.240417242050170898e-01
0.000000000000000000e+00 8.182293772697448730e-01
0.000000000000000000e+00 8.173862099647521973e-01
0.000000000000000000e+00 8.179070949554443359e-01
0.000000000000000000e+00 8.120563626289367676e-01
0.000000000000000000e+00 8.047350645065307617e-01
0.000000000000000000e+00 8.124263882637023926e-01
0.000000000000000000e+00 8.129580616950988770e-01
0.000000000000000000e+00 7.839751243591308594e-01
0.000000000000000000e+00 7.870876789093017578e-01
0.000000000000000000e+00 7.874692678451538086e-01
0.000000000000000000e+00 7.741256952285766602e-01
0.000000000000000000e+00 7.872114181518554688e-01
0.000000000000000000e+00 8.190001845359802246e-01
0.000000000000000000e+00 8.239799141883850098e-01
0.000000000000000000e+00 8.241488337516784668e-01
0.000000000000000000e+00 8.165875077247619629e-01
0.000000000000000000e+00 7.913891077041625977e-01
0.000000000000000000e+00 7.902806401252746582e-01
0.000000000000000000e+00 7.850772142410278320e-01
0.000000000000000000e+00 8.033128380775451660e-01
0.000000000000000000e+00 8.123139142990112305e-01
0.000000000000000000e+00 7.870945334434509277e-01
0.000000000000000000e+00 8.094504475593566895e-01
0.000000000000000000e+00 7.934390902519226074e-01
0.000000000000000000e+00 7.932952046394348145e-01
0.000000000000000000e+00 7.881428599357604980e-01
0.000000000000000000e+00 8.044682741165161133e-01
0.000000000000000000e+00 7.949452996253967285e-01
0.000000000000000000e+00 7.548450827598571777e-01
0.000000000000000000e+00 7.683009505271911621e-01
0.000000000000000000e+00 7.844204306602478027e-01
0.000000000000000000e+00 7.566983699798583984e-01
0.000000000000000000e+00 7.493857410736382008e-04
1.000000000000000000e+00 6.702897953800857067e-04
0.000000000000000000e+00 8.335550664924085140e-04
0.000000000000000000e+00 7.253682124428451061e-04
0.000000000000000000e+00 6.897528655827045441e-04
0.000000000000000000e+00 6.065770285204052925e-04
0.000000000000000000e+00 4.635565856005996466e-04
0.000000000000000000e+00 3.694837505463510752e-04
0.000000000000000000e+00 2.637171128299087286e-04
0.000000000000000000e+00 2.161193551728501916e-04
0.000000000000000000e+00 2.837640349753201008e-04
0.000000000000000000e+00 1.791565591702237725e-04
0.000000000000000000e+00 1.672358630457893014e-04
0.000000000000000000e+00 1.530638983240351081e-04
0.000000000000000000e+00 1.193457719637081027e-04
0.000000000000000000e+00 1.004552250378765166e-04
0.000000000000000000e+00 1.042397707351483405e-04
0.000000000000000000e+00 8.680703467689454556e-05
0.000000000000000000e+00 8.190526568796485662e-05
0.000000000000000000e+00 6.310468597803264856e-05
0.000000000000000000e+00 5.838773358846083283e-05
0.000000000000000000e+00 5.120967398397624493e-05
0.000000000000000000e+00 6.680215301457792521e-05
0.000000000000000000e+00 5.380268339649774134e-05
0.000000000000000000e+00 4.834223000216297805e-05
0.000000000000000000e+00 5.399120345828123391e-05
0.000000000000000000e+00 5.671374310622923076e-05
0.000000000000000000e+00 4.928573252982459962e-05
0.000000000000000000e+00 5.162473098607733846e-05
0.000000000000000000e+00 4.975812407792545855e-05
0.000000000000000000e+00 4.258118497091345489e-05
0.000000000000000000e+00 4.791333776665851474e-05
0.000000000000000000e+00 6.022657180437818170e-05
0.000000000000000000e+00 5.836858326802030206e-05
0.000000000000000000e+00 6.052123353583738208e-05
0.000000000000000000e+00 5.828259236295707524e-05
0.000000000000000000e+00 5.758730912930332124e-05
0.000000000000000000e+00 8.767706458456814289e-05
0.000000000000000000e+00 7.977320638019591570e-05
0.000000000000000000e+00 7.656667730771005154e-05
0.000000000000000000e+00 7.768709474476054311e-05
0.000000000000000000e+00 9.079027222469449043e-05
0.000000000000000000e+00 8.729863475309684873e-05
0.000000000000000000e+00 1.072321174433454871e-04
0.000000000000000000e+00 8.185341721400618553e-05
