0.000000000000000000e+00 6.328223943710327148e-01
0.000000000000000000e+00 7.045185565948486328e-01
0.000000000000000000e+00 7.151307463645935059e-01
0.000000000000000000e+00 7.289006710052490234e-01
0.000000000000000000e+00 6.151357293128967285e-01
0.000000000000000000e+00 6.196721196174621582e-01
0.000000000000000000e+00 6.050220727920532227e-01
0.000000000000000000e+00 5.610319375991821289e-01
0.000000000000000000e+00 6.017958521842956543e-01
0.000000000000000000e+00 6.771325469017028809e-01
0.000000000000000000e+00 6.111437678337097168e-01
0.000000000000000000e+00 6.517655253410339355e-01
0.000000000000000000e+00 6.803449392318725586e-01
0.000000000000000000e+00 5.689058303833007812e-01
0.000000000000000000e+00 7.269454002380371094e-01
0.000000000000000000e+00 6.344273686408996582e-01
1.000000000000000000e+00 7.259523868560791016e-01
1.000000000000000000e+00 6.949609518051147461e-01
1.000000000000000000e+00 6.282390952110290527e-01
0.000000000000000000e+00 6.035381555557250977e-01
0.000000000000000000e+00 6.029800772666931152e-01
0.000000000000000000e+00 6.679603457450866699e-01
1.000000000000000000e+00 7.378320693969726562e-01
1.000000000000000000e+00 7.300833463668823242e-01
1.000000000000000000e+00 7.725064158439636230e-01
1.000000000000000000e+00 7.363642454147338867e-01
1.000000000000000000e+00 7.066640853881835938e-01
1.000000000000000000e+00 7.644667029380798340e-01
1.000000000000000000e+00 8.729758262634277344e-01
1.000000000000000000e+00 9.040503501892089844e-01
1.000000000000000000e+00 9.051710963249206543e-01
1.000000000000000000e+00 8.918418884277343750e-01
0.000000000000000000e+00 8.300892710685729980e-01
0.000000000000000000e+00 7.569908499717712402e-01
0.000000000000000000e+00 5.187818408012390137e-01
0.000000000000000000e+00 4.502589106559753418e-01
0.000000000000000000e+00 3.072239458560943604e-01
0.000000000000000000e+00 2.336177527904510498e-01
0.000000000000000000e+00 1.882781386375427246e-01
0.000000000000000000e+00 1.505784690380096436e-01
0.000000000000000000e+00 1.244873926043510437e-01
0.000000000000000000e+00 9.937521815299987793e-02
0.000000000000000000e+00 9.326162189245223999e-02
0.000000000000000000e+00 7.302907854318618774e-02
0.000000000000000000e+00 5.884631350636482239e-02
0.000000000000000000e+00 5.046831443905830383e-02
0.000000000000000000e+00 4.699362069368362427e-02
0.000000000000000000e+00 4.790286719799041748e-02
0.000000000000000000e+00 4.906814172863960266e-02
0.000000000000000000e+00 4.734117537736892700e-02
0.000000000000000000e+00 4.192112758755683899e-02
0.000000000000000000e+00 4.759890586137771606e-02
0.000000000000000000e+00 4.972464591264724731e-02
0.000000000000000000e+00 6.060454621911048889e-02
0.000000000000000000e+00 6.838931143283843994e-02
1.000000000000000000e+00 7.251092791557312012e-02
1.000000000000000000e+00 8.109788596630096436e-02
0.000000000000000000e+00 1.158854812383651733e-01
0.000000000000000000e+00 1.254769861698150635e-01
0.000000000000000000e+00 3.454886376857757568e-01
0.000000000000000000e+00 3.335240781307220459e-01
1.000000000000000000e+00 4.867369830608367920e-01
1.000000000000000000e+00 5.390041470527648926e-01
1.000000000000000000e+00 6.400707364082336426e-01
1.000000000000000000e+00 5.907280445098876953e-01
1.000000000000000000e+00 6.343173384666442871e-01
1.000000000000000000e+00 6.162441968917846680e-01
1.000000000000000000e+00 6.259027719497680664e-01
1.000000000000000000e+00 6.684093475341796875e-01
1.000000000000000000e+00 6.189895272254943848e-01
0.000000000000000000e+00 6.282697916030883789e-01
0.000000000000000000e+00 6.199566125869750977e-01
0.000000000000000000e+00 6.053353548049926758e-01
0.000000000000000000e+00 4.859610497951507568e-01
0.000000000000000000e+00 4.680138826370239258e-01
0.000000000000000000e+00 6.938182711601257324e-01
0.000000000000000000e+00 7.434185147285461426e-01
0.000000000000000000e+00 6.974098086357116699e-01
0.000000000000000000e+00 7.303074598312377930e-01
0.000000000000000000e+00 7.077964544296264648e-01
0.000000000000000000e+00 7.177334427833557129e-01
0.000000000000000000e+00 6.389521360397338867e-01
0.000000000000000000e+00 6.768284440040588379e-01
0.000000000000000000e+00 6.884908080101013184e-01
0.000000000000000000e+00 7.316253185272216797e-01
0.000000000000000000e+00 6.974782347679138184e-01
0.000000000000000000e+00 6.840918660163879395e-01
0.000000000000000000e+00 7.241688370704650879e-01
0.000000000000000000e+00 6.875218749046325684e-01
1.000000000000000000e+00 6.965625882148742676e-01
1.000000000000000000e+00 7.154436111450195312e-01
1.000000000000000000e+00 7.070995569229125977e-01
1.000000000000000000e+00 7.293850183486938477e-01
1.000000000000000000e+00 7.674154639244079590e-01
1.000000000000000000e+00 8.471803665161132812e-01
0.000000000000000000e+00 8.774648904800415039e-01
1.000000000000000000e+00 8.892319798469543457e-01
1.000000000000000000e+00 8.983867168426513672e-01
1.000000000000000000e+00 9.123954772949218750e-01
0.000000000000000000e+00 8.840621113777160645e-01
1.000000000000000000e+00 8.858636617660522461e-01
1.000000000000000000e+00 8.025718927383422852e-01
1.000000000000000000e+00 6.190230846405029297e-01
1.000000000000000000e+00 5.820437669754028320e-01
0.000000000000000000e+00 5.837133526802062988e-01
1.000000000000000000e+00 4.615675508975982666e-01
1.000000000000000000e+00 3.155869245529174805e-01
1.000000000000000000e+00 2.590490877628326416e-01
1.000000000000000000e+00 1.747315526008605957e-01
1.000000000000000000e+00 1.588679105043411255e-01
0.000000000000000000e+00 1.489483118057250977e-01
0.000000000000000000e+00 1.388554126024246216e-01
0.000000000000000000e+00 1.450317203998565674e-01
0.000000000000000000e+00 1.425293833017349243e-01
0.000000000000000000e+00 1.602527350187301636e-01
0.000000000000000000e+00 1.632058322429656982e-01
0.000000000000000000e+00 1.714449673891067505e-01
0.000000000000000000e+00 1.914457678794860840e-01
0.000000000000000000e+00 1.921393722295761108e-01
0.000000000000000000e+00 1.796337366104125977e-01
0.000000000000000000e+00 1.430683135986328125e-01
0.000000000000000000e+00 1.251343786716461182e-01
0.000000000000000000e+00 1.152094677090644836e-01
0.000000000000000000e+00 1.231660917401313782e-01
0.000000000000000000e+00 1.326861828565597534e-01
0.000000000000000000e+00 1.526207476854324341e-01
0.000000000000000000e+00 2.123554199934005737e-01
0.000000000000000000e+00 2.178271710872650146e-01
0.000000000000000000e+00 2.523394525051116943e-01
0.000000000000000000e+00 2.427619248628616333e-01
0.000000000000000000e+00 2.091540843248367310e-01
0.000000000000000000e+00 2.153024673461914062e-01
0.000000000000000000e+00 2.433738261461257935e-01
0.000000000000000000e+00 2.451718896627426147e-01
0.000000000000000000e+00 2.818686068058013916e-01
0.000000000000000000e+00 3.357560932636260986e-01
0.000000000000000000e+00 4.432695806026458740e-01
0.000000000000000000e+00 4.661001563072204590e-01
0.000000000000000000e+00 3.858614563941955566e-01
0.000000000000000000e+00 3.670496940612792969e-01
0.000000000000000000e+00 3.105249702930450439e-01
0.000000000000000000e+00 3.128880560398101807e-01
0.000000000000000000e+00 2.580090463161468506e-01
0.000000000000000000e+00 3.042496442794799805e-01
0.000000000000000000e+00 2.942675352096557617e-01
0.000000000000000000e+00 3.231769800186157227e-01
0.000000000000000000e+00 3.495329022407531738e-01
0.000000000000000000e+00 3.473420441150665283e-01
0.000000000000000000e+00 3.283284604549407959e-01
0.000000000000000000e+00 3.446455895900726318e-01
1.000000000000000000e+00 5.719570517539978027e-01
1.000000000000000000e+00 6.635959148406982422e-01
1.000000000000000000e+00 6.453241109848022461e-01
1.000000000000000000e+00 6.799072027206420898e-01
1.000000000000000000e+00 5.875535011291503906e-01
1.000000000000000000e+00 6.212797164916992188e-01
0.000000000000000000e+00 5.816329121589660645e-01
0.000000000000000000e+00 6.149551272392272949e-01
0.000000000000000000e+00 6.871538758277893066e-01
0.000000000000000000e+00 6.194583177566528320e-01
0.000000000000000000e+00 5.709639191627502441e-01
0.000000000000000000e+00 5.740653276443481445e-01
0.000000000000000000e+00 5.578967332839965820e-01
0.000000000000000000e+00 6.174218058586120605e-01
0.000000000000000000e+00 6.229306459426879883e-01
0.000000000000000000e+00 6.454468965530395508e-01
0.000000000000000000e+00 5.839214324951171875e-01
0.000000000000000000e+00 6.411535143852233887e-01
0.000000000000000000e+00 6.055378317832946777e-01
0.000000000000000000e+00 7.154779434204101562e-01
0.000000000000000000e+00 7.467395663261413574e-01
0.000000000000000000e+00 6.900252699851989746e-01
0.000000000000000000e+00 7.793233990669250488e-01
0.000000000000000000e+00 8.423932790756225586e-01
1.000000000000000000e+00 8.655279874801635742e-01
1.000000000000000000e+00 8.796278834342956543e-01
1.000000000000000000e+00 8.758691549301147461e-01
1.000000000000000000e+00 8.709903955459594727e-01
1.000000000000000000e+00 9.056274890899658203e-01
0.000000000000000000e+00 9.094705581665039062e-01
0.000000000000000000e+00 9.223212003707885742e-01
0.000000000000000000e+00 9.246127009391784668e-01
1.000000000000000000e+00 9.354082942008972168e-01
1.000000000000000000e+00 8.608404397964477539e-01
0.000000000000000000e+00 8.999403715133666992e-01
0.000000000000000000e+00 8.898149132728576660e-01
0.000000000000000000e+00 8.574784398078918457e-01
0.000000000000000000e+00 8.193843364715576172e-01
0.000000000000000000e+00 8.106589317321777344e-01
0.000000000000000000e+00 7.416606545448303223e-01
0.000000000000000000e+00 7.414675951004028320e-01
0.000000000000000000e+00 6.820294857025146484e-01
0.000000000000000000e+00 7.477146983146667480e-01
0.000000000000000000e+00 6.026291847229003906e-01
0.000000000000000000e+00 4.209331274032592773e-01
0.000000000000000000e+00 4.277901947498321533e-01
0.000000000000000000e+00 3.830946385860443115e-01
0.000000000000000000e+00 5.073491334915161133e-01
0.000000000000000000e+00 3.494146168231964111e-01
0.000000000000000000e+00 3.190261423587799072e-01
0.000000000000000000e+00 3.068571388721466064e-01
0.000000000000000000e+00 2.945075631141662598e-01
0.000000000000000000e+00 2.530096471309661865e-01
0.000000000000000000e+00 3.077208101749420166e-01
0.000000000000000000e+00 3.857176303863525391e-01
0.000000000000000000e+00 3.335467875003814697e-01
0.000000000000000000e+00 2.962433397769927979e-01
0.000000000000000000e+00 3.107557892799377441e-01
0.000000000000000000e+00 3.304873108863830566e-01
0.000000000000000000e+00 3.055249452590942383e-01
0.000000000000000000e+00 3.936600387096405029e-01
0.000000000000000000e+00 4.912756383419036865e-01
0.000000000000000000e+00 5.325246453285217285e-01
0.000000000000000000e+00 5.513093471527099609e-01
0.000000000000000000e+00 5.306160449981689453e-01
0.000000000000000000e+00 4.492436349391937256e-01
0.000000000000000000e+00 5.603470206260681152e-01
0.000000000000000000e+00 6.203862428665161133e-01
0.000000000000000000e+00 5.343746542930603027e-01
0.000000000000000000e+00 5.320275425910949707e-01
0.000000000000000000e+00 5.701680183410644531e-01
0.000000000000000000e+00 5.197626352310180664e-01
0.000000000000000000e+00 4.148525893688201904e-01
0.000000000000000000e+00 3.268700242042541504e-01
0.000000000000000000e+00 3.581812679767608643e-01
1.000000000000000000e+00 8.305782675743103027e-01
1.000000000000000000e+00 8.295894861221313477e-01
1.000000000000000000e+00 8.215066194534301758e-01
1.000000000000000000e+00 7.998850345611572266e-01
1.000000000000000000e+00 7.727088928222656250e-01
0.000000000000000000e+00 7.488078474998474121e-01
0.000000000000000000e+00 6.821351647377014160e-01
0.000000000000000000e+00 5.554600954055786133e-01
0.000000000000000000e+00 5.608004331588745117e-01
0.000000000000000000e+00 4.203194677829742432e-01
0.000000000000000000e+00 3.529288470745086670e-01
0.000000000000000000e+00 2.983152568340301514e-01
0.000000000000000000e+00 2.062343209981918335e-01
0.000000000000000000e+00 1.610780954360961914e-01
0.000000000000000000e+00 1.117627471685409546e-01
0.000000000000000000e+00 7.360549271106719971e-02
0.000000000000000000e+00 5.984890833497047424e-02
0.000000000000000000e+00 5.212905630469322205e-02
0.000000000000000000e+00 5.648727342486381531e-02
0.000000000000000000e+00 6.371293216943740845e-02
0.000000000000000000e+00 8.889999985694885254e-02
0.000000000000000000e+00 1.008982807397842407e-01
1.000000000000000000e+00 1.123656705021858215e-01
0.000000000000000000e+00 1.247828230261802673e-01
0.000000000000000000e+00 9.896476566791534424e-02
0.000000000000000000e+00 9.380336105823516846e-02
0.000000000000000000e+00 7.959342002868652344e-02
0.000000000000000000e+00 8.775537461042404175e-02
0.000000000000000000e+00 8.187550306320190430e-02
0.000000000000000000e+00 1.121277585625648499e-01
0.000000000000000000e+00 9.923406690359115601e-02
0.000000000000000000e+00 1.196283623576164246e-01
0.000000000000000000e+00 1.022669002413749695e-01
0.000000000000000000e+00 1.190975159406661987e-01
0.000000000000000000e+00 9.620451182126998901e-02
0.000000000000000000e+00 7.312898337841033936e-02
0.000000000000000000e+00 6.777046620845794678e-02
0.000000000000000000e+00 4.688931629061698914e-02
0.000000000000000000e+00 4.808928444981575012e-02
0.000000000000000000e+00 4.451280832290649414e-02
0.000000000000000000e+00 4.898204281926155090e-02
0.000000000000000000e+00 4.366579651832580566e-02
0.000000000000000000e+00 5.258945003151893616e-02
0.000000000000000000e+00 5.452830716967582703e-02
0.000000000000000000e+00 4.924938827753067017e-02
0.000000000000000000e+00 7.095147669315338135e-02
0.000000000000000000e+00 9.093938022851943970e-02
0.000000000000000000e+00 1.902479678392410278e-01
0.000000000000000000e+00 2.550567090511322021e-01
0.000000000000000000e+00 4.155173897743225098e-01
0.000000000000000000e+00 5.115838050842285156e-01
0.000000000000000000e+00 6.342535018920898438e-01
0.000000000000000000e+00 7.544260621070861816e-01
0.000000000000000000e+00 7.641369104385375977e-01
0.000000000000000000e+00 6.937040090560913086e-01
0.000000000000000000e+00 7.302672863006591797e-01
1.000000000000000000e+00 6.833404898643493652e-01
0.000000000000000000e+00 7.726946473121643066e-01
0.000000000000000000e+00 7.700181007385253906e-01
1.000000000000000000e+00 8.375670909881591797e-01
1.000000000000000000e+00 8.179522752761840820e-01
0.000000000000000000e+00 8.281923532485961914e-01
0.000000000000000000e+00 8.263182044029235840e-01
0.000000000000000000e+00 8.490383028984069824e-01
0.000000000000000000e+00 8.245686888694763184e-01
0.000000000000000000e+00 8.512282371520996094e-01
1.000000000000000000e+00 8.333795666694641113e-01
1.000000000000000000e+00 7.671600580215454102e-01
1.000000000000000000e+00 7.747344970703125000e-01
1.000000000000000000e+00 7.272909879684448242e-01
0.000000000000000000e+00 7.415773272514343262e-01
0.000000000000000000e+00 6.811081767082214355e-01
0.000000000000000000e+00 6.551795005798339844e-01
0.000000000000000000e+00 6.777247190475463867e-01
0.000000000000000000e+00 5.936688780784606934e-01
0.000000000000000000e+00 6.025420427322387695e-01
0.000000000000000000e+00 4.894127547740936279e-01
1.000000000000000000e+00 4.514022171497344971e-01
0.000000000000000000e+00 4.190146625041961670e-01
0.000000000000000000e+00 3.600289821624755859e-01
0.000000000000000000e+00 3.295547068119049072e-01
0.000000000000000000e+00 3.254889249801635742e-01
0.000000000000000000e+00 3.089685142040252686e-01
0.000000000000000000e+00 1.946277171373367310e-01
0.000000000000000000e+00 1.817289888858795166e-01
0.000000000000000000e+00 1.328919827938079834e-01
0.000000000000000000e+00 1.241920515894889832e-01
0.000000000000000000e+00 9.319527447223663330e-02
0.000000000000000000e+00 7.489836961030960083e-02
0.000000000000000000e+00 7.543504983186721802e-02
0.000000000000000000e+00 5.121325701475143433e-02
1.000000000000000000e+00 6.818117946386337280e-02
0.000000000000000000e+00 7.801717519760131836e-02
0.000000000000000000e+00 7.761134207248687744e-02
0.000000000000000000e+00 1.192969977855682373e-01
0.000000000000000000e+00 1.646789163351058960e-01
0.000000000000000000e+00 1.933023631572723389e-01
0.000000000000000000e+00 2.617262005805969238e-01
0.000000000000000000e+00 2.470367699861526489e-01
0.000000000000000000e+00 2.332154363393783569e-01
0.000000000000000000e+00 1.917183995246887207e-01
0.000000000000000000e+00 1.774397045373916626e-01
0.000000000000000000e+00 1.390744447708129883e-01
0.000000000000000000e+00 1.361061781644821167e-01
0.000000000000000000e+00 1.543368697166442871e-01
0.000000000000000000e+00 1.590780466794967651e-01
0.000000000000000000e+00 1.436309218406677246e-01
0.000000000000000000e+00 1.833178848028182983e-01
0.000000000000000000e+00 2.139778137207031250e-01
0.000000000000000000e+00 1.683240234851837158e-01
0.000000000000000000e+00 1.159856989979743958e-01
0.000000000000000000e+00 1.016894131898880005e-01
0.000000000000000000e+00 9.726268798112869263e-02
0.000000000000000000e+00 7.073565572500228882e-02
0.000000000000000000e+00 8.053398132324218750e-02
0.000000000000000000e+00 9.460105746984481812e-02
0.000000000000000000e+00 1.408992707729339600e-01
0.000000000000000000e+00 1.330844014883041382e-01
0.000000000000000000e+00 1.053319126367568970e-01
0.000000000000000000e+00 1.223633512854576111e-01
0.000000000000000000e+00 1.268163472414016724e-01
0.000000000000000000e+00 1.734925210475921631e-01
0.000000000000000000e+00 2.347070872783660889e-01
0.000000000000000000e+00 3.254044055938720703e-01
0.000000000000000000e+00 4.091055691242218018e-01
0.000000000000000000e+00 6.080107092857360840e-01
0.000000000000000000e+00 7.572951316833496094e-01
0.000000000000000000e+00 8.410623073577880859e-01
0.000000000000000000e+00 8.438893556594848633e-01
0.000000000000000000e+00 8.727415204048156738e-01
0.000000000000000000e+00 9.209585189819335938e-01
0.000000000000000000e+00 9.031080007553100586e-01
0.000000000000000000e+00 8.978922963142395020e-01
0.000000000000000000e+00 8.804466724395751953e-01
0.000000000000000000e+00 7.980075478553771973e-01
0.000000000000000000e+00 7.843863964080810547e-01
0.000000000000000000e+00 7.403295040130615234e-01
0.000000000000000000e+00 5.491248965263366699e-01
0.000000000000000000e+00 6.344218254089355469e-01
0.000000000000000000e+00 4.629909098148345947e-01
0.000000000000000000e+00 3.278323411941528320e-01
1.000000000000000000e+00 2.754831016063690186e-01
1.000000000000000000e+00 2.337096035480499268e-01
1.000000000000000000e+00 2.598335742950439453e-01
1.000000000000000000e+00 2.465519905090332031e-01
1.000000000000000000e+00 1.262951791286468506e-01
1.000000000000000000e+00 1.577948480844497681e-01
1.000000000000000000e+00 8.842521905899047852e-02
0.000000000000000000e+00 6.950005888938903809e-02
1.000000000000000000e+00 5.091100931167602539e-02
1.000000000000000000e+00 1.566654741764068604e-01
1.000000000000000000e+00 1.313562989234924316e-01
1.000000000000000000e+00 1.067874506115913391e-01
0.000000000000000000e+00 9.588269889354705811e-02
0.000000000000000000e+00 7.600604742765426636e-02
0.000000000000000000e+00 7.877346128225326538e-02
0.000000000000000000e+00 6.225500628352165222e-02
0.000000000000000000e+00 5.570662766695022583e-02
0.000000000000000000e+00 5.056923627853393555e-02
0.000000000000000000e+00 4.600078612565994263e-02
0.000000000000000000e+00 4.088792949914932251e-02
0.000000000000000000e+00 4.940318688750267029e-02
0.000000000000000000e+00 4.584442079067230225e-02
0.000000000000000000e+00 4.950521886348724365e-02
0.000000000000000000e+00 4.350586235523223877e-02
0.000000000000000000e+00 5.150967836380004883e-02
0.000000000000000000e+00 5.446717888116836548e-02
0.000000000000000000e+00 5.736423656344413757e-02
0.000000000000000000e+00 6.243088468909263611e-02
0.000000000000000000e+00 7.671310007572174072e-02
0.000000000000000000e+00 8.185287564992904663e-02
0.000000000000000000e+00 9.503003209829330444e-02
0.000000000000000000e+00 1.047814041376113892e-01
0.000000000000000000e+00 9.707783162593841553e-02
0.000000000000000000e+00 1.096219941973686218e-01
0.000000000000000000e+00 1.110619083046913147e-01
0.000000000000000000e+00 9.647476673126220703e-02
0.000000000000000000e+00 9.065418690443038940e-02
0.000000000000000000e+00 7.743812352418899536e-02
0.000000000000000000e+00 8.396367728710174561e-02
0.000000000000000000e+00 7.009766995906829834e-02
0.000000000000000000e+00 6.522914767265319824e-02
0.000000000000000000e+00 6.149589642882347107e-02
0.000000000000000000e+00 4.595828428864479065e-02
0.000000000000000000e+00 4.654745385050773621e-02
0.000000000000000000e+00 4.319209232926368713e-02
0.000000000000000000e+00 4.482006281614303589e-02
0.000000000000000000e+00 5.151140317320823669e-02
0.000000000000000000e+00 5.574353784322738647e-02
0.000000000000000000e+00 4.727185890078544617e-02
0.000000000000000000e+00 5.532180517911911011e-02
0.000000000000000000e+00 4.388881847262382507e-02
0.000000000000000000e+00 4.850615933537483215e-02
0.000000000000000000e+00 5.329673364758491516e-02
0.000000000000000000e+00 6.194407865405082703e-02
0.000000000000000000e+00 5.771985277533531189e-02
0.000000000000000000e+00 6.643053889274597168e-02
0.000000000000000000e+00 1.141036823391914368e-01
0.000000000000000000e+00 2.270219922065734863e-01
0.000000000000000000e+00 2.614261507987976074e-01
0.000000000000000000e+00 4.360896348953247070e-01
0.000000000000000000e+00 4.394677877426147461e-01
0.000000000000000000e+00 6.313788890838623047e-01
0.000000000000000000e+00 6.651128530502319336e-01
0.000000000000000000e+00 7.815122008323669434e-01
1.000000000000000000e+00 7.924599051475524902e-01
1.000000000000000000e+00 8.293831944465637207e-01
1.000000000000000000e+00 8.332174420356750488e-01
0.000000000000000000e+00 8.487060666084289551e-01
1.000000000000000000e+00 8.741946816444396973e-01
1.000000000000000000e+00 8.872769474983215332e-01
1.000000000000000000e+00 8.956513404846191406e-01
1.000000000000000000e+00 9.040620923042297363e-01
1.000000000000000000e+00 8.840495944023132324e-01
0.000000000000000000e+00 8.913642168045043945e-01
0.000000000000000000e+00 8.740676045417785645e-01
1.000000000000000000e+00 8.567651510238647461e-01
1.000000000000000000e+00 7.671142220497131348e-01
1.000000000000000000e+00 7.290989756584167480e-01
1.000000000000000000e+00 6.401503086090087891e-01
0.000000000000000000e+00 5.462421178817749023e-01
0.000000000000000000e+00 5.073090791702270508e-01
0.000000000000000000e+00 4.747478365898132324e-01
0.000000000000000000e+00 4.421638548374176025e-01
0.000000000000000000e+00 3.529995679855346680e-01
1.000000000000000000e+00 7.017154097557067871e-01
1.000000000000000000e+00 6.697611212730407715e-01
1.000000000000000000e+00 7.259128093719482422e-01
1.000000000000000000e+00 7.899413108825683594e-01
1.000000000000000000e+00 7.826203107833862305e-01
1.000000000000000000e+00 7.868919968605041504e-01
1.000000000000000000e+00 8.227522969245910645e-01
0.000000000000000000e+00 8.207736611366271973e-01
0.000000000000000000e+00 6.998410224914550781e-01
0.000000000000000000e+00 4.923022687435150146e-01
0.000000000000000000e+00 4.924443364143371582e-01
0.000000000000000000e+00 3.864884376525878906e-01
0.000000000000000000e+00 3.590032458305358887e-01
0.000000000000000000e+00 2.655051648616790771e-01
0.000000000000000000e+00 1.881081163883209229e-01
0.000000000000000000e+00 9.344216436147689819e-02
1.000000000000000000e+00 9.603641182184219360e-02
0.000000000000000000e+00 9.176012128591537476e-02
0.000000000000000000e+00 8.508946746587753296e-02
0.000000000000000000e+00 6.938023865222930908e-02
0.000000000000000000e+00 7.020035386085510254e-02
0.000000000000000000e+00 7.291419804096221924e-02
0.000000000000000000e+00 8.972696959972381592e-02
0.000000000000000000e+00 9.198712557554244995e-02
0.000000000000000000e+00 9.856623411178588867e-02
0.000000000000000000e+00 1.063612848520278931e-01
0.000000000000000000e+00 9.654159098863601685e-02
0.000000000000000000e+00 8.152414858341217041e-02
0.000000000000000000e+00 8.497905731201171875e-02
0.000000000000000000e+00 1.206632256507873535e-01
0.000000000000000000e+00 1.332362741231918335e-01
0.000000000000000000e+00 1.299201101064682007e-01
0.000000000000000000e+00 1.330222487449645996e-01
0.000000000000000000e+00 1.742915958166122437e-01
0.000000000000000000e+00 1.991579383611679077e-01
0.000000000000000000e+00 2.110591381788253784e-01
0.000000000000000000e+00 1.489037424325942993e-01
0.000000000000000000e+00 1.513151526451110840e-01
0.000000000000000000e+00 1.830268800258636475e-01
0.000000000000000000e+00 1.635021567344665527e-01
0.000000000000000000e+00 1.941842585802078247e-01
0.000000000000000000e+00 1.725995689630508423e-01
0.000000000000000000e+00 1.544749587774276733e-01
0.000000000000000000e+00 1.470517963171005249e-01
0.000000000000000000e+00 1.238238289952278137e-01
0.000000000000000000e+00 1.104262769222259521e-01
0.000000000000000000e+00 1.518054604530334473e-01
0.000000000000000000e+00 2.402191907167434692e-01
0.000000000000000000e+00 3.156255185604095459e-01
0.000000000000000000e+00 3.808430135250091553e-01
0.000000000000000000e+00 4.469189643859863281e-01
0.000000000000000000e+00 5.044133663177490234e-01
0.000000000000000000e+00 6.304451227188110352e-01
0.000000000000000000e+00 7.216910123825073242e-01
0.000000000000000000e+00 7.488375306129455566e-01
1.000000000000000000e+00 7.331497073173522949e-01
1.000000000000000000e+00 7.068312764167785645e-01
1.000000000000000000e+00 7.485457062721252441e-01
1.000000000000000000e+00 7.389315962791442871e-01
1.000000000000000000e+00 7.884886860847473145e-01
1.000000000000000000e+00 7.796351909637451172e-01
0.000000000000000000e+00 7.376683354377746582e-01
0.000000000000000000e+00 8.169899582862854004e-01
0.000000000000000000e+00 8.095096945762634277e-01
0.000000000000000000e+00 7.836155891418457031e-01
0.000000000000000000e+00 7.005434036254882812e-01
0.000000000000000000e+00 6.975733637809753418e-01
0.000000000000000000e+00 7.021378278732299805e-01
0.000000000000000000e+00 5.835698843002319336e-01
0.000000000000000000e+00 5.448977947235107422e-01
0.000000000000000000e+00 4.622568190097808838e-01
0.000000000000000000e+00 4.724568724632263184e-01
0.000000000000000000e+00 3.045762181282043457e-01
0.000000000000000000e+00 2.665938735008239746e-01
0.000000000000000000e+00 2.328577637672424316e-01
0.000000000000000000e+00 7.343065738677978516e-01
0.000000000000000000e+00 7.676532864570617676e-01
0.000000000000000000e+00 6.865171790122985840e-01
0.000000000000000000e+00 6.166383028030395508e-01
0.000000000000000000e+00 6.328791379928588867e-01
0.000000000000000000e+00 4.979368746280670166e-01
0.000000000000000000e+00 5.394726395606994629e-01
0.000000000000000000e+00 4.256390333175659180e-01
0.000000000000000000e+00 3.739543259143829346e-01
0.000000000000000000e+00 2.965521812438964844e-01
0.000000000000000000e+00 2.384288012981414795e-01
0.000000000000000000e+00 2.043934911489486694e-01
0.000000000000000000e+00 1.532272100448608398e-01
0.000000000000000000e+00 1.065620034933090210e-01
0.000000000000000000e+00 1.009785756468772888e-01
0.000000000000000000e+00 9.202383458614349365e-02
0.000000000000000000e+00 7.964430004358291626e-02
0.000000000000000000e+00 7.591986656188964844e-02
0.000000000000000000e+00 7.780950516462326050e-02
0.000000000000000000e+00 8.696617186069488525e-02
0.000000000000000000e+00 9.924099594354629517e-02
1.000000000000000000e+00 1.193098127841949463e-01
1.000000000000000000e+00 1.574021130800247192e-01
1.000000000000000000e+00 1.731275618076324463e-01
0.000000000000000000e+00 1.653992533683776855e-01
0.000000000000000000e+00 2.173660099506378174e-01
0.000000000000000000e+00 1.969511061906814575e-01
0.000000000000000000e+00 2.490462809801101685e-01
0.000000000000000000e+00 2.827009260654449463e-01
0.000000000000000000e+00 2.794938087463378906e-01
0.000000000000000000e+00 2.471525073051452637e-01
0.000000000000000000e+00 2.382385432720184326e-01
0.000000000000000000e+00 2.609764337539672852e-01
0.000000000000000000e+00 3.350827097892761230e-01
0.000000000000000000e+00 2.177837193012237549e-01
0.000000000000000000e+00 1.946662515401840210e-01
0.000000000000000000e+00 1.655501276254653931e-01
0.000000000000000000e+00 1.746319681406021118e-01
0.000000000000000000e+00 1.595305651426315308e-01
0.000000000000000000e+00 1.396810412406921387e-01
0.000000000000000000e+00 1.364806741476058960e-01
0.000000000000000000e+00 1.076897755265235901e-01
0.000000000000000000e+00 1.122070997953414917e-01
0.000000000000000000e+00 1.198555603623390198e-01
0.000000000000000000e+00 9.955991059541702271e-02
0.000000000000000000e+00 7.948456704616546631e-02
0.000000000000000000e+00 7.121182233095169067e-02
0.000000000000000000e+00 7.680964469909667969e-02
1.000000000000000000e+00 7.373019307851791382e-02
0.000000000000000000e+00 7.759804278612136841e-02
0.000000000000000000e+00 9.391784667968750000e-02
0.000000000000000000e+00 1.146637350320816040e-01
0.000000000000000000e+00 1.463590860366821289e-01
1.000000000000000000e+00 2.573170363903045654e-01
1.000000000000000000e+00 2.824033498764038086e-01
1.000000000000000000e+00 2.623904645442962646e-01
0.000000000000000000e+00 2.430182248353958130e-01
0.000000000000000000e+00 2.030596435070037842e-01
0.000000000000000000e+00 2.713990211486816406e-01
1.000000000000000000e+00 3.344806432723999023e-01
1.000000000000000000e+00 3.539929091930389404e-01
1.000000000000000000e+00 4.581592381000518799e-01
1.000000000000000000e+00 5.043585896492004395e-01
1.000000000000000000e+00 5.241853594779968262e-01
1.000000000000000000e+00 5.249838232994079590e-01
0.000000000000000000e+00 6.246715188026428223e-01
0.000000000000000000e+00 7.482937574386596680e-01
0.000000000000000000e+00 7.952324151992797852e-01
0.000000000000000000e+00 8.231815099716186523e-01
0.000000000000000000e+00 7.781665325164794922e-01
0.000000000000000000e+00 6.700982451438903809e-01
0.000000000000000000e+00 5.878279209136962891e-01
0.000000000000000000e+00 4.742472171783447266e-01
0.000000000000000000e+00 3.880484700202941895e-01
0.000000000000000000e+00 3.248549401760101318e-01
