1.000000000000000000e+00 7.894648313522338867e-01
1.000000000000000000e+00 7.905055284500122070e-01
1.000000000000000000e+00 7.929300069808959961e-01
1.000000000000000000e+00 8.021204471588134766e-01
0.000000000000000000e+00 7.829455137252807617e-01
0.000000000000000000e+00 8.022450804710388184e-01
0.000000000000000000e+00 8.054851889610290527e-01
0.000000000000000000e+00 7.990970611572265625e-01
0.000000000000000000e+00 7.981386780738830566e-01
1.000000000000000000e+00 8.011078238487243652e-01
1.000000000000000000e+00 8.028556704521179199e-01
1.000000000000000000e+00 7.854979038238525391e-01
1.000000000000000000e+00 7.985812425613403320e-01
0.000000000000000000e+00 7.922176122665405273e-01
0.000000000000000000e+00 7.967449426651000977e-01
0.000000000000000000e+00 7.928671240806579590e-01
0.000000000000000000e+00 7.904987931251525879e-01
0.000000000000000000e+00 8.004364967346191406e-01
0.000000000000000000e+00 7.951222658157348633e-01
0.000000000000000000e+00 8.056542277336120605e-01
0.000000000000000000e+00 8.010864257812500000e-01
0.000000000000000000e+00 7.967423200607299805e-01
0.000000000000000000e+00 7.957707047462463379e-01
1.000000000000000000e+00 7.939274907112121582e-01
1.000000000000000000e+00 7.957582473754882812e-01
1.000000000000000000e+00 8.069916367530822754e-01
1.000000000000000000e+00 8.002586960792541504e-01
1.000000000000000000e+00 8.087711334228515625e-01
1.000000000000000000e+00 8.175722956657409668e-01
1.000000000000000000e+00 8.376874327659606934e-01
1.000000000000000000e+00 8.527560234069824219e-01
1.000000000000000000e+00 8.461954593658447266e-01
1.000000000000000000e+00 8.644776940345764160e-01
0.000000000000000000e+00 8.593822717666625977e-01
0.000000000000000000e+00 8.457896709442138672e-01
0.000000000000000000e+00 8.343412280082702637e-01
0.000000000000000000e+00 8.165130615234375000e-01
0.000000000000000000e+00 7.563523054122924805e-01
0.000000000000000000e+00 6.494574546813964844e-01
0.000000000000000000e+00 5.856907367706298828e-01
0.000000000000000000e+00 4.353647530078887939e-01
0.000000000000000000e+00 3.264882266521453857e-01
0.000000000000000000e+00 2.135718762874603271e-01
0.000000000000000000e+00 1.605261862277984619e-01
0.000000000000000000e+00 1.208619177341461182e-01
0.000000000000000000e+00 6.703955121338367462e-03
0.000000000000000000e+00 1.088949572294950485e-02
0.000000000000000000e+00 1.580733433365821838e-02
0.000000000000000000e+00 1.932087913155555725e-02
0.000000000000000000e+00 1.740594394505023956e-02
0.000000000000000000e+00 1.187563315033912659e-02
0.000000000000000000e+00 8.362498134374618530e-03
0.000000000000000000e+00 7.310255430638790131e-03
0.000000000000000000e+00 6.850265897810459137e-03
0.000000000000000000e+00 6.732675712555646896e-03
0.000000000000000000e+00 6.553604733198881149e-03
0.000000000000000000e+00 6.469815969467163086e-03
0.000000000000000000e+00 6.414123810827732086e-03
0.000000000000000000e+00 6.064370274543762207e-03
0.000000000000000000e+00 5.873173009604215622e-03
0.000000000000000000e+00 5.624213721603155136e-03
0.000000000000000000e+00 5.338291171938180923e-03
0.000000000000000000e+00 5.099211353808641434e-03
0.000000000000000000e+00 5.199421197175979614e-03
0.000000000000000000e+00 5.166125483810901642e-03
0.000000000000000000e+00 5.186095368117094040e-03
0.000000000000000000e+00 5.218511447310447693e-03
0.000000000000000000e+00 5.257848650217056274e-03
0.000000000000000000e+00 5.149612203240394592e-03
0.000000000000000000e+00 4.905764013528823853e-03
0.000000000000000000e+00 4.903795663267374039e-03
0.000000000000000000e+00 5.066967103630304337e-03
0.000000000000000000e+00 5.034567788243293762e-03
0.000000000000000000e+00 4.967943765223026276e-03
0.000000000000000000e+00 4.786879755556583405e-03
0.000000000000000000e+00 4.690838977694511414e-03
0.000000000000000000e+00 4.527084063738584518e-03
0.000000000000000000e+00 4.389191046357154846e-03
0.000000000000000000e+00 4.282246809452772141e-03
0.000000000000000000e+00 4.279023036360740662e-03
0.000000000000000000e+00 4.112141206860542297e-03
0.000000000000000000e+00 4.137393087148666382e-03
0.000000000000000000e+00 3.930100239813327789e-03
0.000000000000000000e+00 3.763529006391763687e-03
0.000000000000000000e+00 3.670161357149481773e-03
0.000000000000000000e+00 3.562705358490347862e-03
0.000000000000000000e+00 3.512896830216050148e-03
0.000000000000000000e+00 3.477427409961819649e-03
0.000000000000000000e+00 3.475075354799628258e-03
0.000000000000000000e+00 3.228553803637623787e-03
0.000000000000000000e+00 2.396423136815428734e-03
0.000000000000000000e+00 2.687922911718487740e-03
0.000000000000000000e+00 3.208451438695192337e-03
0.000000000000000000e+00 2.835612744092941284e-03
0.000000000000000000e+00 2.898949431255459785e-03
0.000000000000000000e+00 2.437341259792447090e-03
0.000000000000000000e+00 1.813811948522925377e-03
0.000000000000000000e+00 1.453271019272506237e-03
0.000000000000000000e+00 1.234545605257153511e-03
0.000000000000000000e+00 1.182115986011922359e-03
0.000000000000000000e+00 1.214772230014204979e-03
0.000000000000000000e+00 1.230750931426882744e-03
0.000000000000000000e+00 1.224422245286405087e-03
0.000000000000000000e+00 1.241420162841677666e-03
0.000000000000000000e+00 1.210095593705773354e-03
0.000000000000000000e+00 1.229926478117704391e-03
0.000000000000000000e+00 1.263078651390969753e-03
0.000000000000000000e+00 1.391693833284080029e-03
0.000000000000000000e+00 1.545655424706637859e-03
0.000000000000000000e+00 1.777761033736169338e-03
0.000000000000000000e+00 1.951353391632437706e-03
0.000000000000000000e+00 2.191265579313039780e-03
0.000000000000000000e+00 2.397223375737667084e-03
0.000000000000000000e+00 2.481294563040137291e-03
0.000000000000000000e+00 2.617887686938047409e-03
0.000000000000000000e+00 2.908901311457157135e-03
0.000000000000000000e+00 3.229307243600487709e-03
0.000000000000000000e+00 3.551040776073932648e-03
0.000000000000000000e+00 4.091400653123855591e-03
0.000000000000000000e+00 4.565006587654352188e-03
0.000000000000000000e+00 4.739622585475444794e-03
0.000000000000000000e+00 5.056207068264484406e-03
0.000000000000000000e+00 5.192032549530267715e-03
0.000000000000000000e+00 5.630796309560537338e-03
0.000000000000000000e+00 5.958882160484790802e-03
0.000000000000000000e+00 6.428382825106382370e-03
0.000000000000000000e+00 7.267768029123544693e-03
0.000000000000000000e+00 7.905593141913414001e-03
0.000000000000000000e+00 8.432519622147083282e-03
0.000000000000000000e+00 9.281986393034458160e-03
0.000000000000000000e+00 9.979281574487686157e-03
0.000000000000000000e+00 1.065440569072961807e-02
0.000000000000000000e+00 1.165279652923345566e-02
0.000000000000000000e+00 1.151920389384031296e-02
0.000000000000000000e+00 1.226315740495920181e-02
0.000000000000000000e+00 1.633442193269729614e-01
0.000000000000000000e+00 1.079564243555068970e-01
0.000000000000000000e+00 7.223527133464813232e-02
0.000000000000000000e+00 5.331453680992126465e-02
0.000000000000000000e+00 3.805765882134437561e-02
0.000000000000000000e+00 3.148049116134643555e-02
0.000000000000000000e+00 2.624301984906196594e-02
0.000000000000000000e+00 2.467690780758857727e-02
0.000000000000000000e+00 2.048584632575511932e-02
0.000000000000000000e+00 1.907923445105552673e-02
0.000000000000000000e+00 1.771206595003604889e-02
0.000000000000000000e+00 1.877716742455959320e-02
0.000000000000000000e+00 1.916005462408065796e-02
0.000000000000000000e+00 1.834667660295963287e-02
0.000000000000000000e+00 1.737002283334732056e-02
0.000000000000000000e+00 1.748401485383510590e-02
0.000000000000000000e+00 1.575956493616104126e-02
0.000000000000000000e+00 1.356094330549240112e-02
0.000000000000000000e+00 1.205630693584680557e-02
0.000000000000000000e+00 1.049248687922954559e-02
0.000000000000000000e+00 9.235503152012825012e-03
0.000000000000000000e+00 8.505144156515598297e-03
0.000000000000000000e+00 7.763352245092391968e-03
0.000000000000000000e+00 6.885224953293800354e-03
0.000000000000000000e+00 5.887908395379781723e-03
0.000000000000000000e+00 5.644255317747592926e-03
0.000000000000000000e+00 5.441155750304460526e-03
0.000000000000000000e+00 5.345157347619533539e-03
0.000000000000000000e+00 5.243694875389337540e-03
0.000000000000000000e+00 5.114110186696052551e-03
0.000000000000000000e+00 5.040029063820838928e-03
0.000000000000000000e+00 5.014581605792045593e-03
0.000000000000000000e+00 4.701727069914340973e-03
0.000000000000000000e+00 4.350369796156883240e-03
0.000000000000000000e+00 4.121701233088970184e-03
0.000000000000000000e+00 3.822091734036803246e-03
0.000000000000000000e+00 3.575925016775727272e-03
0.000000000000000000e+00 3.383416449651122093e-03
0.000000000000000000e+00 3.026348538696765900e-03
0.000000000000000000e+00 2.910821698606014252e-03
0.000000000000000000e+00 2.794601023197174072e-03
0.000000000000000000e+00 2.728356514126062393e-03
0.000000000000000000e+00 2.698813797906041145e-03
0.000000000000000000e+00 2.526898868381977081e-03
0.000000000000000000e+00 2.469275845214724541e-03
0.000000000000000000e+00 8.490632288157939911e-03
0.000000000000000000e+00 8.884651586413383484e-03
0.000000000000000000e+00 7.127115502953529358e-03
0.000000000000000000e+00 5.065493751317262650e-03
0.000000000000000000e+00 3.395276144146919250e-03
0.000000000000000000e+00 2.426766324788331985e-03
0.000000000000000000e+00 1.933024148456752300e-03
0.000000000000000000e+00 1.649851328693330288e-03
0.000000000000000000e+00 1.445851987227797508e-03
0.000000000000000000e+00 1.332471147179603577e-03
0.000000000000000000e+00 1.244638813659548759e-03
0.000000000000000000e+00 1.188430120237171650e-03
0.000000000000000000e+00 1.174457604065537453e-03
0.000000000000000000e+00 1.179028535261750221e-03
0.000000000000000000e+00 1.204782631248235703e-03
0.000000000000000000e+00 1.224723178893327713e-03
0.000000000000000000e+00 1.290488056838512421e-03
0.000000000000000000e+00 1.327649340964853764e-03
0.000000000000000000e+00 1.440129359252750874e-03
0.000000000000000000e+00 1.478053396567702293e-03
0.000000000000000000e+00 1.542827114462852478e-03
0.000000000000000000e+00 1.611948828212916851e-03
0.000000000000000000e+00 1.694214530289173126e-03
0.000000000000000000e+00 1.690395874902606010e-03
0.000000000000000000e+00 1.672992249950766563e-03
0.000000000000000000e+00 1.712026773020625114e-03
0.000000000000000000e+00 1.854627276770770550e-03
0.000000000000000000e+00 1.935512642376124859e-03
0.000000000000000000e+00 1.955655869096517563e-03
0.000000000000000000e+00 1.968968892470002174e-03
0.000000000000000000e+00 1.966211246326565742e-03
0.000000000000000000e+00 1.943910145200788975e-03
0.000000000000000000e+00 1.942159840837121010e-03
0.000000000000000000e+00 1.982371555641293526e-03
0.000000000000000000e+00 2.051761606708168983e-03
0.000000000000000000e+00 2.121035708114504814e-03
0.000000000000000000e+00 2.208596793934702873e-03
0.000000000000000000e+00 2.164245583117008209e-03
0.000000000000000000e+00 2.052498981356620789e-03
0.000000000000000000e+00 2.052547642961144447e-03
0.000000000000000000e+00 2.155949361622333527e-03
0.000000000000000000e+00 2.103337785229086876e-03
0.000000000000000000e+00 2.043602988123893738e-03
0.000000000000000000e+00 2.021300839260220528e-03
0.000000000000000000e+00 2.067134715616703033e-03
0.000000000000000000e+00 5.214164406061172485e-02
0.000000000000000000e+00 6.020217761397361755e-02
0.000000000000000000e+00 6.631577014923095703e-02
0.000000000000000000e+00 6.164411455392837524e-02
0.000000000000000000e+00 3.905665129423141479e-02
0.000000000000000000e+00 2.501536533236503601e-02
0.000000000000000000e+00 1.718112081289291382e-02
0.000000000000000000e+00 1.182405836880207062e-02
0.000000000000000000e+00 7.852715440094470978e-03
0.000000000000000000e+00 5.660235881805419922e-03
0.000000000000000000e+00 4.309107083827257156e-03
0.000000000000000000e+00 3.282786579802632332e-03
0.000000000000000000e+00 2.667712979018688202e-03
0.000000000000000000e+00 2.361763035878539085e-03
0.000000000000000000e+00 2.161369426175951958e-03
0.000000000000000000e+00 2.085263608023524284e-03
0.000000000000000000e+00 2.063920721411705017e-03
0.000000000000000000e+00 2.063651569187641144e-03
0.000000000000000000e+00 2.266256604343652725e-03
0.000000000000000000e+00 2.490768674761056900e-03
0.000000000000000000e+00 2.708937041461467743e-03
0.000000000000000000e+00 3.077433444559574127e-03
0.000000000000000000e+00 3.487627720460295677e-03
0.000000000000000000e+00 4.126793239265680313e-03
0.000000000000000000e+00 4.745940677821636200e-03
0.000000000000000000e+00 5.372153129428625107e-03
0.000000000000000000e+00 6.295251194387674332e-03
0.000000000000000000e+00 6.654387805610895157e-03
0.000000000000000000e+00 7.004535291343927383e-03
0.000000000000000000e+00 7.169336080551147461e-03
0.000000000000000000e+00 7.435988634824752808e-03
0.000000000000000000e+00 8.335226215422153473e-03
0.000000000000000000e+00 8.462678641080856323e-03
0.000000000000000000e+00 8.785750716924667358e-03
0.000000000000000000e+00 8.844395168125629425e-03
0.000000000000000000e+00 8.473929949104785919e-03
0.000000000000000000e+00 8.419184945523738861e-03
0.000000000000000000e+00 8.165674284100532532e-03
0.000000000000000000e+00 7.836012169718742371e-03
0.000000000000000000e+00 7.883219048380851746e-03
0.000000000000000000e+00 7.078073918819427490e-03
0.000000000000000000e+00 7.286055479198694229e-03
0.000000000000000000e+00 7.636079099029302597e-03
0.000000000000000000e+00 7.566291373223066330e-03
0.000000000000000000e+00 7.321679964661598206e-03
0.000000000000000000e+00 9.252693057060241699e-01
0.000000000000000000e+00 9.320482015609741211e-01
0.000000000000000000e+00 9.246614575386047363e-01
0.000000000000000000e+00 9.298492670059204102e-01
0.000000000000000000e+00 9.407980442047119141e-01
0.000000000000000000e+00 9.332101345062255859e-01
0.000000000000000000e+00 9.256266355514526367e-01
0.000000000000000000e+00 9.370819926261901855e-01
0.000000000000000000e+00 9.347342252731323242e-01
0.000000000000000000e+00 9.306975603103637695e-01
0.000000000000000000e+00 9.383217692375183105e-01
0.000000000000000000e+00 9.319620132446289062e-01
0.000000000000000000e+00 9.418405294418334961e-01
0.000000000000000000e+00 9.335456490516662598e-01
0.000000000000000000e+00 9.282188415527343750e-01
0.000000000000000000e+00 9.288932085037231445e-01
0.000000000000000000e+00 9.366551041603088379e-01
0.000000000000000000e+00 9.345044493675231934e-01
0.000000000000000000e+00 9.160548448562622070e-01
0.000000000000000000e+00 9.297962784767150879e-01
0.000000000000000000e+00 9.351918101310729980e-01
0.000000000000000000e+00 9.339570403099060059e-01
0.000000000000000000e+00 9.350800514221191406e-01
0.000000000000000000e+00 9.328747987747192383e-01
0.000000000000000000e+00 9.409072995185852051e-01
0.000000000000000000e+00 9.453211426734924316e-01
0.000000000000000000e+00 9.357271790504455566e-01
0.000000000000000000e+00 9.364040493965148926e-01
1.000000000000000000e+00 9.372429847717285156e-01
1.000000000000000000e+00 9.411989450454711914e-01
1.000000000000000000e+00 9.346866607666015625e-01
1.000000000000000000e+00 9.309182763099670410e-01
0.000000000000000000e+00 9.302272796630859375e-01
0.000000000000000000e+00 9.349328279495239258e-01
0.000000000000000000e+00 9.362750649452209473e-01
0.000000000000000000e+00 9.305893778800964355e-01
0.000000000000000000e+00 9.324789643287658691e-01
0.000000000000000000e+00 9.293232560157775879e-01
0.000000000000000000e+00 9.375807642936706543e-01
0.000000000000000000e+00 9.307507276535034180e-01
0.000000000000000000e+00 9.367366433143615723e-01
0.000000000000000000e+00 9.291997551918029785e-01
0.000000000000000000e+00 9.245485067367553711e-01
0.000000000000000000e+00 9.351691007614135742e-01
0.000000000000000000e+00 9.403271675109863281e-01
1.000000000000000000e+00 8.325431942939758301e-01
1.000000000000000000e+00 8.431020975112915039e-01
1.000000000000000000e+00 8.521596789360046387e-01
1.000000000000000000e+00 8.511536121368408203e-01
1.000000000000000000e+00 8.704416155815124512e-01
0.000000000000000000e+00 8.362630605697631836e-01
0.000000000000000000e+00 8.826546072959899902e-01
0.000000000000000000e+00 8.713734149932861328e-01
0.000000000000000000e+00 8.732027411460876465e-01
0.000000000000000000e+00 8.567618727684020996e-01
0.000000000000000000e+00 8.433906435966491699e-01
0.000000000000000000e+00 7.813685536384582520e-01
0.000000000000000000e+00 7.851152420043945312e-01
0.000000000000000000e+00 7.467504739761352539e-01
0.000000000000000000e+00 7.412979006767272949e-01
0.000000000000000000e+00 7.457700371742248535e-01
1.000000000000000000e+00 6.686354279518127441e-01
1.000000000000000000e+00 6.700193881988525391e-01
0.000000000000000000e+00 6.608805656433105469e-01
0.000000000000000000e+00 6.338661313056945801e-01
0.000000000000000000e+00 5.661103725433349609e-01
0.000000000000000000e+00 5.461536049842834473e-01
0.000000000000000000e+00 4.818345308303833008e-01
0.000000000000000000e+00 4.611400663852691650e-01
0.000000000000000000e+00 4.163350760936737061e-01
1.000000000000000000e+00 4.159783720970153809e-01
1.000000000000000000e+00 3.623118698596954346e-01
1.000000000000000000e+00 3.126749396324157715e-01
1.000000000000000000e+00 2.740913033485412598e-01
0.000000000000000000e+00 2.405440956354141235e-01
0.000000000000000000e+00 2.098776102066040039e-01
0.000000000000000000e+00 1.942337602376937866e-01
0.000000000000000000e+00 1.732848733663558960e-01
0.000000000000000000e+00 1.489115208387374878e-01
0.000000000000000000e+00 1.395422071218490601e-01
0.000000000000000000e+00 1.285746693611145020e-01
0.000000000000000000e+00 1.193560287356376648e-01
0.000000000000000000e+00 1.022802069783210754e-01
0.000000000000000000e+00 8.982296288013458252e-02
0.000000000000000000e+00 8.204144239425659180e-02
0.000000000000000000e+00 7.627969235181808472e-02
0.000000000000000000e+00 6.943994760513305664e-02
0.000000000000000000e+00 5.562959983944892883e-02
0.000000000000000000e+00 4.756459966301918030e-02
0.000000000000000000e+00 4.166465625166893005e-02
