0.000000000000000000e+00 2.448574081063270569e-02
0.000000000000000000e+00 2.814477682113647461e-02
0.000000000000000000e+00 5.411143973469734192e-02
0.000000000000000000e+00 4.729229956865310669e-02
0.000000000000000000e+00 4.241977632045745850e-02
0.000000000000000000e+00 3.873218595981597900e-02
0.000000000000000000e+00 2.549855038523674011e-02
0.000000000000000000e+00 3.410968557000160217e-02
0.000000000000000000e+00 1.838471740484237671e-02
0.000000000000000000e+00 4.702650010585784912e-02
0.000000000000000000e+00 2.664257586002349854e-02
0.000000000000000000e+00 4.230683296918869019e-02
0.000000000000000000e+00 2.051939815282821655e-02
0.000000000000000000e+00 4.883594438433647156e-02
0.000000000000000000e+00 3.312337398529052734e-02
0.000000000000000000e+00 4.075245931744575500e-02
0.000000000000000000e+00 6.476936489343643188e-02
0.000000000000000000e+00 4.777291044592857361e-02
0.000000000000000000e+00 7.446034997701644897e-02
0.000000000000000000e+00 3.271686658263206482e-02
0.000000000000000000e+00 7.304680347442626953e-02
0.000000000000000000e+00 5.238620564341545105e-02
0.000000000000000000e+00 6.478236615657806396e-02
1.000000000000000000e+00 3.751768544316291809e-02
1.000000000000000000e+00 6.336774677038192749e-02
1.000000000000000000e+00 4.693422839045524597e-02
1.000000000000000000e+00 5.547856166958808899e-02
1.000000000000000000e+00 8.444330096244812012e-02
1.000000000000000000e+00 3.791774809360504150e-02
1.000000000000000000e+00 6.300971657037734985e-02
1.000000000000000000e+00 2.594599127769470215e-02
0.000000000000000000e+00 4.088672250509262085e-02
0.000000000000000000e+00 4.718889296054840088e-02
0.000000000000000000e+00 4.402003437280654907e-02
0.000000000000000000e+00 4.793214797973632812e-02
0.000000000000000000e+00 2.229298837482929230e-02
0.000000000000000000e+00 3.524175658822059631e-02
0.000000000000000000e+00 1.904474385082721710e-02
0.000000000000000000e+00 1.110944896936416626e-02
0.000000000000000000e+00 1.308292057365179062e-02
0.000000000000000000e+00 6.473903078585863113e-03
0.000000000000000000e+00 8.399884216487407684e-03
0.000000000000000000e+00 5.360284820199012756e-03
0.000000000000000000e+00 2.449766732752323151e-03
0.000000000000000000e+00 1.890488550998270512e-03
0.000000000000000000e+00 1.075746724382042885e-03
0.000000000000000000e+00 7.736388361081480980e-04
0.000000000000000000e+00 4.264496674295514822e-04
0.000000000000000000e+00 5.217872094362974167e-04
0.000000000000000000e+00 6.159478216432034969e-04
0.000000000000000000e+00 5.497448146343231201e-04
0.000000000000000000e+00 7.823827909305691719e-04
0.000000000000000000e+00 1.349016674794256687e-03
0.000000000000000000e+00 1.974183833226561546e-03
0.000000000000000000e+00 4.057327285408973694e-03
0.000000000000000000e+00 5.292247049510478973e-03
0.000000000000000000e+00 1.084373146295547485e-02
0.000000000000000000e+00 2.627859637141227722e-02
0.000000000000000000e+00 7.523352652788162231e-02
0.000000000000000000e+00 1.313111037015914917e-01
0.000000000000000000e+00 1.483050733804702759e-01
0.000000000000000000e+00 2.039914280176162720e-01
0.000000000000000000e+00 3.156847655773162842e-01
0.000000000000000000e+00 3.783763647079467773e-01
0.000000000000000000e+00 4.357247650623321533e-01
0.000000000000000000e+00 4.536260366439819336e-01
0.000000000000000000e+00 4.977386891841888428e-01
0.000000000000000000e+00 6.055060625076293945e-01
0.000000000000000000e+00 6.343631148338317871e-01
0.000000000000000000e+00 6.318774223327636719e-01
0.000000000000000000e+00 6.402717232704162598e-01
0.000000000000000000e+00 6.841617822647094727e-01
0.000000000000000000e+00 6.443746089935302734e-01
0.000000000000000000e+00 6.289828419685363770e-01
0.000000000000000000e+00 5.857781171798706055e-01
0.000000000000000000e+00 9.041984677314758301e-01
0.000000000000000000e+00 9.315335750579833984e-01
0.000000000000000000e+00 9.386496543884277344e-01
0.000000000000000000e+00 9.309816360473632812e-01
0.000000000000000000e+00 9.492883682250976562e-01
0.000000000000000000e+00 9.309758543968200684e-01
0.000000000000000000e+00 9.146317243576049805e-01
0.000000000000000000e+00 9.301530718803405762e-01
0.000000000000000000e+00 9.592319130897521973e-01
0.000000000000000000e+00 9.532732367515563965e-01
0.000000000000000000e+00 9.563213586807250977e-01
0.000000000000000000e+00 9.636574387550354004e-01
0.000000000000000000e+00 9.571263790130615234e-01
0.000000000000000000e+00 9.624152779579162598e-01
0.000000000000000000e+00 9.584278464317321777e-01
1.000000000000000000e+00 9.597759842872619629e-01
1.000000000000000000e+00 9.558629393577575684e-01
1.000000000000000000e+00 9.558373093605041504e-01
1.000000000000000000e+00 9.593844413757324219e-01
0.000000000000000000e+00 9.396196007728576660e-01
0.000000000000000000e+00 9.243267178535461426e-01
0.000000000000000000e+00 9.263106584548950195e-01
0.000000000000000000e+00 9.125199317932128906e-01
0.000000000000000000e+00 8.906090855598449707e-01
0.000000000000000000e+00 8.805636167526245117e-01
0.000000000000000000e+00 7.430778145790100098e-01
0.000000000000000000e+00 5.876185297966003418e-01
0.000000000000000000e+00 5.531073212623596191e-01
0.000000000000000000e+00 3.656464517116546631e-01
0.000000000000000000e+00 3.132574260234832764e-01
0.000000000000000000e+00 2.388301491737365723e-01
0.000000000000000000e+00 1.510192602872848511e-01
1.000000000000000000e+00 1.285255402326583862e-01
1.000000000000000000e+00 1.056914925575256348e-01
0.000000000000000000e+00 7.018122822046279907e-02
0.000000000000000000e+00 3.687341883778572083e-02
0.000000000000000000e+00 3.566424548625946045e-02
0.000000000000000000e+00 2.777443453669548035e-02
0.000000000000000000e+00 3.604057058691978455e-02
0.000000000000000000e+00 2.788291871547698975e-02
0.000000000000000000e+00 3.649360686540603638e-02
0.000000000000000000e+00 2.209326811134815216e-02
0.000000000000000000e+00 2.970512956380844116e-02
0.000000000000000000e+00 1.836738176643848419e-02
0.000000000000000000e+00 1.912305131554603577e-02
0.000000000000000000e+00 1.599294506013393402e-02
0.000000000000000000e+00 1.583762094378471375e-02
0.000000000000000000e+00 1.794876903295516968e-02
0.000000000000000000e+00 2.210062183439731598e-02
0.000000000000000000e+00 2.597800083458423615e-02
0.000000000000000000e+00 3.400767222046852112e-02
0.000000000000000000e+00 6.537512689828872681e-02
0.000000000000000000e+00 7.115703076124191284e-02
0.000000000000000000e+00 9.099499136209487915e-02
0.000000000000000000e+00 6.845338642597198486e-02
0.000000000000000000e+00 7.997880131006240845e-02
0.000000000000000000e+00 1.003617718815803528e-01
0.000000000000000000e+00 8.768317848443984985e-02
0.000000000000000000e+00 1.037236005067825317e-01
0.000000000000000000e+00 9.488289058208465576e-02
0.000000000000000000e+00 1.186630502343177795e-01
0.000000000000000000e+00 1.278728395700454712e-01
0.000000000000000000e+00 9.743137657642364502e-02
0.000000000000000000e+00 8.901258558034896851e-02
0.000000000000000000e+00 7.863280922174453735e-02
0.000000000000000000e+00 1.063215211033821106e-01
0.000000000000000000e+00 1.284824609756469727e-01
0.000000000000000000e+00 1.302092075347900391e-01
0.000000000000000000e+00 1.345963925123214722e-01
0.000000000000000000e+00 1.756271272897720337e-01
0.000000000000000000e+00 2.005145847797393799e-01
0.000000000000000000e+00 2.147404551506042480e-01
0.000000000000000000e+00 2.873430252075195312e-01
0.000000000000000000e+00 3.325005769729614258e-01
0.000000000000000000e+00 3.243789970874786377e-01
1.000000000000000000e+00 7.634286880493164062e-01
1.000000000000000000e+00 6.650539636611938477e-01
1.000000000000000000e+00 4.970607459545135498e-01
1.000000000000000000e+00 4.800513982772827148e-01
1.000000000000000000e+00 3.270574808120727539e-01
0.000000000000000000e+00 2.154701650142669678e-01
0.000000000000000000e+00 2.269517779350280762e-01
0.000000000000000000e+00 1.328349113464355469e-01
0.000000000000000000e+00 9.299912303686141968e-02
0.000000000000000000e+00 5.690485611557960510e-02
0.000000000000000000e+00 4.697171598672866821e-02
0.000000000000000000e+00 3.896596282720565796e-02
0.000000000000000000e+00 2.732169441878795624e-02
0.000000000000000000e+00 2.032594755291938782e-02
0.000000000000000000e+00 1.837747730314731598e-02
0.000000000000000000e+00 1.326366048306226730e-02
0.000000000000000000e+00 7.148418575525283813e-03
0.000000000000000000e+00 7.962560281157493591e-03
0.000000000000000000e+00 6.962559185922145844e-03
0.000000000000000000e+00 6.414838135242462158e-03
0.000000000000000000e+00 5.365181248635053635e-03
0.000000000000000000e+00 5.292307119816541672e-03
0.000000000000000000e+00 8.062753826379776001e-03
0.000000000000000000e+00 6.979525554925203323e-03
0.000000000000000000e+00 7.786119356751441956e-03
0.000000000000000000e+00 6.190214771777391434e-03
1.000000000000000000e+00 6.022953893989324570e-03
1.000000000000000000e+00 8.240040391683578491e-03
0.000000000000000000e+00 8.298968896269798279e-03
0.000000000000000000e+00 1.406160276383161545e-02
0.000000000000000000e+00 2.352673187851905823e-02
0.000000000000000000e+00 2.469514496624469757e-02
0.000000000000000000e+00 2.391624636948108673e-02
0.000000000000000000e+00 2.829253487288951874e-02
0.000000000000000000e+00 3.523917868733406067e-02
0.000000000000000000e+00 2.108257263898849487e-02
0.000000000000000000e+00 2.144060842692852020e-02
0.000000000000000000e+00 2.775754965841770172e-02
0.000000000000000000e+00 2.657136693596839905e-02
0.000000000000000000e+00 2.240552008152008057e-02
0.000000000000000000e+00 2.859104797244071960e-02
0.000000000000000000e+00 2.257972396910190582e-02
0.000000000000000000e+00 2.222603373229503632e-02
0.000000000000000000e+00 2.383307181298732758e-02
0.000000000000000000e+00 2.031421475112438202e-02
0.000000000000000000e+00 2.810984477400779724e-02
0.000000000000000000e+00 2.978967688977718353e-02
0.000000000000000000e+00 2.291892468929290771e-02
0.000000000000000000e+00 2.453439496457576752e-02
0.000000000000000000e+00 1.888029649853706360e-02
0.000000000000000000e+00 2.047762461006641388e-02
0.000000000000000000e+00 1.816516928374767303e-02
0.000000000000000000e+00 1.759711652994155884e-02
0.000000000000000000e+00 1.940198056399822235e-02
0.000000000000000000e+00 1.687365211546421051e-02
0.000000000000000000e+00 1.633041352033615112e-02
0.000000000000000000e+00 1.304035261273384094e-02
0.000000000000000000e+00 1.593515463173389435e-02
0.000000000000000000e+00 1.621045172214508057e-02
0.000000000000000000e+00 1.967406459152698517e-02
0.000000000000000000e+00 1.932158507406711578e-02
0.000000000000000000e+00 1.984551921486854553e-02
0.000000000000000000e+00 2.138697542250156403e-02
0.000000000000000000e+00 2.351374924182891846e-02
0.000000000000000000e+00 2.010330185294151306e-02
0.000000000000000000e+00 2.102334238588809967e-02
0.000000000000000000e+00 2.294337376952171326e-02
0.000000000000000000e+00 2.966782636940479279e-02
0.000000000000000000e+00 3.274530917406082153e-02
0.000000000000000000e+00 4.258812218904495239e-02
0.000000000000000000e+00 3.282159566879272461e-02
0.000000000000000000e+00 2.901775017380714417e-02
0.000000000000000000e+00 2.878804504871368408e-02
0.000000000000000000e+00 2.788730151951313019e-02
0.000000000000000000e+00 3.889519721269607544e-02
1.000000000000000000e+00 9.458137154579162598e-01
0.000000000000000000e+00 9.170101284980773926e-01
0.000000000000000000e+00 9.017239212989807129e-01
0.000000000000000000e+00 8.312844038009643555e-01
0.000000000000000000e+00 8.096286058425903320e-01
0.000000000000000000e+00 6.823759078979492188e-01
0.000000000000000000e+00 5.985659956932067871e-01
0.000000000000000000e+00 4.095512032508850098e-01
0.000000000000000000e+00 4.078517854213714600e-01
0.000000000000000000e+00 2.684989571571350098e-01
0.000000000000000000e+00 2.107868343591690063e-01
0.000000000000000000e+00 2.660228013992309570e-01
0.000000000000000000e+00 1.534733921289443970e-01
0.000000000000000000e+00 1.169861480593681335e-01
0.000000000000000000e+00 5.316369235515594482e-02
0.000000000000000000e+00 6.787969172000885010e-02
0.000000000000000000e+00 4.698180407285690308e-02
0.000000000000000000e+00 4.121465981006622314e-02
0.000000000000000000e+00 4.053273424506187439e-02
0.000000000000000000e+00 3.415926918387413025e-02
0.000000000000000000e+00 3.215773031115531921e-02
0.000000000000000000e+00 3.139783442020416260e-02
0.000000000000000000e+00 4.192412644624710083e-02
0.000000000000000000e+00 3.634927049279212952e-02
0.000000000000000000e+00 2.709878422319889069e-02
0.000000000000000000e+00 2.754031494259834290e-02
0.000000000000000000e+00 2.472781762480735779e-02
0.000000000000000000e+00 2.531852386891841888e-02
0.000000000000000000e+00 3.582291677594184875e-02
0.000000000000000000e+00 3.095662035048007965e-02
0.000000000000000000e+00 6.563578546047210693e-02
0.000000000000000000e+00 4.532513022422790527e-02
0.000000000000000000e+00 5.104715377092361450e-02
0.000000000000000000e+00 6.978061050176620483e-02
0.000000000000000000e+00 5.452919378876686096e-02
0.000000000000000000e+00 4.668265953660011292e-02
0.000000000000000000e+00 3.146461024880409241e-02
0.000000000000000000e+00 2.853691391646862030e-02
0.000000000000000000e+00 3.557374328374862671e-02
0.000000000000000000e+00 3.083024919033050537e-02
0.000000000000000000e+00 3.187928348779678345e-02
0.000000000000000000e+00 2.947973459959030151e-02
0.000000000000000000e+00 2.537234313786029816e-02
0.000000000000000000e+00 2.677045390009880066e-02
0.000000000000000000e+00 2.708121575415134430e-02
0.000000000000000000e+00 3.445744514465332031e-02
0.000000000000000000e+00 3.173487633466720581e-02
0.000000000000000000e+00 5.268700420856475830e-02
0.000000000000000000e+00 7.133067399263381958e-02
0.000000000000000000e+00 7.897612452507019043e-02
0.000000000000000000e+00 1.171936392784118652e-01
0.000000000000000000e+00 1.884276121854782104e-01
0.000000000000000000e+00 2.442204803228378296e-01
0.000000000000000000e+00 2.897511124610900879e-01
0.000000000000000000e+00 2.314914911985397339e-01
0.000000000000000000e+00 2.882918119430541992e-01
0.000000000000000000e+00 1.874896734952926636e-01
0.000000000000000000e+00 2.348563820123672485e-01
0.000000000000000000e+00 2.575677633285522461e-01
0.000000000000000000e+00 3.084152936935424805e-01
0.000000000000000000e+00 2.939042747020721436e-01
0.000000000000000000e+00 3.286174237728118896e-01
0.000000000000000000e+00 3.178110718727111816e-01
0.000000000000000000e+00 3.817899823188781738e-01
0.000000000000000000e+00 3.449803292751312256e-01
0.000000000000000000e+00 3.557941913604736328e-01
0.000000000000000000e+00 3.741531670093536377e-01
1.000000000000000000e+00 3.458119332790374756e-01
1.000000000000000000e+00 2.777039110660552979e-01
0.000000000000000000e+00 2.973329424858093262e-01
0.000000000000000000e+00 2.588370144367218018e-01
0.000000000000000000e+00 2.276982069015502930e-01
0.000000000000000000e+00 1.751658916473388672e-01
0.000000000000000000e+00 1.792248487472534180e-01
0.000000000000000000e+00 1.473846584558486938e-01
0.000000000000000000e+00 4.797618985176086426e-01
0.000000000000000000e+00 3.060499727725982666e-01
0.000000000000000000e+00 1.268359124660491943e-01
0.000000000000000000e+00 6.580761820077896118e-02
0.000000000000000000e+00 6.872794777154922485e-02
0.000000000000000000e+00 2.775103598833084106e-02
0.000000000000000000e+00 2.420317940413951874e-02
0.000000000000000000e+00 1.946949213743209839e-02
0.000000000000000000e+00 1.340082101523876190e-02
0.000000000000000000e+00 1.143344677984714508e-02
0.000000000000000000e+00 8.820380084216594696e-03
0.000000000000000000e+00 6.797009613364934921e-03
0.000000000000000000e+00 7.224712055176496506e-03
0.000000000000000000e+00 7.841411046683788300e-03
0.000000000000000000e+00 5.260589998215436935e-03
0.000000000000000000e+00 6.323211826384067535e-03
0.000000000000000000e+00 9.017253294587135315e-03
0.000000000000000000e+00 8.628733456134796143e-03
0.000000000000000000e+00 1.314933318644762039e-02
0.000000000000000000e+00 2.326726913452148438e-02
0.000000000000000000e+00 3.341506421566009521e-02
0.000000000000000000e+00 3.981032222509384155e-02
0.000000000000000000e+00 7.904583960771560669e-02
0.000000000000000000e+00 7.478498667478561401e-02
0.000000000000000000e+00 1.040160506963729858e-01
0.000000000000000000e+00 1.895994246006011963e-01
0.000000000000000000e+00 1.478079855442047119e-01
0.000000000000000000e+00 1.921224296092987061e-01
0.000000000000000000e+00 2.142718434333801270e-01
0.000000000000000000e+00 2.285408973693847656e-01
0.000000000000000000e+00 1.750583350658416748e-01
0.000000000000000000e+00 1.670734137296676636e-01
0.000000000000000000e+00 1.851111799478530884e-01
0.000000000000000000e+00 1.716849505901336670e-01
0.000000000000000000e+00 3.067035079002380371e-01
0.000000000000000000e+00 1.525767743587493896e-01
0.000000000000000000e+00 9.150691330432891846e-02
0.000000000000000000e+00 8.155512809753417969e-02
0.000000000000000000e+00 5.015665292739868164e-02
0.000000000000000000e+00 8.724617213010787964e-02
0.000000000000000000e+00 5.119184032082557678e-02
0.000000000000000000e+00 5.805743858218193054e-02
0.000000000000000000e+00 7.283869385719299316e-02
0.000000000000000000e+00 7.405727356672286987e-02
0.000000000000000000e+00 4.850102961063385010e-02
0.000000000000000000e+00 2.813691459596157074e-02
0.000000000000000000e+00 3.654937073588371277e-02
0.000000000000000000e+00 6.951054185628890991e-02
0.000000000000000000e+00 5.297498777508735657e-02
0.000000000000000000e+00 1.857829093933105469e-01
0.000000000000000000e+00 1.760902851819992065e-01
0.000000000000000000e+00 2.097669690847396851e-01
0.000000000000000000e+00 3.302725255489349365e-01
0.000000000000000000e+00 4.762828648090362549e-01
0.000000000000000000e+00 3.975185453891754150e-01
0.000000000000000000e+00 4.367017447948455811e-01
0.000000000000000000e+00 5.039628744125366211e-01
0.000000000000000000e+00 5.068433880805969238e-01
0.000000000000000000e+00 5.188422203063964844e-01
0.000000000000000000e+00 5.203117132186889648e-01
0.000000000000000000e+00 5.641337037086486816e-01
0.000000000000000000e+00 5.734351277351379395e-01
0.000000000000000000e+00 5.637809038162231445e-01
0.000000000000000000e+00 5.812103748321533203e-01
0.000000000000000000e+00 5.757468938827514648e-01
0.000000000000000000e+00 6.041544079780578613e-01
0.000000000000000000e+00 5.734010338783264160e-01
0.000000000000000000e+00 5.977414846420288086e-01
0.000000000000000000e+00 5.826671719551086426e-01
0.000000000000000000e+00 5.797865390777587891e-01
0.000000000000000000e+00 6.014146804809570312e-01
0.000000000000000000e+00 5.734177827835083008e-01
0.000000000000000000e+00 5.628705620765686035e-01
0.000000000000000000e+00 5.240735411643981934e-01
0.000000000000000000e+00 4.672887027263641357e-01
0.000000000000000000e+00 6.009066104888916016e-02
0.000000000000000000e+00 3.525128960609436035e-02
0.000000000000000000e+00 2.512587234377861023e-02
0.000000000000000000e+00 1.145628932863473892e-02
0.000000000000000000e+00 2.479086164385080338e-03
0.000000000000000000e+00 3.160920692607760429e-03
0.000000000000000000e+00 1.062394352629780769e-03
0.000000000000000000e+00 3.565247752703726292e-04
0.000000000000000000e+00 1.860965421656146646e-04
0.000000000000000000e+00 9.348513412987813354e-05
0.000000000000000000e+00 8.394559699809178710e-05
0.000000000000000000e+00 8.547347533749416471e-05
0.000000000000000000e+00 7.654003275092691183e-05
0.000000000000000000e+00 4.111649104743264616e-05
0.000000000000000000e+00 5.012923793401569128e-05
0.000000000000000000e+00 8.474361675325781107e-05
0.000000000000000000e+00 6.766054139006882906e-05
0.000000000000000000e+00 1.188866663142107427e-04
0.000000000000000000e+00 7.898815965745598078e-05
0.000000000000000000e+00 1.698158885119482875e-04
0.000000000000000000e+00 3.705898707266896963e-04
0.000000000000000000e+00 1.171690179035067558e-03
0.000000000000000000e+00 4.619914572685956955e-03
0.000000000000000000e+00 4.055483732372522354e-03
0.000000000000000000e+00 1.747484318912029266e-02
0.000000000000000000e+00 1.277558878064155579e-02
0.000000000000000000e+00 3.023985028266906738e-02
0.000000000000000000e+00 2.829638868570327759e-02
0.000000000000000000e+00 2.307830192148685455e-02
0.000000000000000000e+00 2.092206664383411407e-02
0.000000000000000000e+00 1.470787543803453445e-02
0.000000000000000000e+00 1.750207692384719849e-02
0.000000000000000000e+00 1.881781406700611115e-02
0.000000000000000000e+00 1.013178005814552307e-02
0.000000000000000000e+00 1.184532046318054199e-02
0.000000000000000000e+00 1.184188295155763626e-02
0.000000000000000000e+00 1.138205919414758682e-02
0.000000000000000000e+00 1.182361785322427750e-02
0.000000000000000000e+00 1.091631688177585602e-02
0.000000000000000000e+00 9.113029576838016510e-03
0.000000000000000000e+00 7.406336721032857895e-03
0.000000000000000000e+00 6.725135259330272675e-03
0.000000000000000000e+00 5.945830140262842178e-03
0.000000000000000000e+00 9.069026447832584381e-03
0.000000000000000000e+00 7.136427797377109528e-03
0.000000000000000000e+00 1.032712869346141815e-02
0.000000000000000000e+00 1.072855107486248016e-02
0.000000000000000000e+00 1.354765705764293671e-02
0.000000000000000000e+00 2.102476172149181366e-02
0.000000000000000000e+00 2.545136958360671997e-02
0.000000000000000000e+00 3.936276212334632874e-02
0.000000000000000000e+00 4.015481844544410706e-02
0.000000000000000000e+00 5.513126403093338013e-02
0.000000000000000000e+00 9.826593846082687378e-02
0.000000000000000000e+00 1.075007319450378418e-01
0.000000000000000000e+00 8.035437017679214478e-02
0.000000000000000000e+00 1.076094508171081543e-01
0.000000000000000000e+00 1.246038153767585754e-01
0.000000000000000000e+00 1.674636751413345337e-01
0.000000000000000000e+00 2.183963209390640259e-01
0.000000000000000000e+00 3.238643407821655273e-01
0.000000000000000000e+00 3.406189084053039551e-01
0.000000000000000000e+00 3.473074138164520264e-01
0.000000000000000000e+00 3.269368410110473633e-01
0.000000000000000000e+00 3.546750843524932861e-01
0.000000000000000000e+00 3.913630247116088867e-01
0.000000000000000000e+00 3.902865946292877197e-01
1.000000000000000000e+00 4.026612043380737305e-01
0.000000000000000000e+00 3.554911017417907715e-01
0.000000000000000000e+00 3.362847268581390381e-01
0.000000000000000000e+00 4.054050147533416748e-01
0.000000000000000000e+00 3.964499533176422119e-01
0.000000000000000000e+00 3.490856587886810303e-01
0.000000000000000000e+00 2.477317154407501221e-01
0.000000000000000000e+00 1.937331110239028931e-01
1.000000000000000000e+00 9.642524719238281250e-01
1.000000000000000000e+00 9.578481316566467285e-01
1.000000000000000000e+00 9.583027958869934082e-01
1.000000000000000000e+00 9.303506612777709961e-01
0.000000000000000000e+00 9.242936372756958008e-01
0.000000000000000000e+00 9.003493189811706543e-01
0.000000000000000000e+00 8.626097440719604492e-01
0.000000000000000000e+00 7.803974747657775879e-01
0.000000000000000000e+00 5.665341615676879883e-01
0.000000000000000000e+00 3.300369679927825928e-01
0.000000000000000000e+00 1.549172103404998779e-01
0.000000000000000000e+00 8.273949474096298218e-02
0.000000000000000000e+00 3.960926085710525513e-02
0.000000000000000000e+00 1.094435062259435654e-02
0.000000000000000000e+00 9.050318971276283264e-03
0.000000000000000000e+00 2.124803373590111732e-03
0.000000000000000000e+00 1.084470073692500591e-03
0.000000000000000000e+00 5.150599172338843346e-04
0.000000000000000000e+00 1.855078298831358552e-04
0.000000000000000000e+00 2.303828077856451273e-04
0.000000000000000000e+00 1.866897800937294960e-04
0.000000000000000000e+00 1.045811659423634410e-04
0.000000000000000000e+00 1.422834902768954635e-04
0.000000000000000000e+00 8.272167178802192211e-05
0.000000000000000000e+00 7.648173050256446004e-05
0.000000000000000000e+00 7.070633000694215298e-05
0.000000000000000000e+00 1.091952435672283173e-04
0.000000000000000000e+00 1.395894942106679082e-04
0.000000000000000000e+00 2.592291566543281078e-04
0.000000000000000000e+00 4.351951647549867630e-04
0.000000000000000000e+00 1.072124927304685116e-03
0.000000000000000000e+00 1.564055914059281349e-03
0.000000000000000000e+00 1.954893581569194794e-03
0.000000000000000000e+00 2.940615406259894371e-03
0.000000000000000000e+00 4.254744388163089752e-03
0.000000000000000000e+00 1.184201799333095551e-02
0.000000000000000000e+00 2.460689097642898560e-02
0.000000000000000000e+00 1.574340462684631348e-02
0.000000000000000000e+00 1.825268380343914032e-02
0.000000000000000000e+00 1.874752715229988098e-02
0.000000000000000000e+00 3.620101884007453918e-02
0.000000000000000000e+00 2.543539740145206451e-02
0.000000000000000000e+00 2.274371311068534851e-02
0.000000000000000000e+00 3.010944090783596039e-02
0.000000000000000000e+00 2.830165252089500427e-02
0.000000000000000000e+00 2.578586898744106293e-02
0.000000000000000000e+00 3.435369953513145447e-02
0.000000000000000000e+00 3.436433896422386169e-02
0.000000000000000000e+00 6.949947029352188110e-02
0.000000000000000000e+00 5.133932828903198242e-02
0.000000000000000000e+00 5.733072757720947266e-02
0.000000000000000000e+00 8.067177236080169678e-02
0.000000000000000000e+00 1.124728694558143616e-01
0.000000000000000000e+00 1.286988705396652222e-01
0.000000000000000000e+00 2.376724481582641602e-01
0.000000000000000000e+00 1.804720312356948853e-01
0.000000000000000000e+00 2.119437009096145630e-01
0.000000000000000000e+00 2.809059023857116699e-01
0.000000000000000000e+00 3.298660516738891602e-01
0.000000000000000000e+00 3.642646372318267822e-01
0.000000000000000000e+00 3.565426766872406006e-01
0.000000000000000000e+00 4.664255380630493164e-01
0.000000000000000000e+00 4.678440093994140625e-01
0.000000000000000000e+00 5.747735500335693359e-01
0.000000000000000000e+00 5.896728634834289551e-01
0.000000000000000000e+00 5.395801067352294922e-01
0.000000000000000000e+00 5.861752033233642578e-01
0.000000000000000000e+00 4.833585321903228760e-01
0.000000000000000000e+00 4.751208424568176270e-01
0.000000000000000000e+00 4.756770133972167969e-01
0.000000000000000000e+00 4.029964804649353027e-01
0.000000000000000000e+00 3.390829861164093018e-01
0.000000000000000000e+00 2.842640876770019531e-01
0.000000000000000000e+00 1.857389211654663086e-01
0.000000000000000000e+00 2.166121006011962891e-01
0.000000000000000000e+00 2.242805659770965576e-01
0.000000000000000000e+00 1.162869706749916077e-01
0.000000000000000000e+00 6.186537444591522217e-02
0.000000000000000000e+00 5.458293855190277100e-02
0.000000000000000000e+00 3.852425888180732727e-02
0.000000000000000000e+00 5.832613259553909302e-02
0.000000000000000000e+00 3.660120815038681030e-02
0.000000000000000000e+00 1.964939199388027191e-02
0.000000000000000000e+00 2.229336649179458618e-02
0.000000000000000000e+00 1.541681308299303055e-02
0.000000000000000000e+00 1.973414421081542969e-02
0.000000000000000000e+00 1.819378882646560669e-02
0.000000000000000000e+00 1.799474284052848816e-02
0.000000000000000000e+00 1.507762074470520020e-02
0.000000000000000000e+00 1.142090186476707458e-02
0.000000000000000000e+00 1.780037768185138702e-02
0.000000000000000000e+00 1.638271845877170563e-02
0.000000000000000000e+00 1.185842696577310562e-02
0.000000000000000000e+00 1.847243867814540863e-02
0.000000000000000000e+00 2.063900046050548553e-02
0.000000000000000000e+00 2.138634584844112396e-02
0.000000000000000000e+00 3.649530932307243347e-02
0.000000000000000000e+00 5.943443253636360168e-02
0.000000000000000000e+00 7.005915045738220215e-02
0.000000000000000000e+00 6.886252760887145996e-02
0.000000000000000000e+00 7.051713764667510986e-02
0.000000000000000000e+00 7.419331371784210205e-02
0.000000000000000000e+00 8.228342980146408081e-02
0.000000000000000000e+00 8.540413528680801392e-02
0.000000000000000000e+00 9.530108422040939331e-02
0.000000000000000000e+00 9.763378649950027466e-02
0.000000000000000000e+00 1.095803752541542053e-01
0.000000000000000000e+00 9.712407737970352173e-02
0.000000000000000000e+00 1.125182211399078369e-01
0.000000000000000000e+00 8.906851708889007568e-02
0.000000000000000000e+00 8.303748816251754761e-02
0.000000000000000000e+00 5.515779927372932434e-02
0.000000000000000000e+00 8.894397318363189697e-02
0.000000000000000000e+00 7.207386195659637451e-02
0.000000000000000000e+00 6.941226869821548462e-02
0.000000000000000000e+00 4.890528693795204163e-02
0.000000000000000000e+00 3.359292820096015930e-02
0.000000000000000000e+00 5.186888575553894043e-02
0.000000000000000000e+00 4.862342774868011475e-02
0.000000000000000000e+00 5.617310851812362671e-02
0.000000000000000000e+00 2.616976574063301086e-02
0.000000000000000000e+00 3.308393433690071106e-02
0.000000000000000000e+00 2.298065647482872009e-02
0.000000000000000000e+00 1.457837875932455063e-02
0.000000000000000000e+00 1.792007125914096832e-02
0.000000000000000000e+00 2.330051176249980927e-02
0.000000000000000000e+00 4.248130694031715393e-02
0.000000000000000000e+00 4.328073933720588684e-02
0.000000000000000000e+00 9.022437781095504761e-02
0.000000000000000000e+00 1.183124706149101257e-01
0.000000000000000000e+00 8.284178376197814941e-02
0.000000000000000000e+00 1.025415733456611633e-01
0.000000000000000000e+00 8.511289209127426147e-02
0.000000000000000000e+00 1.105755940079689026e-01
0.000000000000000000e+00 1.064049378037452698e-01
1.000000000000000000e+00 8.173269033432006836e-02
1.000000000000000000e+00 1.789757013320922852e-01
0.000000000000000000e+00 1.861727088689804077e-01
0.000000000000000000e+00 1.713730245828628540e-01
0.000000000000000000e+00 1.680088490247726440e-01
0.000000000000000000e+00 2.974160015583038330e-01
0.000000000000000000e+00 4.194670319557189941e-01
0.000000000000000000e+00 5.406189560890197754e-01
0.000000000000000000e+00 5.528995394706726074e-01
0.000000000000000000e+00 5.930988192558288574e-01
0.000000000000000000e+00 5.421825051307678223e-01
0.000000000000000000e+00 5.336498618125915527e-01
0.000000000000000000e+00 4.654513895511627197e-01
0.000000000000000000e+00 4.248836934566497803e-01
0.000000000000000000e+00 4.759683609008789062e-01
