1.000000000000000000e+00 8.452782630920410156e-01
1.000000000000000000e+00 8.412405252456665039e-01
1.000000000000000000e+00 8.429712057113647461e-01
1.000000000000000000e+00 8.423131108283996582e-01
0.000000000000000000e+00 8.376935720443725586e-01
0.000000000000000000e+00 8.399322032928466797e-01
0.000000000000000000e+00 8.368366360664367676e-01
0.000000000000000000e+00 8.363006114959716797e-01
0.000000000000000000e+00 8.379315137863159180e-01
1.000000000000000000e+00 8.385096192359924316e-01
1.000000000000000000e+00 8.382251858711242676e-01
1.000000000000000000e+00 8.385254740715026855e-01
1.000000000000000000e+00 8.380136489868164062e-01
0.000000000000000000e+00 8.401888608932495117e-01
0.000000000000000000e+00 8.367295861244201660e-01
0.000000000000000000e+00 8.393658399581909180e-01
0.000000000000000000e+00 8.379393815994262695e-01
0.000000000000000000e+00 8.365647792816162109e-01
0.000000000000000000e+00 8.358229398727416992e-01
0.000000000000000000e+00 8.378471136093139648e-01
0.000000000000000000e+00 8.388865590095520020e-01
0.000000000000000000e+00 8.354627490043640137e-01
0.000000000000000000e+00 8.350186944007873535e-01
1.000000000000000000e+00 8.300772309303283691e-01
1.000000000000000000e+00 8.313213586807250977e-01
1.000000000000000000e+00 8.302958607673645020e-01
1.000000000000000000e+00 8.254535198211669922e-01
1.000000000000000000e+00 8.216016888618469238e-01
1.000000000000000000e+00 8.181365132331848145e-01
1.000000000000000000e+00 8.161757588386535645e-01
1.000000000000000000e+00 8.062878847122192383e-01
1.000000000000000000e+00 8.053123950958251953e-01
1.000000000000000000e+00 7.936455607414245605e-01
0.000000000000000000e+00 7.828133702278137207e-01
0.000000000000000000e+00 7.723052501678466797e-01
0.000000000000000000e+00 7.634484171867370605e-01
0.000000000000000000e+00 7.493335604667663574e-01
0.000000000000000000e+00 7.398774623870849609e-01
0.000000000000000000e+00 7.222416400909423828e-01
0.000000000000000000e+00 7.129803299903869629e-01
0.000000000000000000e+00 6.981917619705200195e-01
0.000000000000000000e+00 6.613652706146240234e-01
0.000000000000000000e+00 6.349536776542663574e-01
0.000000000000000000e+00 6.058549284934997559e-01
0.000000000000000000e+00 5.883053541183471680e-01
0.000000000000000000e+00 1.911803521215915680e-02
0.000000000000000000e+00 7.074964698404073715e-03
0.000000000000000000e+00 3.977918531745672226e-03
0.000000000000000000e+00 1.989720854908227921e-03
0.000000000000000000e+00 1.109713921323418617e-03
0.000000000000000000e+00 6.976207369007170200e-04
0.000000000000000000e+00 4.890763084404170513e-04
0.000000000000000000e+00 5.138737033121287823e-04
0.000000000000000000e+00 4.041872161906212568e-04
0.000000000000000000e+00 3.647160774562507868e-04
0.000000000000000000e+00 3.987124073319137096e-04
0.000000000000000000e+00 3.256773052271455526e-04
0.000000000000000000e+00 3.044689947273582220e-04
0.000000000000000000e+00 3.171197604387998581e-04
0.000000000000000000e+00 3.413009108044207096e-04
0.000000000000000000e+00 3.426328185014426708e-04
0.000000000000000000e+00 3.050919913221150637e-04
0.000000000000000000e+00 2.973520313389599323e-04
0.000000000000000000e+00 2.911942719947546721e-04
0.000000000000000000e+00 3.496542049106210470e-04
0.000000000000000000e+00 3.358349786140024662e-04
0.000000000000000000e+00 3.822640283033251762e-04
0.000000000000000000e+00 2.956491662189364433e-04
0.000000000000000000e+00 3.277998475823551416e-04
0.000000000000000000e+00 3.447376366239041090e-04
0.000000000000000000e+00 2.685796061996370554e-04
0.000000000000000000e+00 3.190471907146275043e-04
0.000000000000000000e+00 3.281412937212735415e-04
0.000000000000000000e+00 3.190304851159453392e-04
0.000000000000000000e+00 3.264059196226298809e-04
0.000000000000000000e+00 3.598271869122982025e-04
0.000000000000000000e+00 2.669531677383929491e-04
0.000000000000000000e+00 3.545306390151381493e-04
0.000000000000000000e+00 3.053323307540267706e-04
0.000000000000000000e+00 3.181563224643468857e-04
0.000000000000000000e+00 3.129002870991826057e-04
0.000000000000000000e+00 3.542905615177005529e-04
0.000000000000000000e+00 3.078264126088470221e-04
0.000000000000000000e+00 3.170478157699108124e-04
0.000000000000000000e+00 3.658037167042493820e-04
0.000000000000000000e+00 3.303860430605709553e-04
0.000000000000000000e+00 3.276733041275292635e-04
0.000000000000000000e+00 4.135501803830265999e-04
0.000000000000000000e+00 4.152340115979313850e-04
0.000000000000000000e+00 3.794527438003569841e-04
0.000000000000000000e+00 1.575463823974132538e-02
0.000000000000000000e+00 1.422101538628339767e-02
0.000000000000000000e+00 1.270901784300804138e-02
0.000000000000000000e+00 9.876385331153869629e-03
0.000000000000000000e+00 9.537545964121818542e-03
0.000000000000000000e+00 7.240721955895423889e-03
0.000000000000000000e+00 4.328558221459388733e-03
0.000000000000000000e+00 3.703689901158213615e-03
0.000000000000000000e+00 3.081923117861151695e-03
0.000000000000000000e+00 2.617164282128214836e-03
0.000000000000000000e+00 2.678875112906098366e-03
0.000000000000000000e+00 2.642457140609622002e-03
0.000000000000000000e+00 3.000506199896335602e-03
0.000000000000000000e+00 2.565015340223908424e-03
0.000000000000000000e+00 2.706329571083188057e-03
0.000000000000000000e+00 2.721492433920502663e-03
0.000000000000000000e+00 2.951808506622910500e-03
0.000000000000000000e+00 3.098964691162109375e-03
0.000000000000000000e+00 3.698863321915268898e-03
0.000000000000000000e+00 3.858305746689438820e-03
0.000000000000000000e+00 3.755085635930299759e-03
0.000000000000000000e+00 4.547972232103347778e-03
0.000000000000000000e+00 4.627376329153776169e-03
0.000000000000000000e+00 6.051742937415838242e-03
0.000000000000000000e+00 6.030621007084846497e-03
0.000000000000000000e+00 6.207969505339860916e-03
0.000000000000000000e+00 6.936069577932357788e-03
0.000000000000000000e+00 8.039661683142185211e-03
0.000000000000000000e+00 9.709989652037620544e-03
0.000000000000000000e+00 1.027452107518911362e-02
0.000000000000000000e+00 1.030763424932956696e-02
0.000000000000000000e+00 9.139928966760635376e-03
0.000000000000000000e+00 1.006950344890356064e-02
0.000000000000000000e+00 1.155940257012844086e-02
0.000000000000000000e+00 1.164808031171560287e-02
0.000000000000000000e+00 1.053095888346433640e-02
0.000000000000000000e+00 1.314578112214803696e-02
0.000000000000000000e+00 1.349087525159120560e-02
0.000000000000000000e+00 1.580847613513469696e-02
0.000000000000000000e+00 1.763551495969295502e-02
0.000000000000000000e+00 1.629723235964775085e-02
0.000000000000000000e+00 2.209439687430858612e-02
0.000000000000000000e+00 2.211990393698215485e-02
0.000000000000000000e+00 1.942378841340541840e-02
0.000000000000000000e+00 2.254409529268741608e-02
0.000000000000000000e+00 5.494266152381896973e-01
0.000000000000000000e+00 4.855743050575256348e-01
0.000000000000000000e+00 3.780201375484466553e-01
0.000000000000000000e+00 2.935916185379028320e-01
0.000000000000000000e+00 2.218605577945709229e-01
0.000000000000000000e+00 1.761962771415710449e-01
0.000000000000000000e+00 1.469615548849105835e-01
0.000000000000000000e+00 1.096054464578628540e-01
0.000000000000000000e+00 9.006772190332412720e-02
0.000000000000000000e+00 6.477151066064834595e-02
0.000000000000000000e+00 5.757277086377143860e-02
0.000000000000000000e+00 4.230705648660659790e-02
0.000000000000000000e+00 2.997397631406784058e-02
0.000000000000000000e+00 1.792023144662380219e-02
0.000000000000000000e+00 1.030675414949655533e-02
0.000000000000000000e+00 5.204247776418924332e-03
0.000000000000000000e+00 2.404658589512109756e-03
0.000000000000000000e+00 1.104196766391396523e-03
0.000000000000000000e+00 7.331234519369900227e-04
0.000000000000000000e+00 5.214413977228105068e-04
0.000000000000000000e+00 3.181851643603295088e-04
0.000000000000000000e+00 2.608871727716177702e-04
0.000000000000000000e+00 1.986799034057185054e-04
0.000000000000000000e+00 1.894926972454413772e-04
0.000000000000000000e+00 1.531570451334118843e-04
0.000000000000000000e+00 1.410653640050441027e-04
0.000000000000000000e+00 1.161714244517497718e-04
0.000000000000000000e+00 1.258599368156865239e-04
0.000000000000000000e+00 1.473357697250321507e-04
0.000000000000000000e+00 1.055849061231128871e-04
0.000000000000000000e+00 1.356500724796205759e-04
0.000000000000000000e+00 9.202204819303005934e-05
0.000000000000000000e+00 1.246638275915756822e-04
0.000000000000000000e+00 1.206082379212602973e-04
0.000000000000000000e+00 1.371726975776255131e-04
0.000000000000000000e+00 1.103440081351436675e-04
0.000000000000000000e+00 1.142393157351762056e-04
0.000000000000000000e+00 1.466391986468806863e-04
0.000000000000000000e+00 1.176276491605676711e-04
0.000000000000000000e+00 1.211467460962012410e-04
0.000000000000000000e+00 1.470032002544030547e-04
0.000000000000000000e+00 1.776595745468512177e-04
0.000000000000000000e+00 1.859611948020756245e-04
0.000000000000000000e+00 2.050753391813486814e-04
0.000000000000000000e+00 1.695334067335352302e-04
0.000000000000000000e+00 1.386884506791830063e-02
0.000000000000000000e+00 8.327296003699302673e-03
0.000000000000000000e+00 5.831028334796428680e-03
0.000000000000000000e+00 3.769128816202282906e-03
0.000000000000000000e+00 2.868906827643513680e-03
0.000000000000000000e+00 1.966072944924235344e-03
0.000000000000000000e+00 1.754051656462252140e-03
0.000000000000000000e+00 1.752358279190957546e-03
0.000000000000000000e+00 1.354819629341363907e-03
0.000000000000000000e+00 1.352582126855850220e-03
0.000000000000000000e+00 1.176302088424563408e-03
0.000000000000000000e+00 1.318613998591899872e-03
0.000000000000000000e+00 1.277271774597465992e-03
0.000000000000000000e+00 1.419840380549430847e-03
0.000000000000000000e+00 1.080680172890424728e-03
0.000000000000000000e+00 1.374892191961407661e-03
0.000000000000000000e+00 1.373763894662261009e-03
0.000000000000000000e+00 1.323011121712625027e-03
0.000000000000000000e+00 1.472212024964392185e-03
0.000000000000000000e+00 1.726667745970189571e-03
0.000000000000000000e+00 1.646025339141488075e-03
0.000000000000000000e+00 1.755533390678465366e-03
0.000000000000000000e+00 1.795803778804838657e-03
0.000000000000000000e+00 1.826979336328804493e-03
0.000000000000000000e+00 1.807908643968403339e-03
0.000000000000000000e+00 1.930640195496380329e-03
0.000000000000000000e+00 2.118004951626062393e-03
0.000000000000000000e+00 2.274121623486280441e-03
0.000000000000000000e+00 2.061554230749607086e-03
0.000000000000000000e+00 1.991011900827288628e-03
0.000000000000000000e+00 1.777398050762712955e-03
0.000000000000000000e+00 2.066888846457004547e-03
0.000000000000000000e+00 1.938622910529375076e-03
0.000000000000000000e+00 2.055335324257612228e-03
0.000000000000000000e+00 2.124554710462689400e-03
0.000000000000000000e+00 2.224881201982498169e-03
0.000000000000000000e+00 2.074308227747678757e-03
0.000000000000000000e+00 2.227901015430688858e-03
0.000000000000000000e+00 2.119556535035371780e-03
0.000000000000000000e+00 2.030557021498680115e-03
0.000000000000000000e+00 2.213162137195467949e-03
0.000000000000000000e+00 1.983690774068236351e-03
0.000000000000000000e+00 1.993325306102633476e-03
0.000000000000000000e+00 1.966068055480718613e-03
0.000000000000000000e+00 2.086011925712227821e-03
0.000000000000000000e+00 6.532619148492813110e-02
0.000000000000000000e+00 4.709538072347640991e-02
0.000000000000000000e+00 3.598554804921150208e-02
0.000000000000000000e+00 2.921340987086296082e-02
0.000000000000000000e+00 1.907657273113727570e-02
0.000000000000000000e+00 1.373009197413921356e-02
0.000000000000000000e+00 1.052641402930021286e-02
0.000000000000000000e+00 1.047704741358757019e-02
0.000000000000000000e+00 9.238781407475471497e-03
0.000000000000000000e+00 8.759797550737857819e-03
0.000000000000000000e+00 8.102926425635814667e-03
0.000000000000000000e+00 6.956212222576141357e-03
0.000000000000000000e+00 7.047306280583143234e-03
0.000000000000000000e+00 6.535365711897611618e-03
0.000000000000000000e+00 6.834142375737428665e-03
0.000000000000000000e+00 7.080677896738052368e-03
0.000000000000000000e+00 7.680208887904882431e-03
0.000000000000000000e+00 8.872806094586849213e-03
0.000000000000000000e+00 8.985590189695358276e-03
0.000000000000000000e+00 8.845319040119647980e-03
0.000000000000000000e+00 1.042625121772289276e-02
0.000000000000000000e+00 9.847437962889671326e-03
0.000000000000000000e+00 1.052133366465568542e-02
0.000000000000000000e+00 1.159957516938447952e-02
0.000000000000000000e+00 1.346667297184467316e-02
0.000000000000000000e+00 1.208995375782251358e-02
0.000000000000000000e+00 1.498337835073471069e-02
0.000000000000000000e+00 1.629834249615669250e-02
0.000000000000000000e+00 1.861448772251605988e-02
0.000000000000000000e+00 2.127673104405403137e-02
0.000000000000000000e+00 2.135288342833518982e-02
0.000000000000000000e+00 2.346394769847393036e-02
0.000000000000000000e+00 2.165661007165908813e-02
0.000000000000000000e+00 2.552913501858711243e-02
0.000000000000000000e+00 2.814553305506706238e-02
0.000000000000000000e+00 2.553973533213138580e-02
0.000000000000000000e+00 2.792729809880256653e-02
0.000000000000000000e+00 2.872296236455440521e-02
0.000000000000000000e+00 2.680159360170364380e-02
0.000000000000000000e+00 2.707932516932487488e-02
0.000000000000000000e+00 2.522021904587745667e-02
0.000000000000000000e+00 2.652518823742866516e-02
0.000000000000000000e+00 2.989341877400875092e-02
0.000000000000000000e+00 2.670333720743656158e-02
0.000000000000000000e+00 2.911079674959182739e-02
0.000000000000000000e+00 9.208841323852539062e-01
0.000000000000000000e+00 9.183024168014526367e-01
0.000000000000000000e+00 9.186257123947143555e-01
0.000000000000000000e+00 9.157093167304992676e-01
0.000000000000000000e+00 9.143670201301574707e-01
0.000000000000000000e+00 9.121380448341369629e-01
0.000000000000000000e+00 9.124795794486999512e-01
0.000000000000000000e+00 9.107620120048522949e-01
0.000000000000000000e+00 9.088355898857116699e-01
0.000000000000000000e+00 9.090487957000732422e-01
0.000000000000000000e+00 9.093291759490966797e-01
0.000000000000000000e+00 9.129769206047058105e-01
0.000000000000000000e+00 9.079149961471557617e-01
0.000000000000000000e+00 9.069635868072509766e-01
0.000000000000000000e+00 9.112206697463989258e-01
0.000000000000000000e+00 9.088277220726013184e-01
0.000000000000000000e+00 9.105594158172607422e-01
0.000000000000000000e+00 9.136807322502136230e-01
0.000000000000000000e+00 9.158629179000854492e-01
0.000000000000000000e+00 9.128304719924926758e-01
0.000000000000000000e+00 9.160102009773254395e-01
0.000000000000000000e+00 9.180580973625183105e-01
0.000000000000000000e+00 9.151982069015502930e-01
0.000000000000000000e+00 9.159516096115112305e-01
0.000000000000000000e+00 9.116665124893188477e-01
0.000000000000000000e+00 9.102563261985778809e-01
0.000000000000000000e+00 9.111893773078918457e-01
0.000000000000000000e+00 9.136742949485778809e-01
1.000000000000000000e+00 9.108038544654846191e-01
1.000000000000000000e+00 9.137285947799682617e-01
1.000000000000000000e+00 9.129256606101989746e-01
1.000000000000000000e+00 9.110171794891357422e-01
0.000000000000000000e+00 9.112321138381958008e-01
0.000000000000000000e+00 9.092288613319396973e-01
0.000000000000000000e+00 9.106627106666564941e-01
0.000000000000000000e+00 9.073864221572875977e-01
0.000000000000000000e+00 9.025950431823730469e-01
0.000000000000000000e+00 9.058694243431091309e-01
0.000000000000000000e+00 9.035660624504089355e-01
0.000000000000000000e+00 9.051013588905334473e-01
0.000000000000000000e+00 9.011336565017700195e-01
0.000000000000000000e+00 9.008730053901672363e-01
0.000000000000000000e+00 8.892835378646850586e-01
0.000000000000000000e+00 8.913980126380920410e-01
0.000000000000000000e+00 8.876858949661254883e-01
1.000000000000000000e+00 8.739632964134216309e-01
1.000000000000000000e+00 8.536269068717956543e-01
1.000000000000000000e+00 8.321241736412048340e-01
1.000000000000000000e+00 8.345928788185119629e-01
1.000000000000000000e+00 8.300150632858276367e-01
0.000000000000000000e+00 7.952926158905029297e-01
0.000000000000000000e+00 7.552543878555297852e-01
0.000000000000000000e+00 7.115192413330078125e-01
0.000000000000000000e+00 6.264756917953491211e-01
0.000000000000000000e+00 6.357271671295166016e-01
0.000000000000000000e+00 5.799052715301513672e-01
0.000000000000000000e+00 4.888229668140411377e-01
0.000000000000000000e+00 4.753156304359436035e-01
0.000000000000000000e+00 4.249644279479980469e-01
0.000000000000000000e+00 3.655173182487487793e-01
0.000000000000000000e+00 3.114251792430877686e-01
1.000000000000000000e+00 2.422273457050323486e-01
1.000000000000000000e+00 2.285465002059936523e-01
0.000000000000000000e+00 2.155083864927291870e-01
0.000000000000000000e+00 1.151961311697959900e-01
0.000000000000000000e+00 1.277327239513397217e-01
0.000000000000000000e+00 8.663037419319152832e-02
0.000000000000000000e+00 8.135975897312164307e-02
0.000000000000000000e+00 6.491725891828536987e-02
0.000000000000000000e+00 4.875661432743072510e-02
1.000000000000000000e+00 4.608586430549621582e-02
1.000000000000000000e+00 3.524940088391304016e-02
1.000000000000000000e+00 3.436413407325744629e-02
1.000000000000000000e+00 2.679696120321750641e-02
0.000000000000000000e+00 2.244913019239902496e-02
0.000000000000000000e+00 1.897386461496353149e-02
0.000000000000000000e+00 1.437459234148263931e-02
0.000000000000000000e+00 1.398253440856933594e-02
0.000000000000000000e+00 1.304867118597030640e-02
0.000000000000000000e+00 9.869062341749668121e-03
0.000000000000000000e+00 1.026358734816312790e-02
0.000000000000000000e+00 9.497934021055698395e-03
0.000000000000000000e+00 6.509377155452966690e-03
0.000000000000000000e+00 5.919533781707286835e-03
0.000000000000000000e+00 6.386444438248872757e-03
0.000000000000000000e+00 6.476274691522121429e-03
0.000000000000000000e+00 5.725667811930179596e-03
0.000000000000000000e+00 5.434051621705293655e-03
0.000000000000000000e+00 5.627494305372238159e-03
0.000000000000000000e+00 4.720434546470642090e-03
