0.000000000000000000e+00 2.515722811222076416e-01
0.000000000000000000e+00 2.716925442218780518e-01
0.000000000000000000e+00 2.801629304885864258e-01
0.000000000000000000e+00 2.793070077896118164e-01
0.000000000000000000e+00 2.843029201030731201e-01
0.000000000000000000e+00 2.816134095191955566e-01
0.000000000000000000e+00 2.844601571559906006e-01
0.000000000000000000e+00 2.833807170391082764e-01
0.000000000000000000e+00 2.811518609523773193e-01
0.000000000000000000e+00 2.823311090469360352e-01
0.000000000000000000e+00 2.839759588241577148e-01
0.000000000000000000e+00 2.861711680889129639e-01
0.000000000000000000e+00 2.896120846271514893e-01
0.000000000000000000e+00 2.891989946365356445e-01
0.000000000000000000e+00 2.903230190277099609e-01
0.000000000000000000e+00 2.946355938911437988e-01
0.000000000000000000e+00 2.921923995018005371e-01
0.000000000000000000e+00 2.922508716583251953e-01
0.000000000000000000e+00 2.928078770637512207e-01
0.000000000000000000e+00 2.915856242179870605e-01
0.000000000000000000e+00 2.924447655677795410e-01
0.000000000000000000e+00 2.931038141250610352e-01
0.000000000000000000e+00 2.951747179031372070e-01
0.000000000000000000e+00 2.983618676662445068e-01
0.000000000000000000e+00 3.015047609806060791e-01
1.000000000000000000e+00 2.958733439445495605e-01
1.000000000000000000e+00 3.020725846290588379e-01
1.000000000000000000e+00 3.022770583629608154e-01
1.000000000000000000e+00 3.019672036170959473e-01
1.000000000000000000e+00 3.049119412899017334e-01
1.000000000000000000e+00 3.007669746875762939e-01
0.000000000000000000e+00 2.886496186256408691e-01
0.000000000000000000e+00 2.862900495529174805e-01
0.000000000000000000e+00 2.743113636970520020e-01
0.000000000000000000e+00 2.605099678039550781e-01
0.000000000000000000e+00 2.472753375768661499e-01
0.000000000000000000e+00 2.182452976703643799e-01
0.000000000000000000e+00 2.031646817922592163e-01
0.000000000000000000e+00 1.795737147331237793e-01
0.000000000000000000e+00 1.529048532247543335e-01
0.000000000000000000e+00 1.344912946224212646e-01
0.000000000000000000e+00 1.195152997970581055e-01
0.000000000000000000e+00 9.943609684705734253e-02
0.000000000000000000e+00 9.100085496902465820e-02
0.000000000000000000e+00 7.663504779338836670e-02
0.000000000000000000e+00 2.038685197476297617e-04
0.000000000000000000e+00 2.222230396000668406e-04
0.000000000000000000e+00 2.120828139595687389e-04
0.000000000000000000e+00 2.131001674570143223e-04
0.000000000000000000e+00 1.911648287205025554e-04
0.000000000000000000e+00 1.795870339265093207e-04
0.000000000000000000e+00 1.779269223334267735e-04
0.000000000000000000e+00 1.548844156786799431e-04
0.000000000000000000e+00 1.691771758487448096e-04
0.000000000000000000e+00 1.724845351418480277e-04
0.000000000000000000e+00 1.498414058005437255e-04
0.000000000000000000e+00 1.526693231426179409e-04
0.000000000000000000e+00 1.309524814132601023e-04
0.000000000000000000e+00 1.511719019617885351e-04
0.000000000000000000e+00 1.670436613494530320e-04
0.000000000000000000e+00 1.555437629576772451e-04
0.000000000000000000e+00 1.596148649696260691e-04
0.000000000000000000e+00 1.686767209321260452e-04
0.000000000000000000e+00 1.429852854926139116e-04
0.000000000000000000e+00 1.595780340721830726e-04
0.000000000000000000e+00 1.609883765922859311e-04
0.000000000000000000e+00 1.418681204086169600e-04
0.000000000000000000e+00 1.599168026586994529e-04
0.000000000000000000e+00 1.645098382141441107e-04
0.000000000000000000e+00 1.432412827853113413e-04
0.000000000000000000e+00 1.652783685130998492e-04
0.000000000000000000e+00 1.510870206402614713e-04
0.000000000000000000e+00 1.728015922708436847e-04
0.000000000000000000e+00 1.494816388003528118e-04
0.000000000000000000e+00 1.606953010195866227e-04
0.000000000000000000e+00 1.487625704612582922e-04
0.000000000000000000e+00 1.650470367167145014e-04
0.000000000000000000e+00 1.751149538904428482e-04
0.000000000000000000e+00 1.587401638971641660e-04
0.000000000000000000e+00 1.579383097123354673e-04
0.000000000000000000e+00 1.715473335934802890e-04
0.000000000000000000e+00 1.962939713848754764e-04
0.000000000000000000e+00 1.726108894217759371e-04
0.000000000000000000e+00 1.750289811752736568e-04
0.000000000000000000e+00 2.056049270322546363e-04
0.000000000000000000e+00 2.184735640184953809e-04
0.000000000000000000e+00 2.412116446066647768e-04
0.000000000000000000e+00 2.458642993588000536e-04
0.000000000000000000e+00 2.216254797531291842e-04
0.000000000000000000e+00 2.185733756050467491e-04
0.000000000000000000e+00 3.227474735467694700e-05
0.000000000000000000e+00 2.928594403783790767e-05
0.000000000000000000e+00 3.283930345787666738e-05
0.000000000000000000e+00 3.299481613794341683e-05
0.000000000000000000e+00 4.683396764448843896e-05
0.000000000000000000e+00 3.966441363445483148e-05
0.000000000000000000e+00 4.073647141922265291e-05
0.000000000000000000e+00 4.406501102494075894e-05
0.000000000000000000e+00 4.160102253081277013e-05
0.000000000000000000e+00 4.612774864654056728e-05
0.000000000000000000e+00 5.034121932112611830e-05
0.000000000000000000e+00 6.666653644060716033e-05
0.000000000000000000e+00 5.946243618382140994e-05
0.000000000000000000e+00 6.960742030059918761e-05
0.000000000000000000e+00 6.811630009906366467e-05
0.000000000000000000e+00 7.028288382571190596e-05
0.000000000000000000e+00 8.481678378302603960e-05
0.000000000000000000e+00 1.148825249401852489e-04
0.000000000000000000e+00 1.148533920058980584e-04
0.000000000000000000e+00 1.167687078122980893e-04
0.000000000000000000e+00 1.172857155324891210e-04
0.000000000000000000e+00 1.186959198093973100e-04
0.000000000000000000e+00 1.548736472614109516e-04
0.000000000000000000e+00 1.241841528099030256e-04
0.000000000000000000e+00 1.298120478168129921e-04
0.000000000000000000e+00 1.695591054158285260e-04
0.000000000000000000e+00 1.364514173474162817e-04
0.000000000000000000e+00 1.411448902217671275e-04
0.000000000000000000e+00 1.614123029867187142e-04
0.000000000000000000e+00 1.819671015255153179e-04
0.000000000000000000e+00 1.663194125285372138e-04
0.000000000000000000e+00 1.690763892838731408e-04
0.000000000000000000e+00 2.025666472036391497e-04
0.000000000000000000e+00 1.752923708409070969e-04
0.000000000000000000e+00 1.802023180061951280e-04
0.000000000000000000e+00 2.182718308176845312e-04
0.000000000000000000e+00 2.191714738728478551e-04
0.000000000000000000e+00 2.006175782298669219e-04
0.000000000000000000e+00 2.369795693084597588e-04
0.000000000000000000e+00 2.705890510696917772e-04
0.000000000000000000e+00 3.003528108820319176e-04
0.000000000000000000e+00 2.581771987024694681e-04
0.000000000000000000e+00 2.572815283201634884e-04
0.000000000000000000e+00 2.040657273028045893e-04
0.000000000000000000e+00 2.281150664202868938e-04
0.000000000000000000e+00 6.100386381149291992e-03
0.000000000000000000e+00 3.516230033710598946e-03
0.000000000000000000e+00 2.869028132408857346e-03
0.000000000000000000e+00 2.102447440847754478e-03
0.000000000000000000e+00 1.584312529303133488e-03
0.000000000000000000e+00 1.414425903931260109e-03
0.000000000000000000e+00 9.711383609101176262e-04
0.000000000000000000e+00 7.242933497764170170e-04
0.000000000000000000e+00 5.857682554051280022e-04
0.000000000000000000e+00 3.854026435874402523e-04
0.000000000000000000e+00 3.933722910005599260e-04
0.000000000000000000e+00 2.685335348360240459e-04
0.000000000000000000e+00 2.162784803658723831e-04
0.000000000000000000e+00 2.221372269559651613e-04
0.000000000000000000e+00 1.943146635312587023e-04
0.000000000000000000e+00 1.791864488041028380e-04
0.000000000000000000e+00 1.351487444480881095e-04
0.000000000000000000e+00 1.065866963472217321e-04
0.000000000000000000e+00 1.118527943617664278e-04
0.000000000000000000e+00 1.112252721213735640e-04
0.000000000000000000e+00 9.739167580846697092e-05
0.000000000000000000e+00 1.032603322528302670e-04
0.000000000000000000e+00 9.652038716012611985e-05
0.000000000000000000e+00 1.087810887838713825e-04
0.000000000000000000e+00 9.868637425824999809e-05
0.000000000000000000e+00 7.858028402552008629e-05
0.000000000000000000e+00 8.818224887363612652e-05
0.000000000000000000e+00 1.163773122243583202e-04
0.000000000000000000e+00 9.138204040937125683e-05
0.000000000000000000e+00 9.248645801562815905e-05
0.000000000000000000e+00 9.707235585665330291e-05
0.000000000000000000e+00 1.177449303213506937e-04
0.000000000000000000e+00 9.878372657112777233e-05
0.000000000000000000e+00 1.171261174022220075e-04
0.000000000000000000e+00 1.394970022374764085e-04
0.000000000000000000e+00 1.233615184901282191e-04
0.000000000000000000e+00 1.508526765974238515e-04
0.000000000000000000e+00 1.826863153837621212e-04
0.000000000000000000e+00 1.629242760827764869e-04
0.000000000000000000e+00 1.855154259828850627e-04
0.000000000000000000e+00 2.241484180558472872e-04
0.000000000000000000e+00 2.127201441908255219e-04
0.000000000000000000e+00 2.207660727435722947e-04
0.000000000000000000e+00 2.107758919009938836e-04
0.000000000000000000e+00 2.496977394912391901e-04
0.000000000000000000e+00 1.012070206343196332e-04
0.000000000000000000e+00 9.837940888246521354e-05
0.000000000000000000e+00 1.023439544951543212e-04
0.000000000000000000e+00 1.041255163727328181e-04
0.000000000000000000e+00 9.871018119156360626e-05
0.000000000000000000e+00 1.325266057392582297e-04
0.000000000000000000e+00 1.234478841070085764e-04
0.000000000000000000e+00 1.091306985472328961e-04
0.000000000000000000e+00 1.034378219628706574e-04
0.000000000000000000e+00 1.111250894609838724e-04
0.000000000000000000e+00 1.087608543457463384e-04
0.000000000000000000e+00 1.064929310814477503e-04
0.000000000000000000e+00 1.135438287747092545e-04
0.000000000000000000e+00 9.760719694895669818e-05
0.000000000000000000e+00 1.034695887938141823e-04
0.000000000000000000e+00 1.192858253489248455e-04
0.000000000000000000e+00 1.170160394394770265e-04
0.000000000000000000e+00 1.030412749969400465e-04
0.000000000000000000e+00 1.329851074842736125e-04
0.000000000000000000e+00 1.229026674991473556e-04
0.000000000000000000e+00 1.215819938806816936e-04
0.000000000000000000e+00 1.049277925631031394e-04
0.000000000000000000e+00 1.241596328327432275e-04
0.000000000000000000e+00 1.339241280220448971e-04
0.000000000000000000e+00 1.311912055825814605e-04
0.000000000000000000e+00 1.183580898214131594e-04
0.000000000000000000e+00 1.325020857620984316e-04
0.000000000000000000e+00 1.429676922271028161e-04
0.000000000000000000e+00 1.186593726743012667e-04
0.000000000000000000e+00 1.393605925841256976e-04
0.000000000000000000e+00 1.389447570545598865e-04
0.000000000000000000e+00 1.297022972721606493e-04
0.000000000000000000e+00 1.462512882426381111e-04
0.000000000000000000e+00 1.346596545772626996e-04
0.000000000000000000e+00 1.411645353073254228e-04
0.000000000000000000e+00 1.115729464800097048e-04
0.000000000000000000e+00 1.214548901771195233e-04
0.000000000000000000e+00 1.227665634360164404e-04
0.000000000000000000e+00 1.340392336715012789e-04
0.000000000000000000e+00 1.405488583259284496e-04
0.000000000000000000e+00 1.421611668774858117e-04
0.000000000000000000e+00 1.454140146961435676e-04
0.000000000000000000e+00 1.377616572426632047e-04
0.000000000000000000e+00 1.158444283646531403e-04
0.000000000000000000e+00 1.153483972302637994e-04
0.000000000000000000e+00 1.582357217557728291e-04
0.000000000000000000e+00 1.357556611765176058e-04
0.000000000000000000e+00 1.588961458764970303e-04
0.000000000000000000e+00 1.039469498209655285e-04
0.000000000000000000e+00 1.182989653898403049e-04
0.000000000000000000e+00 1.009965635603293777e-04
0.000000000000000000e+00 1.165546636912040412e-04
0.000000000000000000e+00 1.056998517015017569e-04
0.000000000000000000e+00 1.290906657231971622e-04
0.000000000000000000e+00 1.306593621848151088e-04
0.000000000000000000e+00 1.571135362610220909e-04
0.000000000000000000e+00 1.106681520468555391e-04
0.000000000000000000e+00 1.359114685328677297e-04
0.000000000000000000e+00 1.779024751158431172e-04
0.000000000000000000e+00 1.705987961031496525e-04
0.000000000000000000e+00 1.782308390829712152e-04
0.000000000000000000e+00 1.720638538245111704e-04
0.000000000000000000e+00 1.996131904888898134e-04
0.000000000000000000e+00 2.223332412540912628e-04
0.000000000000000000e+00 2.335944445803761482e-04
0.000000000000000000e+00 2.662673359736800194e-04
0.000000000000000000e+00 2.313213335582986474e-04
0.000000000000000000e+00 2.503139257896691561e-04
0.000000000000000000e+00 2.278192405356094241e-04
0.000000000000000000e+00 2.457415102981030941e-04
0.000000000000000000e+00 2.479114918969571590e-04
0.000000000000000000e+00 2.536415122449398041e-04
0.000000000000000000e+00 3.027204656973481178e-04
0.000000000000000000e+00 3.209068090654909611e-04
0.000000000000000000e+00 3.691489400807768106e-04
0.000000000000000000e+00 3.187070251442492008e-04
0.000000000000000000e+00 2.985100727528333664e-04
0.000000000000000000e+00 3.691925667226314545e-04
0.000000000000000000e+00 3.685574629344046116e-04
0.000000000000000000e+00 4.246383905410766602e-04
0.000000000000000000e+00 4.228987381793558598e-04
0.000000000000000000e+00 4.158499650657176971e-04
0.000000000000000000e+00 4.263740556780248880e-04
0.000000000000000000e+00 4.550761659629642963e-04
0.000000000000000000e+00 3.996007144451141357e-04
0.000000000000000000e+00 4.750066145788878202e-04
0.000000000000000000e+00 4.626618174370378256e-04
0.000000000000000000e+00 4.779987502843141556e-04
0.000000000000000000e+00 5.406906711868941784e-04
0.000000000000000000e+00 4.806538054253906012e-04
0.000000000000000000e+00 9.444599151611328125e-01
0.000000000000000000e+00 9.369128346443176270e-01
0.000000000000000000e+00 9.369489550590515137e-01
0.000000000000000000e+00 9.430854320526123047e-01
0.000000000000000000e+00 9.402549862861633301e-01
0.000000000000000000e+00 9.409698843955993652e-01
0.000000000000000000e+00 9.405562877655029297e-01
0.000000000000000000e+00 9.407647252082824707e-01
0.000000000000000000e+00 9.424308538436889648e-01
0.000000000000000000e+00 9.403696656227111816e-01
0.000000000000000000e+00 9.411466121673583984e-01
0.000000000000000000e+00 9.450232982635498047e-01
0.000000000000000000e+00 9.405333995819091797e-01
0.000000000000000000e+00 9.380955696105957031e-01
0.000000000000000000e+00 9.455840587615966797e-01
0.000000000000000000e+00 9.424729943275451660e-01
0.000000000000000000e+00 9.444108009338378906e-01
0.000000000000000000e+00 9.453305602073669434e-01
0.000000000000000000e+00 9.448886513710021973e-01
0.000000000000000000e+00 9.452331662178039551e-01
0.000000000000000000e+00 9.437481164932250977e-01
0.000000000000000000e+00 9.483116865158081055e-01
0.000000000000000000e+00 9.490994811058044434e-01
0.000000000000000000e+00 9.488954544067382812e-01
0.000000000000000000e+00 9.470021128654479980e-01
0.000000000000000000e+00 9.453434348106384277e-01
0.000000000000000000e+00 9.462301135063171387e-01
0.000000000000000000e+00 9.473512768745422363e-01
0.000000000000000000e+00 9.505636096000671387e-01
0.000000000000000000e+00 9.468103647232055664e-01
0.000000000000000000e+00 9.488579034805297852e-01
0.000000000000000000e+00 9.481387138366699219e-01
0.000000000000000000e+00 9.485316276550292969e-01
0.000000000000000000e+00 9.466754794120788574e-01
0.000000000000000000e+00 9.478460550308227539e-01
0.000000000000000000e+00 9.441642761230468750e-01
0.000000000000000000e+00 9.403419494628906250e-01
0.000000000000000000e+00 9.437435269355773926e-01
0.000000000000000000e+00 9.410930275917053223e-01
0.000000000000000000e+00 9.380450844764709473e-01
0.000000000000000000e+00 9.379715919494628906e-01
0.000000000000000000e+00 9.349082112312316895e-01
0.000000000000000000e+00 9.178448319435119629e-01
0.000000000000000000e+00 9.140354394912719727e-01
0.000000000000000000e+00 8.959100246429443359e-01
0.000000000000000000e+00 3.651661276817321777e-01
1.000000000000000000e+00 3.852598667144775391e-01
0.000000000000000000e+00 3.350240886211395264e-01
0.000000000000000000e+00 3.391255438327789307e-01
0.000000000000000000e+00 2.983307242393493652e-01
0.000000000000000000e+00 2.356057465076446533e-01
0.000000000000000000e+00 1.909137517213821411e-01
0.000000000000000000e+00 1.668379455804824829e-01
0.000000000000000000e+00 1.211617290973663330e-01
0.000000000000000000e+00 1.180963516235351562e-01
0.000000000000000000e+00 9.467667341232299805e-02
0.000000000000000000e+00 8.476209640502929688e-02
0.000000000000000000e+00 6.366895884275436401e-02
0.000000000000000000e+00 4.830409958958625793e-02
0.000000000000000000e+00 3.654555231332778931e-02
0.000000000000000000e+00 3.426131978631019592e-02
0.000000000000000000e+00 2.570182271301746368e-02
0.000000000000000000e+00 2.246154285967350006e-02
0.000000000000000000e+00 2.074346132576465607e-02
0.000000000000000000e+00 1.412178948521614075e-02
0.000000000000000000e+00 1.158936228603124619e-02
0.000000000000000000e+00 1.013144478201866150e-02
0.000000000000000000e+00 1.053015422075986862e-02
0.000000000000000000e+00 7.047312799841165543e-03
0.000000000000000000e+00 5.406989715993404388e-03
0.000000000000000000e+00 5.114548839628696442e-03
0.000000000000000000e+00 4.004828631877899170e-03
0.000000000000000000e+00 3.850054694339632988e-03
0.000000000000000000e+00 3.659291891381144524e-03
0.000000000000000000e+00 2.917312784120440483e-03
0.000000000000000000e+00 2.184439916163682938e-03
0.000000000000000000e+00 2.118639880791306496e-03
0.000000000000000000e+00 2.016169950366020203e-03
0.000000000000000000e+00 1.844556536525487900e-03
0.000000000000000000e+00 1.603993121534585953e-03
0.000000000000000000e+00 1.534374430775642395e-03
0.000000000000000000e+00 1.487967092543840408e-03
0.000000000000000000e+00 1.348307589069008827e-03
0.000000000000000000e+00 1.261948957107961178e-03
0.000000000000000000e+00 1.006876234896481037e-03
0.000000000000000000e+00 1.270765904337167740e-03
0.000000000000000000e+00 1.158200437203049660e-03
0.000000000000000000e+00 9.778393432497978210e-04
0.000000000000000000e+00 8.800559444352984428e-04
0.000000000000000000e+00 8.110366761684417725e-04
