0.000000000000000000e+00 1.086707785725593567e-01
0.000000000000000000e+00 1.118202432990074158e-01
0.000000000000000000e+00 1.094880476593971252e-01
0.000000000000000000e+00 1.229506805539131165e-01
0.000000000000000000e+00 1.163501143455505371e-01
0.000000000000000000e+00 1.140516474843025208e-01
0.000000000000000000e+00 1.110448166728019714e-01
0.000000000000000000e+00 1.138051152229309082e-01
0.000000000000000000e+00 1.244462504982948303e-01
0.000000000000000000e+00 1.137372031807899475e-01
0.000000000000000000e+00 1.253966093063354492e-01
0.000000000000000000e+00 1.054829433560371399e-01
0.000000000000000000e+00 1.174079179763793945e-01
0.000000000000000000e+00 1.197962909936904907e-01
0.000000000000000000e+00 1.221159696578979492e-01
0.000000000000000000e+00 9.576043486595153809e-02
0.000000000000000000e+00 1.094280406832695007e-01
0.000000000000000000e+00 1.037948578596115112e-01
0.000000000000000000e+00 1.027540788054466248e-01
0.000000000000000000e+00 1.039653792977333069e-01
0.000000000000000000e+00 1.028539165854454041e-01
0.000000000000000000e+00 9.536552429199218750e-02
0.000000000000000000e+00 1.051357015967369080e-01
0.000000000000000000e+00 9.479282051324844360e-02
0.000000000000000000e+00 9.915333241224288940e-02
1.000000000000000000e+00 1.112940460443496704e-01
1.000000000000000000e+00 1.124133989214897156e-01
1.000000000000000000e+00 1.060939952731132507e-01
1.000000000000000000e+00 9.707259386777877808e-02
1.000000000000000000e+00 9.059150516986846924e-02
1.000000000000000000e+00 9.865447878837585449e-02
0.000000000000000000e+00 9.147725254297256470e-02
0.000000000000000000e+00 8.519645780324935913e-02
0.000000000000000000e+00 8.059536665678024292e-02
0.000000000000000000e+00 7.021120190620422363e-02
0.000000000000000000e+00 5.614675953984260559e-02
0.000000000000000000e+00 5.703280121088027954e-02
0.000000000000000000e+00 5.221506953239440918e-02
0.000000000000000000e+00 5.259327590465545654e-02
0.000000000000000000e+00 5.264044553041458130e-02
0.000000000000000000e+00 4.632455483078956604e-02
0.000000000000000000e+00 4.164214059710502625e-02
0.000000000000000000e+00 4.178597405552864075e-02
0.000000000000000000e+00 3.545990213751792908e-02
0.000000000000000000e+00 3.375997766852378845e-02
0.000000000000000000e+00 1.720738328003790230e-05
0.000000000000000000e+00 1.414366943208733574e-05
0.000000000000000000e+00 1.217982298840070143e-05
0.000000000000000000e+00 1.168290418718243018e-05
0.000000000000000000e+00 1.106296258512884378e-05
0.000000000000000000e+00 1.076809348887763917e-05
0.000000000000000000e+00 9.105336175707634538e-06
0.000000000000000000e+00 9.226927431882359087e-06
0.000000000000000000e+00 9.542015504848677665e-06
0.000000000000000000e+00 6.979447789490222931e-06
0.000000000000000000e+00 1.023264849209226668e-05
0.000000000000000000e+00 6.891460998303955421e-06
0.000000000000000000e+00 8.404249456361867487e-06
0.000000000000000000e+00 9.574985597282648087e-06
0.000000000000000000e+00 9.603546459402423352e-06
0.000000000000000000e+00 8.715280273463577032e-06
0.000000000000000000e+00 7.708486919000279158e-06
0.000000000000000000e+00 9.641978067520540208e-06
0.000000000000000000e+00 8.119875928969122469e-06
0.000000000000000000e+00 7.437314252456417307e-06
0.000000000000000000e+00 8.113954208965878934e-06
0.000000000000000000e+00 6.919858606124762446e-06
0.000000000000000000e+00 8.833600077196024358e-06
0.000000000000000000e+00 6.999891411396674812e-06
0.000000000000000000e+00 9.248017704521771520e-06
0.000000000000000000e+00 8.915482794691342860e-06
0.000000000000000000e+00 9.867683729680720717e-06
0.000000000000000000e+00 8.152954251272603869e-06
0.000000000000000000e+00 8.709373105375561863e-06
0.000000000000000000e+00 7.906050996098201722e-06
0.000000000000000000e+00 1.014413373923161998e-05
0.000000000000000000e+00 1.060139402397908270e-05
0.000000000000000000e+00 9.476268132857512683e-06
0.000000000000000000e+00 1.148031151387840509e-05
0.000000000000000000e+00 1.190341117762727663e-05
0.000000000000000000e+00 9.141775080934166908e-06
0.000000000000000000e+00 1.245964449481107295e-05
0.000000000000000000e+00 1.352869730908423662e-05
0.000000000000000000e+00 1.066435379470931366e-05
0.000000000000000000e+00 1.453678032703464851e-05
0.000000000000000000e+00 1.408851585438242182e-05
0.000000000000000000e+00 1.521840385976247489e-05
0.000000000000000000e+00 1.865259946498554200e-05
0.000000000000000000e+00 1.973791040654759854e-05
0.000000000000000000e+00 1.740885454637464136e-05
0.000000000000000000e+00 1.360383816063404083e-03
0.000000000000000000e+00 1.010427484288811684e-03
0.000000000000000000e+00 1.014326466247439384e-03
0.000000000000000000e+00 8.623665198683738708e-04
0.000000000000000000e+00 7.812767289578914642e-04
0.000000000000000000e+00 6.371694034896790981e-04
0.000000000000000000e+00 6.691741291433572769e-04
0.000000000000000000e+00 5.216624122112989426e-04
0.000000000000000000e+00 4.601782420650124550e-04
0.000000000000000000e+00 4.586113791447132826e-04
0.000000000000000000e+00 5.052716005593538284e-04
0.000000000000000000e+00 4.866773961111903191e-04
0.000000000000000000e+00 4.695022944360971451e-04
0.000000000000000000e+00 4.762497846968472004e-04
0.000000000000000000e+00 5.056982627138495445e-04
0.000000000000000000e+00 4.531760059762746096e-04
0.000000000000000000e+00 5.817408091388642788e-04
0.000000000000000000e+00 5.740065826103091240e-04
0.000000000000000000e+00 5.922277341596782207e-04
0.000000000000000000e+00 5.912844208069145679e-04
0.000000000000000000e+00 6.220330833457410336e-04
0.000000000000000000e+00 6.885686889290809631e-04
0.000000000000000000e+00 7.189400494098663330e-04
0.000000000000000000e+00 7.040066411718726158e-04
0.000000000000000000e+00 7.665703305974602699e-04
0.000000000000000000e+00 5.898012896068394184e-04
0.000000000000000000e+00 7.765175541862845421e-04
0.000000000000000000e+00 8.174240356311202049e-04
0.000000000000000000e+00 8.173679234459996223e-04
0.000000000000000000e+00 9.957517031580209732e-04
0.000000000000000000e+00 9.580453042872250080e-04
0.000000000000000000e+00 8.804572862572968006e-04
0.000000000000000000e+00 8.112039649859070778e-04
0.000000000000000000e+00 1.041589886881411076e-03
0.000000000000000000e+00 1.005768426693975925e-03
0.000000000000000000e+00 9.112039697356522083e-04
0.000000000000000000e+00 1.083970768377184868e-03
0.000000000000000000e+00 1.065662363544106483e-03
0.000000000000000000e+00 1.205399050377309322e-03
0.000000000000000000e+00 1.210555550642311573e-03
0.000000000000000000e+00 1.268211519345641136e-03
0.000000000000000000e+00 1.151775242760777473e-03
0.000000000000000000e+00 1.321900170296430588e-03
0.000000000000000000e+00 1.192583353258669376e-03
0.000000000000000000e+00 1.493439427576959133e-03
0.000000000000000000e+00 5.197050794959068298e-02
0.000000000000000000e+00 4.065308347344398499e-02
0.000000000000000000e+00 3.127403929829597473e-02
0.000000000000000000e+00 2.386392466723918915e-02
0.000000000000000000e+00 1.648326590657234192e-02
0.000000000000000000e+00 1.461310219019651413e-02
0.000000000000000000e+00 1.110014412552118301e-02
0.000000000000000000e+00 8.834126405417919159e-03
0.000000000000000000e+00 7.261042017489671707e-03
0.000000000000000000e+00 4.929847549647092819e-03
0.000000000000000000e+00 3.968351054936647415e-03
0.000000000000000000e+00 3.445519600063562393e-03
0.000000000000000000e+00 2.644201740622520447e-03
0.000000000000000000e+00 2.174253342673182487e-03
0.000000000000000000e+00 1.785846892744302750e-03
0.000000000000000000e+00 1.425974071025848389e-03
0.000000000000000000e+00 1.053246087394654751e-03
0.000000000000000000e+00 1.090637641027569771e-03
0.000000000000000000e+00 8.797725895419716835e-04
0.000000000000000000e+00 7.904077647253870964e-04
0.000000000000000000e+00 8.082984713837504387e-04
0.000000000000000000e+00 7.386744837276637554e-04
0.000000000000000000e+00 6.530330865643918514e-04
0.000000000000000000e+00 6.621239008381962776e-04
0.000000000000000000e+00 5.495310761034488678e-04
0.000000000000000000e+00 5.577171104960143566e-04
0.000000000000000000e+00 5.682816845364868641e-04
0.000000000000000000e+00 6.631526048295199871e-04
0.000000000000000000e+00 5.987669574096798897e-04
0.000000000000000000e+00 6.168410181999206543e-04
0.000000000000000000e+00 6.075855344533920288e-04
0.000000000000000000e+00 6.573935970664024353e-04
0.000000000000000000e+00 6.143879145383834839e-04
0.000000000000000000e+00 6.354361539706587791e-04
0.000000000000000000e+00 7.220394909381866455e-04
0.000000000000000000e+00 7.114916807040572166e-04
0.000000000000000000e+00 7.722250302322208881e-04
0.000000000000000000e+00 8.650907548144459724e-04
0.000000000000000000e+00 8.627009810879826546e-04
0.000000000000000000e+00 9.124624193646013737e-04
0.000000000000000000e+00 9.073754772543907166e-04
0.000000000000000000e+00 1.047247904352843761e-03
0.000000000000000000e+00 1.089851488359272480e-03
0.000000000000000000e+00 1.075773849152028561e-03
0.000000000000000000e+00 1.036852016113698483e-03
0.000000000000000000e+00 4.064431414008140564e-05
0.000000000000000000e+00 3.176548125338740647e-05
0.000000000000000000e+00 2.593983481347095221e-05
0.000000000000000000e+00 2.537716318329330534e-05
0.000000000000000000e+00 2.132035660906694829e-05
0.000000000000000000e+00 1.975902341655455530e-05
0.000000000000000000e+00 1.879971568996552378e-05
0.000000000000000000e+00 1.733108183543663472e-05
0.000000000000000000e+00 1.842858000600244850e-05
0.000000000000000000e+00 1.441234053345397115e-05
0.000000000000000000e+00 1.572409200889524072e-05
0.000000000000000000e+00 1.782255276339128613e-05
0.000000000000000000e+00 1.714208156045060605e-05
0.000000000000000000e+00 1.947129021573346108e-05
0.000000000000000000e+00 1.733805765979923308e-05
0.000000000000000000e+00 2.017031692957971245e-05
0.000000000000000000e+00 1.586730104463640600e-05
0.000000000000000000e+00 1.980728302442003042e-05
0.000000000000000000e+00 1.780744969437364489e-05
0.000000000000000000e+00 2.164234501833561808e-05
0.000000000000000000e+00 2.351572220504749566e-05
0.000000000000000000e+00 2.303386281710118055e-05
0.000000000000000000e+00 1.941566370078362525e-05
0.000000000000000000e+00 1.809144123399164528e-05
0.000000000000000000e+00 1.794712807168252766e-05
0.000000000000000000e+00 2.085983396682422608e-05
0.000000000000000000e+00 2.313056211278308183e-05
0.000000000000000000e+00 2.246860458399169147e-05
0.000000000000000000e+00 2.266240880999248475e-05
0.000000000000000000e+00 2.311609750904608518e-05
0.000000000000000000e+00 2.447900988045148551e-05
0.000000000000000000e+00 2.223008596047293395e-05
0.000000000000000000e+00 1.945013354998081923e-05
0.000000000000000000e+00 2.336599209229461849e-05
0.000000000000000000e+00 2.501098424545489252e-05
0.000000000000000000e+00 2.166117701563052833e-05
0.000000000000000000e+00 2.286564631504006684e-05
0.000000000000000000e+00 2.454544483043719083e-05
0.000000000000000000e+00 2.070354457828216255e-05
0.000000000000000000e+00 2.357048288104124367e-05
0.000000000000000000e+00 2.371717891946900636e-05
0.000000000000000000e+00 2.522611612221226096e-05
0.000000000000000000e+00 2.107655382133089006e-05
0.000000000000000000e+00 2.331210816919337958e-05
0.000000000000000000e+00 2.699225296964868903e-05
0.000000000000000000e+00 3.493033582344651222e-04
0.000000000000000000e+00 3.193216980434954166e-04
0.000000000000000000e+00 2.431765169603750110e-04
0.000000000000000000e+00 2.640066668391227722e-04
0.000000000000000000e+00 1.821794139686971903e-04
0.000000000000000000e+00 1.858087780419737101e-04
0.000000000000000000e+00 1.531988091301172972e-04
0.000000000000000000e+00 1.441094500478357077e-04
0.000000000000000000e+00 1.572532346472144127e-04
0.000000000000000000e+00 1.337008288828656077e-04
0.000000000000000000e+00 1.588567538419738412e-04
0.000000000000000000e+00 1.218233883264474571e-04
0.000000000000000000e+00 1.194770738948136568e-04
0.000000000000000000e+00 1.353070838376879692e-04
0.000000000000000000e+00 1.451229909434914589e-04
0.000000000000000000e+00 1.601147087058052421e-04
0.000000000000000000e+00 1.520294026704505086e-04
0.000000000000000000e+00 1.788158988347277045e-04
0.000000000000000000e+00 1.808005617931485176e-04
0.000000000000000000e+00 2.002657420234754682e-04
0.000000000000000000e+00 2.095879171974956989e-04
0.000000000000000000e+00 1.806179207051172853e-04
0.000000000000000000e+00 1.884983212221413851e-04
0.000000000000000000e+00 1.974824990611523390e-04
0.000000000000000000e+00 2.409151347819715738e-04
0.000000000000000000e+00 2.460845280438661575e-04
0.000000000000000000e+00 2.545762108638882637e-04
0.000000000000000000e+00 2.740606432780623436e-04
0.000000000000000000e+00 3.255906922277063131e-04
0.000000000000000000e+00 3.694520564749836922e-04
0.000000000000000000e+00 3.313152410555630922e-04
0.000000000000000000e+00 3.087746154051274061e-04
0.000000000000000000e+00 3.130038385279476643e-04
0.000000000000000000e+00 3.737955994438380003e-04
0.000000000000000000e+00 3.930186212528496981e-04
0.000000000000000000e+00 4.677150864154100418e-04
0.000000000000000000e+00 4.459670453798025846e-04
0.000000000000000000e+00 4.534251347649842501e-04
0.000000000000000000e+00 4.565349954646080732e-04
0.000000000000000000e+00 3.861222940031439066e-04
0.000000000000000000e+00 4.036081081721931696e-04
0.000000000000000000e+00 4.576292412821203470e-04
0.000000000000000000e+00 5.020674434490501881e-04
0.000000000000000000e+00 4.430370172485709190e-04
0.000000000000000000e+00 4.427043604664504528e-04
0.000000000000000000e+00 9.260850548744201660e-01
0.000000000000000000e+00 9.368984103202819824e-01
0.000000000000000000e+00 9.299658536911010742e-01
0.000000000000000000e+00 9.376655220985412598e-01
0.000000000000000000e+00 9.372418522834777832e-01
0.000000000000000000e+00 9.414241313934326172e-01
0.000000000000000000e+00 9.423481822013854980e-01
0.000000000000000000e+00 9.433948993682861328e-01
0.000000000000000000e+00 9.485557675361633301e-01
0.000000000000000000e+00 9.451787471771240234e-01
0.000000000000000000e+00 9.410946369171142578e-01
0.000000000000000000e+00 9.385083317756652832e-01
0.000000000000000000e+00 9.481502771377563477e-01
0.000000000000000000e+00 9.469898939132690430e-01
0.000000000000000000e+00 9.457729458808898926e-01
0.000000000000000000e+00 9.396097064018249512e-01
0.000000000000000000e+00 9.493126869201660156e-01
0.000000000000000000e+00 9.432833790779113770e-01
0.000000000000000000e+00 9.434694647789001465e-01
0.000000000000000000e+00 9.518222808837890625e-01
0.000000000000000000e+00 9.478157162666320801e-01
0.000000000000000000e+00 9.503751397132873535e-01
0.000000000000000000e+00 9.480531215667724609e-01
0.000000000000000000e+00 9.519081711769104004e-01
0.000000000000000000e+00 9.502562880516052246e-01
0.000000000000000000e+00 9.554644227027893066e-01
0.000000000000000000e+00 9.564800262451171875e-01
0.000000000000000000e+00 9.560923576354980469e-01
0.000000000000000000e+00 9.562222361564636230e-01
0.000000000000000000e+00 9.562099575996398926e-01
0.000000000000000000e+00 9.559679031372070312e-01
0.000000000000000000e+00 9.570345878601074219e-01
0.000000000000000000e+00 9.552623033523559570e-01
0.000000000000000000e+00 9.549953937530517578e-01
0.000000000000000000e+00 9.542770981788635254e-01
0.000000000000000000e+00 9.548491835594177246e-01
0.000000000000000000e+00 9.540536403656005859e-01
0.000000000000000000e+00 9.545713663101196289e-01
0.000000000000000000e+00 9.536237120628356934e-01
0.000000000000000000e+00 9.545596241950988770e-01
0.000000000000000000e+00 9.544686079025268555e-01
0.000000000000000000e+00 9.561907649040222168e-01
0.000000000000000000e+00 9.543915987014770508e-01
0.000000000000000000e+00 9.480541944503784180e-01
0.000000000000000000e+00 9.470712542533874512e-01
0.000000000000000000e+00 2.940902020782232285e-03
1.000000000000000000e+00 1.845584833063185215e-03
0.000000000000000000e+00 1.653032144531607628e-03
0.000000000000000000e+00 1.176543533802032471e-03
0.000000000000000000e+00 7.178625091910362244e-04
0.000000000000000000e+00 6.365184090100228786e-04
0.000000000000000000e+00 2.270836266689002514e-04
0.000000000000000000e+00 1.527670247014611959e-04
0.000000000000000000e+00 1.059027345036156476e-04
0.000000000000000000e+00 4.391625407151877880e-05
0.000000000000000000e+00 2.823219256242737174e-05
0.000000000000000000e+00 1.745212284731678665e-05
0.000000000000000000e+00 1.503472412878181785e-05
0.000000000000000000e+00 7.130188350856769830e-06
0.000000000000000000e+00 5.446504474093671888e-06
0.000000000000000000e+00 3.234663381590507925e-06
0.000000000000000000e+00 2.690279188755084760e-06
0.000000000000000000e+00 2.031939402513671666e-06
0.000000000000000000e+00 1.602786596777150407e-06
0.000000000000000000e+00 9.526934263703878969e-07
0.000000000000000000e+00 9.435547667635546532e-07
0.000000000000000000e+00 1.235086642736860085e-06
0.000000000000000000e+00 8.505168125338968821e-07
0.000000000000000000e+00 9.074709623746457510e-07
0.000000000000000000e+00 5.632145416711864527e-07
0.000000000000000000e+00 6.439329922613978852e-07
0.000000000000000000e+00 5.891437808713817503e-07
0.000000000000000000e+00 7.639376917722984217e-07
0.000000000000000000e+00 7.928603622531227302e-07
0.000000000000000000e+00 8.803901891951682046e-07
0.000000000000000000e+00 1.053078221957548521e-06
0.000000000000000000e+00 1.310522861786012072e-06
0.000000000000000000e+00 1.574430825712624937e-06
0.000000000000000000e+00 1.816528993003885262e-06
0.000000000000000000e+00 2.671339871085365303e-06
0.000000000000000000e+00 3.187802121829008684e-06
0.000000000000000000e+00 3.040848014279617928e-06
0.000000000000000000e+00 3.161906079185428098e-06
0.000000000000000000e+00 5.862741090822964907e-06
0.000000000000000000e+00 4.183419150649569929e-06
0.000000000000000000e+00 6.520047918456839398e-06
0.000000000000000000e+00 5.228760073805460706e-06
0.000000000000000000e+00 5.359452188713476062e-06
0.000000000000000000e+00 7.923600605863612145e-06
0.000000000000000000e+00 7.140109573811059818e-06
