1.000000000000000000e+00 8.181851506233215332e-01
1.000000000000000000e+00 8.138716816902160645e-01
1.000000000000000000e+00 8.055033683776855469e-01
1.000000000000000000e+00 7.948534488677978516e-01
0.000000000000000000e+00 8.097995519638061523e-01
0.000000000000000000e+00 8.134917616844177246e-01
0.000000000000000000e+00 8.087370395660400391e-01
0.000000000000000000e+00 8.082223534584045410e-01
0.000000000000000000e+00 8.097288012504577637e-01
1.000000000000000000e+00 8.095916509628295898e-01
1.000000000000000000e+00 8.071193099021911621e-01
1.000000000000000000e+00 8.216524124145507812e-01
1.000000000000000000e+00 8.102997541427612305e-01
0.000000000000000000e+00 8.112890720367431641e-01
0.000000000000000000e+00 8.040350079536437988e-01
0.000000000000000000e+00 8.052459955215454102e-01
0.000000000000000000e+00 7.983056902885437012e-01
0.000000000000000000e+00 8.192291259765625000e-01
0.000000000000000000e+00 8.131487369537353516e-01
0.000000000000000000e+00 8.261460661888122559e-01
0.000000000000000000e+00 8.078953623771667480e-01
0.000000000000000000e+00 8.050788640975952148e-01
0.000000000000000000e+00 7.961022853851318359e-01
1.000000000000000000e+00 8.037332892417907715e-01
1.000000000000000000e+00 7.982299923896789551e-01
1.000000000000000000e+00 8.276432752609252930e-01
1.000000000000000000e+00 8.132467865943908691e-01
1.000000000000000000e+00 8.164519667625427246e-01
1.000000000000000000e+00 8.262870311737060547e-01
1.000000000000000000e+00 8.351221084594726562e-01
1.000000000000000000e+00 8.390678763389587402e-01
1.000000000000000000e+00 8.339878916740417480e-01
1.000000000000000000e+00 8.413333892822265625e-01
0.000000000000000000e+00 8.333331346511840820e-01
0.000000000000000000e+00 8.074120283126831055e-01
0.000000000000000000e+00 7.851371169090270996e-01
0.000000000000000000e+00 7.368761301040649414e-01
0.000000000000000000e+00 7.061601877212524414e-01
0.000000000000000000e+00 5.842792987823486328e-01
0.000000000000000000e+00 5.284482836723327637e-01
0.000000000000000000e+00 3.911125361919403076e-01
0.000000000000000000e+00 3.317567110061645508e-01
0.000000000000000000e+00 2.527007162570953369e-01
0.000000000000000000e+00 2.020517438650131226e-01
0.000000000000000000e+00 1.669110506772994995e-01
0.000000000000000000e+00 4.514468833804130554e-02
0.000000000000000000e+00 2.922571264207363129e-02
0.000000000000000000e+00 1.520549040287733078e-02
0.000000000000000000e+00 7.461699191480875015e-03
0.000000000000000000e+00 3.340975381433963776e-03
0.000000000000000000e+00 1.802916638553142548e-03
0.000000000000000000e+00 1.131184049881994724e-03
0.000000000000000000e+00 9.660384384915232658e-04
0.000000000000000000e+00 8.538768161088228226e-04
0.000000000000000000e+00 8.468892192468047142e-04
0.000000000000000000e+00 8.285148069262504578e-04
0.000000000000000000e+00 8.013540063984692097e-04
0.000000000000000000e+00 7.920020143501460552e-04
0.000000000000000000e+00 7.568554137833416462e-04
0.000000000000000000e+00 7.455161539837718010e-04
0.000000000000000000e+00 6.820668932050466537e-04
0.000000000000000000e+00 6.359184044413268566e-04
0.000000000000000000e+00 6.018663407303392887e-04
0.000000000000000000e+00 6.222818628884851933e-04
0.000000000000000000e+00 6.187272956594824791e-04
0.000000000000000000e+00 6.251891027204692364e-04
0.000000000000000000e+00 6.336321821436285973e-04
0.000000000000000000e+00 6.324655842036008835e-04
0.000000000000000000e+00 6.210849387571215630e-04
0.000000000000000000e+00 5.795755423605442047e-04
0.000000000000000000e+00 6.032515666447579861e-04
0.000000000000000000e+00 6.100254831835627556e-04
0.000000000000000000e+00 6.054914556443691254e-04
0.000000000000000000e+00 5.905108409933745861e-04
0.000000000000000000e+00 5.801464430987834930e-04
0.000000000000000000e+00 5.585137405432760715e-04
0.000000000000000000e+00 5.371627048589289188e-04
0.000000000000000000e+00 5.152617814019322395e-04
0.000000000000000000e+00 5.084050935693085194e-04
0.000000000000000000e+00 5.092113278806209564e-04
0.000000000000000000e+00 5.079042166471481323e-04
0.000000000000000000e+00 5.084854783490300179e-04
0.000000000000000000e+00 4.936379264108836651e-04
0.000000000000000000e+00 4.904191591776907444e-04
0.000000000000000000e+00 4.819930472876876593e-04
0.000000000000000000e+00 4.672688373830169439e-04
0.000000000000000000e+00 4.589131567627191544e-04
0.000000000000000000e+00 4.737874842248857021e-04
0.000000000000000000e+00 4.679276025854051113e-04
0.000000000000000000e+00 4.450257983990013599e-04
0.000000000000000000e+00 1.199461333453655243e-02
0.000000000000000000e+00 1.068019587546586990e-02
0.000000000000000000e+00 8.835166692733764648e-03
0.000000000000000000e+00 6.197981070727109909e-03
0.000000000000000000e+00 3.770760493353009224e-03
0.000000000000000000e+00 2.138000680133700371e-03
0.000000000000000000e+00 1.093319500796496868e-03
0.000000000000000000e+00 5.203079781495034695e-04
0.000000000000000000e+00 2.986805920954793692e-04
0.000000000000000000e+00 2.531643258407711983e-04
0.000000000000000000e+00 2.431693283142521977e-04
0.000000000000000000e+00 2.249069075332954526e-04
0.000000000000000000e+00 2.202788891736418009e-04
0.000000000000000000e+00 1.913612359203398228e-04
0.000000000000000000e+00 1.733888348098844290e-04
0.000000000000000000e+00 1.512952003395184875e-04
0.000000000000000000e+00 1.447179674869403243e-04
0.000000000000000000e+00 1.447301183361560106e-04
0.000000000000000000e+00 1.597220398252829909e-04
0.000000000000000000e+00 1.895655295811593533e-04
0.000000000000000000e+00 2.101163699990138412e-04
0.000000000000000000e+00 2.462880220264196396e-04
0.000000000000000000e+00 2.729156985878944397e-04
0.000000000000000000e+00 3.048803191632032394e-04
0.000000000000000000e+00 3.364438598509877920e-04
0.000000000000000000e+00 4.032020224258303642e-04
0.000000000000000000e+00 4.603734996635466814e-04
0.000000000000000000e+00 5.410239682532846928e-04
0.000000000000000000e+00 6.317628431133925915e-04
0.000000000000000000e+00 6.997674936428666115e-04
0.000000000000000000e+00 7.428918033838272095e-04
0.000000000000000000e+00 8.156811236403882504e-04
0.000000000000000000e+00 8.231028914451599121e-04
0.000000000000000000e+00 9.456141269765794277e-04
0.000000000000000000e+00 1.033852458931505680e-03
0.000000000000000000e+00 1.090617384761571884e-03
0.000000000000000000e+00 1.177017693407833576e-03
0.000000000000000000e+00 1.360979164019227028e-03
0.000000000000000000e+00 1.339946524240076542e-03
0.000000000000000000e+00 1.645559212192893028e-03
0.000000000000000000e+00 1.903318101540207863e-03
0.000000000000000000e+00 2.217467641457915306e-03
0.000000000000000000e+00 2.348920097574591637e-03
0.000000000000000000e+00 2.340900711715221405e-03
0.000000000000000000e+00 2.367669949308037758e-03
0.000000000000000000e+00 2.719298899173736572e-01
0.000000000000000000e+00 1.806504130363464355e-01
0.000000000000000000e+00 1.430593281984329224e-01
0.000000000000000000e+00 1.103330627083778381e-01
0.000000000000000000e+00 8.810122311115264893e-02
0.000000000000000000e+00 7.377304881811141968e-02
0.000000000000000000e+00 6.727578490972518921e-02
0.000000000000000000e+00 5.289195850491523743e-02
0.000000000000000000e+00 4.229571670293807983e-02
0.000000000000000000e+00 3.688419237732887268e-02
0.000000000000000000e+00 3.083699569106101990e-02
0.000000000000000000e+00 2.625339105725288391e-02
0.000000000000000000e+00 2.289812825620174408e-02
0.000000000000000000e+00 2.222592569887638092e-02
0.000000000000000000e+00 1.806124486029148102e-02
0.000000000000000000e+00 1.270088367164134979e-02
0.000000000000000000e+00 6.691072601824998856e-03
0.000000000000000000e+00 3.704443108290433884e-03
0.000000000000000000e+00 2.188448328524827957e-03
0.000000000000000000e+00 1.529872999526560307e-03
0.000000000000000000e+00 1.187690533697605133e-03
0.000000000000000000e+00 1.010105945169925690e-03
0.000000000000000000e+00 8.538788533769547939e-04
0.000000000000000000e+00 7.100025541149079800e-04
0.000000000000000000e+00 5.586729384958744049e-04
0.000000000000000000e+00 5.293384310789406300e-04
0.000000000000000000e+00 5.206778296269476414e-04
0.000000000000000000e+00 5.031902110204100609e-04
0.000000000000000000e+00 5.015525384806096554e-04
0.000000000000000000e+00 4.930759314447641373e-04
0.000000000000000000e+00 4.832680860999971628e-04
0.000000000000000000e+00 4.798123845830559731e-04
0.000000000000000000e+00 4.630803014151751995e-04
0.000000000000000000e+00 4.503986274357885122e-04
0.000000000000000000e+00 4.361291648820042610e-04
0.000000000000000000e+00 4.244514275342226028e-04
0.000000000000000000e+00 4.163584962952882051e-04
0.000000000000000000e+00 4.084741522092372179e-04
0.000000000000000000e+00 3.936990397050976753e-04
0.000000000000000000e+00 3.905705525539815426e-04
0.000000000000000000e+00 3.958132292609661818e-04
0.000000000000000000e+00 4.074123280588537455e-04
0.000000000000000000e+00 4.110148292966187000e-04
0.000000000000000000e+00 4.152326437178999186e-04
0.000000000000000000e+00 4.267400072421878576e-04
0.000000000000000000e+00 2.834518998861312866e-02
0.000000000000000000e+00 3.098052367568016052e-02
0.000000000000000000e+00 2.568305283784866333e-02
0.000000000000000000e+00 1.638879813253879547e-02
0.000000000000000000e+00 1.173169631510972977e-02
0.000000000000000000e+00 8.711396716535091400e-03
0.000000000000000000e+00 6.867288611829280853e-03
0.000000000000000000e+00 6.065411027520895004e-03
0.000000000000000000e+00 5.262404680252075195e-03
0.000000000000000000e+00 4.711698740720748901e-03
0.000000000000000000e+00 4.398692864924669266e-03
0.000000000000000000e+00 4.143293481320142746e-03
0.000000000000000000e+00 4.110183101147413254e-03
0.000000000000000000e+00 4.098441917449235916e-03
0.000000000000000000e+00 4.138177260756492615e-03
0.000000000000000000e+00 4.205409903079271317e-03
0.000000000000000000e+00 4.399575758725404739e-03
0.000000000000000000e+00 4.476228728890419006e-03
0.000000000000000000e+00 4.796796478331089020e-03
0.000000000000000000e+00 4.984402563422918320e-03
0.000000000000000000e+00 5.197687540203332901e-03
0.000000000000000000e+00 5.287311971187591553e-03
0.000000000000000000e+00 5.437392275780439377e-03
0.000000000000000000e+00 5.594557616859674454e-03
0.000000000000000000e+00 5.499506369233131409e-03
0.000000000000000000e+00 5.642125383019447327e-03
0.000000000000000000e+00 6.014171056449413300e-03
0.000000000000000000e+00 6.156229414045810699e-03
0.000000000000000000e+00 6.254751235246658325e-03
0.000000000000000000e+00 6.240014452487230301e-03
0.000000000000000000e+00 6.195731926709413528e-03
0.000000000000000000e+00 6.239396519958972931e-03
0.000000000000000000e+00 6.303987931460142136e-03
0.000000000000000000e+00 6.473412737250328064e-03
0.000000000000000000e+00 6.686421576887369156e-03
0.000000000000000000e+00 6.894934922456741333e-03
0.000000000000000000e+00 7.114180363714694977e-03
0.000000000000000000e+00 6.950670387595891953e-03
0.000000000000000000e+00 6.351509597152471542e-03
0.000000000000000000e+00 6.456307135522365570e-03
0.000000000000000000e+00 6.679211277514696121e-03
0.000000000000000000e+00 6.785422097891569138e-03
0.000000000000000000e+00 6.608079653233289719e-03
0.000000000000000000e+00 6.482923403382301331e-03
0.000000000000000000e+00 6.595945917069911957e-03
0.000000000000000000e+00 5.521734245121479034e-03
0.000000000000000000e+00 5.137785337865352631e-03
0.000000000000000000e+00 4.851057659834623337e-03
0.000000000000000000e+00 4.810841288417577744e-03
0.000000000000000000e+00 4.001463763415813446e-03
0.000000000000000000e+00 3.279668977484107018e-03
0.000000000000000000e+00 2.602109452709555626e-03
0.000000000000000000e+00 2.260718261823058128e-03
0.000000000000000000e+00 2.062650164589285851e-03
0.000000000000000000e+00 1.593503984622657299e-03
0.000000000000000000e+00 1.251741196028888226e-03
0.000000000000000000e+00 1.023223740048706532e-03
0.000000000000000000e+00 8.503440185450017452e-04
0.000000000000000000e+00 7.794240373186767101e-04
0.000000000000000000e+00 7.583596161566674709e-04
0.000000000000000000e+00 7.746207411400973797e-04
0.000000000000000000e+00 8.140640566125512123e-04
0.000000000000000000e+00 8.627856732346117496e-04
0.000000000000000000e+00 9.374794317409396172e-04
0.000000000000000000e+00 1.021847245283424854e-03
0.000000000000000000e+00 1.170474803075194359e-03
0.000000000000000000e+00 1.270171720534563065e-03
0.000000000000000000e+00 1.435339334420859814e-03
0.000000000000000000e+00 1.640869537368416786e-03
0.000000000000000000e+00 1.942334580235183239e-03
0.000000000000000000e+00 2.130196895450353622e-03
0.000000000000000000e+00 2.492488129064440727e-03
0.000000000000000000e+00 2.751897787675261497e-03
0.000000000000000000e+00 3.034514142200350761e-03
0.000000000000000000e+00 3.225020365789532661e-03
0.000000000000000000e+00 3.495121374726295471e-03
0.000000000000000000e+00 3.860817290842533112e-03
0.000000000000000000e+00 4.030025564134120941e-03
0.000000000000000000e+00 4.443871323019266129e-03
0.000000000000000000e+00 4.581386223435401917e-03
0.000000000000000000e+00 4.528369754552841187e-03
0.000000000000000000e+00 4.626295994967222214e-03
0.000000000000000000e+00 4.598379135131835938e-03
0.000000000000000000e+00 4.345627967268228531e-03
0.000000000000000000e+00 4.215782042592763901e-03
0.000000000000000000e+00 4.123026505112648010e-03
0.000000000000000000e+00 4.113940056413412094e-03
0.000000000000000000e+00 4.324176814407110214e-03
0.000000000000000000e+00 4.470871295779943466e-03
0.000000000000000000e+00 4.442260134965181351e-03
0.000000000000000000e+00 9.293229579925537109e-01
0.000000000000000000e+00 9.290220141410827637e-01
0.000000000000000000e+00 9.283108711242675781e-01
0.000000000000000000e+00 9.272707700729370117e-01
0.000000000000000000e+00 9.307594299316406250e-01
0.000000000000000000e+00 9.265171885490417480e-01
0.000000000000000000e+00 9.248212575912475586e-01
0.000000000000000000e+00 9.283811450004577637e-01
0.000000000000000000e+00 9.280667901039123535e-01
0.000000000000000000e+00 9.256634116172790527e-01
0.000000000000000000e+00 9.246995449066162109e-01
0.000000000000000000e+00 9.292191863059997559e-01
0.000000000000000000e+00 9.266954064369201660e-01
0.000000000000000000e+00 9.242689013481140137e-01
0.000000000000000000e+00 9.277592301368713379e-01
0.000000000000000000e+00 9.317291378974914551e-01
0.000000000000000000e+00 9.286308884620666504e-01
0.000000000000000000e+00 9.311295747756958008e-01
0.000000000000000000e+00 9.287847280502319336e-01
0.000000000000000000e+00 9.239270687103271484e-01
0.000000000000000000e+00 9.288113713264465332e-01
0.000000000000000000e+00 9.251103997230529785e-01
0.000000000000000000e+00 9.273568987846374512e-01
0.000000000000000000e+00 9.269453287124633789e-01
0.000000000000000000e+00 9.271975159645080566e-01
0.000000000000000000e+00 9.266868233680725098e-01
0.000000000000000000e+00 9.298173785209655762e-01
0.000000000000000000e+00 9.279472827911376953e-01
1.000000000000000000e+00 9.257913827896118164e-01
1.000000000000000000e+00 9.223316311836242676e-01
1.000000000000000000e+00 9.272457957267761230e-01
1.000000000000000000e+00 9.277626276016235352e-01
0.000000000000000000e+00 9.280771613121032715e-01
0.000000000000000000e+00 9.264798760414123535e-01
0.000000000000000000e+00 9.263262748718261719e-01
0.000000000000000000e+00 9.299225211143493652e-01
0.000000000000000000e+00 9.246863722801208496e-01
0.000000000000000000e+00 9.268206357955932617e-01
0.000000000000000000e+00 9.244148135185241699e-01
0.000000000000000000e+00 9.299531579017639160e-01
0.000000000000000000e+00 9.246547818183898926e-01
0.000000000000000000e+00 9.273886680603027344e-01
0.000000000000000000e+00 9.274255037307739258e-01
0.000000000000000000e+00 9.256110191345214844e-01
0.000000000000000000e+00 9.283203482627868652e-01
1.000000000000000000e+00 8.424134254455566406e-01
1.000000000000000000e+00 8.612570762634277344e-01
1.000000000000000000e+00 8.466246128082275391e-01
1.000000000000000000e+00 8.669066429138183594e-01
1.000000000000000000e+00 8.644177317619323730e-01
0.000000000000000000e+00 8.615914583206176758e-01
0.000000000000000000e+00 8.691620230674743652e-01
0.000000000000000000e+00 8.829652667045593262e-01
0.000000000000000000e+00 8.852657079696655273e-01
0.000000000000000000e+00 8.888138532638549805e-01
0.000000000000000000e+00 8.848266601562500000e-01
0.000000000000000000e+00 8.787798285484313965e-01
0.000000000000000000e+00 8.723750710487365723e-01
0.000000000000000000e+00 7.767289876937866211e-01
0.000000000000000000e+00 8.446595668792724609e-01
0.000000000000000000e+00 7.116562128067016602e-01
1.000000000000000000e+00 6.933500170707702637e-01
1.000000000000000000e+00 6.883735060691833496e-01
0.000000000000000000e+00 6.324433684349060059e-01
0.000000000000000000e+00 5.474160313606262207e-01
0.000000000000000000e+00 5.086371302604675293e-01
0.000000000000000000e+00 4.252603650093078613e-01
0.000000000000000000e+00 3.587248921394348145e-01
0.000000000000000000e+00 2.434995174407958984e-01
0.000000000000000000e+00 2.584151029586791992e-01
1.000000000000000000e+00 2.506542205810546875e-01
1.000000000000000000e+00 2.366267293691635132e-01
1.000000000000000000e+00 2.410646378993988037e-01
1.000000000000000000e+00 2.001158744096755981e-01
0.000000000000000000e+00 1.702824980020523071e-01
0.000000000000000000e+00 1.442636102437973022e-01
0.000000000000000000e+00 1.286050528287887573e-01
0.000000000000000000e+00 1.022694334387779236e-01
0.000000000000000000e+00 9.681881964206695557e-02
0.000000000000000000e+00 8.899573236703872681e-02
0.000000000000000000e+00 8.073182404041290283e-02
0.000000000000000000e+00 6.261551380157470703e-02
0.000000000000000000e+00 5.498423799872398376e-02
0.000000000000000000e+00 4.753262177109718323e-02
0.000000000000000000e+00 4.084700345993041992e-02
0.000000000000000000e+00 3.891438990831375122e-02
0.000000000000000000e+00 3.335430100560188293e-02
0.000000000000000000e+00 3.206624835729598999e-02
0.000000000000000000e+00 2.921678312122821808e-02
0.000000000000000000e+00 2.634631842374801636e-02
