0.000000000000000000e+00 2.465661019086837769e-01
0.000000000000000000e+00 2.444911003112792969e-01
0.000000000000000000e+00 2.433589994907379150e-01
0.000000000000000000e+00 2.416972517967224121e-01
0.000000000000000000e+00 2.469448000192642212e-01
0.000000000000000000e+00 2.424671798944473267e-01
0.000000000000000000e+00 2.436281442642211914e-01
0.000000000000000000e+00 2.495169490575790405e-01
0.000000000000000000e+00 2.417595535516738892e-01
0.000000000000000000e+00 2.476258575916290283e-01
0.000000000000000000e+00 2.414519339799880981e-01
0.000000000000000000e+00 2.530541718006134033e-01
0.000000000000000000e+00 2.465883493423461914e-01
0.000000000000000000e+00 2.408257126808166504e-01
0.000000000000000000e+00 2.394761145114898682e-01
0.000000000000000000e+00 2.326792776584625244e-01
0.000000000000000000e+00 2.279971539974212646e-01
0.000000000000000000e+00 2.245889157056808472e-01
0.000000000000000000e+00 2.247856408357620239e-01
0.000000000000000000e+00 2.150774449110031128e-01
0.000000000000000000e+00 2.179528772830963135e-01
0.000000000000000000e+00 2.145624160766601562e-01
0.000000000000000000e+00 2.126071006059646606e-01
0.000000000000000000e+00 2.210393846035003662e-01
0.000000000000000000e+00 2.201226353645324707e-01
1.000000000000000000e+00 2.164937555789947510e-01
1.000000000000000000e+00 2.193524688482284546e-01
1.000000000000000000e+00 2.262113690376281738e-01
1.000000000000000000e+00 2.232684642076492310e-01
1.000000000000000000e+00 2.222769111394882202e-01
1.000000000000000000e+00 2.237525880336761475e-01
0.000000000000000000e+00 2.303140759468078613e-01
0.000000000000000000e+00 2.296997159719467163e-01
0.000000000000000000e+00 2.411765903234481812e-01
0.000000000000000000e+00 2.459806203842163086e-01
0.000000000000000000e+00 2.373806238174438477e-01
0.000000000000000000e+00 2.351698428392410278e-01
0.000000000000000000e+00 2.159816473722457886e-01
0.000000000000000000e+00 1.929272264242172241e-01
0.000000000000000000e+00 1.623899191617965698e-01
0.000000000000000000e+00 1.403734385967254639e-01
0.000000000000000000e+00 1.110535785555839539e-01
0.000000000000000000e+00 8.815904706716537476e-02
0.000000000000000000e+00 7.392649352550506592e-02
0.000000000000000000e+00 5.572132766246795654e-02
0.000000000000000000e+00 2.671112597454339266e-04
0.000000000000000000e+00 2.244491042802110314e-04
0.000000000000000000e+00 1.775716518750414252e-04
0.000000000000000000e+00 1.513481547590345144e-04
0.000000000000000000e+00 1.598600938450545073e-04
0.000000000000000000e+00 1.431877608411014080e-04
0.000000000000000000e+00 1.179705941467545927e-04
0.000000000000000000e+00 1.485431421315297484e-04
0.000000000000000000e+00 1.382453774567693472e-04
0.000000000000000000e+00 1.300438452744856477e-04
0.000000000000000000e+00 1.454961311537772417e-04
0.000000000000000000e+00 1.297015551244840026e-04
0.000000000000000000e+00 1.350468519376590848e-04
0.000000000000000000e+00 1.207566820085048676e-04
0.000000000000000000e+00 1.053665546351112425e-04
0.000000000000000000e+00 1.240331330336630344e-04
0.000000000000000000e+00 1.150988682638853788e-04
0.000000000000000000e+00 1.186009903904050589e-04
0.000000000000000000e+00 1.261140132555738091e-04
0.000000000000000000e+00 1.308325445279479027e-04
0.000000000000000000e+00 1.368143857689574361e-04
0.000000000000000000e+00 1.146965587395243347e-04
0.000000000000000000e+00 1.214207295561209321e-04
0.000000000000000000e+00 1.297691051149740815e-04
0.000000000000000000e+00 1.247417094418779016e-04
0.000000000000000000e+00 1.227182219736278057e-04
0.000000000000000000e+00 1.406287483405321836e-04
0.000000000000000000e+00 1.384564529871568084e-04
0.000000000000000000e+00 1.300170697504654527e-04
0.000000000000000000e+00 1.388708478771150112e-04
0.000000000000000000e+00 1.420439512003213167e-04
0.000000000000000000e+00 1.465054519940167665e-04
0.000000000000000000e+00 1.345328637398779392e-04
0.000000000000000000e+00 1.625800650799646974e-04
0.000000000000000000e+00 1.594536151969805360e-04
0.000000000000000000e+00 1.481787330703809857e-04
0.000000000000000000e+00 1.789405796444043517e-04
0.000000000000000000e+00 1.973238395294174552e-04
0.000000000000000000e+00 1.893072330858558416e-04
0.000000000000000000e+00 1.872209977591410279e-04
0.000000000000000000e+00 2.063244755845516920e-04
0.000000000000000000e+00 1.894040178740397096e-04
0.000000000000000000e+00 2.540468994993716478e-04
0.000000000000000000e+00 2.479485992807894945e-04
0.000000000000000000e+00 2.565901959314942360e-04
0.000000000000000000e+00 1.011915272101759911e-03
0.000000000000000000e+00 8.235944551415741444e-04
0.000000000000000000e+00 7.675790693610906601e-04
0.000000000000000000e+00 7.537042838521301746e-04
0.000000000000000000e+00 6.840989226475358009e-04
0.000000000000000000e+00 5.410126177594065666e-04
0.000000000000000000e+00 4.936125478707253933e-04
0.000000000000000000e+00 4.572021425701677799e-04
0.000000000000000000e+00 4.673801595345139503e-04
0.000000000000000000e+00 4.588387673720717430e-04
0.000000000000000000e+00 4.334628756623715162e-04
0.000000000000000000e+00 4.405497747939080000e-04
0.000000000000000000e+00 4.619566898327320814e-04
0.000000000000000000e+00 4.368231748230755329e-04
0.000000000000000000e+00 4.467456892598420382e-04
0.000000000000000000e+00 4.767721402458846569e-04
0.000000000000000000e+00 5.418400978669524193e-04
0.000000000000000000e+00 5.167791387066245079e-04
0.000000000000000000e+00 5.528329056687653065e-04
0.000000000000000000e+00 6.357657257467508316e-04
0.000000000000000000e+00 6.828581099398434162e-04
0.000000000000000000e+00 6.831676582805812359e-04
0.000000000000000000e+00 6.330979522317647934e-04
0.000000000000000000e+00 6.898126448504626751e-04
0.000000000000000000e+00 7.294705719687044621e-04
0.000000000000000000e+00 7.321980083361268044e-04
0.000000000000000000e+00 8.044384885579347610e-04
0.000000000000000000e+00 8.500666008330881596e-04
0.000000000000000000e+00 8.367143454961478710e-04
0.000000000000000000e+00 8.433572365902364254e-04
0.000000000000000000e+00 8.409217698499560356e-04
0.000000000000000000e+00 8.458351949229836464e-04
0.000000000000000000e+00 1.049089245498180389e-03
0.000000000000000000e+00 9.961500763893127441e-04
0.000000000000000000e+00 1.002245466224849224e-03
0.000000000000000000e+00 1.080357353202998638e-03
0.000000000000000000e+00 1.106547075323760509e-03
0.000000000000000000e+00 1.204911153763532639e-03
0.000000000000000000e+00 1.439637038856744766e-03
0.000000000000000000e+00 1.263919868506491184e-03
0.000000000000000000e+00 1.414766767993569374e-03
0.000000000000000000e+00 1.245849765837192535e-03
0.000000000000000000e+00 1.349602011032402515e-03
0.000000000000000000e+00 1.229249523021280766e-03
0.000000000000000000e+00 1.258036587387323380e-03
0.000000000000000000e+00 2.317127957940101624e-02
0.000000000000000000e+00 1.863119751214981079e-02
0.000000000000000000e+00 1.306895725429058075e-02
0.000000000000000000e+00 1.006601098924875259e-02
0.000000000000000000e+00 7.427451666444540024e-03
0.000000000000000000e+00 5.428397562354803085e-03
0.000000000000000000e+00 4.858014639467000961e-03
0.000000000000000000e+00 3.804091131314635277e-03
0.000000000000000000e+00 2.840264234691858292e-03
0.000000000000000000e+00 2.040037885308265686e-03
0.000000000000000000e+00 1.312180771492421627e-03
0.000000000000000000e+00 1.157136401161551476e-03
0.000000000000000000e+00 9.835608070716261864e-04
0.000000000000000000e+00 8.774548186920583248e-04
0.000000000000000000e+00 6.753020570613443851e-04
0.000000000000000000e+00 5.257183802314102650e-04
0.000000000000000000e+00 4.138901713304221630e-04
0.000000000000000000e+00 3.354404470883309841e-04
0.000000000000000000e+00 2.654503914527595043e-04
0.000000000000000000e+00 2.700740878935903311e-04
0.000000000000000000e+00 2.196027926402166486e-04
0.000000000000000000e+00 2.232658007415011525e-04
0.000000000000000000e+00 2.081978891510516405e-04
0.000000000000000000e+00 2.028553863056004047e-04
0.000000000000000000e+00 2.099299308611080050e-04
0.000000000000000000e+00 2.019377716351300478e-04
0.000000000000000000e+00 1.967044954653829336e-04
0.000000000000000000e+00 2.277501771459355950e-04
0.000000000000000000e+00 2.147529594367370009e-04
0.000000000000000000e+00 2.198313450207933784e-04
0.000000000000000000e+00 2.033342898357659578e-04
0.000000000000000000e+00 2.294410805916413665e-04
0.000000000000000000e+00 2.111764042638242245e-04
0.000000000000000000e+00 2.603780012577772141e-04
0.000000000000000000e+00 2.371515729464590549e-04
0.000000000000000000e+00 2.374547766521573067e-04
0.000000000000000000e+00 2.812658203765749931e-04
0.000000000000000000e+00 2.828847791533917189e-04
0.000000000000000000e+00 3.051932144444435835e-04
0.000000000000000000e+00 3.427429182920604944e-04
0.000000000000000000e+00 3.617781330831348896e-04
0.000000000000000000e+00 3.872215456794947386e-04
0.000000000000000000e+00 3.868287894874811172e-04
0.000000000000000000e+00 4.415344155859202147e-04
0.000000000000000000e+00 4.562161047942936420e-04
0.000000000000000000e+00 1.017288304865360260e-03
0.000000000000000000e+00 6.574396393261849880e-04
0.000000000000000000e+00 6.192198488861322403e-04
0.000000000000000000e+00 4.738879797514528036e-04
0.000000000000000000e+00 4.159249365329742432e-04
0.000000000000000000e+00 3.601873759180307388e-04
0.000000000000000000e+00 3.203813394065946341e-04
0.000000000000000000e+00 3.283653641119599342e-04
0.000000000000000000e+00 2.885387802962213755e-04
0.000000000000000000e+00 2.195224078604951501e-04
0.000000000000000000e+00 2.751770371105521917e-04
0.000000000000000000e+00 2.422030520392581820e-04
0.000000000000000000e+00 2.708419924601912498e-04
0.000000000000000000e+00 2.562711597420275211e-04
0.000000000000000000e+00 2.564945607446134090e-04
0.000000000000000000e+00 2.580497239250689745e-04
0.000000000000000000e+00 2.668676606845110655e-04
0.000000000000000000e+00 2.806871780194342136e-04
0.000000000000000000e+00 3.013041277881711721e-04
0.000000000000000000e+00 2.932970528490841389e-04
0.000000000000000000e+00 3.228582208976149559e-04
0.000000000000000000e+00 3.501230385154485703e-04
0.000000000000000000e+00 3.191171563230454922e-04
0.000000000000000000e+00 3.512831754051148891e-04
0.000000000000000000e+00 3.020147851202636957e-04
0.000000000000000000e+00 2.930549962911754847e-04
0.000000000000000000e+00 3.554001741576939821e-04
0.000000000000000000e+00 3.391802019905298948e-04
0.000000000000000000e+00 3.357160894665867090e-04
0.000000000000000000e+00 3.614311572164297104e-04
0.000000000000000000e+00 3.505799395497888327e-04
0.000000000000000000e+00 3.403482260182499886e-04
0.000000000000000000e+00 3.289506712462753057e-04
0.000000000000000000e+00 3.342642448842525482e-04
0.000000000000000000e+00 3.530390094965696335e-04
0.000000000000000000e+00 3.661180671770125628e-04
0.000000000000000000e+00 3.508340450935065746e-04
0.000000000000000000e+00 3.860619617626070976e-04
0.000000000000000000e+00 3.664295072667300701e-04
0.000000000000000000e+00 3.458524297457188368e-04
0.000000000000000000e+00 3.391733916942030191e-04
0.000000000000000000e+00 3.590720880310982466e-04
0.000000000000000000e+00 3.883814497385174036e-04
0.000000000000000000e+00 3.751115873456001282e-04
0.000000000000000000e+00 3.912265819963067770e-04
0.000000000000000000e+00 5.218407022766768932e-04
0.000000000000000000e+00 4.724151513073593378e-04
0.000000000000000000e+00 5.545163876377046108e-04
0.000000000000000000e+00 4.177876398898661137e-04
0.000000000000000000e+00 3.971018304582685232e-04
0.000000000000000000e+00 2.934836084023118019e-04
0.000000000000000000e+00 3.206661203876137733e-04
0.000000000000000000e+00 3.356723755132406950e-04
0.000000000000000000e+00 3.663086972665041685e-04
0.000000000000000000e+00 4.257031541783362627e-04
0.000000000000000000e+00 4.158797382842749357e-04
0.000000000000000000e+00 4.132987814955413342e-04
0.000000000000000000e+00 3.741546242963522673e-04
0.000000000000000000e+00 4.393773560877889395e-04
0.000000000000000000e+00 5.856973584741353989e-04
0.000000000000000000e+00 5.730207194574177265e-04
0.000000000000000000e+00 5.956445820629596710e-04
0.000000000000000000e+00 6.267673452384769917e-04
0.000000000000000000e+00 6.436594994738698006e-04
0.000000000000000000e+00 6.125762010924518108e-04
0.000000000000000000e+00 7.185900467447936535e-04
0.000000000000000000e+00 6.294102640822529793e-04
0.000000000000000000e+00 6.836955435574054718e-04
0.000000000000000000e+00 6.436862167902290821e-04
0.000000000000000000e+00 6.731009925715625286e-04
0.000000000000000000e+00 6.592475692741572857e-04
0.000000000000000000e+00 7.578343502245843410e-04
0.000000000000000000e+00 8.689404930919408798e-04
0.000000000000000000e+00 9.054107940755784512e-04
0.000000000000000000e+00 9.634207235649228096e-04
0.000000000000000000e+00 1.156075275503098965e-03
0.000000000000000000e+00 1.006572158075869083e-03
0.000000000000000000e+00 1.077684340998530388e-03
0.000000000000000000e+00 1.135260681621730328e-03
0.000000000000000000e+00 1.233921386301517487e-03
0.000000000000000000e+00 1.326354453340172768e-03
0.000000000000000000e+00 1.246253261342644691e-03
0.000000000000000000e+00 1.559238065965473652e-03
0.000000000000000000e+00 1.279334188438951969e-03
0.000000000000000000e+00 1.435477402992546558e-03
0.000000000000000000e+00 1.251576584763824940e-03
0.000000000000000000e+00 1.110179699026048183e-03
0.000000000000000000e+00 1.488412846811115742e-03
0.000000000000000000e+00 1.430345233529806137e-03
0.000000000000000000e+00 1.461657579056918621e-03
0.000000000000000000e+00 9.198559522628784180e-01
0.000000000000000000e+00 9.297687411308288574e-01
0.000000000000000000e+00 9.321526885032653809e-01
0.000000000000000000e+00 9.292199015617370605e-01
0.000000000000000000e+00 9.337882995605468750e-01
0.000000000000000000e+00 9.357280135154724121e-01
0.000000000000000000e+00 9.331198930740356445e-01
0.000000000000000000e+00 9.354716539382934570e-01
0.000000000000000000e+00 9.402128458023071289e-01
0.000000000000000000e+00 9.397871494293212891e-01
0.000000000000000000e+00 9.392856359481811523e-01
0.000000000000000000e+00 9.405752420425415039e-01
0.000000000000000000e+00 9.403064250946044922e-01
0.000000000000000000e+00 9.392291903495788574e-01
0.000000000000000000e+00 9.405930638313293457e-01
0.000000000000000000e+00 9.400226473808288574e-01
0.000000000000000000e+00 9.387062788009643555e-01
0.000000000000000000e+00 9.406840205192565918e-01
0.000000000000000000e+00 9.404348134994506836e-01
0.000000000000000000e+00 9.408596754074096680e-01
0.000000000000000000e+00 9.423643350601196289e-01
0.000000000000000000e+00 9.377249479293823242e-01
0.000000000000000000e+00 9.448413848876953125e-01
0.000000000000000000e+00 9.434840083122253418e-01
0.000000000000000000e+00 9.451057910919189453e-01
0.000000000000000000e+00 9.500744342803955078e-01
0.000000000000000000e+00 9.455194473266601562e-01
0.000000000000000000e+00 9.512212276458740234e-01
0.000000000000000000e+00 9.526811242103576660e-01
0.000000000000000000e+00 9.477636814117431641e-01
0.000000000000000000e+00 9.483922123908996582e-01
0.000000000000000000e+00 9.425566196441650391e-01
0.000000000000000000e+00 9.499729871749877930e-01
0.000000000000000000e+00 9.472823739051818848e-01
0.000000000000000000e+00 9.471827745437622070e-01
0.000000000000000000e+00 9.488442540168762207e-01
0.000000000000000000e+00 9.431667327880859375e-01
0.000000000000000000e+00 9.421554207801818848e-01
0.000000000000000000e+00 9.428152441978454590e-01
0.000000000000000000e+00 9.381960630416870117e-01
0.000000000000000000e+00 9.391872286796569824e-01
0.000000000000000000e+00 9.339199066162109375e-01
0.000000000000000000e+00 9.382817149162292480e-01
0.000000000000000000e+00 9.316171407699584961e-01
0.000000000000000000e+00 9.274222254753112793e-01
0.000000000000000000e+00 5.072773434221744537e-03
1.000000000000000000e+00 4.433904308825731277e-03
0.000000000000000000e+00 2.322260988876223564e-03
0.000000000000000000e+00 2.136366441845893860e-03
0.000000000000000000e+00 1.447671325877308846e-03
0.000000000000000000e+00 1.020513009279966354e-03
0.000000000000000000e+00 5.889171152375638485e-04
0.000000000000000000e+00 4.222149436827749014e-04
0.000000000000000000e+00 3.451054508332163095e-04
0.000000000000000000e+00 2.565466566011309624e-04
0.000000000000000000e+00 2.350434660911560059e-04
0.000000000000000000e+00 1.555031340103596449e-04
0.000000000000000000e+00 1.335550623480230570e-04
0.000000000000000000e+00 8.308350516017526388e-05
0.000000000000000000e+00 6.810188642702996731e-05
0.000000000000000000e+00 6.003019007039256394e-05
0.000000000000000000e+00 5.726213566958904266e-05
0.000000000000000000e+00 6.300180393736809492e-05
0.000000000000000000e+00 6.268622382776811719e-05
0.000000000000000000e+00 6.148755346657708287e-05
0.000000000000000000e+00 8.550062193535268307e-05
0.000000000000000000e+00 9.517973376205191016e-05
0.000000000000000000e+00 8.703505591256543994e-05
0.000000000000000000e+00 9.682570816949009895e-05
0.000000000000000000e+00 9.227882401319220662e-05
0.000000000000000000e+00 1.109760851250030100e-04
0.000000000000000000e+00 1.146902141044847667e-04
0.000000000000000000e+00 1.770917879184707999e-04
0.000000000000000000e+00 2.178352151531726122e-04
0.000000000000000000e+00 2.698002499528229237e-04
0.000000000000000000e+00 5.163748865015804768e-04
0.000000000000000000e+00 6.249019061215221882e-04
0.000000000000000000e+00 8.358537452295422554e-04
0.000000000000000000e+00 9.727617143653333187e-04
0.000000000000000000e+00 1.110184472054243088e-03
0.000000000000000000e+00 1.573824556544423103e-03
0.000000000000000000e+00 1.748198410496115685e-03
0.000000000000000000e+00 3.378336317837238312e-03
0.000000000000000000e+00 2.117261290550231934e-03
0.000000000000000000e+00 2.640719525516033173e-03
0.000000000000000000e+00 2.961016492918133736e-03
0.000000000000000000e+00 4.380034282803535461e-03
0.000000000000000000e+00 6.699336692690849304e-03
0.000000000000000000e+00 8.558253757655620575e-03
0.000000000000000000e+00 6.794097367674112320e-03
