0.000000000000000000e+00 9.931204319000244141e-01
0.000000000000000000e+00 9.899138212203979492e-01
0.000000000000000000e+00 9.903864860534667969e-01
0.000000000000000000e+00 9.908123612403869629e-01
0.000000000000000000e+00 9.929398298263549805e-01
0.000000000000000000e+00 9.866757988929748535e-01
0.000000000000000000e+00 9.865190386772155762e-01
0.000000000000000000e+00 9.904491305351257324e-01
0.000000000000000000e+00 9.934486746788024902e-01
0.000000000000000000e+00 9.897582530975341797e-01
0.000000000000000000e+00 9.871093034744262695e-01
0.000000000000000000e+00 9.899939894676208496e-01
0.000000000000000000e+00 9.855717420578002930e-01
0.000000000000000000e+00 9.903464913368225098e-01
0.000000000000000000e+00 9.929786324501037598e-01
0.000000000000000000e+00 9.893381595611572266e-01
1.000000000000000000e+00 9.872982501983642578e-01
1.000000000000000000e+00 9.886937737464904785e-01
1.000000000000000000e+00 9.862376451492309570e-01
0.000000000000000000e+00 9.866488575935363770e-01
0.000000000000000000e+00 9.871147871017456055e-01
0.000000000000000000e+00 9.865873456001281738e-01
1.000000000000000000e+00 9.891569614410400391e-01
1.000000000000000000e+00 9.855316877365112305e-01
1.000000000000000000e+00 9.881500005722045898e-01
1.000000000000000000e+00 9.878839850425720215e-01
1.000000000000000000e+00 9.867171049118041992e-01
1.000000000000000000e+00 9.909881949424743652e-01
1.000000000000000000e+00 9.825129508972167969e-01
1.000000000000000000e+00 9.860988855361938477e-01
1.000000000000000000e+00 9.800989627838134766e-01
1.000000000000000000e+00 9.620794057846069336e-01
0.000000000000000000e+00 9.168000817298889160e-01
0.000000000000000000e+00 9.146075248718261719e-01
0.000000000000000000e+00 8.173472285270690918e-01
0.000000000000000000e+00 6.287530064582824707e-01
0.000000000000000000e+00 5.754210352897644043e-01
0.000000000000000000e+00 4.087193310260772705e-01
0.000000000000000000e+00 2.645614743232727051e-01
0.000000000000000000e+00 1.927526891231536865e-01
0.000000000000000000e+00 9.669442474842071533e-02
0.000000000000000000e+00 9.242647886276245117e-02
0.000000000000000000e+00 5.507299304008483887e-02
0.000000000000000000e+00 2.773777209222316742e-02
0.000000000000000000e+00 1.563265360891819000e-02
0.000000000000000000e+00 1.162254344671964645e-02
0.000000000000000000e+00 8.961071260273456573e-03
0.000000000000000000e+00 7.373535074293613434e-03
0.000000000000000000e+00 6.927190348505973816e-03
0.000000000000000000e+00 6.282378453761339188e-03
0.000000000000000000e+00 7.722639944404363632e-03
0.000000000000000000e+00 7.817135192453861237e-03
0.000000000000000000e+00 9.438313543796539307e-03
0.000000000000000000e+00 1.109557505697011948e-02
0.000000000000000000e+00 1.305204350501298904e-02
1.000000000000000000e+00 1.972299069166183472e-02
1.000000000000000000e+00 3.109014965593814850e-02
0.000000000000000000e+00 4.820450395345687866e-02
0.000000000000000000e+00 7.319744676351547241e-02
0.000000000000000000e+00 9.041795879602432251e-02
0.000000000000000000e+00 1.123462021350860596e-01
1.000000000000000000e+00 1.651118248701095581e-01
1.000000000000000000e+00 1.661215424537658691e-01
1.000000000000000000e+00 2.772059142589569092e-01
1.000000000000000000e+00 2.578460276126861572e-01
1.000000000000000000e+00 4.545765221118927002e-01
1.000000000000000000e+00 5.290813446044921875e-01
1.000000000000000000e+00 6.043978929519653320e-01
1.000000000000000000e+00 5.595061779022216797e-01
1.000000000000000000e+00 5.945425033569335938e-01
0.000000000000000000e+00 5.906103849411010742e-01
0.000000000000000000e+00 4.526548981666564941e-01
0.000000000000000000e+00 4.961275458335876465e-01
0.000000000000000000e+00 3.628544509410858154e-01
0.000000000000000000e+00 2.146546393632888794e-01
0.000000000000000000e+00 9.801440834999084473e-01
0.000000000000000000e+00 9.861272573471069336e-01
0.000000000000000000e+00 9.809108376502990723e-01
0.000000000000000000e+00 9.778490066528320312e-01
0.000000000000000000e+00 9.817675948143005371e-01
0.000000000000000000e+00 9.831503033638000488e-01
0.000000000000000000e+00 9.819038510322570801e-01
0.000000000000000000e+00 9.759389162063598633e-01
0.000000000000000000e+00 9.825670123100280762e-01
0.000000000000000000e+00 9.456131458282470703e-01
0.000000000000000000e+00 9.561526179313659668e-01
0.000000000000000000e+00 9.578205943107604980e-01
0.000000000000000000e+00 9.375215172767639160e-01
0.000000000000000000e+00 9.179565310478210449e-01
1.000000000000000000e+00 8.881422281265258789e-01
1.000000000000000000e+00 8.491911888122558594e-01
1.000000000000000000e+00 8.592085838317871094e-01
1.000000000000000000e+00 8.752270340919494629e-01
1.000000000000000000e+00 9.241170883178710938e-01
1.000000000000000000e+00 9.310783147811889648e-01
0.000000000000000000e+00 9.123430252075195312e-01
1.000000000000000000e+00 9.322651028633117676e-01
1.000000000000000000e+00 8.844110369682312012e-01
1.000000000000000000e+00 9.063385128974914551e-01
0.000000000000000000e+00 9.494497776031494141e-01
1.000000000000000000e+00 8.546715378761291504e-01
1.000000000000000000e+00 8.351391553878784180e-01
1.000000000000000000e+00 6.328847408294677734e-01
1.000000000000000000e+00 6.814300417900085449e-01
0.000000000000000000e+00 6.670922040939331055e-01
1.000000000000000000e+00 5.011366605758666992e-01
1.000000000000000000e+00 3.842191696166992188e-01
1.000000000000000000e+00 2.966146171092987061e-01
1.000000000000000000e+00 2.722950279712677002e-01
1.000000000000000000e+00 1.880979537963867188e-01
0.000000000000000000e+00 1.379296928644180298e-01
0.000000000000000000e+00 8.571014553308486938e-02
0.000000000000000000e+00 8.747412264347076416e-02
0.000000000000000000e+00 7.403951883316040039e-02
0.000000000000000000e+00 7.576826959848403931e-02
0.000000000000000000e+00 6.412535905838012695e-02
0.000000000000000000e+00 7.802964746952056885e-02
0.000000000000000000e+00 7.919888943433761597e-02
0.000000000000000000e+00 6.477308273315429688e-02
0.000000000000000000e+00 6.356161832809448242e-02
0.000000000000000000e+00 5.827248841524124146e-02
0.000000000000000000e+00 5.039155483245849609e-02
0.000000000000000000e+00 5.344533547759056091e-02
0.000000000000000000e+00 6.562346220016479492e-02
0.000000000000000000e+00 5.300244688987731934e-02
0.000000000000000000e+00 6.272901594638824463e-02
0.000000000000000000e+00 6.858535110950469971e-02
0.000000000000000000e+00 7.363789528608322144e-02
0.000000000000000000e+00 7.542262971401214600e-02
0.000000000000000000e+00 8.173070102930068970e-02
0.000000000000000000e+00 6.368330121040344238e-02
0.000000000000000000e+00 5.731458216905593872e-02
0.000000000000000000e+00 6.113264709711074829e-02
0.000000000000000000e+00 6.749506294727325439e-02
0.000000000000000000e+00 5.935005471110343933e-02
0.000000000000000000e+00 6.108085438609123230e-02
0.000000000000000000e+00 6.714759767055511475e-02
0.000000000000000000e+00 5.464990437030792236e-02
0.000000000000000000e+00 6.285655498504638672e-02
0.000000000000000000e+00 6.725469231605529785e-02
0.000000000000000000e+00 7.395496219396591187e-02
0.000000000000000000e+00 8.413220196962356567e-02
0.000000000000000000e+00 1.001947447657585144e-01
0.000000000000000000e+00 1.049173995852470398e-01
0.000000000000000000e+00 9.609184414148330688e-02
0.000000000000000000e+00 8.895978331565856934e-02
0.000000000000000000e+00 8.807125687599182129e-02
0.000000000000000000e+00 1.070131659507751465e-01
0.000000000000000000e+00 1.275409460067749023e-01
0.000000000000000000e+00 1.200813427567481995e-01
1.000000000000000000e+00 9.606311917304992676e-01
1.000000000000000000e+00 9.240026473999023438e-01
1.000000000000000000e+00 8.376494050025939941e-01
1.000000000000000000e+00 4.353454113006591797e-01
1.000000000000000000e+00 1.514874696731567383e-01
1.000000000000000000e+00 1.553398463875055313e-02
0.000000000000000000e+00 4.587163683027029037e-03
0.000000000000000000e+00 1.752907293848693371e-03
0.000000000000000000e+00 1.157376100309193134e-03
0.000000000000000000e+00 4.997548530809581280e-04
0.000000000000000000e+00 2.264706417918205261e-04
0.000000000000000000e+00 1.271534420084208250e-04
0.000000000000000000e+00 1.090772275347262621e-04
0.000000000000000000e+00 7.441636989824473858e-05
0.000000000000000000e+00 5.600378790404647589e-05
0.000000000000000000e+00 3.120563269476406276e-05
0.000000000000000000e+00 1.831274312280584127e-05
0.000000000000000000e+00 1.476284069212852046e-05
0.000000000000000000e+00 1.032776617648778483e-05
0.000000000000000000e+00 7.491679298254894093e-06
0.000000000000000000e+00 1.136214541475055739e-05
0.000000000000000000e+00 1.104559851228259504e-05
0.000000000000000000e+00 1.310861898673465475e-05
0.000000000000000000e+00 5.769988092652056366e-06
1.000000000000000000e+00 5.594812591880327091e-06
1.000000000000000000e+00 4.438314135768450797e-06
1.000000000000000000e+00 3.635957909864373505e-06
1.000000000000000000e+00 4.724860900751082227e-06
1.000000000000000000e+00 4.971337148163001984e-06
0.000000000000000000e+00 5.427325049822684377e-06
0.000000000000000000e+00 6.692818715237081051e-06
0.000000000000000000e+00 1.148821866081561893e-05
1.000000000000000000e+00 2.069839320029132068e-05
1.000000000000000000e+00 2.061093800875823945e-05
0.000000000000000000e+00 2.208357182098552585e-05
0.000000000000000000e+00 2.588413735793437809e-05
0.000000000000000000e+00 2.880589454434812069e-05
0.000000000000000000e+00 2.654210402397438884e-05
0.000000000000000000e+00 2.672084519872441888e-05
0.000000000000000000e+00 5.481949119712226093e-05
0.000000000000000000e+00 4.509239079197868705e-05
0.000000000000000000e+00 5.017663352191448212e-05
0.000000000000000000e+00 4.586613795254379511e-05
0.000000000000000000e+00 3.708619988174177706e-05
0.000000000000000000e+00 1.964463808690197766e-05
0.000000000000000000e+00 1.933124804054386914e-05
0.000000000000000000e+00 2.159809992008376867e-05
0.000000000000000000e+00 2.168316677852999419e-05
0.000000000000000000e+00 2.872107870643958449e-05
0.000000000000000000e+00 1.763648288033436984e-05
0.000000000000000000e+00 1.112191603169776499e-05
0.000000000000000000e+00 9.928578037943225354e-06
0.000000000000000000e+00 1.276680904993554577e-05
0.000000000000000000e+00 2.727369428612291813e-05
0.000000000000000000e+00 2.102311555063351989e-05
0.000000000000000000e+00 1.836169030866585672e-05
0.000000000000000000e+00 2.113457958330400288e-05
0.000000000000000000e+00 1.563038131280336529e-05
0.000000000000000000e+00 1.595412322785705328e-05
0.000000000000000000e+00 1.217583940160693601e-05
0.000000000000000000e+00 1.661355963733512908e-05
0.000000000000000000e+00 1.462047748646000400e-05
0.000000000000000000e+00 2.101672180288005620e-05
0.000000000000000000e+00 1.758878170221578330e-05
0.000000000000000000e+00 2.523109833418857306e-05
0.000000000000000000e+00 2.157098970201332122e-05
0.000000000000000000e+00 4.946239278069697320e-05
0.000000000000000000e+00 4.049185008625499904e-05
0.000000000000000000e+00 9.319435775978490710e-05
0.000000000000000000e+00 6.712206231895834208e-05
0.000000000000000000e+00 7.862976053729653358e-05
0.000000000000000000e+00 7.682008435949683189e-05
0.000000000000000000e+00 6.787237362004816532e-05
0.000000000000000000e+00 5.012694236938841641e-05
0.000000000000000000e+00 6.187447434058412910e-05
1.000000000000000000e+00 9.747845530509948730e-01
1.000000000000000000e+00 9.752216339111328125e-01
1.000000000000000000e+00 9.673028588294982910e-01
1.000000000000000000e+00 9.532092213630676270e-01
1.000000000000000000e+00 9.606868624687194824e-01
0.000000000000000000e+00 9.418092966079711914e-01
0.000000000000000000e+00 8.916627764701843262e-01
0.000000000000000000e+00 8.059554696083068848e-01
0.000000000000000000e+00 7.919119596481323242e-01
0.000000000000000000e+00 5.928066968917846680e-01
0.000000000000000000e+00 4.701670706272125244e-01
0.000000000000000000e+00 4.336807131767272949e-01
0.000000000000000000e+00 2.296037971973419189e-01
0.000000000000000000e+00 1.272656321525573730e-01
0.000000000000000000e+00 1.164016798138618469e-01
0.000000000000000000e+00 9.442945569753646851e-02
0.000000000000000000e+00 8.936307579278945923e-02
0.000000000000000000e+00 7.127437740564346313e-02
0.000000000000000000e+00 5.495074763894081116e-02
0.000000000000000000e+00 5.806473270058631897e-02
0.000000000000000000e+00 6.068296357989311218e-02
0.000000000000000000e+00 7.464838027954101562e-02
1.000000000000000000e+00 7.950499653816223145e-02
0.000000000000000000e+00 5.801616236567497253e-02
0.000000000000000000e+00 6.469792127609252930e-02
0.000000000000000000e+00 5.628773942589759827e-02
0.000000000000000000e+00 4.691784828901290894e-02
0.000000000000000000e+00 6.890182197093963623e-02
0.000000000000000000e+00 6.398035585880279541e-02
0.000000000000000000e+00 1.064889132976531982e-01
0.000000000000000000e+00 9.330540150403976440e-02
0.000000000000000000e+00 7.843139767646789551e-02
0.000000000000000000e+00 7.777612656354904175e-02
0.000000000000000000e+00 8.698303997516632080e-02
0.000000000000000000e+00 7.957634329795837402e-02
0.000000000000000000e+00 5.983266234397888184e-02
0.000000000000000000e+00 7.076065242290496826e-02
0.000000000000000000e+00 5.220195278525352478e-02
0.000000000000000000e+00 4.253091290593147278e-02
0.000000000000000000e+00 4.176048189401626587e-02
0.000000000000000000e+00 4.660196974873542786e-02
0.000000000000000000e+00 3.624068573117256165e-02
0.000000000000000000e+00 4.009420424699783325e-02
0.000000000000000000e+00 3.602850437164306641e-02
0.000000000000000000e+00 3.789280727505683899e-02
0.000000000000000000e+00 2.890736609697341919e-02
0.000000000000000000e+00 4.049917683005332947e-02
0.000000000000000000e+00 5.694745481014251709e-02
0.000000000000000000e+00 1.058926582336425781e-01
0.000000000000000000e+00 1.860349029302597046e-01
0.000000000000000000e+00 2.733934819698333740e-01
0.000000000000000000e+00 5.260737538337707520e-01
0.000000000000000000e+00 6.237872838973999023e-01
0.000000000000000000e+00 7.034717798233032227e-01
0.000000000000000000e+00 6.736702322959899902e-01
0.000000000000000000e+00 6.648778319358825684e-01
1.000000000000000000e+00 7.623922228813171387e-01
0.000000000000000000e+00 7.099658250808715820e-01
0.000000000000000000e+00 8.050561547279357910e-01
1.000000000000000000e+00 8.777836561203002930e-01
1.000000000000000000e+00 8.929597735404968262e-01
0.000000000000000000e+00 8.959501385688781738e-01
0.000000000000000000e+00 9.310954809188842773e-01
0.000000000000000000e+00 8.738444447517395020e-01
0.000000000000000000e+00 8.816165328025817871e-01
0.000000000000000000e+00 7.734014987945556641e-01
1.000000000000000000e+00 7.924456000328063965e-01
1.000000000000000000e+00 6.281509399414062500e-01
1.000000000000000000e+00 4.827981889247894287e-01
1.000000000000000000e+00 2.247179597616195679e-01
0.000000000000000000e+00 6.379434466361999512e-02
0.000000000000000000e+00 6.502921134233474731e-02
0.000000000000000000e+00 3.740523010492324829e-02
0.000000000000000000e+00 2.182156220078468323e-02
0.000000000000000000e+00 1.788828708231449127e-02
0.000000000000000000e+00 6.977516412734985352e-01
0.000000000000000000e+00 2.817064821720123291e-01
1.000000000000000000e+00 2.042349576950073242e-01
0.000000000000000000e+00 8.733265101909637451e-02
0.000000000000000000e+00 6.038707867264747620e-02
0.000000000000000000e+00 4.161829128861427307e-02
0.000000000000000000e+00 2.233190648257732391e-02
0.000000000000000000e+00 5.601516366004943848e-02
0.000000000000000000e+00 4.889481887221336365e-02
0.000000000000000000e+00 3.858172893524169922e-02
0.000000000000000000e+00 3.012958541512489319e-02
0.000000000000000000e+00 6.645502895116806030e-02
0.000000000000000000e+00 6.499541550874710083e-02
0.000000000000000000e+00 6.671683490276336670e-02
0.000000000000000000e+00 6.048336252570152283e-02
0.000000000000000000e+00 4.822887852787971497e-02
1.000000000000000000e+00 6.359273195266723633e-02
0.000000000000000000e+00 8.342877775430679321e-02
0.000000000000000000e+00 2.208660244941711426e-01
0.000000000000000000e+00 3.021752834320068359e-01
0.000000000000000000e+00 4.833086729049682617e-01
0.000000000000000000e+00 5.568177700042724609e-01
0.000000000000000000e+00 5.991787314414978027e-01
0.000000000000000000e+00 6.295181512832641602e-01
0.000000000000000000e+00 4.555381238460540771e-01
0.000000000000000000e+00 4.219572544097900391e-01
0.000000000000000000e+00 4.375001192092895508e-01
0.000000000000000000e+00 3.176451325416564941e-01
0.000000000000000000e+00 4.245752692222595215e-01
0.000000000000000000e+00 5.497089624404907227e-01
0.000000000000000000e+00 4.279816150665283203e-01
0.000000000000000000e+00 3.254352509975433350e-01
0.000000000000000000e+00 2.925350666046142578e-01
0.000000000000000000e+00 2.996769249439239502e-01
0.000000000000000000e+00 2.397788614034652710e-01
0.000000000000000000e+00 1.434063166379928589e-01
0.000000000000000000e+00 1.229204386472702026e-01
0.000000000000000000e+00 6.714574247598648071e-02
0.000000000000000000e+00 7.959012687206268311e-02
0.000000000000000000e+00 7.105895131826400757e-02
0.000000000000000000e+00 9.093963354825973511e-02
0.000000000000000000e+00 1.082338914275169373e-01
0.000000000000000000e+00 1.531053632497787476e-01
0.000000000000000000e+00 1.566945612430572510e-01
0.000000000000000000e+00 8.501616120338439941e-02
0.000000000000000000e+00 6.449056416749954224e-02
0.000000000000000000e+00 1.147563979029655457e-01
0.000000000000000000e+00 1.543252468109130859e-01
0.000000000000000000e+00 3.802983760833740234e-01
0.000000000000000000e+00 5.596393942832946777e-01
0.000000000000000000e+00 7.307361960411071777e-01
0.000000000000000000e+00 8.183748126029968262e-01
0.000000000000000000e+00 8.850336074829101562e-01
0.000000000000000000e+00 9.389315843582153320e-01
0.000000000000000000e+00 9.268561601638793945e-01
0.000000000000000000e+00 9.553962349891662598e-01
0.000000000000000000e+00 9.557162523269653320e-01
0.000000000000000000e+00 9.583014845848083496e-01
0.000000000000000000e+00 9.180625081062316895e-01
0.000000000000000000e+00 9.351602196693420410e-01
0.000000000000000000e+00 8.831710815429687500e-01
0.000000000000000000e+00 9.184557199478149414e-01
0.000000000000000000e+00 8.677657246589660645e-01
0.000000000000000000e+00 8.748959302902221680e-01
0.000000000000000000e+00 8.339443802833557129e-01
0.000000000000000000e+00 7.329825162887573242e-01
1.000000000000000000e+00 8.260636925697326660e-01
1.000000000000000000e+00 7.007507085800170898e-01
1.000000000000000000e+00 6.410915255546569824e-01
1.000000000000000000e+00 6.921104788780212402e-01
1.000000000000000000e+00 5.757652521133422852e-01
1.000000000000000000e+00 5.673266649246215820e-01
1.000000000000000000e+00 3.389367759227752686e-01
0.000000000000000000e+00 2.928650975227355957e-01
1.000000000000000000e+00 2.957158982753753662e-01
1.000000000000000000e+00 1.052019149065017700e-01
1.000000000000000000e+00 3.475635126233100891e-02
1.000000000000000000e+00 3.397530689835548401e-02
0.000000000000000000e+00 3.518576920032501221e-02
0.000000000000000000e+00 2.633588761091232300e-02
0.000000000000000000e+00 1.347810495644807816e-02
0.000000000000000000e+00 2.039906755089759827e-02
0.000000000000000000e+00 1.123349182307720184e-02
0.000000000000000000e+00 1.524544321000576019e-02
0.000000000000000000e+00 1.652899011969566345e-02
0.000000000000000000e+00 1.847173273563385010e-02
0.000000000000000000e+00 3.052101284265518188e-02
0.000000000000000000e+00 3.993472084403038025e-02
0.000000000000000000e+00 5.078846961259841919e-02
0.000000000000000000e+00 4.508525878190994263e-02
0.000000000000000000e+00 7.085086405277252197e-02
0.000000000000000000e+00 1.269245445728302002e-01
0.000000000000000000e+00 1.616468578577041626e-01
0.000000000000000000e+00 1.097605153918266296e-01
0.000000000000000000e+00 1.170729175209999084e-01
0.000000000000000000e+00 1.439935564994812012e-01
0.000000000000000000e+00 1.571703851222991943e-01
0.000000000000000000e+00 1.205994859337806702e-01
0.000000000000000000e+00 9.316071867942810059e-02
0.000000000000000000e+00 7.006290555000305176e-02
0.000000000000000000e+00 5.980714783072471619e-02
0.000000000000000000e+00 5.938512459397315979e-02
0.000000000000000000e+00 3.437912464141845703e-02
0.000000000000000000e+00 4.105894267559051514e-02
0.000000000000000000e+00 2.354023791849613190e-02
0.000000000000000000e+00 2.171103283762931824e-02
0.000000000000000000e+00 1.949791423976421356e-02
0.000000000000000000e+00 2.003722451627254486e-02
0.000000000000000000e+00 2.245800942182540894e-02
0.000000000000000000e+00 1.409520022571086884e-02
0.000000000000000000e+00 1.169411744922399521e-02
0.000000000000000000e+00 1.704518124461174011e-02
0.000000000000000000e+00 1.657637953758239746e-02
0.000000000000000000e+00 1.675377413630485535e-02
0.000000000000000000e+00 1.903352141380310059e-02
0.000000000000000000e+00 1.911280117928981781e-02
0.000000000000000000e+00 2.152195945382118225e-02
0.000000000000000000e+00 1.433056872338056564e-02
0.000000000000000000e+00 1.583260484039783478e-02
0.000000000000000000e+00 1.968745887279510498e-02
0.000000000000000000e+00 1.740740425884723663e-02
0.000000000000000000e+00 2.185367792844772339e-02
0.000000000000000000e+00 3.316881135106086731e-02
0.000000000000000000e+00 4.215462878346443176e-02
0.000000000000000000e+00 5.520755797624588013e-02
0.000000000000000000e+00 7.546433806419372559e-02
0.000000000000000000e+00 5.819100886583328247e-02
0.000000000000000000e+00 1.849333345890045166e-01
0.000000000000000000e+00 2.358492761850357056e-01
0.000000000000000000e+00 2.512132525444030762e-01
1.000000000000000000e+00 3.469889163970947266e-01
1.000000000000000000e+00 2.619660496711730957e-01
1.000000000000000000e+00 2.298315316438674927e-01
0.000000000000000000e+00 3.335590660572052002e-01
1.000000000000000000e+00 5.009824633598327637e-01
1.000000000000000000e+00 5.409676432609558105e-01
1.000000000000000000e+00 4.996034801006317139e-01
1.000000000000000000e+00 5.353196263313293457e-01
1.000000000000000000e+00 5.965302586555480957e-01
0.000000000000000000e+00 3.480234146118164062e-01
0.000000000000000000e+00 2.147748619318008423e-01
1.000000000000000000e+00 1.880296766757965088e-01
1.000000000000000000e+00 1.908220797777175903e-01
1.000000000000000000e+00 1.328021585941314697e-01
1.000000000000000000e+00 9.952733665704727173e-02
0.000000000000000000e+00 5.803531780838966370e-02
0.000000000000000000e+00 4.521032050251960754e-02
0.000000000000000000e+00 3.199978172779083252e-02
0.000000000000000000e+00 2.672730572521686554e-02
0.000000000000000000e+00 2.165902592241764069e-02
1.000000000000000000e+00 9.797532558441162109e-01
1.000000000000000000e+00 9.607204198837280273e-01
1.000000000000000000e+00 9.728605747222900391e-01
1.000000000000000000e+00 9.653288125991821289e-01
1.000000000000000000e+00 9.366626143455505371e-01
1.000000000000000000e+00 9.111285805702209473e-01
1.000000000000000000e+00 8.029164075851440430e-01
0.000000000000000000e+00 5.416889190673828125e-01
0.000000000000000000e+00 5.053164958953857422e-01
0.000000000000000000e+00 3.778648972511291504e-01
0.000000000000000000e+00 2.802408635616302490e-01
0.000000000000000000e+00 2.913929224014282227e-01
0.000000000000000000e+00 2.059145271778106689e-01
0.000000000000000000e+00 9.844386577606201172e-02
0.000000000000000000e+00 1.241465881466865540e-01
0.000000000000000000e+00 7.295493036508560181e-02
1.000000000000000000e+00 6.464606523513793945e-02
0.000000000000000000e+00 5.191025882959365845e-02
0.000000000000000000e+00 5.802031606435775757e-02
0.000000000000000000e+00 7.731666415929794312e-02
0.000000000000000000e+00 6.229232251644134521e-02
0.000000000000000000e+00 1.383183449506759644e-01
0.000000000000000000e+00 8.086526393890380859e-02
0.000000000000000000e+00 1.651667803525924683e-01
0.000000000000000000e+00 1.233464106917381287e-01
0.000000000000000000e+00 1.732355952262878418e-01
0.000000000000000000e+00 1.990223675966262817e-01
0.000000000000000000e+00 1.032597050070762634e-01
0.000000000000000000e+00 1.358569115400314331e-01
0.000000000000000000e+00 1.484411507844924927e-01
0.000000000000000000e+00 2.349327355623245239e-01
0.000000000000000000e+00 1.782574057579040527e-01
0.000000000000000000e+00 2.362631410360336304e-01
0.000000000000000000e+00 2.243957072496414185e-01
0.000000000000000000e+00 2.260971069335937500e-01
0.000000000000000000e+00 1.625983417034149170e-01
0.000000000000000000e+00 1.253138184547424316e-01
0.000000000000000000e+00 1.925917863845825195e-01
0.000000000000000000e+00 2.110307216644287109e-01
0.000000000000000000e+00 1.549291461706161499e-01
0.000000000000000000e+00 1.526625007390975952e-01
0.000000000000000000e+00 1.604749411344528198e-01
0.000000000000000000e+00 1.093584746122360229e-01
0.000000000000000000e+00 8.252916485071182251e-02
0.000000000000000000e+00 1.082280501723289490e-01
0.000000000000000000e+00 6.559135019779205322e-02
0.000000000000000000e+00 4.904322698712348938e-02
0.000000000000000000e+00 1.396636962890625000e-01
0.000000000000000000e+00 2.450781613588333130e-01
0.000000000000000000e+00 3.623340129852294922e-01
0.000000000000000000e+00 3.397214710712432861e-01
0.000000000000000000e+00 4.714148342609405518e-01
0.000000000000000000e+00 5.895529985427856445e-01
0.000000000000000000e+00 6.409456729888916016e-01
0.000000000000000000e+00 7.602854371070861816e-01
1.000000000000000000e+00 6.861295700073242188e-01
1.000000000000000000e+00 8.463283181190490723e-01
1.000000000000000000e+00 8.204800486564636230e-01
1.000000000000000000e+00 8.523759245872497559e-01
1.000000000000000000e+00 7.565001845359802246e-01
1.000000000000000000e+00 7.507948279380798340e-01
0.000000000000000000e+00 8.092138767242431641e-01
0.000000000000000000e+00 7.258762121200561523e-01
0.000000000000000000e+00 8.371089100837707520e-01
0.000000000000000000e+00 7.418959736824035645e-01
0.000000000000000000e+00 6.607742309570312500e-01
0.000000000000000000e+00 6.970522999763488770e-01
0.000000000000000000e+00 5.309849977493286133e-01
0.000000000000000000e+00 3.672939240932464600e-01
0.000000000000000000e+00 3.130849599838256836e-01
0.000000000000000000e+00 2.917123138904571533e-01
0.000000000000000000e+00 1.978780776262283325e-01
0.000000000000000000e+00 1.468738764524459839e-01
0.000000000000000000e+00 9.902708977460861206e-02
0.000000000000000000e+00 4.801573231816291809e-02
0.000000000000000000e+00 8.191246986389160156e-01
0.000000000000000000e+00 8.646788001060485840e-01
0.000000000000000000e+00 8.394067287445068359e-01
0.000000000000000000e+00 8.279216289520263672e-01
0.000000000000000000e+00 8.755730390548706055e-01
0.000000000000000000e+00 8.745298385620117188e-01
0.000000000000000000e+00 8.222643136978149414e-01
0.000000000000000000e+00 7.153768539428710938e-01
0.000000000000000000e+00 7.636654973030090332e-01
0.000000000000000000e+00 7.519246339797973633e-01
0.000000000000000000e+00 7.662695050239562988e-01
0.000000000000000000e+00 7.195966243743896484e-01
0.000000000000000000e+00 7.413132190704345703e-01
0.000000000000000000e+00 6.995865106582641602e-01
0.000000000000000000e+00 7.108028531074523926e-01
0.000000000000000000e+00 5.670052766799926758e-01
0.000000000000000000e+00 6.129217743873596191e-01
0.000000000000000000e+00 3.998847007751464844e-01
0.000000000000000000e+00 3.798461854457855225e-01
0.000000000000000000e+00 4.520334005355834961e-01
0.000000000000000000e+00 4.150104224681854248e-01
1.000000000000000000e+00 5.233342647552490234e-01
1.000000000000000000e+00 7.230229973793029785e-01
1.000000000000000000e+00 7.231801152229309082e-01
0.000000000000000000e+00 8.182211518287658691e-01
0.000000000000000000e+00 5.284506678581237793e-01
0.000000000000000000e+00 6.410093307495117188e-01
0.000000000000000000e+00 6.336532235145568848e-01
0.000000000000000000e+00 5.665033459663391113e-01
0.000000000000000000e+00 6.076235771179199219e-01
0.000000000000000000e+00 5.593544840812683105e-01
0.000000000000000000e+00 6.233502030372619629e-01
0.000000000000000000e+00 5.132485032081604004e-01
0.000000000000000000e+00 4.738890826702117920e-01
0.000000000000000000e+00 3.683316111564636230e-01
0.000000000000000000e+00 3.110580146312713623e-01
0.000000000000000000e+00 3.931067585945129395e-01
0.000000000000000000e+00 3.888758122920989990e-01
0.000000000000000000e+00 2.554841637611389160e-01
0.000000000000000000e+00 1.313301324844360352e-01
0.000000000000000000e+00 1.309920549392700195e-01
0.000000000000000000e+00 8.303871005773544312e-02
0.000000000000000000e+00 1.142769232392311096e-01
0.000000000000000000e+00 9.881627559661865234e-02
0.000000000000000000e+00 6.764645874500274658e-02
0.000000000000000000e+00 4.964940994977951050e-02
0.000000000000000000e+00 4.718864709138870239e-02
0.000000000000000000e+00 7.048653066158294678e-02
1.000000000000000000e+00 3.655040636658668518e-02
0.000000000000000000e+00 5.188481509685516357e-02
0.000000000000000000e+00 4.725818336009979248e-02
0.000000000000000000e+00 9.614469856023788452e-02
0.000000000000000000e+00 1.181717142462730408e-01
1.000000000000000000e+00 2.282812893390655518e-01
1.000000000000000000e+00 3.002842664718627930e-01
1.000000000000000000e+00 4.459084570407867432e-01
0.000000000000000000e+00 3.775861561298370361e-01
0.000000000000000000e+00 2.397547662258148193e-01
0.000000000000000000e+00 1.534105390310287476e-01
1.000000000000000000e+00 1.610674560070037842e-01
1.000000000000000000e+00 1.181964352726936340e-01
1.000000000000000000e+00 1.763855665922164917e-01
1.000000000000000000e+00 2.397119849920272827e-01
1.000000000000000000e+00 2.282841950654983521e-01
1.000000000000000000e+00 3.519152998924255371e-01
0.000000000000000000e+00 4.374697208404541016e-01
0.000000000000000000e+00 7.306470274925231934e-01
0.000000000000000000e+00 8.043890595436096191e-01
0.000000000000000000e+00 7.755121588706970215e-01
0.000000000000000000e+00 6.795296072959899902e-01
0.000000000000000000e+00 5.813628435134887695e-01
0.000000000000000000e+00 3.638064265251159668e-01
0.000000000000000000e+00 3.069189190864562988e-01
0.000000000000000000e+00 2.342055141925811768e-01
0.000000000000000000e+00 2.269516587257385254e-01
