0.000000000000000000e+00 8.261983841657638550e-02
0.000000000000000000e+00 8.384478837251663208e-02
0.000000000000000000e+00 8.710372447967529297e-02
0.000000000000000000e+00 7.991963624954223633e-02
0.000000000000000000e+00 8.581119775772094727e-02
0.000000000000000000e+00 8.528852462768554688e-02
0.000000000000000000e+00 8.585740625858306885e-02
0.000000000000000000e+00 8.807042241096496582e-02
0.000000000000000000e+00 8.883314579725265503e-02
0.000000000000000000e+00 8.364053815603256226e-02
0.000000000000000000e+00 8.918554335832595825e-02
0.000000000000000000e+00 8.766450732946395874e-02
0.000000000000000000e+00 8.032494783401489258e-02
0.000000000000000000e+00 9.110847115516662598e-02
0.000000000000000000e+00 9.091383218765258789e-02
0.000000000000000000e+00 9.136759489774703979e-02
0.000000000000000000e+00 8.877019584178924561e-02
0.000000000000000000e+00 9.052199125289916992e-02
0.000000000000000000e+00 9.153317660093307495e-02
0.000000000000000000e+00 9.500518441200256348e-02
0.000000000000000000e+00 8.788634091615676880e-02
0.000000000000000000e+00 9.457275271415710449e-02
0.000000000000000000e+00 9.294372051954269409e-02
0.000000000000000000e+00 9.130148589611053467e-02
0.000000000000000000e+00 8.925702422857284546e-02
1.000000000000000000e+00 9.199178218841552734e-02
1.000000000000000000e+00 8.858875185251235962e-02
1.000000000000000000e+00 9.086667746305465698e-02
1.000000000000000000e+00 8.410993963479995728e-02
1.000000000000000000e+00 7.783794403076171875e-02
1.000000000000000000e+00 8.249212056398391724e-02
0.000000000000000000e+00 7.180817425251007080e-02
0.000000000000000000e+00 7.136021554470062256e-02
0.000000000000000000e+00 6.413830816745758057e-02
0.000000000000000000e+00 5.903718620538711548e-02
0.000000000000000000e+00 5.660560354590415955e-02
0.000000000000000000e+00 4.990670084953308105e-02
0.000000000000000000e+00 4.478100687265396118e-02
0.000000000000000000e+00 4.196306318044662476e-02
0.000000000000000000e+00 3.910831362009048462e-02
0.000000000000000000e+00 3.675881028175354004e-02
0.000000000000000000e+00 3.326769918203353882e-02
0.000000000000000000e+00 3.110243380069732666e-02
0.000000000000000000e+00 2.934676595032215118e-02
0.000000000000000000e+00 2.717462554574012756e-02
0.000000000000000000e+00 3.786822548136115074e-03
0.000000000000000000e+00 3.600538009777665138e-03
0.000000000000000000e+00 3.000071039423346519e-03
0.000000000000000000e+00 2.659689402207732201e-03
0.000000000000000000e+00 2.409202978014945984e-03
0.000000000000000000e+00 2.185577526688575745e-03
0.000000000000000000e+00 1.863814424723386765e-03
0.000000000000000000e+00 1.867343788035213947e-03
0.000000000000000000e+00 1.685318769887089729e-03
0.000000000000000000e+00 1.707399962469935417e-03
0.000000000000000000e+00 1.777519937604665756e-03
0.000000000000000000e+00 1.940976944752037525e-03
0.000000000000000000e+00 1.768521848134696484e-03
0.000000000000000000e+00 1.813501119613647461e-03
0.000000000000000000e+00 1.809932757169008255e-03
0.000000000000000000e+00 1.845637452788650990e-03
0.000000000000000000e+00 1.895558205433189869e-03
0.000000000000000000e+00 1.847346895374357700e-03
0.000000000000000000e+00 1.850228640250861645e-03
0.000000000000000000e+00 1.926388940773904324e-03
0.000000000000000000e+00 1.814253046177327633e-03
0.000000000000000000e+00 1.873588771559298038e-03
0.000000000000000000e+00 1.868916675448417664e-03
0.000000000000000000e+00 1.916740904562175274e-03
0.000000000000000000e+00 1.884723547846078873e-03
0.000000000000000000e+00 1.939165522344410419e-03
0.000000000000000000e+00 1.838790485635399818e-03
0.000000000000000000e+00 1.969904405996203423e-03
0.000000000000000000e+00 1.925705233588814735e-03
0.000000000000000000e+00 1.780502265319228172e-03
0.000000000000000000e+00 1.874671666882932186e-03
0.000000000000000000e+00 1.892268192023038864e-03
0.000000000000000000e+00 1.897737383842468262e-03
0.000000000000000000e+00 1.943189650774002075e-03
0.000000000000000000e+00 1.821672893129289150e-03
0.000000000000000000e+00 1.913419575430452824e-03
0.000000000000000000e+00 2.031298354268074036e-03
0.000000000000000000e+00 2.096180105581879616e-03
0.000000000000000000e+00 2.058723941445350647e-03
0.000000000000000000e+00 2.265064511448144913e-03
0.000000000000000000e+00 2.260399982333183289e-03
0.000000000000000000e+00 2.415288006886839867e-03
0.000000000000000000e+00 2.392119029536843300e-03
0.000000000000000000e+00 2.552785212174057961e-03
0.000000000000000000e+00 2.482747891917824745e-03
0.000000000000000000e+00 2.938809804618358612e-03
0.000000000000000000e+00 2.895362675189971924e-03
0.000000000000000000e+00 2.658171812072396278e-03
0.000000000000000000e+00 3.032105742022395134e-03
0.000000000000000000e+00 2.468457212671637535e-03
0.000000000000000000e+00 2.555469749495387077e-03
0.000000000000000000e+00 2.283363603055477142e-03
0.000000000000000000e+00 2.325126202777028084e-03
0.000000000000000000e+00 2.537170425057411194e-03
0.000000000000000000e+00 2.440477022901177406e-03
0.000000000000000000e+00 2.383994404226541519e-03
0.000000000000000000e+00 2.541119465604424477e-03
0.000000000000000000e+00 2.569182310253381729e-03
0.000000000000000000e+00 2.411442110314965248e-03
0.000000000000000000e+00 2.595729194581508636e-03
0.000000000000000000e+00 2.858357271179556847e-03
0.000000000000000000e+00 2.680635079741477966e-03
0.000000000000000000e+00 2.939390949904918671e-03
0.000000000000000000e+00 3.075529355555772781e-03
0.000000000000000000e+00 2.873011399060487747e-03
0.000000000000000000e+00 3.402670612558722496e-03
0.000000000000000000e+00 3.580613993108272552e-03
0.000000000000000000e+00 3.404373768717050552e-03
0.000000000000000000e+00 3.928980790078639984e-03
0.000000000000000000e+00 3.478656988590955734e-03
0.000000000000000000e+00 3.287734230980277061e-03
0.000000000000000000e+00 3.495104843750596046e-03
0.000000000000000000e+00 3.735086414963006973e-03
0.000000000000000000e+00 3.522328799590468407e-03
0.000000000000000000e+00 4.144556820392608643e-03
0.000000000000000000e+00 3.583924379199743271e-03
0.000000000000000000e+00 3.857085481286048889e-03
0.000000000000000000e+00 3.783055813983082771e-03
0.000000000000000000e+00 3.809154499322175980e-03
0.000000000000000000e+00 4.075710196048021317e-03
0.000000000000000000e+00 3.987374249845743179e-03
0.000000000000000000e+00 4.073160234838724136e-03
0.000000000000000000e+00 4.326698835939168930e-03
0.000000000000000000e+00 5.136249586939811707e-03
0.000000000000000000e+00 4.573875106871128082e-03
0.000000000000000000e+00 4.913101904094219208e-03
0.000000000000000000e+00 4.312203731387853622e-03
0.000000000000000000e+00 4.665539134293794632e-03
0.000000000000000000e+00 4.090403672307729721e-03
0.000000000000000000e+00 4.658190999180078506e-03
0.000000000000000000e+00 5.035818368196487427e-02
0.000000000000000000e+00 3.992950543761253357e-02
0.000000000000000000e+00 3.114888072013854980e-02
0.000000000000000000e+00 2.312599681317806244e-02
0.000000000000000000e+00 1.809755526483058929e-02
0.000000000000000000e+00 1.380848791450262070e-02
0.000000000000000000e+00 1.134705264121294022e-02
0.000000000000000000e+00 8.766328915953636169e-03
0.000000000000000000e+00 5.873875226825475693e-03
0.000000000000000000e+00 4.326639231294393539e-03
0.000000000000000000e+00 3.488457994535565376e-03
0.000000000000000000e+00 2.724422840401530266e-03
0.000000000000000000e+00 1.904771663248538971e-03
0.000000000000000000e+00 1.490148715674877167e-03
0.000000000000000000e+00 1.096482970751821995e-03
0.000000000000000000e+00 8.890145691111683846e-04
0.000000000000000000e+00 6.877735140733420849e-04
0.000000000000000000e+00 5.729226977564394474e-04
0.000000000000000000e+00 5.148481577634811401e-04
0.000000000000000000e+00 4.645417211577296257e-04
0.000000000000000000e+00 4.153377376496791840e-04
0.000000000000000000e+00 4.140282690059393644e-04
0.000000000000000000e+00 3.897593414876610041e-04
0.000000000000000000e+00 4.215650260448455811e-04
0.000000000000000000e+00 3.550019173417240381e-04
0.000000000000000000e+00 3.465432091616094112e-04
0.000000000000000000e+00 3.299069940112531185e-04
0.000000000000000000e+00 3.567080129869282246e-04
0.000000000000000000e+00 3.571387787815183401e-04
0.000000000000000000e+00 3.549220564309507608e-04
0.000000000000000000e+00 3.511659742798656225e-04
0.000000000000000000e+00 3.377407265361398458e-04
0.000000000000000000e+00 3.169958072248846292e-04
0.000000000000000000e+00 3.720910171978175640e-04
0.000000000000000000e+00 3.394528757780790329e-04
0.000000000000000000e+00 3.474029363133013248e-04
0.000000000000000000e+00 3.709063457790762186e-04
0.000000000000000000e+00 4.115623596590012312e-04
0.000000000000000000e+00 4.129901935812085867e-04
0.000000000000000000e+00 3.973409184254705906e-04
0.000000000000000000e+00 4.141920944675803185e-04
0.000000000000000000e+00 4.668718611355870962e-04
0.000000000000000000e+00 4.536265332717448473e-04
0.000000000000000000e+00 4.588809679262340069e-04
0.000000000000000000e+00 4.959735670126974583e-04
0.000000000000000000e+00 9.439481422305107117e-03
0.000000000000000000e+00 7.339094299823045731e-03
0.000000000000000000e+00 6.648499518632888794e-03
0.000000000000000000e+00 4.643007181584835052e-03
0.000000000000000000e+00 4.375158809125423431e-03
0.000000000000000000e+00 3.547763917595148087e-03
0.000000000000000000e+00 3.663362469524145126e-03
0.000000000000000000e+00 3.325544530525803566e-03
0.000000000000000000e+00 3.014138434082269669e-03
0.000000000000000000e+00 3.258389420807361603e-03
0.000000000000000000e+00 3.348171012476086617e-03
0.000000000000000000e+00 3.131056204438209534e-03
0.000000000000000000e+00 3.302858676761388779e-03
0.000000000000000000e+00 3.175348509103059769e-03
0.000000000000000000e+00 3.299941774457693100e-03
0.000000000000000000e+00 3.397525986656546593e-03
0.000000000000000000e+00 3.309563267976045609e-03
0.000000000000000000e+00 3.536887466907501221e-03
0.000000000000000000e+00 3.369150683283805847e-03
0.000000000000000000e+00 3.773738862946629524e-03
0.000000000000000000e+00 3.888384671881794930e-03
0.000000000000000000e+00 3.834683215245604515e-03
0.000000000000000000e+00 3.744506044313311577e-03
0.000000000000000000e+00 4.140995908528566360e-03
0.000000000000000000e+00 4.135209135711193085e-03
0.000000000000000000e+00 4.017794970422983170e-03
0.000000000000000000e+00 4.130418412387371063e-03
0.000000000000000000e+00 5.324749741703271866e-03
0.000000000000000000e+00 4.938796162605285645e-03
0.000000000000000000e+00 4.792000632733106613e-03
0.000000000000000000e+00 4.954512231051921844e-03
0.000000000000000000e+00 4.709484986960887909e-03
0.000000000000000000e+00 5.086917430162429810e-03
0.000000000000000000e+00 4.794143140316009521e-03
0.000000000000000000e+00 5.132157821208238602e-03
0.000000000000000000e+00 4.910617601126432419e-03
0.000000000000000000e+00 5.380335263907909393e-03
0.000000000000000000e+00 5.601965822279453278e-03
0.000000000000000000e+00 5.298136733472347260e-03
0.000000000000000000e+00 5.204706918448209763e-03
0.000000000000000000e+00 5.446551833301782608e-03
0.000000000000000000e+00 5.218048579990863800e-03
0.000000000000000000e+00 5.066279787570238113e-03
0.000000000000000000e+00 4.992508795112371445e-03
0.000000000000000000e+00 5.592401139438152313e-03
0.000000000000000000e+00 4.900628700852394104e-04
0.000000000000000000e+00 4.811325925402343273e-04
0.000000000000000000e+00 4.030901764053851366e-04
0.000000000000000000e+00 3.309840685687959194e-04
0.000000000000000000e+00 3.206747060175985098e-04
0.000000000000000000e+00 3.410509380046278238e-04
0.000000000000000000e+00 2.919320249930024147e-04
0.000000000000000000e+00 3.010049404110759497e-04
0.000000000000000000e+00 3.464442852418869734e-04
0.000000000000000000e+00 2.874333586078137159e-04
0.000000000000000000e+00 3.056538698729127645e-04
0.000000000000000000e+00 3.343566786497831345e-04
0.000000000000000000e+00 3.685675037559121847e-04
0.000000000000000000e+00 3.555117873474955559e-04
0.000000000000000000e+00 3.850379725918173790e-04
0.000000000000000000e+00 4.280088760424405336e-04
0.000000000000000000e+00 4.073659365531057119e-04
0.000000000000000000e+00 4.336498677730560303e-04
0.000000000000000000e+00 4.743564350064843893e-04
0.000000000000000000e+00 4.727595369331538677e-04
0.000000000000000000e+00 4.126739804632961750e-04
0.000000000000000000e+00 4.121259553357958794e-04
0.000000000000000000e+00 5.124390590935945511e-04
0.000000000000000000e+00 4.978802753612399101e-04
0.000000000000000000e+00 5.614787805825471878e-04
0.000000000000000000e+00 5.053243367001414299e-04
0.000000000000000000e+00 5.222074105404317379e-04
0.000000000000000000e+00 5.519891274161636829e-04
0.000000000000000000e+00 5.764784873463213444e-04
0.000000000000000000e+00 5.723569775000214577e-04
0.000000000000000000e+00 6.295452476479113102e-04
0.000000000000000000e+00 6.302686524577438831e-04
0.000000000000000000e+00 5.835765623487532139e-04
0.000000000000000000e+00 6.853198865428566933e-04
0.000000000000000000e+00 7.948126294650137424e-04
0.000000000000000000e+00 7.625184371136128902e-04
0.000000000000000000e+00 7.315354305319488049e-04
0.000000000000000000e+00 7.442611386068165302e-04
0.000000000000000000e+00 8.119142730720341206e-04
0.000000000000000000e+00 8.170377695932984352e-04
0.000000000000000000e+00 7.021663477644324303e-04
0.000000000000000000e+00 7.699449779465794563e-04
0.000000000000000000e+00 8.402821840718388557e-04
0.000000000000000000e+00 7.738725980743765831e-04
0.000000000000000000e+00 8.342575165443122387e-04
0.000000000000000000e+00 8.552171587944030762e-01
0.000000000000000000e+00 8.918392658233642578e-01
0.000000000000000000e+00 8.755388855934143066e-01
0.000000000000000000e+00 8.807530403137207031e-01
0.000000000000000000e+00 8.714118599891662598e-01
0.000000000000000000e+00 8.780881762504577637e-01
0.000000000000000000e+00 8.929891586303710938e-01
0.000000000000000000e+00 8.912804722785949707e-01
0.000000000000000000e+00 8.959168195724487305e-01
0.000000000000000000e+00 8.890761137008666992e-01
0.000000000000000000e+00 8.985311985015869141e-01
0.000000000000000000e+00 8.854504823684692383e-01
0.000000000000000000e+00 8.995978832244873047e-01
0.000000000000000000e+00 9.013525843620300293e-01
0.000000000000000000e+00 8.936443328857421875e-01
0.000000000000000000e+00 8.896294832229614258e-01
0.000000000000000000e+00 8.893068432807922363e-01
0.000000000000000000e+00 8.846047520637512207e-01
0.000000000000000000e+00 8.861956000328063965e-01
0.000000000000000000e+00 8.913999795913696289e-01
0.000000000000000000e+00 8.798037171363830566e-01
0.000000000000000000e+00 8.975840806961059570e-01
0.000000000000000000e+00 8.931540250778198242e-01
0.000000000000000000e+00 9.031100273132324219e-01
0.000000000000000000e+00 9.052332043647766113e-01
0.000000000000000000e+00 9.047921895980834961e-01
0.000000000000000000e+00 9.146676063537597656e-01
0.000000000000000000e+00 9.215448498725891113e-01
0.000000000000000000e+00 9.218496680259704590e-01
0.000000000000000000e+00 9.175136685371398926e-01
0.000000000000000000e+00 9.210521578788757324e-01
0.000000000000000000e+00 9.175600409507751465e-01
0.000000000000000000e+00 9.093537926673889160e-01
0.000000000000000000e+00 9.193311333656311035e-01
0.000000000000000000e+00 9.143265485763549805e-01
0.000000000000000000e+00 9.106659889221191406e-01
0.000000000000000000e+00 9.151167273521423340e-01
0.000000000000000000e+00 9.057571291923522949e-01
0.000000000000000000e+00 9.095011353492736816e-01
0.000000000000000000e+00 9.033592939376831055e-01
0.000000000000000000e+00 8.848305940628051758e-01
0.000000000000000000e+00 8.786694407463073730e-01
0.000000000000000000e+00 8.674572110176086426e-01
0.000000000000000000e+00 8.541831970214843750e-01
0.000000000000000000e+00 8.478082418441772461e-01
0.000000000000000000e+00 2.037428057519719005e-04
1.000000000000000000e+00 2.441003452986478806e-04
0.000000000000000000e+00 1.837905292632058263e-04
0.000000000000000000e+00 3.088461526203900576e-04
0.000000000000000000e+00 3.182427899446338415e-04
0.000000000000000000e+00 2.872273616958409548e-04
0.000000000000000000e+00 2.888173039536923170e-04
0.000000000000000000e+00 1.477053156122565269e-04
0.000000000000000000e+00 2.809849102050065994e-04
0.000000000000000000e+00 1.616743102204054594e-04
0.000000000000000000e+00 2.131300425389781594e-04
0.000000000000000000e+00 1.264361053472384810e-04
0.000000000000000000e+00 1.376705185975879431e-04
0.000000000000000000e+00 1.418876054231077433e-04
0.000000000000000000e+00 1.327756617683917284e-04
0.000000000000000000e+00 1.155400459538213909e-04
0.000000000000000000e+00 1.018601615214720368e-04
0.000000000000000000e+00 1.061549992300570011e-04
0.000000000000000000e+00 1.084931063815020025e-04
0.000000000000000000e+00 9.502828470431268215e-05
0.000000000000000000e+00 1.212122660945169628e-04
0.000000000000000000e+00 1.231321075465530157e-04
0.000000000000000000e+00 9.758205851539969444e-05
0.000000000000000000e+00 1.112629252020269632e-04
0.000000000000000000e+00 8.073749631876125932e-05
0.000000000000000000e+00 1.009568950394168496e-04
0.000000000000000000e+00 7.621533586643636227e-05
0.000000000000000000e+00 7.080051000230014324e-05
0.000000000000000000e+00 8.378412167076021433e-05
0.000000000000000000e+00 6.348755414364859462e-05
0.000000000000000000e+00 6.340714026009663939e-05
0.000000000000000000e+00 6.925200432306155562e-05
0.000000000000000000e+00 6.566083175130188465e-05
0.000000000000000000e+00 5.366663026507012546e-05
0.000000000000000000e+00 7.726781041128560901e-05
0.000000000000000000e+00 7.225358422147110105e-05
0.000000000000000000e+00 5.960476119071245193e-05
0.000000000000000000e+00 6.702043174300342798e-05
0.000000000000000000e+00 5.427062569651752710e-05
0.000000000000000000e+00 8.225105557357892394e-05
0.000000000000000000e+00 5.050523395766504109e-05
0.000000000000000000e+00 4.874725345871411264e-05
0.000000000000000000e+00 4.899939449387602508e-05
0.000000000000000000e+00 5.454675920191220939e-05
0.000000000000000000e+00 4.783339318237267435e-05
