0.000000000000000000e+00 9.788503050804138184e-01
0.000000000000000000e+00 9.756951332092285156e-01
0.000000000000000000e+00 9.811652898788452148e-01
0.000000000000000000e+00 9.786971211433410645e-01
0.000000000000000000e+00 9.784277677536010742e-01
0.000000000000000000e+00 9.790030121803283691e-01
0.000000000000000000e+00 9.772550463676452637e-01
0.000000000000000000e+00 9.743583798408508301e-01
0.000000000000000000e+00 9.787473678588867188e-01
0.000000000000000000e+00 9.775334000587463379e-01
0.000000000000000000e+00 9.783397912979125977e-01
0.000000000000000000e+00 9.821736812591552734e-01
0.000000000000000000e+00 9.786489605903625488e-01
0.000000000000000000e+00 9.753960371017456055e-01
0.000000000000000000e+00 9.773541092872619629e-01
0.000000000000000000e+00 9.772845506668090820e-01
1.000000000000000000e+00 9.796859622001647949e-01
1.000000000000000000e+00 9.781006574630737305e-01
1.000000000000000000e+00 9.721046686172485352e-01
0.000000000000000000e+00 9.759228229522705078e-01
0.000000000000000000e+00 9.744277596473693848e-01
0.000000000000000000e+00 9.766916036605834961e-01
1.000000000000000000e+00 9.773626923561096191e-01
1.000000000000000000e+00 9.786161780357360840e-01
1.000000000000000000e+00 9.772207140922546387e-01
1.000000000000000000e+00 9.789374470710754395e-01
1.000000000000000000e+00 9.845026135444641113e-01
1.000000000000000000e+00 9.802715182304382324e-01
1.000000000000000000e+00 9.813731312751770020e-01
1.000000000000000000e+00 9.783678054809570312e-01
1.000000000000000000e+00 9.798310399055480957e-01
1.000000000000000000e+00 9.609708786010742188e-01
0.000000000000000000e+00 9.222707748413085938e-01
0.000000000000000000e+00 8.797695636749267578e-01
0.000000000000000000e+00 8.356282711029052734e-01
0.000000000000000000e+00 6.897138953208923340e-01
0.000000000000000000e+00 5.792580842971801758e-01
0.000000000000000000e+00 3.884726762771606445e-01
0.000000000000000000e+00 2.399544566869735718e-01
0.000000000000000000e+00 1.260434538125991821e-01
0.000000000000000000e+00 1.085529699921607971e-01
0.000000000000000000e+00 6.192050874233245850e-02
0.000000000000000000e+00 4.347407445311546326e-02
0.000000000000000000e+00 1.866343058645725250e-02
0.000000000000000000e+00 1.543481647968292236e-02
0.000000000000000000e+00 1.177726034075021744e-02
0.000000000000000000e+00 1.185940019786357880e-02
0.000000000000000000e+00 1.162341423332691193e-02
0.000000000000000000e+00 1.826930604875087738e-02
0.000000000000000000e+00 1.273641362786293030e-02
0.000000000000000000e+00 1.099946349859237671e-02
0.000000000000000000e+00 1.159195229411125183e-02
0.000000000000000000e+00 1.610122807323932648e-02
0.000000000000000000e+00 2.483843825757503510e-02
0.000000000000000000e+00 3.531900793313980103e-02
1.000000000000000000e+00 4.319806396961212158e-02
1.000000000000000000e+00 7.351116836071014404e-02
0.000000000000000000e+00 1.137684956192970276e-01
0.000000000000000000e+00 1.428249031305313110e-01
0.000000000000000000e+00 2.264309674501419067e-01
0.000000000000000000e+00 3.559364974498748779e-01
1.000000000000000000e+00 4.265756309032440186e-01
1.000000000000000000e+00 4.273357689380645752e-01
1.000000000000000000e+00 6.131747961044311523e-01
1.000000000000000000e+00 5.961433053016662598e-01
1.000000000000000000e+00 5.560009479522705078e-01
1.000000000000000000e+00 7.076855301856994629e-01
1.000000000000000000e+00 6.813741326332092285e-01
1.000000000000000000e+00 6.968917250633239746e-01
1.000000000000000000e+00 6.866668462753295898e-01
0.000000000000000000e+00 6.903253197669982910e-01
0.000000000000000000e+00 6.367245912551879883e-01
0.000000000000000000e+00 5.026574730873107910e-01
0.000000000000000000e+00 3.659011125564575195e-01
0.000000000000000000e+00 2.803583443164825439e-01
0.000000000000000000e+00 9.902370572090148926e-01
0.000000000000000000e+00 9.895597696304321289e-01
0.000000000000000000e+00 9.897513389587402344e-01
0.000000000000000000e+00 9.893897175788879395e-01
0.000000000000000000e+00 9.915605187416076660e-01
0.000000000000000000e+00 9.883159995079040527e-01
0.000000000000000000e+00 9.870997071266174316e-01
0.000000000000000000e+00 9.862990975379943848e-01
0.000000000000000000e+00 9.865112304687500000e-01
0.000000000000000000e+00 9.828395247459411621e-01
0.000000000000000000e+00 9.807477593421936035e-01
0.000000000000000000e+00 9.771404266357421875e-01
0.000000000000000000e+00 9.676005244255065918e-01
0.000000000000000000e+00 9.564264416694641113e-01
1.000000000000000000e+00 9.375127553939819336e-01
1.000000000000000000e+00 9.332610964775085449e-01
1.000000000000000000e+00 9.339587092399597168e-01
1.000000000000000000e+00 9.280741810798645020e-01
1.000000000000000000e+00 9.509821534156799316e-01
1.000000000000000000e+00 9.443905949592590332e-01
0.000000000000000000e+00 9.239622354507446289e-01
1.000000000000000000e+00 9.618197679519653320e-01
1.000000000000000000e+00 9.285186529159545898e-01
1.000000000000000000e+00 9.543862938880920410e-01
0.000000000000000000e+00 9.317902922630310059e-01
1.000000000000000000e+00 8.482452630996704102e-01
1.000000000000000000e+00 7.734791040420532227e-01
1.000000000000000000e+00 7.386625409126281738e-01
1.000000000000000000e+00 5.639657974243164062e-01
0.000000000000000000e+00 3.860988020896911621e-01
1.000000000000000000e+00 3.297693133354187012e-01
1.000000000000000000e+00 2.918597757816314697e-01
1.000000000000000000e+00 1.838686317205429077e-01
1.000000000000000000e+00 1.714105010032653809e-01
1.000000000000000000e+00 1.285249143838882446e-01
0.000000000000000000e+00 8.046418428421020508e-02
0.000000000000000000e+00 6.530414521694183350e-02
0.000000000000000000e+00 6.039420887827873230e-02
0.000000000000000000e+00 6.176649779081344604e-02
0.000000000000000000e+00 5.894790217280387878e-02
0.000000000000000000e+00 5.643639340996742249e-02
0.000000000000000000e+00 4.796021804213523865e-02
0.000000000000000000e+00 6.010826677083969116e-02
0.000000000000000000e+00 5.149961262941360474e-02
0.000000000000000000e+00 4.420345649123191833e-02
0.000000000000000000e+00 3.763186559081077576e-02
0.000000000000000000e+00 3.190366551280021667e-02
0.000000000000000000e+00 3.407322615385055542e-02
0.000000000000000000e+00 2.800534665584564209e-02
0.000000000000000000e+00 3.017075173556804657e-02
0.000000000000000000e+00 3.408557921648025513e-02
0.000000000000000000e+00 3.372606262564659119e-02
0.000000000000000000e+00 3.758934512734413147e-02
0.000000000000000000e+00 3.905978053808212280e-02
0.000000000000000000e+00 3.934480249881744385e-02
0.000000000000000000e+00 2.471491880714893341e-02
0.000000000000000000e+00 2.716472558677196503e-02
0.000000000000000000e+00 2.578529343008995056e-02
0.000000000000000000e+00 2.528266236186027527e-02
0.000000000000000000e+00 2.466077916324138641e-02
0.000000000000000000e+00 2.523933351039886475e-02
0.000000000000000000e+00 2.055178023874759674e-02
0.000000000000000000e+00 2.266972698271274567e-02
0.000000000000000000e+00 2.226200513541698456e-02
0.000000000000000000e+00 2.385184727609157562e-02
0.000000000000000000e+00 2.792050503194332123e-02
0.000000000000000000e+00 3.164103254675865173e-02
0.000000000000000000e+00 4.535828903317451477e-02
0.000000000000000000e+00 4.742009192705154419e-02
0.000000000000000000e+00 6.002379208803176880e-02
0.000000000000000000e+00 5.270083993673324585e-02
0.000000000000000000e+00 7.206043601036071777e-02
0.000000000000000000e+00 5.858051031827926636e-02
0.000000000000000000e+00 6.508936733007431030e-02
0.000000000000000000e+00 6.103702262043952942e-02
1.000000000000000000e+00 6.386337876319885254e-01
1.000000000000000000e+00 5.553401708602905273e-01
1.000000000000000000e+00 3.305582702159881592e-01
1.000000000000000000e+00 1.671942025423049927e-01
1.000000000000000000e+00 6.700788438320159912e-02
1.000000000000000000e+00 3.426903486251831055e-02
0.000000000000000000e+00 2.299595437943935394e-02
0.000000000000000000e+00 9.716397151350975037e-03
0.000000000000000000e+00 6.817348767071962357e-03
0.000000000000000000e+00 5.324183963239192963e-03
0.000000000000000000e+00 3.099533263593912125e-03
0.000000000000000000e+00 1.803889172151684761e-03
0.000000000000000000e+00 1.155927311629056931e-03
0.000000000000000000e+00 8.257869048975408077e-04
0.000000000000000000e+00 5.624752957373857498e-04
0.000000000000000000e+00 3.601808566600084305e-04
0.000000000000000000e+00 2.368496934650465846e-04
0.000000000000000000e+00 1.606819714652374387e-04
0.000000000000000000e+00 1.754624390741810203e-04
0.000000000000000000e+00 1.247436157427728176e-04
0.000000000000000000e+00 1.391074183629825711e-04
0.000000000000000000e+00 1.131951867137104273e-04
0.000000000000000000e+00 1.027345861075446010e-04
0.000000000000000000e+00 9.129520185524597764e-05
1.000000000000000000e+00 7.095177716109901667e-05
1.000000000000000000e+00 1.028943879646249115e-04
1.000000000000000000e+00 9.345028229290619493e-05
1.000000000000000000e+00 1.117827268899418414e-04
1.000000000000000000e+00 1.662677241256460547e-04
0.000000000000000000e+00 2.646314096637070179e-04
0.000000000000000000e+00 3.988808311987668276e-04
0.000000000000000000e+00 4.657814861275255680e-04
1.000000000000000000e+00 8.881674730218946934e-04
1.000000000000000000e+00 1.012835069559514523e-03
0.000000000000000000e+00 9.250539005734026432e-04
0.000000000000000000e+00 9.931433014571666718e-04
0.000000000000000000e+00 8.500551921315491199e-04
0.000000000000000000e+00 7.637754315510392189e-04
0.000000000000000000e+00 1.065865973941981792e-03
0.000000000000000000e+00 9.605377563275396824e-04
0.000000000000000000e+00 1.083015929907560349e-03
0.000000000000000000e+00 1.185172586701810360e-03
0.000000000000000000e+00 1.299668918363749981e-03
0.000000000000000000e+00 7.741359295323491096e-04
0.000000000000000000e+00 7.428928511217236519e-04
0.000000000000000000e+00 6.570625700987875462e-04
0.000000000000000000e+00 7.122192764654755592e-04
0.000000000000000000e+00 7.362709729932248592e-04
0.000000000000000000e+00 7.642669370397925377e-04
0.000000000000000000e+00 8.287035161629319191e-04
0.000000000000000000e+00 6.437120027840137482e-04
0.000000000000000000e+00 6.145943771116435528e-04
0.000000000000000000e+00 5.993121885694563389e-04
0.000000000000000000e+00 7.768569630570709705e-04
0.000000000000000000e+00 7.166577270254492760e-04
0.000000000000000000e+00 6.238177302293479443e-04
0.000000000000000000e+00 5.592717789113521576e-04
0.000000000000000000e+00 4.920972278341650963e-04
0.000000000000000000e+00 5.047012236900627613e-04
0.000000000000000000e+00 5.227980436757206917e-04
0.000000000000000000e+00 5.269673420116305351e-04
0.000000000000000000e+00 5.764979869127273560e-04
0.000000000000000000e+00 7.804351625964045525e-04
0.000000000000000000e+00 7.546382839791476727e-04
0.000000000000000000e+00 7.615344948135316372e-04
0.000000000000000000e+00 7.383859483525156975e-04
0.000000000000000000e+00 9.280223166570067406e-04
0.000000000000000000e+00 1.171815209090709686e-03
0.000000000000000000e+00 1.436635036952793598e-03
0.000000000000000000e+00 1.893172506242990494e-03
0.000000000000000000e+00 1.625863136723637581e-03
0.000000000000000000e+00 1.960847526788711548e-03
0.000000000000000000e+00 1.688006101176142693e-03
0.000000000000000000e+00 1.693529076874256134e-03
0.000000000000000000e+00 1.598353730514645576e-03
1.000000000000000000e+00 8.317957520484924316e-01
1.000000000000000000e+00 8.389517664909362793e-01
1.000000000000000000e+00 8.244114518165588379e-01
1.000000000000000000e+00 8.181772232055664062e-01
1.000000000000000000e+00 7.825700044631958008e-01
0.000000000000000000e+00 7.690161466598510742e-01
0.000000000000000000e+00 7.264618873596191406e-01
0.000000000000000000e+00 7.059158086776733398e-01
0.000000000000000000e+00 6.530224084854125977e-01
0.000000000000000000e+00 6.219154000282287598e-01
0.000000000000000000e+00 5.117560029029846191e-01
0.000000000000000000e+00 5.096104741096496582e-01
0.000000000000000000e+00 3.275190591812133789e-01
0.000000000000000000e+00 2.054767012596130371e-01
0.000000000000000000e+00 1.735089719295501709e-01
0.000000000000000000e+00 8.839675039052963257e-02
0.000000000000000000e+00 8.331466466188430786e-02
0.000000000000000000e+00 5.009708926081657410e-02
0.000000000000000000e+00 6.065436825156211853e-02
0.000000000000000000e+00 6.437942385673522949e-02
0.000000000000000000e+00 7.244590669870376587e-02
0.000000000000000000e+00 6.673932820558547974e-02
1.000000000000000000e+00 7.212752103805541992e-02
0.000000000000000000e+00 7.491967827081680298e-02
0.000000000000000000e+00 5.393776670098304749e-02
0.000000000000000000e+00 3.198820352554321289e-02
0.000000000000000000e+00 4.226354509592056274e-02
0.000000000000000000e+00 5.041916295886039734e-02
0.000000000000000000e+00 4.440098255872726440e-02
0.000000000000000000e+00 5.412657186388969421e-02
0.000000000000000000e+00 6.833436340093612671e-02
0.000000000000000000e+00 7.529170811176300049e-02
0.000000000000000000e+00 6.886833906173706055e-02
0.000000000000000000e+00 8.571214228868484497e-02
0.000000000000000000e+00 6.607005000114440918e-02
0.000000000000000000e+00 7.032311707735061646e-02
0.000000000000000000e+00 4.777155071496963501e-02
0.000000000000000000e+00 4.065002501010894775e-02
0.000000000000000000e+00 2.809722349047660828e-02
0.000000000000000000e+00 2.903396449983119965e-02
0.000000000000000000e+00 3.148475661873817444e-02
0.000000000000000000e+00 2.489839307963848114e-02
0.000000000000000000e+00 3.096489049494266510e-02
0.000000000000000000e+00 2.748400159180164337e-02
0.000000000000000000e+00 3.489089757204055786e-02
0.000000000000000000e+00 4.149128869175910950e-02
0.000000000000000000e+00 8.875102549791336060e-02
0.000000000000000000e+00 9.601330012083053589e-02
0.000000000000000000e+00 1.484594196081161499e-01
0.000000000000000000e+00 3.412615358829498291e-01
0.000000000000000000e+00 4.362564682960510254e-01
0.000000000000000000e+00 6.281353235244750977e-01
0.000000000000000000e+00 7.232689261436462402e-01
0.000000000000000000e+00 7.648359537124633789e-01
0.000000000000000000e+00 7.843137979507446289e-01
0.000000000000000000e+00 6.956190466880798340e-01
1.000000000000000000e+00 6.446743607521057129e-01
0.000000000000000000e+00 7.697758078575134277e-01
0.000000000000000000e+00 7.431073188781738281e-01
1.000000000000000000e+00 7.763254642486572266e-01
1.000000000000000000e+00 8.149907588958740234e-01
0.000000000000000000e+00 7.848589420318603516e-01
0.000000000000000000e+00 7.863541841506958008e-01
0.000000000000000000e+00 8.092614412307739258e-01
0.000000000000000000e+00 8.194932341575622559e-01
0.000000000000000000e+00 7.834298610687255859e-01
1.000000000000000000e+00 7.275506854057312012e-01
1.000000000000000000e+00 5.715875029563903809e-01
1.000000000000000000e+00 3.580639064311981201e-01
1.000000000000000000e+00 2.748742103576660156e-01
0.000000000000000000e+00 1.084190681576728821e-01
0.000000000000000000e+00 1.213194653391838074e-01
0.000000000000000000e+00 6.662854552268981934e-02
0.000000000000000000e+00 4.143873974680900574e-02
0.000000000000000000e+00 3.538779541850090027e-02
0.000000000000000000e+00 8.507797718048095703e-01
0.000000000000000000e+00 7.628106474876403809e-01
1.000000000000000000e+00 7.738550901412963867e-01
0.000000000000000000e+00 4.071559906005859375e-01
0.000000000000000000e+00 5.040717124938964844e-01
0.000000000000000000e+00 4.016319215297698975e-01
0.000000000000000000e+00 1.942511051893234253e-01
0.000000000000000000e+00 1.773414015769958496e-01
0.000000000000000000e+00 1.429267376661300659e-01
0.000000000000000000e+00 5.202186480164527893e-02
0.000000000000000000e+00 6.101565435528755188e-02
0.000000000000000000e+00 8.756597340106964111e-02
0.000000000000000000e+00 1.640461832284927368e-01
0.000000000000000000e+00 5.462925136089324951e-02
0.000000000000000000e+00 4.289953038096427917e-02
0.000000000000000000e+00 2.644454129040241241e-02
1.000000000000000000e+00 5.424253642559051514e-02
0.000000000000000000e+00 7.937972247600555420e-02
0.000000000000000000e+00 1.277507245540618896e-01
0.000000000000000000e+00 2.083999663591384888e-01
0.000000000000000000e+00 2.069224715232849121e-01
0.000000000000000000e+00 4.764030575752258301e-01
0.000000000000000000e+00 4.560132026672363281e-01
0.000000000000000000e+00 4.151092469692230225e-01
0.000000000000000000e+00 4.408502876758575439e-01
0.000000000000000000e+00 4.061786532402038574e-01
0.000000000000000000e+00 2.401100099086761475e-01
0.000000000000000000e+00 2.059007287025451660e-01
0.000000000000000000e+00 1.624152809381484985e-01
0.000000000000000000e+00 1.808480620384216309e-01
0.000000000000000000e+00 3.164286315441131592e-01
0.000000000000000000e+00 1.956619322299957275e-01
0.000000000000000000e+00 2.327988296747207642e-01
0.000000000000000000e+00 2.732109129428863525e-01
0.000000000000000000e+00 1.343511044979095459e-01
0.000000000000000000e+00 1.360430717468261719e-01
0.000000000000000000e+00 7.140052318572998047e-02
0.000000000000000000e+00 7.468176633119583130e-02
0.000000000000000000e+00 4.599853605031967163e-02
0.000000000000000000e+00 6.787643581628799438e-02
0.000000000000000000e+00 1.069630533456802368e-01
0.000000000000000000e+00 1.025212630629539490e-01
0.000000000000000000e+00 1.431785672903060913e-01
0.000000000000000000e+00 1.496699899435043335e-01
0.000000000000000000e+00 1.527050137519836426e-01
0.000000000000000000e+00 1.316215991973876953e-01
0.000000000000000000e+00 1.548961102962493896e-01
0.000000000000000000e+00 2.416156381368637085e-01
0.000000000000000000e+00 4.000057876110076904e-01
0.000000000000000000e+00 5.669416189193725586e-01
0.000000000000000000e+00 7.323935627937316895e-01
0.000000000000000000e+00 7.363989353179931641e-01
0.000000000000000000e+00 8.656242489814758301e-01
0.000000000000000000e+00 8.991941213607788086e-01
0.000000000000000000e+00 9.138318300247192383e-01
0.000000000000000000e+00 9.082707762718200684e-01
0.000000000000000000e+00 9.288469552993774414e-01
0.000000000000000000e+00 9.287638664245605469e-01
0.000000000000000000e+00 9.113079309463500977e-01
0.000000000000000000e+00 9.045306444168090820e-01
0.000000000000000000e+00 8.872575163841247559e-01
0.000000000000000000e+00 8.924072980880737305e-01
0.000000000000000000e+00 8.805965781211853027e-01
0.000000000000000000e+00 8.437422513961791992e-01
0.000000000000000000e+00 8.228235840797424316e-01
0.000000000000000000e+00 7.927094697952270508e-01
1.000000000000000000e+00 8.382552266120910645e-01
1.000000000000000000e+00 7.955413460731506348e-01
1.000000000000000000e+00 7.742899656295776367e-01
1.000000000000000000e+00 7.780381441116333008e-01
1.000000000000000000e+00 7.486183047294616699e-01
1.000000000000000000e+00 5.876475572586059570e-01
1.000000000000000000e+00 4.784641563892364502e-01
0.000000000000000000e+00 3.429170846939086914e-01
1.000000000000000000e+00 3.082212805747985840e-01
1.000000000000000000e+00 1.663819551467895508e-01
1.000000000000000000e+00 1.045046746730804443e-01
1.000000000000000000e+00 8.012723922729492188e-02
0.000000000000000000e+00 5.800734460353851318e-02
0.000000000000000000e+00 5.071472004055976868e-02
0.000000000000000000e+00 4.361486807465553284e-02
0.000000000000000000e+00 2.735463343560695648e-02
0.000000000000000000e+00 2.662487328052520752e-02
0.000000000000000000e+00 2.541683427989482880e-02
0.000000000000000000e+00 1.964175887405872345e-02
0.000000000000000000e+00 1.848156191408634186e-02
0.000000000000000000e+00 1.962835714221000671e-02
0.000000000000000000e+00 1.898791082203388214e-02
0.000000000000000000e+00 1.867363415658473969e-02
0.000000000000000000e+00 1.984846591949462891e-02
0.000000000000000000e+00 2.225453779101371765e-02
0.000000000000000000e+00 2.994864247739315033e-02
0.000000000000000000e+00 3.781185671687126160e-02
0.000000000000000000e+00 3.847130760550498962e-02
0.000000000000000000e+00 3.899390995502471924e-02
0.000000000000000000e+00 4.511716216802597046e-02
0.000000000000000000e+00 5.589655041694641113e-02
0.000000000000000000e+00 5.839639902114868164e-02
0.000000000000000000e+00 6.498543173074722290e-02
0.000000000000000000e+00 6.648498773574829102e-02
0.000000000000000000e+00 4.263511300086975098e-02
0.000000000000000000e+00 3.728010505437850952e-02
0.000000000000000000e+00 2.901843376457691193e-02
0.000000000000000000e+00 2.398964762687683105e-02
0.000000000000000000e+00 1.928730309009552002e-02
0.000000000000000000e+00 1.939752325415611267e-02
0.000000000000000000e+00 1.631164178252220154e-02
0.000000000000000000e+00 1.304658316075801849e-02
0.000000000000000000e+00 1.165488921105861664e-02
0.000000000000000000e+00 1.037051063030958176e-02
0.000000000000000000e+00 1.101680193096399307e-02
0.000000000000000000e+00 1.049261167645454407e-02
0.000000000000000000e+00 1.063195150345563889e-02
0.000000000000000000e+00 1.274080295115709305e-02
0.000000000000000000e+00 1.082355808466672897e-02
0.000000000000000000e+00 1.061854790896177292e-02
0.000000000000000000e+00 9.744907729327678680e-03
0.000000000000000000e+00 1.001520175486803055e-02
0.000000000000000000e+00 1.092841755598783493e-02
0.000000000000000000e+00 1.052891649305820465e-02
0.000000000000000000e+00 1.164298690855503082e-02
0.000000000000000000e+00 1.154836453497409821e-02
0.000000000000000000e+00 1.758537441492080688e-02
0.000000000000000000e+00 2.563503570854663849e-02
0.000000000000000000e+00 3.692184016108512878e-02
0.000000000000000000e+00 4.947050660848617554e-02
0.000000000000000000e+00 5.565415322780609131e-02
0.000000000000000000e+00 5.104962363839149475e-02
0.000000000000000000e+00 1.447625011205673218e-01
0.000000000000000000e+00 1.366733014583587646e-01
1.000000000000000000e+00 1.638764590024948120e-01
1.000000000000000000e+00 1.666819602251052856e-01
1.000000000000000000e+00 2.075460106134414673e-01
0.000000000000000000e+00 2.599496543407440186e-01
1.000000000000000000e+00 3.859365284442901611e-01
1.000000000000000000e+00 3.791581690311431885e-01
1.000000000000000000e+00 4.529008567333221436e-01
1.000000000000000000e+00 4.166733920574188232e-01
1.000000000000000000e+00 4.284345507621765137e-01
0.000000000000000000e+00 2.362814545631408691e-01
0.000000000000000000e+00 1.593925058841705322e-01
1.000000000000000000e+00 1.454409509897232056e-01
1.000000000000000000e+00 1.444541662931442261e-01
1.000000000000000000e+00 1.037292778491973877e-01
1.000000000000000000e+00 6.006364524364471436e-02
0.000000000000000000e+00 6.646917015314102173e-02
0.000000000000000000e+00 3.319802507758140564e-02
0.000000000000000000e+00 2.768137492239475250e-02
0.000000000000000000e+00 2.333819121122360229e-02
0.000000000000000000e+00 3.172903880476951599e-02
1.000000000000000000e+00 8.630642890930175781e-01
1.000000000000000000e+00 8.679458498954772949e-01
1.000000000000000000e+00 8.563969135284423828e-01
1.000000000000000000e+00 8.499904870986938477e-01
1.000000000000000000e+00 8.252639770507812500e-01
1.000000000000000000e+00 8.060582876205444336e-01
1.000000000000000000e+00 7.519859671592712402e-01
0.000000000000000000e+00 6.645711064338684082e-01
0.000000000000000000e+00 7.131012678146362305e-01
0.000000000000000000e+00 6.281938552856445312e-01
0.000000000000000000e+00 5.569733977317810059e-01
0.000000000000000000e+00 5.716460347175598145e-01
0.000000000000000000e+00 5.303370356559753418e-01
0.000000000000000000e+00 4.353525042533874512e-01
0.000000000000000000e+00 3.126173317432403564e-01
0.000000000000000000e+00 2.979914546012878418e-01
1.000000000000000000e+00 2.495376914739608765e-01
0.000000000000000000e+00 2.057696878910064697e-01
0.000000000000000000e+00 1.850376874208450317e-01
0.000000000000000000e+00 1.351333707571029663e-01
0.000000000000000000e+00 1.266940534114837646e-01
0.000000000000000000e+00 1.582332849502563477e-01
0.000000000000000000e+00 1.642982959747314453e-01
0.000000000000000000e+00 1.661588996648788452e-01
0.000000000000000000e+00 2.074331492185592651e-01
0.000000000000000000e+00 2.143011540174484253e-01
0.000000000000000000e+00 1.704296022653579712e-01
0.000000000000000000e+00 1.374393701553344727e-01
0.000000000000000000e+00 1.500157266855239868e-01
0.000000000000000000e+00 1.952975839376449585e-01
0.000000000000000000e+00 2.376173138618469238e-01
0.000000000000000000e+00 2.207897305488586426e-01
0.000000000000000000e+00 1.831102967262268066e-01
0.000000000000000000e+00 1.687321811914443970e-01
0.000000000000000000e+00 2.000319361686706543e-01
0.000000000000000000e+00 1.938126534223556519e-01
0.000000000000000000e+00 1.800457984209060669e-01
0.000000000000000000e+00 2.080963701009750366e-01
0.000000000000000000e+00 1.641115993261337280e-01
0.000000000000000000e+00 2.059471905231475830e-01
0.000000000000000000e+00 2.707261741161346436e-01
0.000000000000000000e+00 1.906609982252120972e-01
0.000000000000000000e+00 1.786154955625534058e-01
0.000000000000000000e+00 1.159861981868743896e-01
0.000000000000000000e+00 6.613305956125259399e-02
0.000000000000000000e+00 5.332138389348983765e-02
0.000000000000000000e+00 6.383041292428970337e-02
0.000000000000000000e+00 1.059989109635353088e-01
0.000000000000000000e+00 1.859706491231918335e-01
0.000000000000000000e+00 2.742058634757995605e-01
0.000000000000000000e+00 3.794651031494140625e-01
0.000000000000000000e+00 4.543560743331909180e-01
0.000000000000000000e+00 6.125230789184570312e-01
0.000000000000000000e+00 6.057302355766296387e-01
0.000000000000000000e+00 6.635915637016296387e-01
1.000000000000000000e+00 7.406551837921142578e-01
1.000000000000000000e+00 7.134841084480285645e-01
1.000000000000000000e+00 7.543537020683288574e-01
1.000000000000000000e+00 7.637410759925842285e-01
1.000000000000000000e+00 7.799997329711914062e-01
1.000000000000000000e+00 8.042548298835754395e-01
0.000000000000000000e+00 7.796403169631958008e-01
0.000000000000000000e+00 7.921139597892761230e-01
0.000000000000000000e+00 8.102729916572570801e-01
0.000000000000000000e+00 7.209478020668029785e-01
0.000000000000000000e+00 6.069908142089843750e-01
0.000000000000000000e+00 5.640143752098083496e-01
0.000000000000000000e+00 4.961166977882385254e-01
0.000000000000000000e+00 4.322898983955383301e-01
0.000000000000000000e+00 2.281194180250167847e-01
0.000000000000000000e+00 1.717686504125595093e-01
0.000000000000000000e+00 1.187607571482658386e-01
0.000000000000000000e+00 8.331082016229629517e-02
0.000000000000000000e+00 4.293567687273025513e-02
0.000000000000000000e+00 3.275178000330924988e-02
0.000000000000000000e+00 9.101831316947937012e-01
0.000000000000000000e+00 8.902809619903564453e-01
0.000000000000000000e+00 8.586664795875549316e-01
0.000000000000000000e+00 8.450857996940612793e-01
0.000000000000000000e+00 8.163591027259826660e-01
0.000000000000000000e+00 8.304411768913269043e-01
0.000000000000000000e+00 7.313004136085510254e-01
0.000000000000000000e+00 7.482473850250244141e-01
0.000000000000000000e+00 5.775395631790161133e-01
0.000000000000000000e+00 5.609175562858581543e-01
0.000000000000000000e+00 4.003678560256958008e-01
0.000000000000000000e+00 4.678004980087280273e-01
0.000000000000000000e+00 2.696412801742553711e-01
0.000000000000000000e+00 3.037420511245727539e-01
0.000000000000000000e+00 3.705173134803771973e-01
0.000000000000000000e+00 3.032478690147399902e-01
0.000000000000000000e+00 3.295590579509735107e-01
0.000000000000000000e+00 4.189237058162689209e-01
0.000000000000000000e+00 3.870939016342163086e-01
0.000000000000000000e+00 4.074715077877044678e-01
0.000000000000000000e+00 4.797008931636810303e-01
1.000000000000000000e+00 5.539389848709106445e-01
1.000000000000000000e+00 6.702194809913635254e-01
1.000000000000000000e+00 7.556794881820678711e-01
0.000000000000000000e+00 7.361530661582946777e-01
0.000000000000000000e+00 7.542454600334167480e-01
0.000000000000000000e+00 7.673498392105102539e-01
0.000000000000000000e+00 8.014000058174133301e-01
0.000000000000000000e+00 6.595555543899536133e-01
0.000000000000000000e+00 6.581440567970275879e-01
0.000000000000000000e+00 6.526530385017395020e-01
0.000000000000000000e+00 5.125946402549743652e-01
0.000000000000000000e+00 5.152565836906433105e-01
0.000000000000000000e+00 4.557440876960754395e-01
0.000000000000000000e+00 4.192588329315185547e-01
0.000000000000000000e+00 2.571112513542175293e-01
0.000000000000000000e+00 2.751249969005584717e-01
0.000000000000000000e+00 2.544156908988952637e-01
0.000000000000000000e+00 1.681350022554397583e-01
0.000000000000000000e+00 1.627761274576187134e-01
0.000000000000000000e+00 8.521660417318344116e-02
0.000000000000000000e+00 7.117448002099990845e-02
0.000000000000000000e+00 6.633885949850082397e-02
0.000000000000000000e+00 5.528854578733444214e-02
0.000000000000000000e+00 4.237238317728042603e-02
0.000000000000000000e+00 2.261612005531787872e-02
0.000000000000000000e+00 1.719478145241737366e-02
0.000000000000000000e+00 1.970656029880046844e-02
1.000000000000000000e+00 1.349077932536602020e-02
0.000000000000000000e+00 2.158374525606632233e-02
0.000000000000000000e+00 2.687979862093925476e-02
0.000000000000000000e+00 7.556292414665222168e-02
0.000000000000000000e+00 8.951006084680557251e-02
1.000000000000000000e+00 1.893198043107986450e-01
1.000000000000000000e+00 3.440934717655181885e-01
1.000000000000000000e+00 3.762089312076568604e-01
0.000000000000000000e+00 2.610284984111785889e-01
0.000000000000000000e+00 3.058595657348632812e-01
0.000000000000000000e+00 4.861899018287658691e-01
1.000000000000000000e+00 4.664731025695800781e-01
1.000000000000000000e+00 5.766322016716003418e-01
1.000000000000000000e+00 5.966452956199645996e-01
1.000000000000000000e+00 6.756973266601562500e-01
1.000000000000000000e+00 6.714974641799926758e-01
1.000000000000000000e+00 7.010571956634521484e-01
0.000000000000000000e+00 7.396861910820007324e-01
0.000000000000000000e+00 8.861750960350036621e-01
0.000000000000000000e+00 8.565740585327148438e-01
0.000000000000000000e+00 9.005188941955566406e-01
0.000000000000000000e+00 8.019431233406066895e-01
0.000000000000000000e+00 8.088649511337280273e-01
0.000000000000000000e+00 6.054301857948303223e-01
0.000000000000000000e+00 5.799971818923950195e-01
0.000000000000000000e+00 4.939062297344207764e-01
0.000000000000000000e+00 4.594508707523345947e-01
