0.000000000000000000e+00 1.598746627569198608e-01
0.000000000000000000e+00 1.541567146778106689e-01
0.000000000000000000e+00 1.729423850774765015e-01
0.000000000000000000e+00 1.721298694610595703e-01
0.000000000000000000e+00 1.723290979862213135e-01
0.000000000000000000e+00 1.677478551864624023e-01
0.000000000000000000e+00 1.830617934465408325e-01
0.000000000000000000e+00 1.780476421117782593e-01
0.000000000000000000e+00 1.817135810852050781e-01
0.000000000000000000e+00 1.805081516504287720e-01
0.000000000000000000e+00 1.765366494655609131e-01
0.000000000000000000e+00 1.924100816249847412e-01
0.000000000000000000e+00 1.791280806064605713e-01
0.000000000000000000e+00 1.796149462461471558e-01
0.000000000000000000e+00 1.781342625617980957e-01
0.000000000000000000e+00 1.864127218723297119e-01
0.000000000000000000e+00 1.831542253494262695e-01
0.000000000000000000e+00 1.870984435081481934e-01
0.000000000000000000e+00 1.966133564710617065e-01
0.000000000000000000e+00 1.967479139566421509e-01
0.000000000000000000e+00 1.885310262441635132e-01
0.000000000000000000e+00 2.130587249994277954e-01
0.000000000000000000e+00 2.012784481048583984e-01
0.000000000000000000e+00 2.064206600189208984e-01
0.000000000000000000e+00 2.047791630029678345e-01
1.000000000000000000e+00 1.988985091447830200e-01
1.000000000000000000e+00 2.006370574235916138e-01
1.000000000000000000e+00 2.043859213590621948e-01
1.000000000000000000e+00 1.795983910560607910e-01
1.000000000000000000e+00 1.742199361324310303e-01
1.000000000000000000e+00 1.680368334054946899e-01
0.000000000000000000e+00 1.698885262012481689e-01
0.000000000000000000e+00 1.414097249507904053e-01
0.000000000000000000e+00 1.415072828531265259e-01
0.000000000000000000e+00 1.219845190644264221e-01
0.000000000000000000e+00 9.979153424501419067e-02
0.000000000000000000e+00 8.562417328357696533e-02
0.000000000000000000e+00 6.879261881113052368e-02
0.000000000000000000e+00 6.155804172158241272e-02
0.000000000000000000e+00 5.455854162573814392e-02
0.000000000000000000e+00 4.647428542375564575e-02
0.000000000000000000e+00 3.695660457015037537e-02
0.000000000000000000e+00 3.122310340404510498e-02
0.000000000000000000e+00 2.599762380123138428e-02
0.000000000000000000e+00 2.100199274718761444e-02
0.000000000000000000e+00 5.153806414455175400e-04
0.000000000000000000e+00 4.306194896344095469e-04
0.000000000000000000e+00 4.103277460671961308e-04
0.000000000000000000e+00 3.314656496513634920e-04
0.000000000000000000e+00 3.342416312079876661e-04
0.000000000000000000e+00 2.869153395295143127e-04
0.000000000000000000e+00 3.548993845470249653e-04
0.000000000000000000e+00 2.862486580852419138e-04
0.000000000000000000e+00 3.178800980094820261e-04
0.000000000000000000e+00 3.165413218084722757e-04
0.000000000000000000e+00 2.594188263174146414e-04
0.000000000000000000e+00 2.826588752213865519e-04
0.000000000000000000e+00 2.462574921082705259e-04
0.000000000000000000e+00 2.649762609507888556e-04
0.000000000000000000e+00 2.946105960290879011e-04
0.000000000000000000e+00 2.536664251238107681e-04
0.000000000000000000e+00 2.780291251838207245e-04
0.000000000000000000e+00 2.920550468843430281e-04
0.000000000000000000e+00 2.552370133344084024e-04
0.000000000000000000e+00 3.269213193561881781e-04
0.000000000000000000e+00 2.696130541153252125e-04
0.000000000000000000e+00 2.703775826375931501e-04
0.000000000000000000e+00 2.622563333716243505e-04
0.000000000000000000e+00 2.638438891153782606e-04
0.000000000000000000e+00 2.595563710201531649e-04
0.000000000000000000e+00 2.633410040289163589e-04
0.000000000000000000e+00 3.102444170508533716e-04
0.000000000000000000e+00 2.602980821393430233e-04
0.000000000000000000e+00 2.938529069069772959e-04
0.000000000000000000e+00 2.996306284330785275e-04
0.000000000000000000e+00 2.710362314246594906e-04
0.000000000000000000e+00 3.331135958433151245e-04
0.000000000000000000e+00 2.752098371274769306e-04
0.000000000000000000e+00 2.539960260037332773e-04
0.000000000000000000e+00 2.918474201578646898e-04
0.000000000000000000e+00 2.970258938148617744e-04
0.000000000000000000e+00 3.237922210246324539e-04
0.000000000000000000e+00 3.007608465850353241e-04
0.000000000000000000e+00 3.260460798628628254e-04
0.000000000000000000e+00 3.620803763624280691e-04
0.000000000000000000e+00 3.434263344388455153e-04
0.000000000000000000e+00 4.245002055540680885e-04
0.000000000000000000e+00 3.671820159070193768e-04
0.000000000000000000e+00 4.092915041837841272e-04
0.000000000000000000e+00 4.416941665112972260e-04
0.000000000000000000e+00 2.669968176633119583e-03
0.000000000000000000e+00 2.443062607198953629e-03
0.000000000000000000e+00 1.992048928514122963e-03
0.000000000000000000e+00 1.852012821473181248e-03
0.000000000000000000e+00 2.078987192362546921e-03
0.000000000000000000e+00 1.773731666617095470e-03
0.000000000000000000e+00 1.774593838490545750e-03
0.000000000000000000e+00 1.621498959138989449e-03
0.000000000000000000e+00 1.806482323445379734e-03
0.000000000000000000e+00 1.750944182276725769e-03
0.000000000000000000e+00 1.783660962246358395e-03
0.000000000000000000e+00 1.666081836447119713e-03
0.000000000000000000e+00 1.772060873918235302e-03
0.000000000000000000e+00 1.935731619596481323e-03
0.000000000000000000e+00 2.068247646093368530e-03
0.000000000000000000e+00 1.792747061699628830e-03
0.000000000000000000e+00 1.906830701045691967e-03
0.000000000000000000e+00 1.994430785998702049e-03
0.000000000000000000e+00 2.284255810081958771e-03
0.000000000000000000e+00 2.205995377153158188e-03
0.000000000000000000e+00 2.367329783737659454e-03
0.000000000000000000e+00 2.605407265946269035e-03
0.000000000000000000e+00 2.719310112297534943e-03
0.000000000000000000e+00 2.611422678455710411e-03
0.000000000000000000e+00 3.058834467083215714e-03
0.000000000000000000e+00 2.832552650943398476e-03
0.000000000000000000e+00 2.892793621867895126e-03
0.000000000000000000e+00 2.892413875088095665e-03
0.000000000000000000e+00 4.074148368090391159e-03
0.000000000000000000e+00 3.211606526747345924e-03
0.000000000000000000e+00 3.416095394641160965e-03
0.000000000000000000e+00 3.447130555287003517e-03
0.000000000000000000e+00 4.645361099392175674e-03
0.000000000000000000e+00 4.296377766877412796e-03
0.000000000000000000e+00 4.085302352905273438e-03
0.000000000000000000e+00 3.942246548831462860e-03
0.000000000000000000e+00 4.500761162489652634e-03
0.000000000000000000e+00 4.954944830387830734e-03
0.000000000000000000e+00 4.733728710561990738e-03
0.000000000000000000e+00 5.034825764596462250e-03
0.000000000000000000e+00 4.907596390694379807e-03
0.000000000000000000e+00 4.600756801664829254e-03
0.000000000000000000e+00 5.120504647493362427e-03
0.000000000000000000e+00 5.396258551627397537e-03
0.000000000000000000e+00 5.421888083219528198e-03
0.000000000000000000e+00 8.099424652755260468e-03
0.000000000000000000e+00 5.464740097522735596e-03
0.000000000000000000e+00 4.382788203656673431e-03
0.000000000000000000e+00 3.287862287834286690e-03
0.000000000000000000e+00 2.228172495961189270e-03
0.000000000000000000e+00 2.147880150005221367e-03
0.000000000000000000e+00 2.100249519571661949e-03
0.000000000000000000e+00 1.641965005546808243e-03
0.000000000000000000e+00 1.389199751429259777e-03
0.000000000000000000e+00 1.266479957848787308e-03
0.000000000000000000e+00 1.027152058668434620e-03
0.000000000000000000e+00 9.057222050614655018e-04
0.000000000000000000e+00 1.033314270898699760e-03
0.000000000000000000e+00 1.010038075037300587e-03
0.000000000000000000e+00 9.128428646363317966e-04
0.000000000000000000e+00 8.734579896554350853e-04
0.000000000000000000e+00 8.679466554895043373e-04
0.000000000000000000e+00 7.085840916261076927e-04
0.000000000000000000e+00 8.677919977344572544e-04
0.000000000000000000e+00 7.200604886747896671e-04
0.000000000000000000e+00 8.075485820882022381e-04
0.000000000000000000e+00 6.998928729444742203e-04
0.000000000000000000e+00 6.401867140084505081e-04
0.000000000000000000e+00 7.352441316470503807e-04
0.000000000000000000e+00 7.248492911458015442e-04
0.000000000000000000e+00 7.540060905739665031e-04
0.000000000000000000e+00 7.551508024334907532e-04
0.000000000000000000e+00 7.677645189687609673e-04
0.000000000000000000e+00 7.905252859927713871e-04
0.000000000000000000e+00 8.603143505752086639e-04
0.000000000000000000e+00 7.333205430768430233e-04
0.000000000000000000e+00 7.197681698016822338e-04
0.000000000000000000e+00 8.158572018146514893e-04
0.000000000000000000e+00 8.940995903685688972e-04
0.000000000000000000e+00 8.344372618012130260e-04
0.000000000000000000e+00 9.680216317065060139e-04
0.000000000000000000e+00 9.672573069110512733e-04
0.000000000000000000e+00 1.069592894054949284e-03
0.000000000000000000e+00 1.111890538595616817e-03
0.000000000000000000e+00 1.201662933453917503e-03
0.000000000000000000e+00 1.446661888621747494e-03
0.000000000000000000e+00 1.245353254489600658e-03
0.000000000000000000e+00 1.311390544287860394e-03
0.000000000000000000e+00 1.485083019360899925e-03
0.000000000000000000e+00 1.790680689737200737e-03
0.000000000000000000e+00 4.738613218069076538e-02
0.000000000000000000e+00 3.474028408527374268e-02
0.000000000000000000e+00 3.077136911451816559e-02
0.000000000000000000e+00 2.594595961272716522e-02
0.000000000000000000e+00 2.056531794369220734e-02
0.000000000000000000e+00 1.758559793233871460e-02
0.000000000000000000e+00 1.583427749574184418e-02
0.000000000000000000e+00 1.517072878777980804e-02
0.000000000000000000e+00 1.597902365028858185e-02
0.000000000000000000e+00 1.505542267113924026e-02
0.000000000000000000e+00 1.453607063740491867e-02
0.000000000000000000e+00 1.388034597039222717e-02
0.000000000000000000e+00 1.442319247871637344e-02
0.000000000000000000e+00 1.376804709434509277e-02
0.000000000000000000e+00 1.446655765175819397e-02
0.000000000000000000e+00 1.471363939344882965e-02
0.000000000000000000e+00 1.477878913283348083e-02
0.000000000000000000e+00 1.513898000121116638e-02
0.000000000000000000e+00 1.575435884296894073e-02
0.000000000000000000e+00 1.552408933639526367e-02
0.000000000000000000e+00 1.706799864768981934e-02
0.000000000000000000e+00 1.638858206570148468e-02
0.000000000000000000e+00 1.461463980376720428e-02
0.000000000000000000e+00 1.921593584120273590e-02
0.000000000000000000e+00 1.727867498993873596e-02
0.000000000000000000e+00 1.766089349985122681e-02
0.000000000000000000e+00 1.872571371495723724e-02
0.000000000000000000e+00 1.709195785224437714e-02
0.000000000000000000e+00 1.938919350504875183e-02
0.000000000000000000e+00 1.777143031358718872e-02
0.000000000000000000e+00 1.611827872693538666e-02
0.000000000000000000e+00 1.693063601851463318e-02
0.000000000000000000e+00 1.967301592230796814e-02
0.000000000000000000e+00 1.562318950891494751e-02
0.000000000000000000e+00 1.990665681660175323e-02
0.000000000000000000e+00 1.840274594724178314e-02
0.000000000000000000e+00 1.788404025137424469e-02
0.000000000000000000e+00 1.847115904092788696e-02
0.000000000000000000e+00 1.983064785599708557e-02
0.000000000000000000e+00 1.830202527344226837e-02
0.000000000000000000e+00 1.774650253355503082e-02
0.000000000000000000e+00 1.885309629142284393e-02
0.000000000000000000e+00 1.819458603858947754e-02
0.000000000000000000e+00 1.736373268067836761e-02
0.000000000000000000e+00 1.917098648846149445e-02
0.000000000000000000e+00 1.209055772051215172e-03
0.000000000000000000e+00 7.351922686211764812e-04
0.000000000000000000e+00 5.674097919836640358e-04
0.000000000000000000e+00 3.194906748831272125e-04
0.000000000000000000e+00 2.023724227910861373e-04
0.000000000000000000e+00 1.499500358477234840e-04
0.000000000000000000e+00 1.187883099191822112e-04
0.000000000000000000e+00 7.682726572966203094e-05
0.000000000000000000e+00 6.873618985991925001e-05
0.000000000000000000e+00 7.241616549436002970e-05
0.000000000000000000e+00 6.138871685834601521e-05
0.000000000000000000e+00 4.691094363806769252e-05
0.000000000000000000e+00 5.554303061217069626e-05
0.000000000000000000e+00 5.452689219964668155e-05
0.000000000000000000e+00 5.494897777680307627e-05
0.000000000000000000e+00 5.232801413512788713e-05
0.000000000000000000e+00 5.349183629732578993e-05
0.000000000000000000e+00 5.332351429387927055e-05
0.000000000000000000e+00 6.912460230523720384e-05
0.000000000000000000e+00 8.036448707571253181e-05
0.000000000000000000e+00 8.540373528376221657e-05
0.000000000000000000e+00 9.720982052385807037e-05
0.000000000000000000e+00 8.205418998841196299e-05
0.000000000000000000e+00 1.029339400702156126e-04
0.000000000000000000e+00 1.174943754449486732e-04
0.000000000000000000e+00 1.093495593522675335e-04
0.000000000000000000e+00 1.342097093584015965e-04
0.000000000000000000e+00 1.586167054483667016e-04
0.000000000000000000e+00 1.715875841910019517e-04
0.000000000000000000e+00 1.856819581007584929e-04
0.000000000000000000e+00 1.838369789766147733e-04
0.000000000000000000e+00 2.017239748965948820e-04
0.000000000000000000e+00 1.660937268752604723e-04
0.000000000000000000e+00 2.121657598763704300e-04
0.000000000000000000e+00 2.375700278207659721e-04
0.000000000000000000e+00 2.381276863161474466e-04
0.000000000000000000e+00 2.528382174205034971e-04
0.000000000000000000e+00 2.215067506767809391e-04
0.000000000000000000e+00 2.445644058752804995e-04
0.000000000000000000e+00 2.232115366496145725e-04
0.000000000000000000e+00 2.357046032557263970e-04
0.000000000000000000e+00 2.117805124726146460e-04
0.000000000000000000e+00 2.117631520377472043e-04
0.000000000000000000e+00 2.257660817122086883e-04
0.000000000000000000e+00 2.350129943806678057e-04
0.000000000000000000e+00 8.870683312416076660e-01
0.000000000000000000e+00 8.878597617149353027e-01
0.000000000000000000e+00 8.898783922195434570e-01
0.000000000000000000e+00 9.018588066101074219e-01
0.000000000000000000e+00 8.900403380393981934e-01
0.000000000000000000e+00 8.783882856369018555e-01
0.000000000000000000e+00 8.871151804924011230e-01
0.000000000000000000e+00 8.648739457130432129e-01
0.000000000000000000e+00 8.527829647064208984e-01
0.000000000000000000e+00 8.567084074020385742e-01
0.000000000000000000e+00 8.669899702072143555e-01
0.000000000000000000e+00 8.578708767890930176e-01
0.000000000000000000e+00 8.616283535957336426e-01
0.000000000000000000e+00 8.549552559852600098e-01
0.000000000000000000e+00 8.711394071578979492e-01
0.000000000000000000e+00 8.664662241935729980e-01
0.000000000000000000e+00 8.789833188056945801e-01
0.000000000000000000e+00 8.662092089653015137e-01
0.000000000000000000e+00 8.856202363967895508e-01
0.000000000000000000e+00 8.836845755577087402e-01
0.000000000000000000e+00 8.885949254035949707e-01
0.000000000000000000e+00 9.044499993324279785e-01
0.000000000000000000e+00 9.055657982826232910e-01
0.000000000000000000e+00 8.904266357421875000e-01
0.000000000000000000e+00 9.013400673866271973e-01
0.000000000000000000e+00 9.144796729087829590e-01
0.000000000000000000e+00 9.186345934867858887e-01
0.000000000000000000e+00 9.179946780204772949e-01
0.000000000000000000e+00 9.140536785125732422e-01
0.000000000000000000e+00 9.186887741088867188e-01
0.000000000000000000e+00 9.114077687263488770e-01
0.000000000000000000e+00 9.178791642189025879e-01
0.000000000000000000e+00 9.104464650154113770e-01
0.000000000000000000e+00 9.106386899948120117e-01
0.000000000000000000e+00 9.091920852661132812e-01
0.000000000000000000e+00 8.922908306121826172e-01
0.000000000000000000e+00 8.915652036666870117e-01
0.000000000000000000e+00 9.036574959754943848e-01
0.000000000000000000e+00 8.937186598777770996e-01
0.000000000000000000e+00 8.958888053894042969e-01
0.000000000000000000e+00 8.674505949020385742e-01
0.000000000000000000e+00 8.644710779190063477e-01
0.000000000000000000e+00 8.304670453071594238e-01
0.000000000000000000e+00 8.420822620391845703e-01
0.000000000000000000e+00 8.142414093017578125e-01
0.000000000000000000e+00 7.907260954380035400e-02
1.000000000000000000e+00 6.199089437723159790e-02
0.000000000000000000e+00 5.512441694736480713e-02
0.000000000000000000e+00 3.848040848970413208e-02
0.000000000000000000e+00 2.570162713527679443e-02
0.000000000000000000e+00 1.954189315438270569e-02
0.000000000000000000e+00 1.196925528347492218e-02
0.000000000000000000e+00 7.258519064635038376e-03
0.000000000000000000e+00 3.628254169598221779e-03
0.000000000000000000e+00 2.780815120786428452e-03
0.000000000000000000e+00 1.786058652214705944e-03
0.000000000000000000e+00 1.322498312219977379e-03
0.000000000000000000e+00 9.768626186996698380e-04
0.000000000000000000e+00 6.164875230751931667e-04
0.000000000000000000e+00 5.096541717648506165e-04
0.000000000000000000e+00 2.460608084220439196e-04
0.000000000000000000e+00 1.923657546285539865e-04
0.000000000000000000e+00 1.734103279886767268e-04
0.000000000000000000e+00 1.095872503356076777e-04
0.000000000000000000e+00 1.087547498173080385e-04
0.000000000000000000e+00 8.332764991791918874e-05
0.000000000000000000e+00 6.965522334212437272e-05
0.000000000000000000e+00 5.449258242151699960e-05
0.000000000000000000e+00 5.621760647045448422e-05
0.000000000000000000e+00 4.703323065768927336e-05
0.000000000000000000e+00 4.333035758463665843e-05
0.000000000000000000e+00 3.346980520291253924e-05
0.000000000000000000e+00 3.304787969682365656e-05
0.000000000000000000e+00 3.348525569890625775e-05
0.000000000000000000e+00 2.794163083308376372e-05
0.000000000000000000e+00 2.296019556524697691e-05
0.000000000000000000e+00 3.108483360847458243e-05
0.000000000000000000e+00 2.482250783941708505e-05
0.000000000000000000e+00 2.928234243881888688e-05
0.000000000000000000e+00 2.879372914321720600e-05
0.000000000000000000e+00 3.441196167841553688e-05
0.000000000000000000e+00 3.739092790056020021e-05
0.000000000000000000e+00 4.362107574706897140e-05
0.000000000000000000e+00 5.398204666562378407e-05
0.000000000000000000e+00 6.131528789410367608e-05
0.000000000000000000e+00 6.175516318762674928e-05
0.000000000000000000e+00 6.403026054613292217e-05
0.000000000000000000e+00 7.679767441004514694e-05
0.000000000000000000e+00 8.767205144977197051e-05
0.000000000000000000e+00 1.802733022486791015e-04
