0.000000000000000000e+00 8.954116106033325195e-01
0.000000000000000000e+00 8.875871300697326660e-01
0.000000000000000000e+00 8.805327415466308594e-01
0.000000000000000000e+00 8.965102434158325195e-01
0.000000000000000000e+00 8.900769948959350586e-01
0.000000000000000000e+00 8.922762274742126465e-01
0.000000000000000000e+00 8.981553912162780762e-01
0.000000000000000000e+00 8.924857974052429199e-01
0.000000000000000000e+00 9.025042057037353516e-01
0.000000000000000000e+00 8.881641030311584473e-01
0.000000000000000000e+00 8.920903801918029785e-01
0.000000000000000000e+00 9.013562202453613281e-01
0.000000000000000000e+00 8.947398066520690918e-01
0.000000000000000000e+00 8.937959074974060059e-01
0.000000000000000000e+00 8.921339511871337891e-01
0.000000000000000000e+00 8.920194506645202637e-01
0.000000000000000000e+00 8.872635364532470703e-01
0.000000000000000000e+00 8.950390815734863281e-01
0.000000000000000000e+00 8.785446882247924805e-01
0.000000000000000000e+00 8.897968530654907227e-01
0.000000000000000000e+00 9.013200998306274414e-01
0.000000000000000000e+00 8.894552588462829590e-01
0.000000000000000000e+00 8.966853618621826172e-01
1.000000000000000000e+00 8.957674503326416016e-01
1.000000000000000000e+00 8.899866938591003418e-01
1.000000000000000000e+00 9.027048945426940918e-01
1.000000000000000000e+00 8.779500126838684082e-01
1.000000000000000000e+00 8.701553940773010254e-01
1.000000000000000000e+00 7.844491600990295410e-01
1.000000000000000000e+00 6.830022931098937988e-01
1.000000000000000000e+00 4.706335365772247314e-01
0.000000000000000000e+00 2.741833925247192383e-01
0.000000000000000000e+00 2.017296552658081055e-01
0.000000000000000000e+00 1.373816579580307007e-01
0.000000000000000000e+00 1.067933067679405212e-01
0.000000000000000000e+00 1.399822980165481567e-01
0.000000000000000000e+00 1.179154217243194580e-01
0.000000000000000000e+00 1.033289209008216858e-01
0.000000000000000000e+00 1.552170813083648682e-01
0.000000000000000000e+00 1.547406017780303955e-01
0.000000000000000000e+00 1.563344895839691162e-01
0.000000000000000000e+00 1.407887339591979980e-01
0.000000000000000000e+00 1.243545114994049072e-01
0.000000000000000000e+00 9.984164685010910034e-02
0.000000000000000000e+00 8.421388268470764160e-02
0.000000000000000000e+00 6.453816592693328857e-02
0.000000000000000000e+00 5.359563603997230530e-02
0.000000000000000000e+00 4.589600861072540283e-02
0.000000000000000000e+00 4.190305992960929871e-02
0.000000000000000000e+00 3.907450661063194275e-02
0.000000000000000000e+00 3.588748350739479065e-02
0.000000000000000000e+00 3.522458299994468689e-02
0.000000000000000000e+00 3.729654848575592041e-02
0.000000000000000000e+00 4.435263201594352722e-02
0.000000000000000000e+00 5.247626453638076782e-02
0.000000000000000000e+00 6.652456521987915039e-02
0.000000000000000000e+00 8.922249823808670044e-02
0.000000000000000000e+00 1.063619181513786316e-01
0.000000000000000000e+00 1.414172500371932983e-01
0.000000000000000000e+00 1.760217547416687012e-01
0.000000000000000000e+00 1.930429488420486450e-01
0.000000000000000000e+00 1.979299932718276978e-01
0.000000000000000000e+00 2.244463264942169189e-01
0.000000000000000000e+00 2.584412097930908203e-01
0.000000000000000000e+00 2.656890451908111572e-01
0.000000000000000000e+00 2.931084632873535156e-01
0.000000000000000000e+00 3.422817289829254150e-01
0.000000000000000000e+00 3.808802962303161621e-01
0.000000000000000000e+00 4.237566888332366943e-01
0.000000000000000000e+00 4.401369392871856689e-01
0.000000000000000000e+00 4.834206402301788330e-01
0.000000000000000000e+00 5.037412047386169434e-01
0.000000000000000000e+00 5.225485563278198242e-01
0.000000000000000000e+00 5.050796866416931152e-01
0.000000000000000000e+00 4.917006492614746094e-01
0.000000000000000000e+00 8.896976113319396973e-01
0.000000000000000000e+00 8.819060325622558594e-01
0.000000000000000000e+00 8.875470161437988281e-01
0.000000000000000000e+00 8.836278319358825684e-01
0.000000000000000000e+00 8.844397068023681641e-01
0.000000000000000000e+00 8.773896098136901855e-01
0.000000000000000000e+00 8.884151577949523926e-01
0.000000000000000000e+00 8.811970353126525879e-01
0.000000000000000000e+00 8.835906386375427246e-01
0.000000000000000000e+00 8.889616131782531738e-01
0.000000000000000000e+00 8.879515528678894043e-01
0.000000000000000000e+00 8.765555620193481445e-01
0.000000000000000000e+00 8.803582191467285156e-01
0.000000000000000000e+00 8.800630569458007812e-01
0.000000000000000000e+00 8.864420056343078613e-01
1.000000000000000000e+00 8.844749331474304199e-01
1.000000000000000000e+00 8.682726621627807617e-01
1.000000000000000000e+00 8.798910975456237793e-01
1.000000000000000000e+00 8.843688964843750000e-01
0.000000000000000000e+00 8.766125440597534180e-01
0.000000000000000000e+00 8.838647007942199707e-01
0.000000000000000000e+00 8.869162201881408691e-01
0.000000000000000000e+00 8.766415119171142578e-01
0.000000000000000000e+00 7.602075934410095215e-01
0.000000000000000000e+00 4.800876975059509277e-01
0.000000000000000000e+00 3.685046732425689697e-01
0.000000000000000000e+00 2.116237431764602661e-01
0.000000000000000000e+00 1.493160277605056763e-01
0.000000000000000000e+00 7.603082805871963501e-02
0.000000000000000000e+00 4.160678759217262268e-02
0.000000000000000000e+00 2.206369116902351379e-02
0.000000000000000000e+00 1.451868284493684769e-02
1.000000000000000000e+00 1.153071504086256027e-02
1.000000000000000000e+00 6.421595346182584763e-03
0.000000000000000000e+00 3.824781393632292747e-03
0.000000000000000000e+00 3.796038450673222542e-03
0.000000000000000000e+00 4.773262888193130493e-03
0.000000000000000000e+00 5.723380018025636673e-03
0.000000000000000000e+00 6.118024233728647232e-03
0.000000000000000000e+00 9.189893491566181183e-03
0.000000000000000000e+00 7.900414988398551941e-03
0.000000000000000000e+00 1.243623532354831696e-02
0.000000000000000000e+00 1.477245986461639404e-02
0.000000000000000000e+00 1.895965449512004852e-02
0.000000000000000000e+00 3.053315170109272003e-02
0.000000000000000000e+00 2.605798654258251190e-02
0.000000000000000000e+00 2.480801567435264587e-02
0.000000000000000000e+00 2.823569811880588531e-02
0.000000000000000000e+00 3.163513913750648499e-02
0.000000000000000000e+00 4.891413822770118713e-02
0.000000000000000000e+00 1.378905475139617920e-01
0.000000000000000000e+00 1.852566301822662354e-01
0.000000000000000000e+00 2.244134694337844849e-01
0.000000000000000000e+00 2.663713395595550537e-01
0.000000000000000000e+00 2.804585099220275879e-01
0.000000000000000000e+00 3.277151882648468018e-01
0.000000000000000000e+00 3.367140889167785645e-01
0.000000000000000000e+00 3.761449754238128662e-01
0.000000000000000000e+00 3.792976140975952148e-01
0.000000000000000000e+00 3.853049576282501221e-01
0.000000000000000000e+00 3.837131261825561523e-01
0.000000000000000000e+00 3.973007500171661377e-01
0.000000000000000000e+00 4.312437176704406738e-01
0.000000000000000000e+00 4.210278689861297607e-01
0.000000000000000000e+00 4.284604489803314209e-01
0.000000000000000000e+00 4.416905343532562256e-01
0.000000000000000000e+00 4.770698249340057373e-01
0.000000000000000000e+00 4.875884354114532471e-01
0.000000000000000000e+00 5.057548880577087402e-01
0.000000000000000000e+00 5.248682498931884766e-01
0.000000000000000000e+00 5.561575889587402344e-01
0.000000000000000000e+00 5.607942938804626465e-01
0.000000000000000000e+00 5.987391471862792969e-01
0.000000000000000000e+00 6.170503497123718262e-01
0.000000000000000000e+00 6.200712919235229492e-01
1.000000000000000000e+00 8.619653582572937012e-01
1.000000000000000000e+00 8.668048381805419922e-01
1.000000000000000000e+00 8.660278320312500000e-01
1.000000000000000000e+00 8.634786009788513184e-01
1.000000000000000000e+00 8.648458123207092285e-01
0.000000000000000000e+00 8.656162023544311523e-01
0.000000000000000000e+00 8.638390302658081055e-01
0.000000000000000000e+00 8.610445857048034668e-01
0.000000000000000000e+00 8.642292022705078125e-01
0.000000000000000000e+00 8.626104593276977539e-01
0.000000000000000000e+00 8.679517507553100586e-01
0.000000000000000000e+00 8.563452959060668945e-01
0.000000000000000000e+00 8.608015775680541992e-01
0.000000000000000000e+00 8.639908432960510254e-01
0.000000000000000000e+00 8.629440069198608398e-01
0.000000000000000000e+00 8.631656169891357422e-01
0.000000000000000000e+00 8.621963262557983398e-01
0.000000000000000000e+00 8.663159012794494629e-01
0.000000000000000000e+00 8.653600215911865234e-01
0.000000000000000000e+00 8.620939850807189941e-01
0.000000000000000000e+00 8.651902675628662109e-01
0.000000000000000000e+00 8.649336099624633789e-01
0.000000000000000000e+00 8.617438077926635742e-01
0.000000000000000000e+00 8.600037097930908203e-01
0.000000000000000000e+00 8.671573400497436523e-01
0.000000000000000000e+00 8.641414046287536621e-01
1.000000000000000000e+00 8.675693869590759277e-01
1.000000000000000000e+00 8.642721176147460938e-01
0.000000000000000000e+00 8.649142384529113770e-01
0.000000000000000000e+00 8.231244683265686035e-01
0.000000000000000000e+00 8.294069766998291016e-01
0.000000000000000000e+00 8.135093450546264648e-01
0.000000000000000000e+00 7.162497043609619141e-01
0.000000000000000000e+00 6.617339253425598145e-01
0.000000000000000000e+00 6.450582146644592285e-01
0.000000000000000000e+00 6.447213888168334961e-01
0.000000000000000000e+00 6.379961371421813965e-01
0.000000000000000000e+00 6.039746999740600586e-01
0.000000000000000000e+00 5.636364817619323730e-01
0.000000000000000000e+00 5.118296742439270020e-01
0.000000000000000000e+00 5.212771892547607422e-01
0.000000000000000000e+00 4.591592848300933838e-01
0.000000000000000000e+00 4.492386877536773682e-01
0.000000000000000000e+00 4.377085268497467041e-01
0.000000000000000000e+00 4.236172735691070557e-01
0.000000000000000000e+00 4.337355196475982666e-01
0.000000000000000000e+00 4.247578978538513184e-01
0.000000000000000000e+00 4.390682578086853027e-01
0.000000000000000000e+00 4.054723083972930908e-01
0.000000000000000000e+00 4.356346130371093750e-01
0.000000000000000000e+00 4.476239383220672607e-01
0.000000000000000000e+00 4.863763153553009033e-01
0.000000000000000000e+00 4.931167960166931152e-01
0.000000000000000000e+00 4.909934401512145996e-01
0.000000000000000000e+00 5.611881017684936523e-01
0.000000000000000000e+00 5.599122643470764160e-01
0.000000000000000000e+00 6.378619074821472168e-01
0.000000000000000000e+00 6.291137933731079102e-01
0.000000000000000000e+00 6.503428220748901367e-01
0.000000000000000000e+00 6.507012844085693359e-01
0.000000000000000000e+00 6.652953624725341797e-01
0.000000000000000000e+00 6.550607681274414062e-01
0.000000000000000000e+00 6.351642608642578125e-01
0.000000000000000000e+00 6.583713293075561523e-01
0.000000000000000000e+00 6.658580899238586426e-01
0.000000000000000000e+00 6.930522918701171875e-01
0.000000000000000000e+00 6.895323395729064941e-01
0.000000000000000000e+00 6.983044147491455078e-01
0.000000000000000000e+00 6.981223821640014648e-01
0.000000000000000000e+00 6.953703761100769043e-01
0.000000000000000000e+00 7.058820724487304688e-01
0.000000000000000000e+00 7.196202874183654785e-01
0.000000000000000000e+00 7.366607189178466797e-01
0.000000000000000000e+00 7.348814606666564941e-01
0.000000000000000000e+00 7.273108363151550293e-01
1.000000000000000000e+00 8.340567946434020996e-01
0.000000000000000000e+00 7.859061360359191895e-01
0.000000000000000000e+00 7.665627002716064453e-01
0.000000000000000000e+00 6.452368497848510742e-01
0.000000000000000000e+00 6.044440269470214844e-01
0.000000000000000000e+00 5.392074584960937500e-01
0.000000000000000000e+00 4.696421921253204346e-01
0.000000000000000000e+00 3.909111618995666504e-01
0.000000000000000000e+00 3.667073547840118408e-01
0.000000000000000000e+00 3.043190538883209229e-01
0.000000000000000000e+00 2.645520567893981934e-01
0.000000000000000000e+00 2.448513954877853394e-01
0.000000000000000000e+00 2.297191172838211060e-01
0.000000000000000000e+00 1.677574813365936279e-01
0.000000000000000000e+00 1.174247637391090393e-01
0.000000000000000000e+00 1.014673560857772827e-01
0.000000000000000000e+00 7.638623565435409546e-02
0.000000000000000000e+00 5.824265256524085999e-02
0.000000000000000000e+00 5.397881940007209778e-02
0.000000000000000000e+00 5.051981657743453979e-02
0.000000000000000000e+00 4.608166590332984924e-02
0.000000000000000000e+00 4.610985890030860901e-02
0.000000000000000000e+00 4.563732072710990906e-02
0.000000000000000000e+00 4.894473776221275330e-02
0.000000000000000000e+00 4.473027214407920837e-02
0.000000000000000000e+00 5.479822680354118347e-02
0.000000000000000000e+00 5.869461968541145325e-02
0.000000000000000000e+00 6.545516103506088257e-02
0.000000000000000000e+00 6.489761173725128174e-02
0.000000000000000000e+00 7.189912348985671997e-02
0.000000000000000000e+00 7.604649662971496582e-02
0.000000000000000000e+00 7.221424579620361328e-02
0.000000000000000000e+00 7.893647253513336182e-02
0.000000000000000000e+00 8.555708080530166626e-02
0.000000000000000000e+00 8.375747501850128174e-02
0.000000000000000000e+00 7.980405539274215698e-02
0.000000000000000000e+00 7.667133212089538574e-02
0.000000000000000000e+00 6.986828893423080444e-02
0.000000000000000000e+00 6.496088951826095581e-02
0.000000000000000000e+00 6.808693706989288330e-02
0.000000000000000000e+00 6.373637914657592773e-02
0.000000000000000000e+00 5.851034820079803467e-02
0.000000000000000000e+00 5.734321102499961853e-02
0.000000000000000000e+00 5.152241885662078857e-02
0.000000000000000000e+00 5.123434215784072876e-02
0.000000000000000000e+00 4.968820139765739441e-02
0.000000000000000000e+00 5.763053148984909058e-02
0.000000000000000000e+00 6.477144360542297363e-02
0.000000000000000000e+00 7.093797624111175537e-02
0.000000000000000000e+00 8.175787329673767090e-02
0.000000000000000000e+00 9.794335812330245972e-02
0.000000000000000000e+00 1.074377298355102539e-01
0.000000000000000000e+00 1.150296777486801147e-01
0.000000000000000000e+00 1.174374371767044067e-01
0.000000000000000000e+00 1.229094490408897400e-01
0.000000000000000000e+00 1.234634965658187866e-01
0.000000000000000000e+00 1.296752095222473145e-01
0.000000000000000000e+00 1.363028585910797119e-01
0.000000000000000000e+00 1.462916731834411621e-01
0.000000000000000000e+00 1.573170125484466553e-01
0.000000000000000000e+00 1.693499386310577393e-01
0.000000000000000000e+00 1.847927570343017578e-01
0.000000000000000000e+00 1.990673989057540894e-01
0.000000000000000000e+00 2.129608988761901855e-01
0.000000000000000000e+00 2.228634357452392578e-01
0.000000000000000000e+00 2.356506735086441040e-01
0.000000000000000000e+00 2.483984380960464478e-01
1.000000000000000000e+00 2.436234951019287109e-01
1.000000000000000000e+00 2.387709766626358032e-01
0.000000000000000000e+00 2.431045174598693848e-01
0.000000000000000000e+00 2.407656908035278320e-01
0.000000000000000000e+00 2.638611495494842529e-01
0.000000000000000000e+00 2.711292207241058350e-01
0.000000000000000000e+00 2.737394571304321289e-01
0.000000000000000000e+00 2.668329775333404541e-01
0.000000000000000000e+00 5.959670543670654297e-01
0.000000000000000000e+00 4.687368273735046387e-01
0.000000000000000000e+00 4.417894482612609863e-01
0.000000000000000000e+00 3.940818011760711670e-01
0.000000000000000000e+00 3.296937644481658936e-01
0.000000000000000000e+00 3.245033621788024902e-01
0.000000000000000000e+00 2.976101338863372803e-01
0.000000000000000000e+00 2.450325489044189453e-01
0.000000000000000000e+00 2.153055816888809204e-01
0.000000000000000000e+00 1.952603310346603394e-01
0.000000000000000000e+00 1.541904211044311523e-01
0.000000000000000000e+00 1.269309371709823608e-01
0.000000000000000000e+00 1.068497151136398315e-01
0.000000000000000000e+00 8.506626635789871216e-02
0.000000000000000000e+00 7.640818506479263306e-02
0.000000000000000000e+00 6.450695544481277466e-02
0.000000000000000000e+00 6.073296442627906799e-02
0.000000000000000000e+00 6.134604290127754211e-02
0.000000000000000000e+00 6.204732134938240051e-02
0.000000000000000000e+00 6.046402081847190857e-02
0.000000000000000000e+00 7.072141021490097046e-02
0.000000000000000000e+00 7.917130738496780396e-02
0.000000000000000000e+00 8.938246220350265503e-02
0.000000000000000000e+00 1.007093414664268494e-01
0.000000000000000000e+00 1.206770986318588257e-01
0.000000000000000000e+00 1.317615956068038940e-01
0.000000000000000000e+00 1.367746293544769287e-01
0.000000000000000000e+00 1.425614207983016968e-01
0.000000000000000000e+00 1.300166547298431396e-01
0.000000000000000000e+00 1.369004994630813599e-01
0.000000000000000000e+00 1.361367255449295044e-01
0.000000000000000000e+00 1.410177797079086304e-01
0.000000000000000000e+00 1.556393802165985107e-01
0.000000000000000000e+00 1.629411280155181885e-01
0.000000000000000000e+00 1.487791389226913452e-01
0.000000000000000000e+00 1.421401053667068481e-01
0.000000000000000000e+00 1.298723220825195312e-01
0.000000000000000000e+00 1.210149303078651428e-01
0.000000000000000000e+00 1.103542596101760864e-01
0.000000000000000000e+00 1.146854534745216370e-01
0.000000000000000000e+00 1.169099286198616028e-01
0.000000000000000000e+00 1.051556020975112915e-01
0.000000000000000000e+00 1.103001013398170471e-01
0.000000000000000000e+00 1.063309237360954285e-01
0.000000000000000000e+00 9.484688192605972290e-02
0.000000000000000000e+00 9.140681475400924683e-02
0.000000000000000000e+00 9.620660543441772461e-02
0.000000000000000000e+00 1.111389026045799255e-01
0.000000000000000000e+00 1.111691892147064209e-01
0.000000000000000000e+00 1.191488355398178101e-01
0.000000000000000000e+00 1.358926892280578613e-01
0.000000000000000000e+00 1.479688435792922974e-01
0.000000000000000000e+00 1.649756282567977905e-01
0.000000000000000000e+00 1.891669481992721558e-01
0.000000000000000000e+00 1.990875452756881714e-01
0.000000000000000000e+00 2.069819569587707520e-01
0.000000000000000000e+00 2.417554110288619995e-01
0.000000000000000000e+00 2.748924791812896729e-01
0.000000000000000000e+00 2.554500997066497803e-01
0.000000000000000000e+00 2.385674566030502319e-01
0.000000000000000000e+00 2.433309853076934814e-01
0.000000000000000000e+00 2.796340882778167725e-01
0.000000000000000000e+00 3.225141763687133789e-01
0.000000000000000000e+00 3.191365301609039307e-01
0.000000000000000000e+00 3.343522250652313232e-01
0.000000000000000000e+00 3.633126318454742432e-01
0.000000000000000000e+00 3.661700785160064697e-01
0.000000000000000000e+00 3.664706945419311523e-01
0.000000000000000000e+00 3.676891326904296875e-01
0.000000000000000000e+00 3.824526369571685791e-01
0.000000000000000000e+00 3.966620862483978271e-01
0.000000000000000000e+00 3.966745734214782715e-01
0.000000000000000000e+00 3.958167731761932373e-01
0.000000000000000000e+00 3.939831554889678955e-01
0.000000000000000000e+00 3.833864033222198486e-01
0.000000000000000000e+00 3.499807715415954590e-01
0.000000000000000000e+00 2.844463586807250977e-01
0.000000000000000000e+00 2.347525507211685181e-01
0.000000000000000000e+00 2.154371291399002075e-01
0.000000000000000000e+00 1.810947209596633911e-01
0.000000000000000000e+00 1.864785403013229370e-01
0.000000000000000000e+00 1.456156373023986816e-01
0.000000000000000000e+00 1.399321109056472778e-01
0.000000000000000000e+00 1.114342808723449707e-01
0.000000000000000000e+00 8.492499589920043945e-02
0.000000000000000000e+00 6.825817376375198364e-02
0.000000000000000000e+00 5.754636228084564209e-02
0.000000000000000000e+00 4.675433039665222168e-02
0.000000000000000000e+00 3.961477056145668030e-02
0.000000000000000000e+00 3.686604648828506470e-02
0.000000000000000000e+00 3.414785116910934448e-02
0.000000000000000000e+00 3.445457294583320618e-02
0.000000000000000000e+00 3.219258412718772888e-02
0.000000000000000000e+00 3.036642633378505707e-02
0.000000000000000000e+00 3.325029835104942322e-02
0.000000000000000000e+00 3.524670377373695374e-02
0.000000000000000000e+00 3.669468313455581665e-02
0.000000000000000000e+00 4.603393375873565674e-02
0.000000000000000000e+00 5.414253473281860352e-02
0.000000000000000000e+00 6.002959609031677246e-02
0.000000000000000000e+00 7.019387930631637573e-02
0.000000000000000000e+00 8.171410113573074341e-02
0.000000000000000000e+00 7.648526877164840698e-02
0.000000000000000000e+00 8.016803860664367676e-02
0.000000000000000000e+00 6.766486167907714844e-02
0.000000000000000000e+00 5.898395180702209473e-02
0.000000000000000000e+00 5.946401134133338928e-02
0.000000000000000000e+00 5.052298679947853088e-02
0.000000000000000000e+00 4.769677296280860901e-02
0.000000000000000000e+00 4.876675456762313843e-02
0.000000000000000000e+00 4.499377682805061340e-02
0.000000000000000000e+00 4.494022950530052185e-02
0.000000000000000000e+00 4.173535108566284180e-02
0.000000000000000000e+00 3.866870328783988953e-02
0.000000000000000000e+00 3.988972306251525879e-02
0.000000000000000000e+00 3.991020098328590393e-02
0.000000000000000000e+00 3.604514151811599731e-02
0.000000000000000000e+00 3.576618060469627380e-02
0.000000000000000000e+00 3.438063338398933411e-02
0.000000000000000000e+00 3.705329075455665588e-02
0.000000000000000000e+00 3.769025951623916626e-02
0.000000000000000000e+00 4.177112504839897156e-02
0.000000000000000000e+00 4.779226332902908325e-02
0.000000000000000000e+00 5.528391152620315552e-02
0.000000000000000000e+00 6.421050429344177246e-02
0.000000000000000000e+00 6.494961678981781006e-02
0.000000000000000000e+00 8.498701453208923340e-02
0.000000000000000000e+00 9.429307281970977783e-02
0.000000000000000000e+00 1.015351265668869019e-01
0.000000000000000000e+00 1.161044538021087646e-01
0.000000000000000000e+00 1.279134899377822876e-01
0.000000000000000000e+00 1.372473537921905518e-01
0.000000000000000000e+00 1.554631888866424561e-01
0.000000000000000000e+00 1.626187264919281006e-01
0.000000000000000000e+00 1.872950196266174316e-01
0.000000000000000000e+00 1.964332908391952515e-01
0.000000000000000000e+00 2.106914967298507690e-01
0.000000000000000000e+00 2.194501906633377075e-01
0.000000000000000000e+00 2.330615818500518799e-01
0.000000000000000000e+00 2.501532435417175293e-01
0.000000000000000000e+00 2.828146517276763916e-01
0.000000000000000000e+00 3.016918599605560303e-01
1.000000000000000000e+00 3.187650740146636963e-01
0.000000000000000000e+00 3.298872411251068115e-01
0.000000000000000000e+00 3.385866284370422363e-01
0.000000000000000000e+00 3.489691317081451416e-01
0.000000000000000000e+00 3.536922335624694824e-01
0.000000000000000000e+00 3.551773428916931152e-01
0.000000000000000000e+00 3.588691949844360352e-01
0.000000000000000000e+00 3.633712232112884521e-01
1.000000000000000000e+00 8.238494396209716797e-01
1.000000000000000000e+00 8.338262438774108887e-01
1.000000000000000000e+00 8.290001749992370605e-01
1.000000000000000000e+00 8.151791095733642578e-01
0.000000000000000000e+00 8.092781901359558105e-01
0.000000000000000000e+00 7.576120495796203613e-01
0.000000000000000000e+00 7.002480626106262207e-01
0.000000000000000000e+00 6.877818107604980469e-01
0.000000000000000000e+00 5.489223599433898926e-01
0.000000000000000000e+00 4.702115654945373535e-01
0.000000000000000000e+00 4.088869094848632812e-01
0.000000000000000000e+00 3.635609447956085205e-01
0.000000000000000000e+00 3.001328110694885254e-01
0.000000000000000000e+00 2.640657424926757812e-01
0.000000000000000000e+00 2.209852784872055054e-01
0.000000000000000000e+00 1.756119579076766968e-01
0.000000000000000000e+00 1.349448263645172119e-01
0.000000000000000000e+00 1.043920740485191345e-01
0.000000000000000000e+00 8.402594923973083496e-02
0.000000000000000000e+00 6.598885357379913330e-02
0.000000000000000000e+00 5.322491005063056946e-02
0.000000000000000000e+00 5.030189827084541321e-02
0.000000000000000000e+00 4.994134977459907532e-02
0.000000000000000000e+00 4.942957311868667603e-02
0.000000000000000000e+00 4.832394048571586609e-02
0.000000000000000000e+00 4.844572022557258606e-02
0.000000000000000000e+00 5.284508690237998962e-02
0.000000000000000000e+00 5.304126814007759094e-02
0.000000000000000000e+00 5.908031016588211060e-02
0.000000000000000000e+00 6.735757738351821899e-02
0.000000000000000000e+00 7.082266360521316528e-02
0.000000000000000000e+00 7.911057025194168091e-02
0.000000000000000000e+00 8.493283390998840332e-02
0.000000000000000000e+00 8.672221750020980835e-02
0.000000000000000000e+00 9.482707083225250244e-02
0.000000000000000000e+00 9.418898820877075195e-02
0.000000000000000000e+00 1.048425137996673584e-01
0.000000000000000000e+00 1.064696162939071655e-01
0.000000000000000000e+00 1.101514771580696106e-01
0.000000000000000000e+00 1.174984350800514221e-01
0.000000000000000000e+00 1.244382858276367188e-01
0.000000000000000000e+00 1.180317923426628113e-01
0.000000000000000000e+00 1.144685372710227966e-01
0.000000000000000000e+00 1.178881302475929260e-01
0.000000000000000000e+00 1.086415275931358337e-01
0.000000000000000000e+00 1.051764711737632751e-01
0.000000000000000000e+00 1.085552498698234558e-01
0.000000000000000000e+00 1.186579763889312744e-01
0.000000000000000000e+00 1.400311440229415894e-01
0.000000000000000000e+00 1.398553699254989624e-01
0.000000000000000000e+00 1.473462283611297607e-01
0.000000000000000000e+00 1.512670665979385376e-01
0.000000000000000000e+00 1.772810965776443481e-01
0.000000000000000000e+00 1.779804229736328125e-01
0.000000000000000000e+00 1.973638981580734253e-01
0.000000000000000000e+00 2.036384642124176025e-01
0.000000000000000000e+00 2.179215103387832642e-01
0.000000000000000000e+00 2.378909885883331299e-01
0.000000000000000000e+00 2.585912048816680908e-01
0.000000000000000000e+00 2.621250152587890625e-01
0.000000000000000000e+00 2.843481302261352539e-01
0.000000000000000000e+00 3.072662949562072754e-01
0.000000000000000000e+00 3.341493904590606689e-01
0.000000000000000000e+00 3.742239475250244141e-01
0.000000000000000000e+00 3.966788947582244873e-01
0.000000000000000000e+00 4.099999964237213135e-01
0.000000000000000000e+00 4.285546839237213135e-01
0.000000000000000000e+00 4.437909722328186035e-01
0.000000000000000000e+00 4.523296952247619629e-01
0.000000000000000000e+00 4.668641686439514160e-01
0.000000000000000000e+00 4.748784005641937256e-01
0.000000000000000000e+00 4.864153265953063965e-01
0.000000000000000000e+00 4.886861145496368408e-01
0.000000000000000000e+00 4.771672487258911133e-01
0.000000000000000000e+00 4.781781733036041260e-01
0.000000000000000000e+00 7.210901379585266113e-01
0.000000000000000000e+00 6.391050219535827637e-01
0.000000000000000000e+00 5.737048387527465820e-01
0.000000000000000000e+00 5.229163169860839844e-01
0.000000000000000000e+00 5.066009759902954102e-01
0.000000000000000000e+00 4.267467260360717773e-01
0.000000000000000000e+00 3.952696919441223145e-01
0.000000000000000000e+00 3.810679018497467041e-01
0.000000000000000000e+00 3.059566020965576172e-01
0.000000000000000000e+00 2.671577334403991699e-01
0.000000000000000000e+00 1.996025145053863525e-01
0.000000000000000000e+00 1.175474077463150024e-01
0.000000000000000000e+00 7.627302408218383789e-02
0.000000000000000000e+00 6.259830296039581299e-02
0.000000000000000000e+00 4.409185796976089478e-02
0.000000000000000000e+00 3.247148171067237854e-02
0.000000000000000000e+00 2.553085237741470337e-02
0.000000000000000000e+00 2.676548063755035400e-02
0.000000000000000000e+00 2.329510264098644257e-02
0.000000000000000000e+00 2.201920375227928162e-02
0.000000000000000000e+00 2.213989757001399994e-02
0.000000000000000000e+00 2.712856419384479523e-02
0.000000000000000000e+00 3.067605756223201752e-02
0.000000000000000000e+00 4.212067276239395142e-02
0.000000000000000000e+00 5.782868713140487671e-02
0.000000000000000000e+00 6.706485897302627563e-02
0.000000000000000000e+00 1.010565608739852905e-01
0.000000000000000000e+00 1.113083884119987488e-01
0.000000000000000000e+00 1.581664681434631348e-01
0.000000000000000000e+00 1.567445844411849976e-01
0.000000000000000000e+00 1.540374159812927246e-01
0.000000000000000000e+00 1.351826190948486328e-01
0.000000000000000000e+00 1.408120989799499512e-01
0.000000000000000000e+00 1.623144596815109253e-01
0.000000000000000000e+00 1.717425286769866943e-01
0.000000000000000000e+00 1.604780107736587524e-01
0.000000000000000000e+00 1.759882271289825439e-01
0.000000000000000000e+00 1.706079393625259399e-01
0.000000000000000000e+00 1.425225883722305298e-01
0.000000000000000000e+00 1.217490956187248230e-01
0.000000000000000000e+00 1.333118379116058350e-01
0.000000000000000000e+00 1.148229688405990601e-01
0.000000000000000000e+00 1.174530014395713806e-01
0.000000000000000000e+00 1.127802059054374695e-01
0.000000000000000000e+00 7.616135478019714355e-02
0.000000000000000000e+00 6.571538746356964111e-02
0.000000000000000000e+00 5.065473541617393494e-02
0.000000000000000000e+00 4.633244127035140991e-02
0.000000000000000000e+00 4.632591083645820618e-02
0.000000000000000000e+00 5.116971209645271301e-02
0.000000000000000000e+00 5.381750315427780151e-02
0.000000000000000000e+00 7.273592799901962280e-02
0.000000000000000000e+00 7.454380393028259277e-02
0.000000000000000000e+00 6.300798803567886353e-02
0.000000000000000000e+00 6.899947673082351685e-02
0.000000000000000000e+00 6.863337010145187378e-02
0.000000000000000000e+00 5.368758738040924072e-02
0.000000000000000000e+00 5.514340102672576904e-02
0.000000000000000000e+00 5.793594196438789368e-02
0.000000000000000000e+00 7.160078734159469604e-02
1.000000000000000000e+00 8.473137021064758301e-02
1.000000000000000000e+00 1.040968000888824463e-01
0.000000000000000000e+00 1.116898134350776672e-01
0.000000000000000000e+00 1.133672893047332764e-01
0.000000000000000000e+00 1.193200051784515381e-01
0.000000000000000000e+00 1.593267768621444702e-01
0.000000000000000000e+00 2.431222349405288696e-01
0.000000000000000000e+00 3.302949070930480957e-01
0.000000000000000000e+00 3.722287416458129883e-01
0.000000000000000000e+00 4.040605127811431885e-01
0.000000000000000000e+00 4.151664674282073975e-01
0.000000000000000000e+00 3.946903347969055176e-01
0.000000000000000000e+00 4.106017947196960449e-01
0.000000000000000000e+00 4.040732085704803467e-01
0.000000000000000000e+00 4.077705144882202148e-01
