0.000000000000000000e+00 9.967349171638488770e-01
0.000000000000000000e+00 9.964616894721984863e-01
0.000000000000000000e+00 9.973771572113037109e-01
0.000000000000000000e+00 9.960078001022338867e-01
0.000000000000000000e+00 9.970974922180175781e-01
0.000000000000000000e+00 9.965021610260009766e-01
0.000000000000000000e+00 9.953557252883911133e-01
0.000000000000000000e+00 9.959133267402648926e-01
0.000000000000000000e+00 9.969311952590942383e-01
0.000000000000000000e+00 9.974041581153869629e-01
0.000000000000000000e+00 9.982289671897888184e-01
0.000000000000000000e+00 9.979563951492309570e-01
0.000000000000000000e+00 9.979587793350219727e-01
0.000000000000000000e+00 9.975933432579040527e-01
0.000000000000000000e+00 9.975579977035522461e-01
0.000000000000000000e+00 9.985153079032897949e-01
1.000000000000000000e+00 9.984379410743713379e-01
1.000000000000000000e+00 9.987387061119079590e-01
1.000000000000000000e+00 9.984771609306335449e-01
0.000000000000000000e+00 9.986202716827392578e-01
0.000000000000000000e+00 9.987981319427490234e-01
0.000000000000000000e+00 9.990555644035339355e-01
1.000000000000000000e+00 9.988045692443847656e-01
1.000000000000000000e+00 9.988694787025451660e-01
1.000000000000000000e+00 9.990240335464477539e-01
1.000000000000000000e+00 9.991182684898376465e-01
1.000000000000000000e+00 9.990108013153076172e-01
1.000000000000000000e+00 9.982482194900512695e-01
1.000000000000000000e+00 9.985164999961853027e-01
1.000000000000000000e+00 9.970011115074157715e-01
1.000000000000000000e+00 9.951211810111999512e-01
1.000000000000000000e+00 9.889240860939025879e-01
0.000000000000000000e+00 9.774840474128723145e-01
0.000000000000000000e+00 8.702521920204162598e-01
0.000000000000000000e+00 8.330664634704589844e-01
0.000000000000000000e+00 6.427866816520690918e-01
0.000000000000000000e+00 4.050190150737762451e-01
0.000000000000000000e+00 2.769156396389007568e-01
0.000000000000000000e+00 2.616302967071533203e-01
0.000000000000000000e+00 1.760928034782409668e-01
0.000000000000000000e+00 8.448462188243865967e-02
0.000000000000000000e+00 7.863617688417434692e-02
0.000000000000000000e+00 5.359732732176780701e-02
0.000000000000000000e+00 5.182040110230445862e-02
0.000000000000000000e+00 2.588232979178428650e-02
0.000000000000000000e+00 1.243400480598211288e-02
0.000000000000000000e+00 1.222598273307085037e-02
0.000000000000000000e+00 1.309971511363983154e-02
0.000000000000000000e+00 1.957761496305465698e-02
0.000000000000000000e+00 2.455588616430759430e-02
0.000000000000000000e+00 2.220484800636768341e-02
0.000000000000000000e+00 1.638055220246315002e-02
0.000000000000000000e+00 2.493256144225597382e-02
0.000000000000000000e+00 4.626314342021942139e-02
0.000000000000000000e+00 5.772350728511810303e-02
1.000000000000000000e+00 8.511825650930404663e-02
1.000000000000000000e+00 1.097849905490875244e-01
0.000000000000000000e+00 1.083071157336235046e-01
0.000000000000000000e+00 1.328422874212265015e-01
0.000000000000000000e+00 2.151526659727096558e-01
0.000000000000000000e+00 2.302956581115722656e-01
1.000000000000000000e+00 2.687878310680389404e-01
1.000000000000000000e+00 2.917981743812561035e-01
1.000000000000000000e+00 3.536110222339630127e-01
1.000000000000000000e+00 4.549843370914459229e-01
1.000000000000000000e+00 4.070474505424499512e-01
1.000000000000000000e+00 6.092172861099243164e-01
1.000000000000000000e+00 6.420544385910034180e-01
1.000000000000000000e+00 7.519183158874511719e-01
1.000000000000000000e+00 6.183964014053344727e-01
0.000000000000000000e+00 5.788218975067138672e-01
0.000000000000000000e+00 5.097473859786987305e-01
0.000000000000000000e+00 4.128569662570953369e-01
0.000000000000000000e+00 4.242681562900543213e-01
0.000000000000000000e+00 2.909145057201385498e-01
0.000000000000000000e+00 9.775918126106262207e-01
0.000000000000000000e+00 9.712218046188354492e-01
0.000000000000000000e+00 9.783565402030944824e-01
0.000000000000000000e+00 9.691647887229919434e-01
0.000000000000000000e+00 9.693647027015686035e-01
0.000000000000000000e+00 9.685081243515014648e-01
0.000000000000000000e+00 9.753511548042297363e-01
0.000000000000000000e+00 9.654140472412109375e-01
0.000000000000000000e+00 9.693784117698669434e-01
0.000000000000000000e+00 9.625493288040161133e-01
0.000000000000000000e+00 9.502362608909606934e-01
0.000000000000000000e+00 9.538174271583557129e-01
0.000000000000000000e+00 9.483022689819335938e-01
0.000000000000000000e+00 9.284919500350952148e-01
1.000000000000000000e+00 8.975982069969177246e-01
1.000000000000000000e+00 8.257398009300231934e-01
1.000000000000000000e+00 8.558827638626098633e-01
1.000000000000000000e+00 8.940117359161376953e-01
1.000000000000000000e+00 8.984736204147338867e-01
1.000000000000000000e+00 9.026505947113037109e-01
0.000000000000000000e+00 9.512550830841064453e-01
1.000000000000000000e+00 9.356459975242614746e-01
1.000000000000000000e+00 9.312922954559326172e-01
1.000000000000000000e+00 9.647145867347717285e-01
0.000000000000000000e+00 9.556566476821899414e-01
1.000000000000000000e+00 9.347649812698364258e-01
1.000000000000000000e+00 8.979560732841491699e-01
1.000000000000000000e+00 9.080901145935058594e-01
1.000000000000000000e+00 8.305625915527343750e-01
0.000000000000000000e+00 8.548753261566162109e-01
1.000000000000000000e+00 8.212231993675231934e-01
1.000000000000000000e+00 6.101998686790466309e-01
1.000000000000000000e+00 5.674398541450500488e-01
1.000000000000000000e+00 4.312702417373657227e-01
1.000000000000000000e+00 1.997816413640975952e-01
0.000000000000000000e+00 1.268850564956665039e-01
0.000000000000000000e+00 1.119641885161399841e-01
0.000000000000000000e+00 4.095858708024024963e-02
0.000000000000000000e+00 2.796033583581447601e-02
0.000000000000000000e+00 3.058608062565326691e-02
0.000000000000000000e+00 3.394562378525733948e-02
0.000000000000000000e+00 3.291003406047821045e-02
0.000000000000000000e+00 2.645699121057987213e-02
0.000000000000000000e+00 2.611001208424568176e-02
0.000000000000000000e+00 2.059799991548061371e-02
0.000000000000000000e+00 1.677582971751689911e-02
0.000000000000000000e+00 1.762520708143711090e-02
0.000000000000000000e+00 2.070792950689792633e-02
0.000000000000000000e+00 2.081396244466304779e-02
0.000000000000000000e+00 2.124265208840370178e-02
0.000000000000000000e+00 2.863229066133499146e-02
0.000000000000000000e+00 2.825456298887729645e-02
0.000000000000000000e+00 3.160107508301734924e-02
0.000000000000000000e+00 3.121030144393444061e-02
0.000000000000000000e+00 3.112636134028434753e-02
0.000000000000000000e+00 2.356464229524135590e-02
0.000000000000000000e+00 2.674409933388233185e-02
0.000000000000000000e+00 2.616409771144390106e-02
0.000000000000000000e+00 2.358840219676494598e-02
0.000000000000000000e+00 2.433715388178825378e-02
0.000000000000000000e+00 2.180451154708862305e-02
0.000000000000000000e+00 2.751545421779155731e-02
0.000000000000000000e+00 1.987129449844360352e-02
0.000000000000000000e+00 2.055855281651020050e-02
0.000000000000000000e+00 2.924724668264389038e-02
0.000000000000000000e+00 2.576170675456523895e-02
0.000000000000000000e+00 4.933640360832214355e-02
0.000000000000000000e+00 3.930789977312088013e-02
0.000000000000000000e+00 3.266841545701026917e-02
0.000000000000000000e+00 4.877716302871704102e-02
0.000000000000000000e+00 5.209717899560928345e-02
0.000000000000000000e+00 4.953168332576751709e-02
0.000000000000000000e+00 4.521862044930458069e-02
0.000000000000000000e+00 5.078688636422157288e-02
0.000000000000000000e+00 4.899914935231208801e-02
1.000000000000000000e+00 9.266390800476074219e-01
1.000000000000000000e+00 8.385776877403259277e-01
1.000000000000000000e+00 6.591976881027221680e-01
1.000000000000000000e+00 4.008156359195709229e-01
1.000000000000000000e+00 1.337923407554626465e-01
1.000000000000000000e+00 3.288657963275909424e-02
0.000000000000000000e+00 7.630683016031980515e-03
0.000000000000000000e+00 3.949447069317102432e-03
0.000000000000000000e+00 1.895549241453409195e-03
0.000000000000000000e+00 1.363507122732698917e-03
0.000000000000000000e+00 6.769932224415242672e-04
0.000000000000000000e+00 3.385138988960534334e-04
0.000000000000000000e+00 2.323994849575683475e-04
0.000000000000000000e+00 1.981815730687230825e-04
0.000000000000000000e+00 1.147933944594115019e-04
0.000000000000000000e+00 9.291138121625408530e-05
0.000000000000000000e+00 5.371691077016294003e-05
0.000000000000000000e+00 5.159992360859178007e-05
0.000000000000000000e+00 4.658510806621052325e-05
0.000000000000000000e+00 2.804151881719008088e-05
0.000000000000000000e+00 3.337886664667166770e-05
0.000000000000000000e+00 3.575752270990051329e-05
0.000000000000000000e+00 3.697094143717549741e-05
0.000000000000000000e+00 3.542767080944031477e-05
1.000000000000000000e+00 2.386239793850108981e-05
1.000000000000000000e+00 2.886664151446893811e-05
1.000000000000000000e+00 2.280913031427189708e-05
1.000000000000000000e+00 2.107804175466299057e-05
1.000000000000000000e+00 2.736360329436138272e-05
0.000000000000000000e+00 4.634361903299577534e-05
0.000000000000000000e+00 7.736372936051338911e-05
0.000000000000000000e+00 8.675705612404271960e-05
1.000000000000000000e+00 1.647233148105442524e-04
1.000000000000000000e+00 1.553494512336328626e-04
0.000000000000000000e+00 1.681139256106689572e-04
0.000000000000000000e+00 1.388004166074097157e-04
0.000000000000000000e+00 1.013763394439592957e-04
0.000000000000000000e+00 9.139214671449735761e-05
0.000000000000000000e+00 1.200346814584918320e-04
0.000000000000000000e+00 1.315681583946570754e-04
0.000000000000000000e+00 2.525329473428428173e-04
0.000000000000000000e+00 1.968681026482954621e-04
0.000000000000000000e+00 1.236796524608507752e-04
0.000000000000000000e+00 1.332059327978640795e-04
0.000000000000000000e+00 8.210552914533764124e-05
0.000000000000000000e+00 9.144575597019866109e-05
0.000000000000000000e+00 8.090535266092047095e-05
0.000000000000000000e+00 1.129058582591824234e-04
0.000000000000000000e+00 1.393140992149710655e-04
0.000000000000000000e+00 1.327922509517520666e-04
0.000000000000000000e+00 8.970627823146060109e-05
0.000000000000000000e+00 9.710466838441789150e-05
0.000000000000000000e+00 9.304037666879594326e-05
0.000000000000000000e+00 1.551707537146285176e-04
0.000000000000000000e+00 1.802696788217872381e-04
0.000000000000000000e+00 2.172480017179623246e-04
0.000000000000000000e+00 1.483171363361179829e-04
0.000000000000000000e+00 1.477647601859644055e-04
0.000000000000000000e+00 1.753797987475991249e-04
0.000000000000000000e+00 1.302344608120620251e-04
0.000000000000000000e+00 1.204368818434886634e-04
0.000000000000000000e+00 1.302240270888432860e-04
0.000000000000000000e+00 1.184118227683939040e-04
0.000000000000000000e+00 2.029952884186059237e-04
0.000000000000000000e+00 1.808303932193666697e-04
0.000000000000000000e+00 1.743877946864813566e-04
0.000000000000000000e+00 3.288716543465852737e-04
0.000000000000000000e+00 3.929071826860308647e-04
0.000000000000000000e+00 4.743878671433776617e-04
0.000000000000000000e+00 4.381554317660629749e-04
0.000000000000000000e+00 5.826056585647165775e-04
0.000000000000000000e+00 5.280392942950129509e-04
0.000000000000000000e+00 4.668451729230582714e-04
0.000000000000000000e+00 5.235645803622901440e-04
0.000000000000000000e+00 7.115642656572163105e-04
1.000000000000000000e+00 9.928255081176757812e-01
1.000000000000000000e+00 9.904338121414184570e-01
1.000000000000000000e+00 9.868544340133666992e-01
1.000000000000000000e+00 9.828811883926391602e-01
1.000000000000000000e+00 9.671483039855957031e-01
0.000000000000000000e+00 9.349833726882934570e-01
0.000000000000000000e+00 8.631978631019592285e-01
0.000000000000000000e+00 7.082087993621826172e-01
0.000000000000000000e+00 5.439742803573608398e-01
0.000000000000000000e+00 3.478991091251373291e-01
0.000000000000000000e+00 2.581272423267364502e-01
0.000000000000000000e+00 1.665434837341308594e-01
0.000000000000000000e+00 1.235901340842247009e-01
0.000000000000000000e+00 4.920532554388046265e-02
0.000000000000000000e+00 2.619208768010139465e-02
0.000000000000000000e+00 1.765870116651058197e-02
0.000000000000000000e+00 1.753168739378452301e-02
0.000000000000000000e+00 1.766412891447544098e-02
0.000000000000000000e+00 1.174672599881887436e-02
0.000000000000000000e+00 1.862135343253612518e-02
0.000000000000000000e+00 3.090769611299037933e-02
0.000000000000000000e+00 3.628738969564437866e-02
1.000000000000000000e+00 4.705718532204627991e-02
0.000000000000000000e+00 4.720074310898780823e-02
0.000000000000000000e+00 4.241313412785530090e-02
0.000000000000000000e+00 2.962791547179222107e-02
0.000000000000000000e+00 3.483656048774719238e-02
0.000000000000000000e+00 4.720259457826614380e-02
0.000000000000000000e+00 4.624784737825393677e-02
0.000000000000000000e+00 6.306599080562591553e-02
0.000000000000000000e+00 6.646878272294998169e-02
0.000000000000000000e+00 7.295646518468856812e-02
0.000000000000000000e+00 7.057329267263412476e-02
0.000000000000000000e+00 8.477744460105895996e-02
0.000000000000000000e+00 1.227747574448585510e-01
0.000000000000000000e+00 7.845097780227661133e-02
0.000000000000000000e+00 6.525972485542297363e-02
0.000000000000000000e+00 3.136214241385459900e-02
0.000000000000000000e+00 2.966764196753501892e-02
0.000000000000000000e+00 3.315550461411476135e-02
0.000000000000000000e+00 3.385670855641365051e-02
0.000000000000000000e+00 3.590002655982971191e-02
0.000000000000000000e+00 3.752316907048225403e-02
0.000000000000000000e+00 3.809866681694984436e-02
0.000000000000000000e+00 5.296745896339416504e-02
0.000000000000000000e+00 6.339932233095169067e-02
0.000000000000000000e+00 8.459994941949844360e-02
0.000000000000000000e+00 1.412077546119689941e-01
0.000000000000000000e+00 1.863355040550231934e-01
0.000000000000000000e+00 4.140514433383941650e-01
0.000000000000000000e+00 3.593796789646148682e-01
0.000000000000000000e+00 7.239519357681274414e-01
0.000000000000000000e+00 8.129619956016540527e-01
0.000000000000000000e+00 7.983534336090087891e-01
0.000000000000000000e+00 7.230398654937744141e-01
0.000000000000000000e+00 7.760760188102722168e-01
1.000000000000000000e+00 7.496579289436340332e-01
0.000000000000000000e+00 8.255523443222045898e-01
0.000000000000000000e+00 8.193672895431518555e-01
1.000000000000000000e+00 8.229378461837768555e-01
1.000000000000000000e+00 8.250623941421508789e-01
0.000000000000000000e+00 8.488255739212036133e-01
0.000000000000000000e+00 9.100384712219238281e-01
0.000000000000000000e+00 8.936780095100402832e-01
0.000000000000000000e+00 8.811147212982177734e-01
0.000000000000000000e+00 8.443665504455566406e-01
1.000000000000000000e+00 6.767361760139465332e-01
1.000000000000000000e+00 6.369606852531433105e-01
1.000000000000000000e+00 4.329181313514709473e-01
1.000000000000000000e+00 3.777534365653991699e-01
0.000000000000000000e+00 1.165290325880050659e-01
0.000000000000000000e+00 1.016703769564628601e-01
0.000000000000000000e+00 5.646565556526184082e-02
0.000000000000000000e+00 2.406127192080020905e-02
0.000000000000000000e+00 1.813200674951076508e-02
0.000000000000000000e+00 9.540833234786987305e-01
0.000000000000000000e+00 8.068656921386718750e-01
1.000000000000000000e+00 8.260483145713806152e-01
0.000000000000000000e+00 5.144551396369934082e-01
0.000000000000000000e+00 2.702207565307617188e-01
0.000000000000000000e+00 3.806904554367065430e-01
0.000000000000000000e+00 1.800852417945861816e-01
0.000000000000000000e+00 1.287838220596313477e-01
0.000000000000000000e+00 1.730130314826965332e-01
0.000000000000000000e+00 9.333386272192001343e-02
0.000000000000000000e+00 1.196067109704017639e-01
0.000000000000000000e+00 1.270503550767898560e-01
0.000000000000000000e+00 1.131030395627021790e-01
0.000000000000000000e+00 1.048479005694389343e-01
0.000000000000000000e+00 7.071579992771148682e-02
0.000000000000000000e+00 6.982627511024475098e-02
1.000000000000000000e+00 1.170038878917694092e-01
0.000000000000000000e+00 1.405342817306518555e-01
0.000000000000000000e+00 2.369646728038787842e-01
0.000000000000000000e+00 3.103388547897338867e-01
0.000000000000000000e+00 4.432795345783233643e-01
0.000000000000000000e+00 5.834829807281494141e-01
0.000000000000000000e+00 7.136745452880859375e-01
0.000000000000000000e+00 7.485697865486145020e-01
0.000000000000000000e+00 6.678072214126586914e-01
0.000000000000000000e+00 5.259208679199218750e-01
0.000000000000000000e+00 5.661785006523132324e-01
0.000000000000000000e+00 5.225677490234375000e-01
0.000000000000000000e+00 3.840413689613342285e-01
0.000000000000000000e+00 3.589877188205718994e-01
0.000000000000000000e+00 5.688751339912414551e-01
0.000000000000000000e+00 3.756032884120941162e-01
0.000000000000000000e+00 3.900036215782165527e-01
0.000000000000000000e+00 4.271964132785797119e-01
0.000000000000000000e+00 3.387924134731292725e-01
0.000000000000000000e+00 1.494204849004745483e-01
0.000000000000000000e+00 1.991249620914459229e-01
0.000000000000000000e+00 8.072439581155776978e-02
0.000000000000000000e+00 4.121289774775505066e-02
0.000000000000000000e+00 1.157172843813896179e-01
0.000000000000000000e+00 1.643256992101669312e-01
0.000000000000000000e+00 1.577068120241165161e-01
0.000000000000000000e+00 1.924548298120498657e-01
0.000000000000000000e+00 1.167508214712142944e-01
0.000000000000000000e+00 7.114883512258529663e-02
0.000000000000000000e+00 9.698272496461868286e-02
0.000000000000000000e+00 1.237592697143554688e-01
0.000000000000000000e+00 2.921356558799743652e-01
0.000000000000000000e+00 4.271255731582641602e-01
0.000000000000000000e+00 5.318844318389892578e-01
0.000000000000000000e+00 6.870777606964111328e-01
0.000000000000000000e+00 8.508186936378479004e-01
0.000000000000000000e+00 9.138756394386291504e-01
0.000000000000000000e+00 9.278852939605712891e-01
0.000000000000000000e+00 9.467447400093078613e-01
0.000000000000000000e+00 9.662698507308959961e-01
0.000000000000000000e+00 9.626782536506652832e-01
0.000000000000000000e+00 9.511656761169433594e-01
0.000000000000000000e+00 9.106395244598388672e-01
0.000000000000000000e+00 8.894533514976501465e-01
0.000000000000000000e+00 8.478785157203674316e-01
0.000000000000000000e+00 8.898416757583618164e-01
0.000000000000000000e+00 9.143776893615722656e-01
0.000000000000000000e+00 8.366450071334838867e-01
0.000000000000000000e+00 8.790026307106018066e-01
0.000000000000000000e+00 8.700379133224487305e-01
1.000000000000000000e+00 8.027093410491943359e-01
1.000000000000000000e+00 8.293018341064453125e-01
1.000000000000000000e+00 9.171819090843200684e-01
1.000000000000000000e+00 8.749607801437377930e-01
1.000000000000000000e+00 8.693255186080932617e-01
1.000000000000000000e+00 7.056526541709899902e-01
1.000000000000000000e+00 5.852523446083068848e-01
0.000000000000000000e+00 3.933612406253814697e-01
1.000000000000000000e+00 3.617078363895416260e-01
1.000000000000000000e+00 8.596112579107284546e-02
1.000000000000000000e+00 5.544245243072509766e-02
1.000000000000000000e+00 2.497011981904506683e-02
0.000000000000000000e+00 2.130309492349624634e-02
0.000000000000000000e+00 9.921263903379440308e-03
0.000000000000000000e+00 1.321046520024538040e-02
0.000000000000000000e+00 9.802538901567459106e-03
0.000000000000000000e+00 1.053820177912712097e-02
0.000000000000000000e+00 4.256266169250011444e-03
0.000000000000000000e+00 6.631233263760805130e-03
0.000000000000000000e+00 9.926619939506053925e-03
0.000000000000000000e+00 1.154553983360528946e-02
0.000000000000000000e+00 1.134798303246498108e-02
0.000000000000000000e+00 2.067144773900508881e-02
0.000000000000000000e+00 2.128302119672298431e-02
0.000000000000000000e+00 3.013999573886394501e-02
0.000000000000000000e+00 2.108188718557357788e-02
0.000000000000000000e+00 5.803577601909637451e-02
0.000000000000000000e+00 5.106611177325248718e-02
0.000000000000000000e+00 6.359861046075820923e-02
0.000000000000000000e+00 9.492776542901992798e-02
0.000000000000000000e+00 5.801054462790489197e-02
0.000000000000000000e+00 7.796171307563781738e-02
0.000000000000000000e+00 5.917509272694587708e-02
0.000000000000000000e+00 6.067472696304321289e-02
0.000000000000000000e+00 3.852026909589767456e-02
0.000000000000000000e+00 4.232982918620109558e-02
0.000000000000000000e+00 3.006997518241405487e-02
0.000000000000000000e+00 2.095012366771697998e-02
0.000000000000000000e+00 1.730208098888397217e-02
0.000000000000000000e+00 1.627481169998645782e-02
0.000000000000000000e+00 1.406559161841869354e-02
0.000000000000000000e+00 9.253274649381637573e-03
0.000000000000000000e+00 1.274603512138128281e-02
0.000000000000000000e+00 7.757853250950574875e-03
0.000000000000000000e+00 9.020185098052024841e-03
0.000000000000000000e+00 1.280093379318714142e-02
0.000000000000000000e+00 1.662265509366989136e-02
0.000000000000000000e+00 1.681275665760040283e-02
0.000000000000000000e+00 1.069217920303344727e-02
0.000000000000000000e+00 1.188383810222148895e-02
0.000000000000000000e+00 1.109853200614452362e-02
0.000000000000000000e+00 1.206129975616931915e-02
0.000000000000000000e+00 1.632531173527240753e-02
0.000000000000000000e+00 1.567352563142776489e-02
0.000000000000000000e+00 1.648266986012458801e-02
0.000000000000000000e+00 2.620351500809192657e-02
0.000000000000000000e+00 4.844669625163078308e-02
0.000000000000000000e+00 7.403717190027236938e-02
0.000000000000000000e+00 9.798446297645568848e-02
0.000000000000000000e+00 1.710649281740188599e-01
0.000000000000000000e+00 1.765076220035552979e-01
0.000000000000000000e+00 2.758348882198333740e-01
0.000000000000000000e+00 3.351742923259735107e-01
0.000000000000000000e+00 3.078565597534179688e-01
1.000000000000000000e+00 3.652436435222625732e-01
1.000000000000000000e+00 3.955504298210144043e-01
1.000000000000000000e+00 4.558126330375671387e-01
0.000000000000000000e+00 4.368309080600738525e-01
1.000000000000000000e+00 5.390763878822326660e-01
1.000000000000000000e+00 5.174757242202758789e-01
1.000000000000000000e+00 6.053927540779113770e-01
1.000000000000000000e+00 6.345492005348205566e-01
1.000000000000000000e+00 6.286301612854003906e-01
0.000000000000000000e+00 5.307053327560424805e-01
0.000000000000000000e+00 4.383476376533508301e-01
1.000000000000000000e+00 3.642312288284301758e-01
1.000000000000000000e+00 3.316253125667572021e-01
1.000000000000000000e+00 1.832038313150405884e-01
1.000000000000000000e+00 1.828259080648422241e-01
0.000000000000000000e+00 1.051899790763854980e-01
0.000000000000000000e+00 1.000121384859085083e-01
0.000000000000000000e+00 5.381923541426658630e-02
0.000000000000000000e+00 6.000019609928131104e-02
0.000000000000000000e+00 7.734008878469467163e-02
1.000000000000000000e+00 9.885475635528564453e-01
1.000000000000000000e+00 9.794867038726806641e-01
1.000000000000000000e+00 9.813624620437622070e-01
1.000000000000000000e+00 9.698353409767150879e-01
1.000000000000000000e+00 9.582892060279846191e-01
1.000000000000000000e+00 9.055429100990295410e-01
1.000000000000000000e+00 8.536403775215148926e-01
0.000000000000000000e+00 7.861154675483703613e-01
0.000000000000000000e+00 8.030082583427429199e-01
0.000000000000000000e+00 7.049936056137084961e-01
0.000000000000000000e+00 5.507871508598327637e-01
0.000000000000000000e+00 5.233100056648254395e-01
0.000000000000000000e+00 3.549866974353790283e-01
0.000000000000000000e+00 1.964763551950454712e-01
0.000000000000000000e+00 1.630814522504806519e-01
0.000000000000000000e+00 6.816640496253967285e-02
1.000000000000000000e+00 9.744792431592941284e-02
0.000000000000000000e+00 7.218843698501586914e-02
0.000000000000000000e+00 9.704814851284027100e-02
0.000000000000000000e+00 6.957391649484634399e-02
0.000000000000000000e+00 7.286119461059570312e-02
0.000000000000000000e+00 7.426708191633224487e-02
0.000000000000000000e+00 1.413295716047286987e-01
0.000000000000000000e+00 1.935631632804870605e-01
0.000000000000000000e+00 1.922526061534881592e-01
0.000000000000000000e+00 2.383114248514175415e-01
0.000000000000000000e+00 2.761217057704925537e-01
0.000000000000000000e+00 2.092605531215667725e-01
0.000000000000000000e+00 2.376713901758193970e-01
0.000000000000000000e+00 1.678896397352218628e-01
0.000000000000000000e+00 3.515998125076293945e-01
0.000000000000000000e+00 2.377649992704391479e-01
0.000000000000000000e+00 1.562949866056442261e-01
0.000000000000000000e+00 2.328571528196334839e-01
0.000000000000000000e+00 2.679157257080078125e-01
0.000000000000000000e+00 1.522905081510543823e-01
0.000000000000000000e+00 1.623959690332412720e-01
0.000000000000000000e+00 3.242895901203155518e-01
0.000000000000000000e+00 2.441752105951309204e-01
0.000000000000000000e+00 2.994253039360046387e-01
0.000000000000000000e+00 2.496562302112579346e-01
0.000000000000000000e+00 1.921526342630386353e-01
0.000000000000000000e+00 1.794164031744003296e-01
0.000000000000000000e+00 1.408389955759048462e-01
0.000000000000000000e+00 9.381614625453948975e-02
0.000000000000000000e+00 9.969787299633026123e-02
0.000000000000000000e+00 1.357263922691345215e-01
0.000000000000000000e+00 3.046115636825561523e-01
0.000000000000000000e+00 2.779459953308105469e-01
0.000000000000000000e+00 3.836998045444488525e-01
0.000000000000000000e+00 4.781877100467681885e-01
0.000000000000000000e+00 4.967262744903564453e-01
0.000000000000000000e+00 6.094262003898620605e-01
0.000000000000000000e+00 7.630267739295959473e-01
0.000000000000000000e+00 7.858532667160034180e-01
1.000000000000000000e+00 7.901283502578735352e-01
1.000000000000000000e+00 7.448976039886474609e-01
1.000000000000000000e+00 7.945690751075744629e-01
1.000000000000000000e+00 8.496052622795104980e-01
1.000000000000000000e+00 7.992540001869201660e-01
1.000000000000000000e+00 7.861933708190917969e-01
0.000000000000000000e+00 7.925026416778564453e-01
0.000000000000000000e+00 7.765341401100158691e-01
0.000000000000000000e+00 8.197761774063110352e-01
0.000000000000000000e+00 6.289828419685363770e-01
0.000000000000000000e+00 6.367258429527282715e-01
0.000000000000000000e+00 5.472950339317321777e-01
0.000000000000000000e+00 4.191040992736816406e-01
0.000000000000000000e+00 3.550639748573303223e-01
0.000000000000000000e+00 3.062857985496520996e-01
0.000000000000000000e+00 1.253357380628585815e-01
0.000000000000000000e+00 1.248943507671356201e-01
0.000000000000000000e+00 9.004469215869903564e-02
0.000000000000000000e+00 5.895026773214340210e-02
0.000000000000000000e+00 5.201642587780952454e-02
0.000000000000000000e+00 9.808886647224426270e-01
0.000000000000000000e+00 9.831294417381286621e-01
0.000000000000000000e+00 9.684554338455200195e-01
0.000000000000000000e+00 9.354737997055053711e-01
0.000000000000000000e+00 9.482313990592956543e-01
0.000000000000000000e+00 7.670489549636840820e-01
0.000000000000000000e+00 8.552767038345336914e-01
0.000000000000000000e+00 7.644014358520507812e-01
0.000000000000000000e+00 6.481685638427734375e-01
0.000000000000000000e+00 6.107863783836364746e-01
0.000000000000000000e+00 3.871181011199951172e-01
0.000000000000000000e+00 5.607662796974182129e-01
0.000000000000000000e+00 4.536001980304718018e-01
0.000000000000000000e+00 2.346891462802886963e-01
0.000000000000000000e+00 3.925400078296661377e-01
0.000000000000000000e+00 2.736206054687500000e-01
0.000000000000000000e+00 3.061295449733734131e-01
0.000000000000000000e+00 2.517520189285278320e-01
0.000000000000000000e+00 2.537811100482940674e-01
0.000000000000000000e+00 2.163222730159759521e-01
0.000000000000000000e+00 5.779136419296264648e-01
1.000000000000000000e+00 6.218851804733276367e-01
1.000000000000000000e+00 8.022235631942749023e-01
1.000000000000000000e+00 8.385160565376281738e-01
0.000000000000000000e+00 8.776961565017700195e-01
0.000000000000000000e+00 8.437889218330383301e-01
0.000000000000000000e+00 8.587136864662170410e-01
0.000000000000000000e+00 8.488588333129882812e-01
0.000000000000000000e+00 8.236963748931884766e-01
0.000000000000000000e+00 7.583264708518981934e-01
0.000000000000000000e+00 7.661760449409484863e-01
0.000000000000000000e+00 8.407011032104492188e-01
0.000000000000000000e+00 8.404955863952636719e-01
0.000000000000000000e+00 7.324892878532409668e-01
0.000000000000000000e+00 6.829304099082946777e-01
0.000000000000000000e+00 3.187956213951110840e-01
0.000000000000000000e+00 4.681175351142883301e-01
0.000000000000000000e+00 5.323767066001892090e-01
0.000000000000000000e+00 4.640291333198547363e-01
0.000000000000000000e+00 5.790048837661743164e-01
0.000000000000000000e+00 4.024604856967926025e-01
0.000000000000000000e+00 2.744365334510803223e-01
0.000000000000000000e+00 2.054347246885299683e-01
0.000000000000000000e+00 1.925254166126251221e-01
0.000000000000000000e+00 2.105070799589157104e-01
0.000000000000000000e+00 1.076171323657035828e-01
0.000000000000000000e+00 4.621923342347145081e-02
0.000000000000000000e+00 6.874455511569976807e-02
1.000000000000000000e+00 7.771515846252441406e-02
0.000000000000000000e+00 1.118063628673553467e-01
0.000000000000000000e+00 1.119148135185241699e-01
0.000000000000000000e+00 1.542642116546630859e-01
0.000000000000000000e+00 2.234954386949539185e-01
1.000000000000000000e+00 2.137354165315628052e-01
1.000000000000000000e+00 4.905444979667663574e-01
1.000000000000000000e+00 5.933219194412231445e-01
0.000000000000000000e+00 1.892727017402648926e-01
0.000000000000000000e+00 9.534679353237152100e-02
0.000000000000000000e+00 1.674398183822631836e-01
1.000000000000000000e+00 8.425421267747879028e-02
1.000000000000000000e+00 5.613866075873374939e-02
1.000000000000000000e+00 6.783279031515121460e-02
1.000000000000000000e+00 9.323383867740631104e-02
1.000000000000000000e+00 2.238376587629318237e-01
1.000000000000000000e+00 2.307814359664916992e-01
0.000000000000000000e+00 3.340187966823577881e-01
0.000000000000000000e+00 6.342732906341552734e-01
0.000000000000000000e+00 8.849269151687622070e-01
0.000000000000000000e+00 7.016014456748962402e-01
0.000000000000000000e+00 6.649168133735656738e-01
0.000000000000000000e+00 7.157496809959411621e-01
0.000000000000000000e+00 4.399813711643218994e-01
0.000000000000000000e+00 6.142638921737670898e-01
0.000000000000000000e+00 4.503651261329650879e-01
0.000000000000000000e+00 4.116270244121551514e-01
