0.000000000000000000e+00 2.923530340194702148e-01
0.000000000000000000e+00 2.942636609077453613e-01
0.000000000000000000e+00 3.005603849887847900e-01
0.000000000000000000e+00 2.990836799144744873e-01
0.000000000000000000e+00 2.888983190059661865e-01
0.000000000000000000e+00 2.831044197082519531e-01
0.000000000000000000e+00 3.062525391578674316e-01
0.000000000000000000e+00 3.060578405857086182e-01
0.000000000000000000e+00 2.928053438663482666e-01
0.000000000000000000e+00 2.922111451625823975e-01
0.000000000000000000e+00 2.990104854106903076e-01
0.000000000000000000e+00 3.066470623016357422e-01
0.000000000000000000e+00 3.050939738750457764e-01
0.000000000000000000e+00 2.901930809020996094e-01
0.000000000000000000e+00 3.008831441402435303e-01
0.000000000000000000e+00 3.067593872547149658e-01
0.000000000000000000e+00 3.018397688865661621e-01
0.000000000000000000e+00 3.065028786659240723e-01
0.000000000000000000e+00 3.084201812744140625e-01
0.000000000000000000e+00 3.072455823421478271e-01
0.000000000000000000e+00 3.065167069435119629e-01
0.000000000000000000e+00 2.980448007583618164e-01
0.000000000000000000e+00 3.001967072486877441e-01
0.000000000000000000e+00 3.033443689346313477e-01
0.000000000000000000e+00 3.029394447803497314e-01
1.000000000000000000e+00 3.074248731136322021e-01
1.000000000000000000e+00 3.017729818820953369e-01
1.000000000000000000e+00 2.936822772026062012e-01
1.000000000000000000e+00 2.642091214656829834e-01
1.000000000000000000e+00 2.617444396018981934e-01
1.000000000000000000e+00 2.409421801567077637e-01
0.000000000000000000e+00 2.041803002357482910e-01
0.000000000000000000e+00 1.770010143518447876e-01
0.000000000000000000e+00 1.456522792577743530e-01
0.000000000000000000e+00 1.182405799627304077e-01
0.000000000000000000e+00 9.969789534807205200e-02
0.000000000000000000e+00 8.428624272346496582e-02
0.000000000000000000e+00 7.569029182195663452e-02
0.000000000000000000e+00 5.879840254783630371e-02
0.000000000000000000e+00 5.279056727886199951e-02
0.000000000000000000e+00 4.629382491111755371e-02
0.000000000000000000e+00 4.058236256241798401e-02
0.000000000000000000e+00 3.733788803219795227e-02
0.000000000000000000e+00 3.163082152605056763e-02
0.000000000000000000e+00 3.142468631267547607e-02
0.000000000000000000e+00 1.673146523535251617e-02
0.000000000000000000e+00 1.465910207480192184e-02
0.000000000000000000e+00 1.040457282215356827e-02
0.000000000000000000e+00 6.999286357313394547e-03
0.000000000000000000e+00 4.306634422391653061e-03
0.000000000000000000e+00 2.773702377453446388e-03
0.000000000000000000e+00 2.008600858971476555e-03
0.000000000000000000e+00 1.783561776392161846e-03
0.000000000000000000e+00 1.654903055168688297e-03
0.000000000000000000e+00 1.637461129575967789e-03
0.000000000000000000e+00 1.592649961821734905e-03
0.000000000000000000e+00 1.562799443490803242e-03
0.000000000000000000e+00 1.548045198433101177e-03
0.000000000000000000e+00 1.494339900091290474e-03
0.000000000000000000e+00 1.444724039174616337e-03
0.000000000000000000e+00 1.411971170455217361e-03
0.000000000000000000e+00 1.341601950116455555e-03
0.000000000000000000e+00 1.290450571104884148e-03
0.000000000000000000e+00 1.317726331762969494e-03
0.000000000000000000e+00 1.313914544880390167e-03
0.000000000000000000e+00 1.316515728831291199e-03
0.000000000000000000e+00 1.336172339506447315e-03
0.000000000000000000e+00 1.343623618595302105e-03
0.000000000000000000e+00 1.292520668357610703e-03
0.000000000000000000e+00 1.273776055313646793e-03
0.000000000000000000e+00 1.275180373340845108e-03
0.000000000000000000e+00 1.294079003855586052e-03
0.000000000000000000e+00 1.289451029151678085e-03
0.000000000000000000e+00 1.281742472201585770e-03
0.000000000000000000e+00 1.261512632481753826e-03
0.000000000000000000e+00 1.238706405274569988e-03
0.000000000000000000e+00 1.210481161251664162e-03
0.000000000000000000e+00 1.165398978628218174e-03
0.000000000000000000e+00 1.169386086985468864e-03
0.000000000000000000e+00 1.174527453258633614e-03
0.000000000000000000e+00 1.169929862953722477e-03
0.000000000000000000e+00 1.172545482404530048e-03
0.000000000000000000e+00 1.167720765806734562e-03
0.000000000000000000e+00 1.146607217378914356e-03
0.000000000000000000e+00 1.153192599304020405e-03
0.000000000000000000e+00 1.183452783152461052e-03
0.000000000000000000e+00 1.165941357612609863e-03
0.000000000000000000e+00 1.190208713524043560e-03
0.000000000000000000e+00 1.180044841021299362e-03
0.000000000000000000e+00 1.160411862656474113e-03
0.000000000000000000e+00 2.375889336690306664e-03
0.000000000000000000e+00 2.601391868665814400e-03
0.000000000000000000e+00 2.719376236200332642e-03
0.000000000000000000e+00 2.361025894060730934e-03
0.000000000000000000e+00 1.788317924365401268e-03
0.000000000000000000e+00 1.104444498196244240e-03
0.000000000000000000e+00 6.128384266048669815e-04
0.000000000000000000e+00 3.189152339473366737e-04
0.000000000000000000e+00 1.766386558301746845e-04
0.000000000000000000e+00 1.501914375694468617e-04
0.000000000000000000e+00 1.363381306873634458e-04
0.000000000000000000e+00 1.287070626858621836e-04
0.000000000000000000e+00 1.157726437668316066e-04
0.000000000000000000e+00 1.063154631992802024e-04
0.000000000000000000e+00 9.147427772404626012e-05
0.000000000000000000e+00 7.750047370791435242e-05
0.000000000000000000e+00 7.291793735930696130e-05
0.000000000000000000e+00 7.526392437284812331e-05
0.000000000000000000e+00 8.118171535898000002e-05
0.000000000000000000e+00 9.340921678813174367e-05
0.000000000000000000e+00 1.057833433151245117e-04
0.000000000000000000e+00 1.179198734462261200e-04
0.000000000000000000e+00 1.277812261832877994e-04
0.000000000000000000e+00 1.518807403044775128e-04
0.000000000000000000e+00 1.549387816339731216e-04
0.000000000000000000e+00 1.773141557350754738e-04
0.000000000000000000e+00 2.094195224344730377e-04
0.000000000000000000e+00 2.234779240097850561e-04
0.000000000000000000e+00 2.776897454168647528e-04
0.000000000000000000e+00 2.852999896276742220e-04
0.000000000000000000e+00 3.044907643925398588e-04
0.000000000000000000e+00 3.251883317716419697e-04
0.000000000000000000e+00 3.449409850873053074e-04
0.000000000000000000e+00 3.708018921315670013e-04
0.000000000000000000e+00 3.851293877232819796e-04
0.000000000000000000e+00 4.147499857936054468e-04
0.000000000000000000e+00 4.355769779067486525e-04
0.000000000000000000e+00 4.879066254943609238e-04
0.000000000000000000e+00 4.867632233072072268e-04
0.000000000000000000e+00 5.670332466252148151e-04
0.000000000000000000e+00 6.700420053675770760e-04
0.000000000000000000e+00 7.102126837708055973e-04
0.000000000000000000e+00 7.920140633359551430e-04
0.000000000000000000e+00 7.652445347048342228e-04
0.000000000000000000e+00 7.455456652678549290e-04
0.000000000000000000e+00 4.764874931424856186e-03
0.000000000000000000e+00 2.536379965022206306e-03
0.000000000000000000e+00 1.384258619509637356e-03
0.000000000000000000e+00 1.065185875631868839e-03
0.000000000000000000e+00 8.040430839173495770e-04
0.000000000000000000e+00 6.934860721230506897e-04
0.000000000000000000e+00 5.743847577832639217e-04
0.000000000000000000e+00 6.135402945801615715e-04
0.000000000000000000e+00 5.651399260386824608e-04
0.000000000000000000e+00 5.341707146726548672e-04
0.000000000000000000e+00 5.894441856071352959e-04
0.000000000000000000e+00 6.921114400029182434e-04
0.000000000000000000e+00 7.869310793466866016e-04
0.000000000000000000e+00 1.064415439032018185e-03
0.000000000000000000e+00 1.352888764813542366e-03
0.000000000000000000e+00 1.450120471417903900e-03
0.000000000000000000e+00 1.270805252715945244e-03
0.000000000000000000e+00 1.089794910512864590e-03
0.000000000000000000e+00 8.692560368217527866e-04
0.000000000000000000e+00 7.378211594186723232e-04
0.000000000000000000e+00 6.416352698579430580e-04
0.000000000000000000e+00 5.607017083093523979e-04
0.000000000000000000e+00 4.967719432897865772e-04
0.000000000000000000e+00 4.236613749526441097e-04
0.000000000000000000e+00 3.597014874685555696e-04
0.000000000000000000e+00 3.443756722845137119e-04
0.000000000000000000e+00 3.368224133737385273e-04
0.000000000000000000e+00 3.295304195489734411e-04
0.000000000000000000e+00 3.315503417979925871e-04
0.000000000000000000e+00 3.261110105086117983e-04
0.000000000000000000e+00 3.270684683229774237e-04
0.000000000000000000e+00 3.259313816670328379e-04
0.000000000000000000e+00 3.196652687620371580e-04
0.000000000000000000e+00 3.158546169288456440e-04
0.000000000000000000e+00 3.125693183392286301e-04
0.000000000000000000e+00 3.091775870416313410e-04
0.000000000000000000e+00 3.141245397273451090e-04
0.000000000000000000e+00 3.135835577268153429e-04
0.000000000000000000e+00 3.124078502878546715e-04
0.000000000000000000e+00 3.138658939860761166e-04
0.000000000000000000e+00 3.270906163379549980e-04
0.000000000000000000e+00 3.323522978462278843e-04
0.000000000000000000e+00 3.449705836828798056e-04
0.000000000000000000e+00 3.586201637517660856e-04
0.000000000000000000e+00 3.734154161065816879e-04
0.000000000000000000e+00 1.449741329997777939e-02
0.000000000000000000e+00 1.835845597088336945e-02
0.000000000000000000e+00 2.142398059368133545e-02
0.000000000000000000e+00 1.887118257582187653e-02
0.000000000000000000e+00 1.698600128293037415e-02
0.000000000000000000e+00 1.524940226227045059e-02
0.000000000000000000e+00 1.397073827683925629e-02
0.000000000000000000e+00 1.326477713882923126e-02
0.000000000000000000e+00 1.268436666578054428e-02
0.000000000000000000e+00 1.233820896595716476e-02
0.000000000000000000e+00 1.213468518108129501e-02
0.000000000000000000e+00 1.199407037347555161e-02
0.000000000000000000e+00 1.199987996369600296e-02
0.000000000000000000e+00 1.203400641679763794e-02
0.000000000000000000e+00 1.213672664016485214e-02
0.000000000000000000e+00 1.224470604211091995e-02
0.000000000000000000e+00 1.249424740672111511e-02
0.000000000000000000e+00 1.249621715396642685e-02
0.000000000000000000e+00 1.293332315981388092e-02
0.000000000000000000e+00 1.299134176224470139e-02
0.000000000000000000e+00 1.313257496803998947e-02
0.000000000000000000e+00 1.334044709801673889e-02
0.000000000000000000e+00 1.348023023456335068e-02
0.000000000000000000e+00 1.354930736124515533e-02
0.000000000000000000e+00 1.348593179136514664e-02
0.000000000000000000e+00 1.372145488858222961e-02
0.000000000000000000e+00 1.416729018092155457e-02
0.000000000000000000e+00 1.425491273403167725e-02
0.000000000000000000e+00 1.439981255680322647e-02
0.000000000000000000e+00 1.442995853722095490e-02
0.000000000000000000e+00 1.429466065019369125e-02
0.000000000000000000e+00 1.432972121983766556e-02
0.000000000000000000e+00 1.435460802167654037e-02
0.000000000000000000e+00 1.435756310820579529e-02
0.000000000000000000e+00 1.456815470010042191e-02
0.000000000000000000e+00 1.476306561380624771e-02
0.000000000000000000e+00 1.505302451550960541e-02
0.000000000000000000e+00 1.497448328882455826e-02
0.000000000000000000e+00 1.455364283174276352e-02
0.000000000000000000e+00 1.460046693682670593e-02
0.000000000000000000e+00 1.478322595357894897e-02
0.000000000000000000e+00 1.470925100147724152e-02
0.000000000000000000e+00 1.455362979322671890e-02
0.000000000000000000e+00 1.456828508526086807e-02
0.000000000000000000e+00 1.455954555422067642e-02
0.000000000000000000e+00 1.445445232093334198e-03
0.000000000000000000e+00 1.633437466807663441e-03
0.000000000000000000e+00 1.790336566045880318e-03
0.000000000000000000e+00 2.015369944274425507e-03
0.000000000000000000e+00 2.172471489757299423e-03
0.000000000000000000e+00 2.334459451958537102e-03
0.000000000000000000e+00 2.212107181549072266e-03
0.000000000000000000e+00 2.090180991217494011e-03
0.000000000000000000e+00 2.057557692751288414e-03
0.000000000000000000e+00 1.933865249156951904e-03
0.000000000000000000e+00 1.759461127221584320e-03
0.000000000000000000e+00 1.626988174393773079e-03
0.000000000000000000e+00 1.441843342036008835e-03
0.000000000000000000e+00 1.341819879598915577e-03
0.000000000000000000e+00 1.313778921030461788e-03
0.000000000000000000e+00 1.317401882261037827e-03
0.000000000000000000e+00 1.361327362246811390e-03
0.000000000000000000e+00 1.417585532180964947e-03
0.000000000000000000e+00 1.530629931949079037e-03
0.000000000000000000e+00 1.611505402252078056e-03
0.000000000000000000e+00 1.733052777126431465e-03
0.000000000000000000e+00 1.856951275840401649e-03
0.000000000000000000e+00 2.011380391195416451e-03
0.000000000000000000e+00 2.220673952251672745e-03
0.000000000000000000e+00 2.448104321956634521e-03
0.000000000000000000e+00 2.619680017232894897e-03
0.000000000000000000e+00 2.773333108052611351e-03
0.000000000000000000e+00 3.006420563906431198e-03
0.000000000000000000e+00 3.190096933394670486e-03
0.000000000000000000e+00 3.306228667497634888e-03
0.000000000000000000e+00 3.447971073910593987e-03
0.000000000000000000e+00 3.640903159976005554e-03
0.000000000000000000e+00 3.708923002704977989e-03
0.000000000000000000e+00 3.992259036749601364e-03
0.000000000000000000e+00 4.076021723449230194e-03
0.000000000000000000e+00 4.176483023911714554e-03
0.000000000000000000e+00 4.253617487847805023e-03
0.000000000000000000e+00 4.211088642477989197e-03
0.000000000000000000e+00 4.088013432919979095e-03
0.000000000000000000e+00 3.977731801569461823e-03
0.000000000000000000e+00 3.934511914849281311e-03
0.000000000000000000e+00 4.006146918982267380e-03
0.000000000000000000e+00 4.083940759301185608e-03
0.000000000000000000e+00 4.067019093781709671e-03
0.000000000000000000e+00 4.042080137878656387e-03
0.000000000000000000e+00 8.454989790916442871e-01
0.000000000000000000e+00 8.622207641601562500e-01
0.000000000000000000e+00 8.611652255058288574e-01
0.000000000000000000e+00 8.665113449096679688e-01
0.000000000000000000e+00 8.563069701194763184e-01
0.000000000000000000e+00 8.575633764266967773e-01
0.000000000000000000e+00 8.605337142944335938e-01
0.000000000000000000e+00 8.382270932197570801e-01
0.000000000000000000e+00 8.523539304733276367e-01
0.000000000000000000e+00 8.617675304412841797e-01
0.000000000000000000e+00 8.501892089843750000e-01
0.000000000000000000e+00 8.562163710594177246e-01
0.000000000000000000e+00 8.579832911491394043e-01
0.000000000000000000e+00 8.603857755661010742e-01
0.000000000000000000e+00 8.581159710884094238e-01
0.000000000000000000e+00 8.629078865051269531e-01
0.000000000000000000e+00 8.247750997543334961e-01
0.000000000000000000e+00 8.576945066452026367e-01
0.000000000000000000e+00 8.663449883460998535e-01
0.000000000000000000e+00 8.495178222656250000e-01
0.000000000000000000e+00 8.572808504104614258e-01
0.000000000000000000e+00 8.650833964347839355e-01
0.000000000000000000e+00 8.592218756675720215e-01
0.000000000000000000e+00 8.601084947586059570e-01
0.000000000000000000e+00 8.545265197753906250e-01
0.000000000000000000e+00 8.535212874412536621e-01
0.000000000000000000e+00 8.695608973503112793e-01
0.000000000000000000e+00 8.640916943550109863e-01
0.000000000000000000e+00 8.554664254188537598e-01
0.000000000000000000e+00 8.591119647026062012e-01
0.000000000000000000e+00 8.564881086349487305e-01
0.000000000000000000e+00 8.706503510475158691e-01
0.000000000000000000e+00 8.544130921363830566e-01
0.000000000000000000e+00 8.651503920555114746e-01
0.000000000000000000e+00 8.621625304222106934e-01
0.000000000000000000e+00 8.640329241752624512e-01
0.000000000000000000e+00 8.529275655746459961e-01
0.000000000000000000e+00 8.630785346031188965e-01
0.000000000000000000e+00 8.582284450531005859e-01
0.000000000000000000e+00 8.542007207870483398e-01
0.000000000000000000e+00 8.524110913276672363e-01
0.000000000000000000e+00 8.459168672561645508e-01
0.000000000000000000e+00 8.630684018135070801e-01
0.000000000000000000e+00 8.570327162742614746e-01
0.000000000000000000e+00 8.603864908218383789e-01
0.000000000000000000e+00 6.457091569900512695e-01
1.000000000000000000e+00 7.036091089248657227e-01
0.000000000000000000e+00 6.419338583946228027e-01
0.000000000000000000e+00 7.101578712463378906e-01
0.000000000000000000e+00 6.818967461585998535e-01
0.000000000000000000e+00 7.285214066505432129e-01
0.000000000000000000e+00 7.403293251991271973e-01
0.000000000000000000e+00 7.482542395591735840e-01
0.000000000000000000e+00 7.053399085998535156e-01
0.000000000000000000e+00 6.952026486396789551e-01
0.000000000000000000e+00 5.583868622779846191e-01
0.000000000000000000e+00 5.658229589462280273e-01
0.000000000000000000e+00 4.831963777542114258e-01
0.000000000000000000e+00 4.556274414062500000e-01
0.000000000000000000e+00 4.301125109195709229e-01
0.000000000000000000e+00 3.476545512676239014e-01
0.000000000000000000e+00 3.557311892509460449e-01
0.000000000000000000e+00 3.449380993843078613e-01
0.000000000000000000e+00 3.053323924541473389e-01
0.000000000000000000e+00 2.370686531066894531e-01
0.000000000000000000e+00 2.362941801548004150e-01
0.000000000000000000e+00 1.655830144882202148e-01
0.000000000000000000e+00 1.376699656248092651e-01
0.000000000000000000e+00 1.296566575765609741e-01
0.000000000000000000e+00 1.165447160601615906e-01
0.000000000000000000e+00 1.157499477267265320e-01
0.000000000000000000e+00 1.102373376488685608e-01
0.000000000000000000e+00 1.178195104002952576e-01
0.000000000000000000e+00 1.061652153730392456e-01
0.000000000000000000e+00 9.481217712163925171e-02
0.000000000000000000e+00 8.944810181856155396e-02
0.000000000000000000e+00 7.444851100444793701e-02
0.000000000000000000e+00 6.886529177427291870e-02
0.000000000000000000e+00 6.463467329740524292e-02
0.000000000000000000e+00 5.457841977477073669e-02
0.000000000000000000e+00 5.202792584896087646e-02
0.000000000000000000e+00 4.387494176626205444e-02
0.000000000000000000e+00 4.111986234784126282e-02
0.000000000000000000e+00 3.544956073164939880e-02
0.000000000000000000e+00 3.318331018090248108e-02
0.000000000000000000e+00 3.081066347658634186e-02
0.000000000000000000e+00 2.639467082917690277e-02
0.000000000000000000e+00 2.455183118581771851e-02
0.000000000000000000e+00 2.303372696042060852e-02
0.000000000000000000e+00 2.096688933670520782e-02
