0.000000000000000000e+00 1.354542821645736694e-01
0.000000000000000000e+00 1.303398013114929199e-01
0.000000000000000000e+00 1.320351511240005493e-01
0.000000000000000000e+00 1.372112333774566650e-01
0.000000000000000000e+00 1.475628763437271118e-01
0.000000000000000000e+00 1.408894956111907959e-01
0.000000000000000000e+00 1.591039746999740601e-01
0.000000000000000000e+00 1.636708974838256836e-01
0.000000000000000000e+00 1.509851068258285522e-01
0.000000000000000000e+00 1.636985540390014648e-01
0.000000000000000000e+00 1.523864269256591797e-01
0.000000000000000000e+00 1.745935529470443726e-01
0.000000000000000000e+00 1.556993126869201660e-01
0.000000000000000000e+00 1.662834882736206055e-01
0.000000000000000000e+00 1.725493818521499634e-01
0.000000000000000000e+00 1.874627470970153809e-01
0.000000000000000000e+00 1.811766177415847778e-01
0.000000000000000000e+00 1.819866895675659180e-01
0.000000000000000000e+00 1.831243634223937988e-01
0.000000000000000000e+00 1.848328858613967896e-01
0.000000000000000000e+00 1.787093430757522583e-01
0.000000000000000000e+00 1.855488419532775879e-01
0.000000000000000000e+00 1.875616759061813354e-01
0.000000000000000000e+00 1.928031146526336670e-01
0.000000000000000000e+00 1.882858872413635254e-01
1.000000000000000000e+00 1.826253086328506470e-01
1.000000000000000000e+00 1.815095394849777222e-01
1.000000000000000000e+00 1.868950724601745605e-01
1.000000000000000000e+00 1.749522536993026733e-01
1.000000000000000000e+00 1.606874614953994751e-01
1.000000000000000000e+00 1.504475921392440796e-01
0.000000000000000000e+00 1.487182080745697021e-01
0.000000000000000000e+00 1.356944441795349121e-01
0.000000000000000000e+00 1.171050816774368286e-01
0.000000000000000000e+00 1.087223440408706665e-01
0.000000000000000000e+00 9.899342805147171021e-02
0.000000000000000000e+00 9.168593585491180420e-02
0.000000000000000000e+00 8.038945496082305908e-02
0.000000000000000000e+00 7.341047376394271851e-02
0.000000000000000000e+00 7.132083922624588013e-02
0.000000000000000000e+00 6.357420235872268677e-02
0.000000000000000000e+00 5.740626156330108643e-02
0.000000000000000000e+00 5.116184428334236145e-02
0.000000000000000000e+00 4.545588418841362000e-02
0.000000000000000000e+00 4.123926535248756409e-02
0.000000000000000000e+00 3.195610363036394119e-03
0.000000000000000000e+00 2.607570495456457138e-03
0.000000000000000000e+00 2.310373121872544289e-03
0.000000000000000000e+00 1.996520906686782837e-03
0.000000000000000000e+00 1.821327023208141327e-03
0.000000000000000000e+00 1.709664240479469299e-03
0.000000000000000000e+00 1.675207633525133133e-03
0.000000000000000000e+00 1.462207408621907234e-03
0.000000000000000000e+00 1.501202234067022800e-03
0.000000000000000000e+00 1.491487259045243263e-03
0.000000000000000000e+00 1.422573695890605450e-03
0.000000000000000000e+00 1.519128563813865185e-03
0.000000000000000000e+00 1.445267000235617161e-03
0.000000000000000000e+00 1.466442365199327469e-03
0.000000000000000000e+00 1.482871361076831818e-03
0.000000000000000000e+00 1.349458121694624424e-03
0.000000000000000000e+00 1.284420606680214405e-03
0.000000000000000000e+00 1.434673089534044266e-03
0.000000000000000000e+00 1.549315056763589382e-03
0.000000000000000000e+00 1.359512098133563995e-03
0.000000000000000000e+00 1.648646197281777859e-03
0.000000000000000000e+00 1.352316816337406635e-03
0.000000000000000000e+00 1.334202592261135578e-03
0.000000000000000000e+00 1.496440963819622993e-03
0.000000000000000000e+00 1.475399243645370007e-03
0.000000000000000000e+00 1.550586428493261337e-03
0.000000000000000000e+00 1.379042631015181541e-03
0.000000000000000000e+00 1.461544074118137360e-03
0.000000000000000000e+00 1.465386245399713516e-03
0.000000000000000000e+00 1.422493718564510345e-03
0.000000000000000000e+00 1.587545499205589294e-03
0.000000000000000000e+00 1.547805732116103172e-03
0.000000000000000000e+00 1.627892255783081055e-03
0.000000000000000000e+00 1.546603627502918243e-03
0.000000000000000000e+00 1.477370969951152802e-03
0.000000000000000000e+00 1.580161857418715954e-03
0.000000000000000000e+00 1.451257499866187572e-03
0.000000000000000000e+00 1.705247559584677219e-03
0.000000000000000000e+00 1.557944808155298233e-03
0.000000000000000000e+00 1.697585685178637505e-03
0.000000000000000000e+00 1.678479718975722790e-03
0.000000000000000000e+00 1.829219050705432892e-03
0.000000000000000000e+00 1.796674216166138649e-03
0.000000000000000000e+00 1.821922603994607925e-03
0.000000000000000000e+00 1.805883948691189289e-03
0.000000000000000000e+00 3.759956685826182365e-03
0.000000000000000000e+00 3.340065944939851761e-03
0.000000000000000000e+00 3.142187837511301041e-03
0.000000000000000000e+00 2.985090017318725586e-03
0.000000000000000000e+00 2.883841283619403839e-03
0.000000000000000000e+00 2.602201187983155251e-03
0.000000000000000000e+00 2.671675290912389755e-03
0.000000000000000000e+00 2.445869380608201027e-03
0.000000000000000000e+00 2.326058922335505486e-03
0.000000000000000000e+00 2.241968642920255661e-03
0.000000000000000000e+00 2.526500960811972618e-03
0.000000000000000000e+00 2.468099119141697884e-03
0.000000000000000000e+00 2.693677088245749474e-03
0.000000000000000000e+00 2.501357579603791237e-03
0.000000000000000000e+00 2.618446480482816696e-03
0.000000000000000000e+00 2.496211323887109756e-03
0.000000000000000000e+00 2.830140059813857079e-03
0.000000000000000000e+00 2.796967281028628349e-03
0.000000000000000000e+00 2.755201188847422600e-03
0.000000000000000000e+00 3.100824542343616486e-03
0.000000000000000000e+00 3.056284971535205841e-03
0.000000000000000000e+00 2.994776004925370216e-03
0.000000000000000000e+00 3.013416193425655365e-03
0.000000000000000000e+00 3.189105540513992310e-03
0.000000000000000000e+00 3.177531994879245758e-03
0.000000000000000000e+00 3.054951550439000130e-03
0.000000000000000000e+00 3.399712964892387390e-03
0.000000000000000000e+00 3.281115554273128510e-03
0.000000000000000000e+00 3.285688115283846855e-03
0.000000000000000000e+00 3.438133047893643379e-03
0.000000000000000000e+00 3.433519275858998299e-03
0.000000000000000000e+00 3.393117804080247879e-03
0.000000000000000000e+00 3.262649523094296455e-03
0.000000000000000000e+00 3.394616302102804184e-03
0.000000000000000000e+00 3.610226325690746307e-03
0.000000000000000000e+00 3.548751818016171455e-03
0.000000000000000000e+00 3.707480151206254959e-03
0.000000000000000000e+00 3.455590223893523216e-03
0.000000000000000000e+00 3.706849412992596626e-03
0.000000000000000000e+00 3.761010477319359779e-03
0.000000000000000000e+00 3.679048735648393631e-03
0.000000000000000000e+00 3.809939837083220482e-03
0.000000000000000000e+00 3.647177014499902725e-03
0.000000000000000000e+00 3.541404614225029945e-03
0.000000000000000000e+00 3.888388164341449738e-03
0.000000000000000000e+00 4.938131198287010193e-02
0.000000000000000000e+00 3.859303146600723267e-02
0.000000000000000000e+00 3.755582496523857117e-02
0.000000000000000000e+00 3.413677215576171875e-02
0.000000000000000000e+00 2.717894501984119415e-02
0.000000000000000000e+00 2.218626625835895538e-02
0.000000000000000000e+00 2.060788124799728394e-02
0.000000000000000000e+00 1.730274595320224762e-02
0.000000000000000000e+00 1.260259002447128296e-02
0.000000000000000000e+00 1.220906991511583328e-02
0.000000000000000000e+00 9.331212379038333893e-03
0.000000000000000000e+00 7.910550571978092194e-03
0.000000000000000000e+00 6.784040480852127075e-03
0.000000000000000000e+00 5.819708574563264847e-03
0.000000000000000000e+00 4.867763724178075790e-03
0.000000000000000000e+00 4.287849646061658859e-03
0.000000000000000000e+00 3.666701726615428925e-03
0.000000000000000000e+00 3.301912453025579453e-03
0.000000000000000000e+00 2.994237700477242470e-03
0.000000000000000000e+00 2.776114502921700478e-03
0.000000000000000000e+00 2.631189767271280289e-03
0.000000000000000000e+00 2.544457558542490005e-03
0.000000000000000000e+00 2.611296018585562706e-03
0.000000000000000000e+00 2.374155214056372643e-03
0.000000000000000000e+00 2.176948823034763336e-03
0.000000000000000000e+00 2.287070965394377708e-03
0.000000000000000000e+00 2.210958162322640419e-03
0.000000000000000000e+00 2.260636538267135620e-03
0.000000000000000000e+00 2.262664726004004478e-03
0.000000000000000000e+00 2.351629314944148064e-03
0.000000000000000000e+00 2.159429714083671570e-03
0.000000000000000000e+00 2.346222056075930595e-03
0.000000000000000000e+00 2.234091283753514290e-03
0.000000000000000000e+00 2.227445133030414581e-03
0.000000000000000000e+00 2.217455999925732613e-03
0.000000000000000000e+00 2.389223547652363777e-03
0.000000000000000000e+00 2.305793110281229019e-03
0.000000000000000000e+00 2.233868231996893883e-03
0.000000000000000000e+00 2.351124770939350128e-03
0.000000000000000000e+00 2.456729533150792122e-03
0.000000000000000000e+00 2.426657825708389282e-03
0.000000000000000000e+00 2.543257316574454308e-03
0.000000000000000000e+00 2.520202426239848137e-03
0.000000000000000000e+00 2.481503412127494812e-03
0.000000000000000000e+00 2.605418441817164421e-03
0.000000000000000000e+00 1.059633865952491760e-02
0.000000000000000000e+00 1.035014819353818893e-02
0.000000000000000000e+00 7.411533035337924957e-03
0.000000000000000000e+00 7.775950711220502853e-03
0.000000000000000000e+00 6.204678677022457123e-03
0.000000000000000000e+00 5.745112895965576172e-03
0.000000000000000000e+00 5.054338835179805756e-03
0.000000000000000000e+00 4.913803655654191971e-03
0.000000000000000000e+00 5.004952661693096161e-03
0.000000000000000000e+00 4.726500250399112701e-03
0.000000000000000000e+00 5.162499845027923584e-03
0.000000000000000000e+00 4.561155568808317184e-03
0.000000000000000000e+00 4.465152509510517120e-03
0.000000000000000000e+00 4.930369555950164795e-03
0.000000000000000000e+00 4.851253237575292587e-03
0.000000000000000000e+00 5.196380894631147385e-03
0.000000000000000000e+00 5.088932812213897705e-03
0.000000000000000000e+00 5.136915016919374466e-03
0.000000000000000000e+00 5.522567313164472580e-03
0.000000000000000000e+00 5.029404070228338242e-03
0.000000000000000000e+00 5.975552368909120560e-03
0.000000000000000000e+00 5.478435195982456207e-03
0.000000000000000000e+00 5.427931435406208038e-03
0.000000000000000000e+00 6.620251573622226715e-03
0.000000000000000000e+00 5.824687890708446503e-03
0.000000000000000000e+00 5.990154109895229340e-03
0.000000000000000000e+00 6.947396323084831238e-03
0.000000000000000000e+00 6.155190989375114441e-03
0.000000000000000000e+00 6.446831859648227692e-03
0.000000000000000000e+00 5.881140939891338348e-03
0.000000000000000000e+00 7.190070115029811859e-03
0.000000000000000000e+00 6.289842538535594940e-03
0.000000000000000000e+00 6.516171153634786606e-03
0.000000000000000000e+00 6.997368298470973969e-03
0.000000000000000000e+00 7.449722848832607269e-03
0.000000000000000000e+00 6.683733779937028885e-03
0.000000000000000000e+00 7.171553559601306915e-03
0.000000000000000000e+00 6.781312171369791031e-03
0.000000000000000000e+00 7.139476016163825989e-03
0.000000000000000000e+00 6.381955929100513458e-03
0.000000000000000000e+00 6.929703522473573685e-03
0.000000000000000000e+00 6.585649214684963226e-03
0.000000000000000000e+00 6.869185715913772583e-03
0.000000000000000000e+00 6.277482956647872925e-03
0.000000000000000000e+00 6.980893667787313461e-03
0.000000000000000000e+00 1.588064129464328289e-03
0.000000000000000000e+00 1.489027286879718304e-03
0.000000000000000000e+00 1.157371676526963711e-03
0.000000000000000000e+00 9.765010327100753784e-04
0.000000000000000000e+00 8.050891919992864132e-04
0.000000000000000000e+00 7.338763098232448101e-04
0.000000000000000000e+00 7.386382785625755787e-04
0.000000000000000000e+00 6.217755726538598537e-04
0.000000000000000000e+00 6.556197768077254295e-04
0.000000000000000000e+00 7.512436714023351669e-04
0.000000000000000000e+00 6.441044388338923454e-04
0.000000000000000000e+00 7.174487109296023846e-04
0.000000000000000000e+00 7.614734349772334099e-04
0.000000000000000000e+00 8.116002427414059639e-04
0.000000000000000000e+00 8.383475942537188530e-04
0.000000000000000000e+00 8.911844342947006226e-04
0.000000000000000000e+00 1.073181047104299068e-03
0.000000000000000000e+00 1.107597956433892250e-03
0.000000000000000000e+00 1.056401059031486511e-03
0.000000000000000000e+00 1.214765245094895363e-03
0.000000000000000000e+00 1.110698562115430832e-03
0.000000000000000000e+00 1.232303446158766747e-03
0.000000000000000000e+00 1.216561300680041313e-03
0.000000000000000000e+00 1.239177305251359940e-03
0.000000000000000000e+00 1.296375994570553303e-03
0.000000000000000000e+00 1.491158618591725826e-03
0.000000000000000000e+00 1.579346600919961929e-03
0.000000000000000000e+00 1.790906651876866817e-03
0.000000000000000000e+00 1.764113549143075943e-03
0.000000000000000000e+00 1.906219054944813251e-03
0.000000000000000000e+00 1.867922488600015640e-03
0.000000000000000000e+00 1.935177249833941460e-03
0.000000000000000000e+00 2.172510838136076927e-03
0.000000000000000000e+00 2.402119338512420654e-03
0.000000000000000000e+00 2.265241229906678200e-03
0.000000000000000000e+00 2.548089483752846718e-03
0.000000000000000000e+00 2.388066845014691353e-03
0.000000000000000000e+00 2.979634329676628113e-03
0.000000000000000000e+00 2.628118265420198441e-03
0.000000000000000000e+00 2.256275154650211334e-03
0.000000000000000000e+00 2.562753390520811081e-03
0.000000000000000000e+00 2.331625903025269508e-03
0.000000000000000000e+00 2.621166873723268509e-03
0.000000000000000000e+00 2.535230712965130806e-03
0.000000000000000000e+00 2.798670437186956406e-03
0.000000000000000000e+00 6.631593704223632812e-01
0.000000000000000000e+00 6.885136365890502930e-01
0.000000000000000000e+00 6.858331561088562012e-01
0.000000000000000000e+00 7.064530849456787109e-01
0.000000000000000000e+00 7.182620167732238770e-01
0.000000000000000000e+00 7.430465817451477051e-01
0.000000000000000000e+00 7.363269925117492676e-01
0.000000000000000000e+00 7.613129615783691406e-01
0.000000000000000000e+00 7.256676554679870605e-01
0.000000000000000000e+00 7.481172084808349609e-01
0.000000000000000000e+00 7.357445955276489258e-01
0.000000000000000000e+00 7.454540729522705078e-01
0.000000000000000000e+00 7.367460131645202637e-01
0.000000000000000000e+00 7.633442282676696777e-01
0.000000000000000000e+00 7.399348020553588867e-01
0.000000000000000000e+00 7.401909828186035156e-01
0.000000000000000000e+00 7.500411272048950195e-01
0.000000000000000000e+00 7.439141869544982910e-01
0.000000000000000000e+00 7.453899383544921875e-01
0.000000000000000000e+00 7.641440033912658691e-01
0.000000000000000000e+00 7.433136701583862305e-01
0.000000000000000000e+00 7.641006708145141602e-01
0.000000000000000000e+00 7.590728402137756348e-01
0.000000000000000000e+00 7.997824549674987793e-01
0.000000000000000000e+00 7.555410861968994141e-01
0.000000000000000000e+00 7.728869915008544922e-01
0.000000000000000000e+00 7.990422844886779785e-01
0.000000000000000000e+00 8.003262281417846680e-01
0.000000000000000000e+00 8.177464008331298828e-01
0.000000000000000000e+00 7.959790229797363281e-01
0.000000000000000000e+00 8.314700126647949219e-01
0.000000000000000000e+00 8.182764053344726562e-01
0.000000000000000000e+00 8.249092698097229004e-01
0.000000000000000000e+00 8.291674852371215820e-01
0.000000000000000000e+00 8.288489580154418945e-01
0.000000000000000000e+00 8.448327779769897461e-01
0.000000000000000000e+00 8.340162634849548340e-01
0.000000000000000000e+00 8.424953818321228027e-01
0.000000000000000000e+00 8.525004386901855469e-01
0.000000000000000000e+00 8.520183563232421875e-01
0.000000000000000000e+00 8.514162302017211914e-01
0.000000000000000000e+00 8.472118377685546875e-01
0.000000000000000000e+00 8.557875752449035645e-01
0.000000000000000000e+00 8.560726642608642578e-01
0.000000000000000000e+00 8.595321178436279297e-01
0.000000000000000000e+00 7.620225660502910614e-03
1.000000000000000000e+00 8.158814162015914917e-03
0.000000000000000000e+00 6.512733176350593567e-03
0.000000000000000000e+00 5.276073701679706573e-03
0.000000000000000000e+00 5.326351150870323181e-03
0.000000000000000000e+00 4.522369708865880966e-03
0.000000000000000000e+00 3.122685244306921959e-03
0.000000000000000000e+00 2.369794994592666626e-03
0.000000000000000000e+00 2.035038778558373451e-03
0.000000000000000000e+00 1.664401148445904255e-03
0.000000000000000000e+00 1.458697137422859669e-03
0.000000000000000000e+00 1.110418699681758881e-03
0.000000000000000000e+00 1.122537418268620968e-03
0.000000000000000000e+00 9.522575419396162033e-04
0.000000000000000000e+00 8.049188763834536076e-04
0.000000000000000000e+00 7.013825234025716782e-04
0.000000000000000000e+00 6.077919970266520977e-04
0.000000000000000000e+00 4.727532505057752132e-04
0.000000000000000000e+00 4.614985082298517227e-04
0.000000000000000000e+00 4.443392972461879253e-04
0.000000000000000000e+00 3.477785503491759300e-04
0.000000000000000000e+00 3.952681727241724730e-04
0.000000000000000000e+00 3.198612830601632595e-04
0.000000000000000000e+00 2.687940432224422693e-04
0.000000000000000000e+00 2.615194825921207666e-04
0.000000000000000000e+00 2.484119322616606951e-04
0.000000000000000000e+00 2.557880652602761984e-04
0.000000000000000000e+00 1.745025656418874860e-04
0.000000000000000000e+00 1.945102267200127244e-04
0.000000000000000000e+00 2.122469013556838036e-04
0.000000000000000000e+00 1.902886288007721305e-04
0.000000000000000000e+00 1.815689902286976576e-04
0.000000000000000000e+00 1.794714917195960879e-04
0.000000000000000000e+00 1.946176489582285285e-04
0.000000000000000000e+00 2.156699774786829948e-04
0.000000000000000000e+00 2.025193243753165007e-04
0.000000000000000000e+00 1.693424419499933720e-04
0.000000000000000000e+00 2.207155630458146334e-04
0.000000000000000000e+00 2.506781602278351784e-04
0.000000000000000000e+00 2.366770058870315552e-04
0.000000000000000000e+00 1.890511048259213567e-04
0.000000000000000000e+00 2.461192489136010408e-04
0.000000000000000000e+00 3.451174707151949406e-04
0.000000000000000000e+00 3.011355584021657705e-04
0.000000000000000000e+00 3.148045216221362352e-04
