0.000000000000000000e+00 1.498354822397232056e-01
0.000000000000000000e+00 1.395251154899597168e-01
0.000000000000000000e+00 1.432456672191619873e-01
0.000000000000000000e+00 1.385703384876251221e-01
0.000000000000000000e+00 1.411430388689041138e-01
0.000000000000000000e+00 1.345849186182022095e-01
0.000000000000000000e+00 1.373380422592163086e-01
0.000000000000000000e+00 1.359229534864425659e-01
0.000000000000000000e+00 1.424971371889114380e-01
0.000000000000000000e+00 1.278177797794342041e-01
0.000000000000000000e+00 1.511950790882110596e-01
0.000000000000000000e+00 1.480101794004440308e-01
0.000000000000000000e+00 1.501641869544982910e-01
0.000000000000000000e+00 1.420571804046630859e-01
0.000000000000000000e+00 1.501542180776596069e-01
0.000000000000000000e+00 1.418681740760803223e-01
0.000000000000000000e+00 1.471204459667205811e-01
0.000000000000000000e+00 1.452695131301879883e-01
0.000000000000000000e+00 1.395056992769241333e-01
0.000000000000000000e+00 1.400806605815887451e-01
0.000000000000000000e+00 1.332242041826248169e-01
0.000000000000000000e+00 1.391335874795913696e-01
0.000000000000000000e+00 1.381188780069351196e-01
0.000000000000000000e+00 1.388696432113647461e-01
0.000000000000000000e+00 1.283689290285110474e-01
1.000000000000000000e+00 1.278718262910842896e-01
1.000000000000000000e+00 1.259775012731552124e-01
1.000000000000000000e+00 1.228651329874992371e-01
1.000000000000000000e+00 1.268850117921829224e-01
1.000000000000000000e+00 1.127172634005546570e-01
1.000000000000000000e+00 1.141452193260192871e-01
0.000000000000000000e+00 1.024603620171546936e-01
0.000000000000000000e+00 9.555884450674057007e-02
0.000000000000000000e+00 8.583033084869384766e-02
0.000000000000000000e+00 8.708613365888595581e-02
0.000000000000000000e+00 7.578096538782119751e-02
0.000000000000000000e+00 7.444788515567779541e-02
0.000000000000000000e+00 6.316445022821426392e-02
0.000000000000000000e+00 5.798811465501785278e-02
0.000000000000000000e+00 5.251443386077880859e-02
0.000000000000000000e+00 4.699078202247619629e-02
0.000000000000000000e+00 4.141705110669136047e-02
0.000000000000000000e+00 4.052546620368957520e-02
0.000000000000000000e+00 3.701565414667129517e-02
0.000000000000000000e+00 3.103560768067836761e-02
0.000000000000000000e+00 4.311751574277877808e-03
0.000000000000000000e+00 3.880528267472982407e-03
0.000000000000000000e+00 2.904002787545323372e-03
0.000000000000000000e+00 2.482655690982937813e-03
0.000000000000000000e+00 2.039612969383597374e-03
0.000000000000000000e+00 1.567789469845592976e-03
0.000000000000000000e+00 1.449379720725119114e-03
0.000000000000000000e+00 1.414852915331721306e-03
0.000000000000000000e+00 1.398118911311030388e-03
0.000000000000000000e+00 1.153745804913341999e-03
0.000000000000000000e+00 1.401761197485029697e-03
0.000000000000000000e+00 1.236857264302670956e-03
0.000000000000000000e+00 1.321732182987034321e-03
0.000000000000000000e+00 1.279493910260498524e-03
0.000000000000000000e+00 1.265399623662233353e-03
0.000000000000000000e+00 1.362033421173691750e-03
0.000000000000000000e+00 1.303915982134640217e-03
0.000000000000000000e+00 1.414328231476247311e-03
0.000000000000000000e+00 1.358357025310397148e-03
0.000000000000000000e+00 1.262185629457235336e-03
0.000000000000000000e+00 1.328074256889522076e-03
0.000000000000000000e+00 1.331487321294844151e-03
0.000000000000000000e+00 1.295746304094791412e-03
0.000000000000000000e+00 1.276780967600643635e-03
0.000000000000000000e+00 1.195840653963387012e-03
0.000000000000000000e+00 1.389706623740494251e-03
0.000000000000000000e+00 1.417556428350508213e-03
0.000000000000000000e+00 1.302757766097784042e-03
0.000000000000000000e+00 1.291866647079586983e-03
0.000000000000000000e+00 1.425316324457526207e-03
0.000000000000000000e+00 1.368623343296349049e-03
0.000000000000000000e+00 1.284643425606191158e-03
0.000000000000000000e+00 1.317739486694335938e-03
0.000000000000000000e+00 1.344154821708798409e-03
0.000000000000000000e+00 1.387460506521165371e-03
0.000000000000000000e+00 1.379218767397105694e-03
0.000000000000000000e+00 1.458148472011089325e-03
0.000000000000000000e+00 1.456481171771883965e-03
0.000000000000000000e+00 1.320483279414474964e-03
0.000000000000000000e+00 1.401528250426054001e-03
0.000000000000000000e+00 1.520278281532227993e-03
0.000000000000000000e+00 1.460043829865753651e-03
0.000000000000000000e+00 1.653017941862344742e-03
0.000000000000000000e+00 1.521399244666099548e-03
0.000000000000000000e+00 1.630762359127402306e-03
0.000000000000000000e+00 1.806739531457424164e-02
0.000000000000000000e+00 1.717419736087322235e-02
0.000000000000000000e+00 1.654895395040512085e-02
0.000000000000000000e+00 1.426265295594930649e-02
0.000000000000000000e+00 1.468441355973482132e-02
0.000000000000000000e+00 1.444544922560453415e-02
0.000000000000000000e+00 1.225674245506525040e-02
0.000000000000000000e+00 1.145133282989263535e-02
0.000000000000000000e+00 1.176096033304929733e-02
0.000000000000000000e+00 1.245973445475101471e-02
0.000000000000000000e+00 1.129132043570280075e-02
0.000000000000000000e+00 1.136399060487747192e-02
0.000000000000000000e+00 1.206999644637107849e-02
0.000000000000000000e+00 1.255847234278917313e-02
0.000000000000000000e+00 1.333938632160425186e-02
0.000000000000000000e+00 1.277347840368747711e-02
0.000000000000000000e+00 1.340249832719564438e-02
0.000000000000000000e+00 1.169893518090248108e-02
0.000000000000000000e+00 1.398345362395048141e-02
0.000000000000000000e+00 1.463605277240276337e-02
0.000000000000000000e+00 1.520110853016376495e-02
0.000000000000000000e+00 1.421365048736333847e-02
0.000000000000000000e+00 1.506833080202341080e-02
0.000000000000000000e+00 1.795325055718421936e-02
0.000000000000000000e+00 1.611192710697650909e-02
0.000000000000000000e+00 1.854164339601993561e-02
0.000000000000000000e+00 1.684475503861904144e-02
0.000000000000000000e+00 1.793770305812358856e-02
0.000000000000000000e+00 1.973013766109943390e-02
0.000000000000000000e+00 1.979076489806175232e-02
0.000000000000000000e+00 1.916832290589809418e-02
0.000000000000000000e+00 2.200490981340408325e-02
0.000000000000000000e+00 2.202608995139598846e-02
0.000000000000000000e+00 2.160025201737880707e-02
0.000000000000000000e+00 2.397794276475906372e-02
0.000000000000000000e+00 2.399535663425922394e-02
0.000000000000000000e+00 2.397248893976211548e-02
0.000000000000000000e+00 2.473225072026252747e-02
0.000000000000000000e+00 2.749837934970855713e-02
0.000000000000000000e+00 2.411010116338729858e-02
0.000000000000000000e+00 2.508806064724922180e-02
0.000000000000000000e+00 2.757108770310878754e-02
0.000000000000000000e+00 3.018770925700664520e-02
0.000000000000000000e+00 2.415025420486927032e-02
0.000000000000000000e+00 2.765252813696861267e-02
0.000000000000000000e+00 6.964991986751556396e-02
0.000000000000000000e+00 6.032777577638626099e-02
0.000000000000000000e+00 6.310076266527175903e-02
0.000000000000000000e+00 4.994769766926765442e-02
0.000000000000000000e+00 4.896748438477516174e-02
0.000000000000000000e+00 3.735015541315078735e-02
0.000000000000000000e+00 3.430640324950218201e-02
0.000000000000000000e+00 3.089150413870811462e-02
0.000000000000000000e+00 2.840664237737655640e-02
0.000000000000000000e+00 2.326990664005279541e-02
0.000000000000000000e+00 2.083826810121536255e-02
0.000000000000000000e+00 1.774329505860805511e-02
0.000000000000000000e+00 1.805148459970951080e-02
0.000000000000000000e+00 1.357221975922584534e-02
0.000000000000000000e+00 1.296127587556838989e-02
0.000000000000000000e+00 1.209876127541065216e-02
0.000000000000000000e+00 1.018316950649023056e-02
0.000000000000000000e+00 9.727350436151027679e-03
0.000000000000000000e+00 8.813492022454738617e-03
0.000000000000000000e+00 8.515468798577785492e-03
0.000000000000000000e+00 8.272266946732997894e-03
0.000000000000000000e+00 7.845344953238964081e-03
0.000000000000000000e+00 7.837754674255847931e-03
0.000000000000000000e+00 8.045375347137451172e-03
0.000000000000000000e+00 7.536116521805524826e-03
0.000000000000000000e+00 7.222742307931184769e-03
0.000000000000000000e+00 7.938703522086143494e-03
0.000000000000000000e+00 7.128286641091108322e-03
0.000000000000000000e+00 7.482531480491161346e-03
0.000000000000000000e+00 7.894452661275863647e-03
0.000000000000000000e+00 7.444485090672969818e-03
0.000000000000000000e+00 7.660931907594203949e-03
0.000000000000000000e+00 7.534094620496034622e-03
0.000000000000000000e+00 7.545866537839174271e-03
0.000000000000000000e+00 7.430148776620626450e-03
0.000000000000000000e+00 7.512098643928766251e-03
0.000000000000000000e+00 7.489982526749372482e-03
0.000000000000000000e+00 7.471845019608736038e-03
0.000000000000000000e+00 7.998283021152019501e-03
0.000000000000000000e+00 7.887416519224643707e-03
0.000000000000000000e+00 7.941776886582374573e-03
0.000000000000000000e+00 8.029434829950332642e-03
0.000000000000000000e+00 7.255657576024532318e-03
0.000000000000000000e+00 7.986589334905147552e-03
0.000000000000000000e+00 8.581589907407760620e-03
0.000000000000000000e+00 3.739746985957026482e-03
0.000000000000000000e+00 2.846588846296072006e-03
0.000000000000000000e+00 2.594561548903584480e-03
0.000000000000000000e+00 2.225489821285009384e-03
0.000000000000000000e+00 2.014176221564412117e-03
0.000000000000000000e+00 1.559567055664956570e-03
0.000000000000000000e+00 1.568215782754123211e-03
0.000000000000000000e+00 1.407268689945340157e-03
0.000000000000000000e+00 1.465797424316406250e-03
0.000000000000000000e+00 1.261440571397542953e-03
0.000000000000000000e+00 1.303547178395092487e-03
0.000000000000000000e+00 1.223454601131379604e-03
0.000000000000000000e+00 1.426063710823655128e-03
0.000000000000000000e+00 1.442566397599875927e-03
0.000000000000000000e+00 1.422753208316862583e-03
0.000000000000000000e+00 1.553570968098938465e-03
0.000000000000000000e+00 1.685013878159224987e-03
0.000000000000000000e+00 1.660249894484877586e-03
0.000000000000000000e+00 1.683461712673306465e-03
0.000000000000000000e+00 1.600422430783510208e-03
0.000000000000000000e+00 1.613016007468104362e-03
0.000000000000000000e+00 1.958127366378903389e-03
0.000000000000000000e+00 1.629616017453372478e-03
0.000000000000000000e+00 1.772968680597841740e-03
0.000000000000000000e+00 1.718193292617797852e-03
0.000000000000000000e+00 1.792769297026097775e-03
0.000000000000000000e+00 2.067596185952425003e-03
0.000000000000000000e+00 2.005942398682236671e-03
0.000000000000000000e+00 2.051234478130936623e-03
0.000000000000000000e+00 2.051224699243903160e-03
0.000000000000000000e+00 1.971120713278651237e-03
0.000000000000000000e+00 2.249216660857200623e-03
0.000000000000000000e+00 2.067410154268145561e-03
0.000000000000000000e+00 2.157315146178007126e-03
0.000000000000000000e+00 2.251139376312494278e-03
0.000000000000000000e+00 2.183276461437344551e-03
0.000000000000000000e+00 2.222728915512561798e-03
0.000000000000000000e+00 2.380215330049395561e-03
0.000000000000000000e+00 2.229116158559918404e-03
0.000000000000000000e+00 2.205470809713006020e-03
0.000000000000000000e+00 2.287842566147446632e-03
0.000000000000000000e+00 2.139598596841096878e-03
0.000000000000000000e+00 2.201038645580410957e-03
0.000000000000000000e+00 2.280698157846927643e-03
0.000000000000000000e+00 2.205898985266685486e-03
0.000000000000000000e+00 3.457506885752081871e-03
0.000000000000000000e+00 2.888133283704519272e-03
0.000000000000000000e+00 2.193917520344257355e-03
0.000000000000000000e+00 1.898485235869884491e-03
0.000000000000000000e+00 1.663322444073855877e-03
0.000000000000000000e+00 1.416418235749006271e-03
0.000000000000000000e+00 1.114940969273447990e-03
0.000000000000000000e+00 1.116052619181573391e-03
0.000000000000000000e+00 1.154331723228096962e-03
0.000000000000000000e+00 1.131975208409130573e-03
0.000000000000000000e+00 1.179821207188069820e-03
0.000000000000000000e+00 1.186043373309075832e-03
0.000000000000000000e+00 1.179654267616569996e-03
0.000000000000000000e+00 1.161981490440666676e-03
0.000000000000000000e+00 1.211806666105985641e-03
0.000000000000000000e+00 1.217780867591500282e-03
0.000000000000000000e+00 1.268036430701613426e-03
0.000000000000000000e+00 1.405087183229625225e-03
0.000000000000000000e+00 1.371811958961188793e-03
0.000000000000000000e+00 1.416174112819135189e-03
0.000000000000000000e+00 1.492035808041691780e-03
0.000000000000000000e+00 1.498569268733263016e-03
0.000000000000000000e+00 1.505931373685598373e-03
0.000000000000000000e+00 1.438990235328674316e-03
0.000000000000000000e+00 1.425242284312844276e-03
0.000000000000000000e+00 1.606914331205189228e-03
0.000000000000000000e+00 1.638307818211615086e-03
0.000000000000000000e+00 1.812947914004325867e-03
0.000000000000000000e+00 1.808371511287987232e-03
0.000000000000000000e+00 1.891021383926272392e-03
0.000000000000000000e+00 2.005023416131734848e-03
0.000000000000000000e+00 1.996530219912528992e-03
0.000000000000000000e+00 2.221178263425827026e-03
0.000000000000000000e+00 2.083478495478630066e-03
0.000000000000000000e+00 2.177147660404443741e-03
0.000000000000000000e+00 2.240980044007301331e-03
0.000000000000000000e+00 2.236142521724104881e-03
0.000000000000000000e+00 2.092225011438131332e-03
0.000000000000000000e+00 2.125072292983531952e-03
0.000000000000000000e+00 2.170954598113894463e-03
0.000000000000000000e+00 2.352997893467545509e-03
0.000000000000000000e+00 2.236852422356605530e-03
0.000000000000000000e+00 2.386705251410603523e-03
0.000000000000000000e+00 2.316772239282727242e-03
0.000000000000000000e+00 2.507035620510578156e-03
0.000000000000000000e+00 7.771325111389160156e-01
0.000000000000000000e+00 7.660514116287231445e-01
0.000000000000000000e+00 8.009641170501708984e-01
0.000000000000000000e+00 7.886937260627746582e-01
0.000000000000000000e+00 7.814756631851196289e-01
0.000000000000000000e+00 8.021134138107299805e-01
0.000000000000000000e+00 8.056852817535400391e-01
0.000000000000000000e+00 8.071641325950622559e-01
0.000000000000000000e+00 8.018317818641662598e-01
0.000000000000000000e+00 8.070471882820129395e-01
0.000000000000000000e+00 8.037458062171936035e-01
0.000000000000000000e+00 8.180642724037170410e-01
0.000000000000000000e+00 7.798377871513366699e-01
0.000000000000000000e+00 8.015006184577941895e-01
0.000000000000000000e+00 8.092598319053649902e-01
0.000000000000000000e+00 8.054530024528503418e-01
0.000000000000000000e+00 8.165136575698852539e-01
0.000000000000000000e+00 8.000705242156982422e-01
0.000000000000000000e+00 8.110587000846862793e-01
0.000000000000000000e+00 8.080389499664306641e-01
0.000000000000000000e+00 8.076029419898986816e-01
0.000000000000000000e+00 8.024795651435852051e-01
0.000000000000000000e+00 8.156123161315917969e-01
0.000000000000000000e+00 8.251423835754394531e-01
0.000000000000000000e+00 8.191739916801452637e-01
0.000000000000000000e+00 8.192431330680847168e-01
0.000000000000000000e+00 8.376770615577697754e-01
0.000000000000000000e+00 8.090708255767822266e-01
0.000000000000000000e+00 8.147648572921752930e-01
0.000000000000000000e+00 8.171859383583068848e-01
0.000000000000000000e+00 8.333802223205566406e-01
0.000000000000000000e+00 8.146855831146240234e-01
0.000000000000000000e+00 8.139941692352294922e-01
0.000000000000000000e+00 8.134755492210388184e-01
0.000000000000000000e+00 8.150241971015930176e-01
0.000000000000000000e+00 7.969381213188171387e-01
0.000000000000000000e+00 8.060022592544555664e-01
0.000000000000000000e+00 8.118666410446166992e-01
0.000000000000000000e+00 7.966531515121459961e-01
0.000000000000000000e+00 7.905244827270507812e-01
0.000000000000000000e+00 7.793009281158447266e-01
0.000000000000000000e+00 7.620661854743957520e-01
0.000000000000000000e+00 7.626127004623413086e-01
0.000000000000000000e+00 7.514782547950744629e-01
0.000000000000000000e+00 7.592998147010803223e-01
0.000000000000000000e+00 2.419550903141498566e-02
1.000000000000000000e+00 2.207536995410919189e-02
0.000000000000000000e+00 2.067355811595916748e-02
0.000000000000000000e+00 2.311111427843570709e-02
0.000000000000000000e+00 1.812700368463993073e-02
0.000000000000000000e+00 1.766174472868442535e-02
0.000000000000000000e+00 1.212156843394041061e-02
0.000000000000000000e+00 1.124395150691270828e-02
0.000000000000000000e+00 9.772947058081626892e-03
0.000000000000000000e+00 8.550428785383701324e-03
0.000000000000000000e+00 6.163693964481353760e-03
0.000000000000000000e+00 5.077677778899669647e-03
0.000000000000000000e+00 4.258556291460990906e-03
0.000000000000000000e+00 3.338212380185723305e-03
0.000000000000000000e+00 3.443254157900810242e-03
0.000000000000000000e+00 2.913413336500525475e-03
0.000000000000000000e+00 2.389795379713177681e-03
0.000000000000000000e+00 1.609849161468446255e-03
0.000000000000000000e+00 1.486068242229521275e-03
0.000000000000000000e+00 1.210637507028877735e-03
0.000000000000000000e+00 1.049306127242743969e-03
0.000000000000000000e+00 1.041119103319942951e-03
0.000000000000000000e+00 6.027202471159398556e-04
0.000000000000000000e+00 7.022554054856300354e-04
0.000000000000000000e+00 5.746232345700263977e-04
0.000000000000000000e+00 4.992717877030372620e-04
0.000000000000000000e+00 4.565014678519219160e-04
0.000000000000000000e+00 3.609964041970670223e-04
0.000000000000000000e+00 3.487423527985811234e-04
0.000000000000000000e+00 2.951259084511548281e-04
0.000000000000000000e+00 2.491987834218889475e-04
0.000000000000000000e+00 1.920589565997943282e-04
0.000000000000000000e+00 2.844978589564561844e-04
0.000000000000000000e+00 2.046822919510304928e-04
0.000000000000000000e+00 2.443264238536357880e-04
0.000000000000000000e+00 1.929616846609860659e-04
0.000000000000000000e+00 1.518423814559355378e-04
0.000000000000000000e+00 1.827819796744734049e-04
0.000000000000000000e+00 1.633779029361903667e-04
0.000000000000000000e+00 1.453595323255285621e-04
0.000000000000000000e+00 1.564724661875516176e-04
0.000000000000000000e+00 1.660660200286656618e-04
0.000000000000000000e+00 1.453149161534383893e-04
0.000000000000000000e+00 1.360726600978523493e-04
0.000000000000000000e+00 1.256692485185340047e-04
