1.000000000000000000e+00 2.235070616006851196e-01
1.000000000000000000e+00 2.268135845661163330e-01
1.000000000000000000e+00 2.453362047672271729e-01
1.000000000000000000e+00 2.218079715967178345e-01
0.000000000000000000e+00 2.157804369926452637e-01
0.000000000000000000e+00 2.306676656007766724e-01
0.000000000000000000e+00 2.557331621646881104e-01
0.000000000000000000e+00 2.403025925159454346e-01
0.000000000000000000e+00 2.942524850368499756e-01
1.000000000000000000e+00 2.343539595603942871e-01
1.000000000000000000e+00 2.242677509784698486e-01
1.000000000000000000e+00 2.216249704360961914e-01
1.000000000000000000e+00 2.602038681507110596e-01
0.000000000000000000e+00 2.179784625768661499e-01
0.000000000000000000e+00 2.572932541370391846e-01
0.000000000000000000e+00 1.857866942882537842e-01
0.000000000000000000e+00 1.777171194553375244e-01
0.000000000000000000e+00 1.972688734531402588e-01
0.000000000000000000e+00 1.577499061822891235e-01
0.000000000000000000e+00 1.633130908012390137e-01
0.000000000000000000e+00 1.572483777999877930e-01
0.000000000000000000e+00 1.918997913599014282e-01
0.000000000000000000e+00 1.372381299734115601e-01
1.000000000000000000e+00 1.490147709846496582e-01
1.000000000000000000e+00 1.517076492309570312e-01
1.000000000000000000e+00 1.441246420145034790e-01
1.000000000000000000e+00 1.330801248550415039e-01
1.000000000000000000e+00 1.404468268156051636e-01
1.000000000000000000e+00 1.326116621494293213e-01
1.000000000000000000e+00 1.319672465324401855e-01
1.000000000000000000e+00 9.849739074707031250e-02
1.000000000000000000e+00 1.224811971187591553e-01
1.000000000000000000e+00 1.035601869225502014e-01
0.000000000000000000e+00 1.006921455264091492e-01
0.000000000000000000e+00 9.498205780982971191e-02
0.000000000000000000e+00 9.959252178668975830e-02
0.000000000000000000e+00 7.605743408203125000e-02
0.000000000000000000e+00 6.503845751285552979e-02
0.000000000000000000e+00 6.723956018686294556e-02
0.000000000000000000e+00 5.926639959216117859e-02
0.000000000000000000e+00 5.157649889588356018e-02
0.000000000000000000e+00 4.441065713763237000e-02
0.000000000000000000e+00 4.658292606472969055e-02
0.000000000000000000e+00 2.997197397053241730e-02
0.000000000000000000e+00 2.443115785717964172e-02
0.000000000000000000e+00 3.507292596623301506e-03
0.000000000000000000e+00 2.628114307299256325e-03
0.000000000000000000e+00 2.034974982962012291e-03
0.000000000000000000e+00 1.333744032308459282e-03
0.000000000000000000e+00 1.015556394122540951e-03
0.000000000000000000e+00 9.263998363167047501e-04
0.000000000000000000e+00 7.570133311673998833e-04
0.000000000000000000e+00 6.688773282803595066e-04
0.000000000000000000e+00 6.829336052760481834e-04
0.000000000000000000e+00 5.745364469476044178e-04
0.000000000000000000e+00 6.195598980411887169e-04
0.000000000000000000e+00 6.201078067533671856e-04
0.000000000000000000e+00 5.837575881741940975e-04
0.000000000000000000e+00 5.827927961945533752e-04
0.000000000000000000e+00 5.835576448589563370e-04
0.000000000000000000e+00 5.549284978769719601e-04
0.000000000000000000e+00 6.112316623330116272e-04
0.000000000000000000e+00 6.435438990592956543e-04
0.000000000000000000e+00 5.552120856009423733e-04
0.000000000000000000e+00 5.509975017048418522e-04
0.000000000000000000e+00 5.945581360720098019e-04
0.000000000000000000e+00 5.251471302472054958e-04
0.000000000000000000e+00 5.265724030323326588e-04
0.000000000000000000e+00 5.681684706360101700e-04
0.000000000000000000e+00 5.442664260044693947e-04
0.000000000000000000e+00 5.983812734484672546e-04
0.000000000000000000e+00 5.556838586926460266e-04
0.000000000000000000e+00 5.719564505852758884e-04
0.000000000000000000e+00 5.036981892772018909e-04
0.000000000000000000e+00 5.339915514923632145e-04
0.000000000000000000e+00 5.400355439633131027e-04
0.000000000000000000e+00 5.733685102313756943e-04
0.000000000000000000e+00 5.965098389424383640e-04
0.000000000000000000e+00 6.131501286290585995e-04
0.000000000000000000e+00 6.183178629726171494e-04
0.000000000000000000e+00 6.103828782215714455e-04
0.000000000000000000e+00 6.300380919128656387e-04
0.000000000000000000e+00 6.069303490221500397e-04
0.000000000000000000e+00 6.965737557038664818e-04
0.000000000000000000e+00 6.778883980587124825e-04
0.000000000000000000e+00 7.534426404163241386e-04
0.000000000000000000e+00 7.544775726273655891e-04
0.000000000000000000e+00 7.829133537597954273e-04
0.000000000000000000e+00 7.976422784850001335e-04
0.000000000000000000e+00 8.921275148168206215e-04
0.000000000000000000e+00 9.797046892344951630e-03
0.000000000000000000e+00 8.223484270274639130e-03
0.000000000000000000e+00 7.323049008846282959e-03
0.000000000000000000e+00 7.594292052090167999e-03
0.000000000000000000e+00 6.590445991605520248e-03
0.000000000000000000e+00 5.832280497997999191e-03
0.000000000000000000e+00 5.205729510635137558e-03
0.000000000000000000e+00 5.097660701721906662e-03
0.000000000000000000e+00 5.540059413760900497e-03
0.000000000000000000e+00 4.779600072652101517e-03
0.000000000000000000e+00 4.925725515931844711e-03
0.000000000000000000e+00 5.431990139186382294e-03
0.000000000000000000e+00 5.314745474606752396e-03
0.000000000000000000e+00 5.383995827287435532e-03
0.000000000000000000e+00 5.717953201383352280e-03
0.000000000000000000e+00 5.135721527040004730e-03
0.000000000000000000e+00 5.548806395381689072e-03
0.000000000000000000e+00 6.423387210816144943e-03
0.000000000000000000e+00 7.051317952573299408e-03
0.000000000000000000e+00 7.617269176989793777e-03
0.000000000000000000e+00 7.220284081995487213e-03
0.000000000000000000e+00 7.466998416930437088e-03
0.000000000000000000e+00 8.641174994409084320e-03
0.000000000000000000e+00 8.929937146604061127e-03
0.000000000000000000e+00 8.115491829812526703e-03
0.000000000000000000e+00 9.289158508181571960e-03
0.000000000000000000e+00 8.862496353685855865e-03
0.000000000000000000e+00 1.031468994915485382e-02
0.000000000000000000e+00 1.028556376695632935e-02
0.000000000000000000e+00 1.150781847536563873e-02
0.000000000000000000e+00 1.089234184473752975e-02
0.000000000000000000e+00 1.103731710463762283e-02
0.000000000000000000e+00 1.063283439725637436e-02
0.000000000000000000e+00 1.285173930227756500e-02
0.000000000000000000e+00 1.413631532341241837e-02
0.000000000000000000e+00 1.345628127455711365e-02
0.000000000000000000e+00 1.281841378659009933e-02
0.000000000000000000e+00 1.427844353020191193e-02
0.000000000000000000e+00 1.474023703485727310e-02
0.000000000000000000e+00 1.528490986675024033e-02
0.000000000000000000e+00 1.593686640262603760e-02
0.000000000000000000e+00 1.557670626789331436e-02
0.000000000000000000e+00 1.708201132714748383e-02
0.000000000000000000e+00 1.963429152965545654e-02
0.000000000000000000e+00 1.846343092620372772e-02
0.000000000000000000e+00 5.230787396430969238e-01
0.000000000000000000e+00 4.638424813747406006e-01
0.000000000000000000e+00 4.256419539451599121e-01
0.000000000000000000e+00 3.425827026367187500e-01
0.000000000000000000e+00 3.034371137619018555e-01
0.000000000000000000e+00 2.192170768976211548e-01
0.000000000000000000e+00 2.180543392896652222e-01
0.000000000000000000e+00 1.594134867191314697e-01
0.000000000000000000e+00 1.156003400683403015e-01
0.000000000000000000e+00 8.082786202430725098e-02
0.000000000000000000e+00 6.228908896446228027e-02
0.000000000000000000e+00 4.848986491560935974e-02
0.000000000000000000e+00 3.184486553072929382e-02
0.000000000000000000e+00 2.008513361215591431e-02
0.000000000000000000e+00 1.712321117520332336e-02
0.000000000000000000e+00 9.964481927454471588e-03
0.000000000000000000e+00 7.262417115271091461e-03
0.000000000000000000e+00 5.544385407119989395e-03
0.000000000000000000e+00 3.978067543357610703e-03
0.000000000000000000e+00 3.399888984858989716e-03
0.000000000000000000e+00 2.697938354685902596e-03
0.000000000000000000e+00 2.674114657565951347e-03
0.000000000000000000e+00 2.546526491641998291e-03
0.000000000000000000e+00 2.204115502536296844e-03
0.000000000000000000e+00 1.989569514989852905e-03
0.000000000000000000e+00 1.863608486019074917e-03
0.000000000000000000e+00 1.981273759156465530e-03
0.000000000000000000e+00 1.898058806546032429e-03
0.000000000000000000e+00 1.767433597706258297e-03
0.000000000000000000e+00 1.682223286479711533e-03
0.000000000000000000e+00 1.699884654954075813e-03
0.000000000000000000e+00 1.652071601711213589e-03
0.000000000000000000e+00 1.621566014364361763e-03
0.000000000000000000e+00 1.667163916863501072e-03
0.000000000000000000e+00 1.858270377852022648e-03
0.000000000000000000e+00 1.654800609685480595e-03
0.000000000000000000e+00 1.614580280147492886e-03
0.000000000000000000e+00 1.558773452416062355e-03
0.000000000000000000e+00 1.926631201058626175e-03
0.000000000000000000e+00 1.671528327278792858e-03
0.000000000000000000e+00 1.526874257251620293e-03
0.000000000000000000e+00 1.658597262576222420e-03
0.000000000000000000e+00 1.855852082371711731e-03
0.000000000000000000e+00 1.508004963397979736e-03
0.000000000000000000e+00 1.692765741609036922e-03
0.000000000000000000e+00 1.046179444529116154e-03
0.000000000000000000e+00 8.975210948847234249e-04
0.000000000000000000e+00 7.330040098167955875e-04
0.000000000000000000e+00 5.943555734120309353e-04
0.000000000000000000e+00 5.732149002142250538e-04
0.000000000000000000e+00 5.140610737726092339e-04
0.000000000000000000e+00 4.690167261287570000e-04
0.000000000000000000e+00 4.069046117365360260e-04
0.000000000000000000e+00 4.652634088415652514e-04
0.000000000000000000e+00 4.001847410108894110e-04
0.000000000000000000e+00 4.262425936758518219e-04
0.000000000000000000e+00 3.996959712821990252e-04
0.000000000000000000e+00 4.179294628556817770e-04
0.000000000000000000e+00 3.725245769601315260e-04
0.000000000000000000e+00 4.314869293011724949e-04
0.000000000000000000e+00 4.460893105715513229e-04
0.000000000000000000e+00 3.956230648327618837e-04
0.000000000000000000e+00 4.296026309020817280e-04
0.000000000000000000e+00 5.495173973031342030e-04
0.000000000000000000e+00 4.641504492610692978e-04
0.000000000000000000e+00 5.536043317988514900e-04
0.000000000000000000e+00 4.390304966364055872e-04
0.000000000000000000e+00 4.551082674879580736e-04
0.000000000000000000e+00 5.024238489568233490e-04
0.000000000000000000e+00 4.414944269228726625e-04
0.000000000000000000e+00 5.045484867878258228e-04
0.000000000000000000e+00 4.688084300141781569e-04
0.000000000000000000e+00 5.335377063602209091e-04
0.000000000000000000e+00 6.357239326462149620e-04
0.000000000000000000e+00 5.195563426241278648e-04
0.000000000000000000e+00 5.193187389522790909e-04
0.000000000000000000e+00 5.129825440235435963e-04
0.000000000000000000e+00 4.617523809429258108e-04
0.000000000000000000e+00 5.436663050204515457e-04
0.000000000000000000e+00 4.976302152499556541e-04
0.000000000000000000e+00 4.811770631931722164e-04
0.000000000000000000e+00 5.140909925103187561e-04
0.000000000000000000e+00 5.921436240896582603e-04
0.000000000000000000e+00 5.185900954529643059e-04
0.000000000000000000e+00 5.294191651046276093e-04
0.000000000000000000e+00 5.398450884968042374e-04
0.000000000000000000e+00 4.826468066312372684e-04
0.000000000000000000e+00 4.617422819137573242e-04
0.000000000000000000e+00 4.824266943614929914e-04
0.000000000000000000e+00 5.019049858674407005e-04
0.000000000000000000e+00 9.252142161130905151e-03
0.000000000000000000e+00 5.965661723166704178e-03
0.000000000000000000e+00 5.314188543707132339e-03
0.000000000000000000e+00 3.344529308378696442e-03
0.000000000000000000e+00 2.520608715713024139e-03
0.000000000000000000e+00 1.846747240051627159e-03
0.000000000000000000e+00 1.584737212397158146e-03
0.000000000000000000e+00 1.205407083034515381e-03
0.000000000000000000e+00 1.061209361068904400e-03
0.000000000000000000e+00 1.066185301169753075e-03
0.000000000000000000e+00 9.347038576379418373e-04
0.000000000000000000e+00 8.338438929058611393e-04
0.000000000000000000e+00 9.351510670967400074e-04
0.000000000000000000e+00 8.518341928720474243e-04
0.000000000000000000e+00 8.098442922346293926e-04
0.000000000000000000e+00 9.058374562300741673e-04
0.000000000000000000e+00 8.654679404571652412e-04
0.000000000000000000e+00 9.715002379380166531e-04
0.000000000000000000e+00 9.687029523774981499e-04
0.000000000000000000e+00 9.712243918329477310e-04
0.000000000000000000e+00 1.072210259735584259e-03
0.000000000000000000e+00 9.699695510789752007e-04
0.000000000000000000e+00 1.079633599147200584e-03
0.000000000000000000e+00 1.025880686938762665e-03
0.000000000000000000e+00 1.181763713248074055e-03
0.000000000000000000e+00 1.120359753258526325e-03
0.000000000000000000e+00 1.413089688867330551e-03
0.000000000000000000e+00 1.356822322122752666e-03
0.000000000000000000e+00 1.445730100385844707e-03
0.000000000000000000e+00 1.510292757302522659e-03
0.000000000000000000e+00 1.691000419668853283e-03
0.000000000000000000e+00 1.482407562434673309e-03
0.000000000000000000e+00 1.579554169438779354e-03
0.000000000000000000e+00 1.816555857658386230e-03
0.000000000000000000e+00 1.700587919913232327e-03
0.000000000000000000e+00 1.651219208724796772e-03
0.000000000000000000e+00 1.748824492096900940e-03
0.000000000000000000e+00 2.013719175010919571e-03
0.000000000000000000e+00 1.828025677241384983e-03
0.000000000000000000e+00 1.791486516594886780e-03
0.000000000000000000e+00 1.907961792312562466e-03
0.000000000000000000e+00 1.778529491275548935e-03
0.000000000000000000e+00 1.867406768724322319e-03
0.000000000000000000e+00 1.806091284379363060e-03
0.000000000000000000e+00 2.048134803771972656e-03
0.000000000000000000e+00 9.232242703437805176e-01
0.000000000000000000e+00 9.174357652664184570e-01
0.000000000000000000e+00 9.218964576721191406e-01
0.000000000000000000e+00 9.209070801734924316e-01
0.000000000000000000e+00 9.218865633010864258e-01
0.000000000000000000e+00 9.240055084228515625e-01
0.000000000000000000e+00 9.225878715515136719e-01
0.000000000000000000e+00 9.257278442382812500e-01
0.000000000000000000e+00 9.225467443466186523e-01
0.000000000000000000e+00 9.251512289047241211e-01
0.000000000000000000e+00 9.257035255432128906e-01
0.000000000000000000e+00 9.277217984199523926e-01
0.000000000000000000e+00 9.292318224906921387e-01
0.000000000000000000e+00 9.309223294258117676e-01
0.000000000000000000e+00 9.310878515243530273e-01
0.000000000000000000e+00 9.302357435226440430e-01
0.000000000000000000e+00 9.298466444015502930e-01
0.000000000000000000e+00 9.287600517272949219e-01
0.000000000000000000e+00 9.311005473136901855e-01
0.000000000000000000e+00 9.290515184402465820e-01
0.000000000000000000e+00 9.323522448539733887e-01
0.000000000000000000e+00 9.316589832305908203e-01
0.000000000000000000e+00 9.300605058670043945e-01
0.000000000000000000e+00 9.300605058670043945e-01
0.000000000000000000e+00 9.348996877670288086e-01
0.000000000000000000e+00 9.331225156784057617e-01
0.000000000000000000e+00 9.345546960830688477e-01
0.000000000000000000e+00 9.374034404754638672e-01
1.000000000000000000e+00 9.356190562248229980e-01
1.000000000000000000e+00 9.355379939079284668e-01
1.000000000000000000e+00 9.372538924217224121e-01
1.000000000000000000e+00 9.398301243782043457e-01
0.000000000000000000e+00 9.374629855155944824e-01
0.000000000000000000e+00 9.339623451232910156e-01
0.000000000000000000e+00 9.393354058265686035e-01
0.000000000000000000e+00 9.372218847274780273e-01
0.000000000000000000e+00 9.421384930610656738e-01
0.000000000000000000e+00 9.331382513046264648e-01
0.000000000000000000e+00 9.375586509704589844e-01
0.000000000000000000e+00 9.359691143035888672e-01
0.000000000000000000e+00 9.329330921173095703e-01
0.000000000000000000e+00 9.339563250541687012e-01
0.000000000000000000e+00 9.326872825622558594e-01
0.000000000000000000e+00 9.265261888504028320e-01
0.000000000000000000e+00 9.162222146987915039e-01
1.000000000000000000e+00 3.821450471878051758e-01
1.000000000000000000e+00 3.481523990631103516e-01
1.000000000000000000e+00 2.993294298648834229e-01
1.000000000000000000e+00 2.619625627994537354e-01
1.000000000000000000e+00 2.124517858028411865e-01
0.000000000000000000e+00 2.028390765190124512e-01
0.000000000000000000e+00 1.758786439895629883e-01
0.000000000000000000e+00 1.491059511899948120e-01
0.000000000000000000e+00 1.555121093988418579e-01
0.000000000000000000e+00 1.299798041582107544e-01
0.000000000000000000e+00 8.765577524900436401e-02
0.000000000000000000e+00 1.100086122751235962e-01
0.000000000000000000e+00 7.865231484174728394e-02
0.000000000000000000e+00 7.873504608869552612e-02
0.000000000000000000e+00 6.887036561965942383e-02
0.000000000000000000e+00 5.827135220170021057e-02
1.000000000000000000e+00 4.261502996087074280e-02
1.000000000000000000e+00 4.163052514195442200e-02
0.000000000000000000e+00 3.674354404211044312e-02
0.000000000000000000e+00 4.193767160177230835e-02
0.000000000000000000e+00 2.481268905103206635e-02
0.000000000000000000e+00 2.451233938336372375e-02
0.000000000000000000e+00 2.111499384045600891e-02
0.000000000000000000e+00 2.248853072524070740e-02
0.000000000000000000e+00 1.468547619879245758e-02
1.000000000000000000e+00 1.398346107453107834e-02
1.000000000000000000e+00 1.302761305123567581e-02
1.000000000000000000e+00 1.168997958302497864e-02
1.000000000000000000e+00 9.510525502264499664e-03
0.000000000000000000e+00 9.525926783680915833e-03
0.000000000000000000e+00 7.641229778528213501e-03
0.000000000000000000e+00 7.892854511737823486e-03
0.000000000000000000e+00 6.212610285729169846e-03
0.000000000000000000e+00 6.623984314501285553e-03
0.000000000000000000e+00 6.627107039093971252e-03
0.000000000000000000e+00 5.951655562967061996e-03
0.000000000000000000e+00 6.353074684739112854e-03
0.000000000000000000e+00 5.221254657953977585e-03
0.000000000000000000e+00 4.312203731387853622e-03
0.000000000000000000e+00 4.207095596939325333e-03
0.000000000000000000e+00 4.177647177129983902e-03
0.000000000000000000e+00 3.876825096085667610e-03
0.000000000000000000e+00 3.646395867690443993e-03
0.000000000000000000e+00 4.142120946198701859e-03
0.000000000000000000e+00 3.775847377255558968e-03
