0.000000000000000000e+00 9.595851302146911621e-01
0.000000000000000000e+00 9.687032699584960938e-01
0.000000000000000000e+00 9.600624442100524902e-01
0.000000000000000000e+00 9.683108925819396973e-01
0.000000000000000000e+00 9.665828347206115723e-01
0.000000000000000000e+00 9.566575884819030762e-01
0.000000000000000000e+00 9.589834213256835938e-01
0.000000000000000000e+00 9.630343317985534668e-01
0.000000000000000000e+00 9.654000401496887207e-01
0.000000000000000000e+00 9.643895030021667480e-01
0.000000000000000000e+00 9.655321240425109863e-01
0.000000000000000000e+00 9.742202162742614746e-01
0.000000000000000000e+00 9.694523215293884277e-01
0.000000000000000000e+00 9.643175601959228516e-01
0.000000000000000000e+00 9.679694175720214844e-01
0.000000000000000000e+00 9.678190946578979492e-01
1.000000000000000000e+00 9.661625623703002930e-01
1.000000000000000000e+00 9.652855992317199707e-01
1.000000000000000000e+00 9.666846394538879395e-01
0.000000000000000000e+00 9.649860262870788574e-01
0.000000000000000000e+00 9.624868631362915039e-01
0.000000000000000000e+00 9.620731472969055176e-01
1.000000000000000000e+00 9.678888916969299316e-01
1.000000000000000000e+00 9.724113941192626953e-01
1.000000000000000000e+00 9.703696370124816895e-01
1.000000000000000000e+00 9.699697494506835938e-01
1.000000000000000000e+00 9.673466682434082031e-01
1.000000000000000000e+00 9.741194248199462891e-01
1.000000000000000000e+00 9.775472879409790039e-01
1.000000000000000000e+00 9.755295515060424805e-01
1.000000000000000000e+00 9.766314625740051270e-01
1.000000000000000000e+00 9.676808118820190430e-01
0.000000000000000000e+00 9.592092037200927734e-01
0.000000000000000000e+00 9.150915145874023438e-01
0.000000000000000000e+00 8.966617584228515625e-01
0.000000000000000000e+00 7.816954255104064941e-01
0.000000000000000000e+00 5.976006984710693359e-01
0.000000000000000000e+00 3.646135032176971436e-01
0.000000000000000000e+00 2.594374418258666992e-01
0.000000000000000000e+00 1.830376237630844116e-01
0.000000000000000000e+00 1.375810503959655762e-01
0.000000000000000000e+00 6.259512901306152344e-02
0.000000000000000000e+00 5.044186860322952271e-02
0.000000000000000000e+00 4.151143878698348999e-02
0.000000000000000000e+00 2.359343320131301880e-02
0.000000000000000000e+00 1.786874420940876007e-02
0.000000000000000000e+00 1.580706052482128143e-02
0.000000000000000000e+00 1.736740395426750183e-02
0.000000000000000000e+00 2.019099332392215729e-02
0.000000000000000000e+00 2.215704694390296936e-02
0.000000000000000000e+00 2.184946276247501373e-02
0.000000000000000000e+00 2.631053328514099121e-02
0.000000000000000000e+00 3.725992515683174133e-02
0.000000000000000000e+00 4.512566700577735901e-02
0.000000000000000000e+00 4.665426164865493774e-02
1.000000000000000000e+00 5.435205996036529541e-02
1.000000000000000000e+00 7.613547891378402710e-02
0.000000000000000000e+00 1.206731274724006653e-01
0.000000000000000000e+00 1.888233572244644165e-01
0.000000000000000000e+00 2.012040615081787109e-01
0.000000000000000000e+00 2.506293356418609619e-01
1.000000000000000000e+00 3.436912894248962402e-01
1.000000000000000000e+00 4.255377054214477539e-01
1.000000000000000000e+00 5.047865509986877441e-01
1.000000000000000000e+00 5.092228651046752930e-01
1.000000000000000000e+00 5.902305245399475098e-01
1.000000000000000000e+00 5.690023899078369141e-01
1.000000000000000000e+00 6.121579408645629883e-01
1.000000000000000000e+00 6.131556630134582520e-01
1.000000000000000000e+00 7.103994488716125488e-01
0.000000000000000000e+00 6.566910147666931152e-01
0.000000000000000000e+00 5.081828236579895020e-01
0.000000000000000000e+00 4.874750375747680664e-01
0.000000000000000000e+00 3.611564338207244873e-01
0.000000000000000000e+00 2.077279835939407349e-01
0.000000000000000000e+00 8.689211010932922363e-01
0.000000000000000000e+00 8.678754568099975586e-01
0.000000000000000000e+00 8.649894595146179199e-01
0.000000000000000000e+00 8.499772548675537109e-01
0.000000000000000000e+00 8.591307997703552246e-01
0.000000000000000000e+00 8.641987442970275879e-01
0.000000000000000000e+00 8.348336219787597656e-01
0.000000000000000000e+00 8.535124659538269043e-01
0.000000000000000000e+00 8.539961576461791992e-01
0.000000000000000000e+00 8.473106622695922852e-01
0.000000000000000000e+00 8.154237866401672363e-01
0.000000000000000000e+00 8.005407452583312988e-01
0.000000000000000000e+00 7.756460905075073242e-01
0.000000000000000000e+00 7.192153334617614746e-01
1.000000000000000000e+00 7.257488965988159180e-01
1.000000000000000000e+00 6.418821811676025391e-01
1.000000000000000000e+00 6.476205587387084961e-01
1.000000000000000000e+00 6.092075109481811523e-01
1.000000000000000000e+00 6.745986342430114746e-01
1.000000000000000000e+00 6.464044451713562012e-01
0.000000000000000000e+00 7.009950876235961914e-01
1.000000000000000000e+00 6.816363334655761719e-01
1.000000000000000000e+00 6.841319799423217773e-01
1.000000000000000000e+00 6.713788509368896484e-01
0.000000000000000000e+00 5.769487023353576660e-01
1.000000000000000000e+00 5.105690360069274902e-01
1.000000000000000000e+00 4.322364330291748047e-01
1.000000000000000000e+00 4.083816409111022949e-01
1.000000000000000000e+00 3.515299856662750244e-01
0.000000000000000000e+00 3.540288805961608887e-01
1.000000000000000000e+00 3.153070807456970215e-01
1.000000000000000000e+00 3.111401200294494629e-01
1.000000000000000000e+00 2.759102880954742432e-01
1.000000000000000000e+00 2.512101829051971436e-01
1.000000000000000000e+00 2.052232325077056885e-01
0.000000000000000000e+00 1.825542896986007690e-01
0.000000000000000000e+00 1.259025037288665771e-01
0.000000000000000000e+00 1.086849421262741089e-01
0.000000000000000000e+00 1.048838943243026733e-01
0.000000000000000000e+00 8.798985183238983154e-02
0.000000000000000000e+00 8.825857192277908325e-02
0.000000000000000000e+00 8.727193623781204224e-02
0.000000000000000000e+00 8.184536546468734741e-02
0.000000000000000000e+00 7.708928734064102173e-02
0.000000000000000000e+00 6.288542598485946655e-02
0.000000000000000000e+00 5.385326221585273743e-02
0.000000000000000000e+00 5.189179256558418274e-02
0.000000000000000000e+00 4.414801299571990967e-02
0.000000000000000000e+00 4.555696249008178711e-02
0.000000000000000000e+00 3.298976644873619080e-02
0.000000000000000000e+00 3.450715541839599609e-02
0.000000000000000000e+00 3.433340787887573242e-02
0.000000000000000000e+00 2.964785881340503693e-02
0.000000000000000000e+00 2.923221327364444733e-02
0.000000000000000000e+00 2.522484958171844482e-02
0.000000000000000000e+00 1.957003027200698853e-02
0.000000000000000000e+00 1.825530268251895905e-02
0.000000000000000000e+00 2.070118300616741180e-02
0.000000000000000000e+00 1.645174808800220490e-02
0.000000000000000000e+00 1.590374112129211426e-02
0.000000000000000000e+00 1.761830598115921021e-02
0.000000000000000000e+00 1.791252009570598602e-02
0.000000000000000000e+00 1.723628304898738861e-02
0.000000000000000000e+00 1.562809757888317108e-02
0.000000000000000000e+00 1.607373170554637909e-02
0.000000000000000000e+00 1.521425601094961166e-02
0.000000000000000000e+00 1.505007781088352203e-02
0.000000000000000000e+00 1.437656395137310028e-02
0.000000000000000000e+00 1.674178428947925568e-02
0.000000000000000000e+00 1.607017964124679565e-02
0.000000000000000000e+00 1.671066507697105408e-02
0.000000000000000000e+00 1.577850989997386932e-02
0.000000000000000000e+00 1.729916967451572418e-02
0.000000000000000000e+00 1.919114775955677032e-02
0.000000000000000000e+00 1.906757988035678864e-02
1.000000000000000000e+00 6.154450178146362305e-01
1.000000000000000000e+00 4.713991284370422363e-01
1.000000000000000000e+00 2.938862442970275879e-01
1.000000000000000000e+00 1.118817031383514404e-01
1.000000000000000000e+00 5.353434756398200989e-02
1.000000000000000000e+00 2.500700019299983978e-02
0.000000000000000000e+00 1.322145946323871613e-02
0.000000000000000000e+00 8.574951440095901489e-03
0.000000000000000000e+00 5.011991132050752640e-03
0.000000000000000000e+00 3.169752424582839012e-03
0.000000000000000000e+00 1.217802404426038265e-03
0.000000000000000000e+00 9.127167868427932262e-04
0.000000000000000000e+00 4.291542281862348318e-04
0.000000000000000000e+00 2.410240267636254430e-04
0.000000000000000000e+00 1.326455821981653571e-04
0.000000000000000000e+00 8.080827683443203568e-05
0.000000000000000000e+00 5.271175905363634229e-05
0.000000000000000000e+00 4.244342926540412009e-05
0.000000000000000000e+00 3.247270433348603547e-05
0.000000000000000000e+00 2.844973278115503490e-05
0.000000000000000000e+00 2.765471799648366868e-05
0.000000000000000000e+00 2.858271545846946537e-05
0.000000000000000000e+00 3.626072430051863194e-05
0.000000000000000000e+00 3.585962258512154222e-05
1.000000000000000000e+00 3.435723192524164915e-05
1.000000000000000000e+00 4.323261964600533247e-05
1.000000000000000000e+00 6.575638690264895558e-05
1.000000000000000000e+00 1.071911246981471777e-04
1.000000000000000000e+00 1.711078803054988384e-04
0.000000000000000000e+00 5.551771610043942928e-04
0.000000000000000000e+00 1.071576611138880253e-03
0.000000000000000000e+00 2.084439154714345932e-03
1.000000000000000000e+00 4.255970939993858337e-03
1.000000000000000000e+00 6.243882700800895691e-03
0.000000000000000000e+00 5.547227803617715836e-03
0.000000000000000000e+00 4.330009222030639648e-03
0.000000000000000000e+00 4.663747735321521759e-03
0.000000000000000000e+00 6.980596110224723816e-03
0.000000000000000000e+00 6.409855559468269348e-03
0.000000000000000000e+00 1.047787256538867950e-02
0.000000000000000000e+00 1.308723166584968567e-02
0.000000000000000000e+00 1.965025439858436584e-02
0.000000000000000000e+00 1.333757862448692322e-02
0.000000000000000000e+00 1.309779752045869827e-02
0.000000000000000000e+00 5.403518676757812500e-03
0.000000000000000000e+00 4.865821450948715210e-03
0.000000000000000000e+00 4.149629734456539154e-03
0.000000000000000000e+00 5.940615665167570114e-03
0.000000000000000000e+00 5.596810020506381989e-03
0.000000000000000000e+00 3.893444547429680824e-03
0.000000000000000000e+00 2.198113594204187393e-03
0.000000000000000000e+00 1.795665244571864605e-03
0.000000000000000000e+00 1.590935862623155117e-03
0.000000000000000000e+00 2.294480567798018456e-03
0.000000000000000000e+00 2.065772889181971550e-03
0.000000000000000000e+00 1.713010016828775406e-03
0.000000000000000000e+00 1.033423584885895252e-03
0.000000000000000000e+00 8.947814931161701679e-04
0.000000000000000000e+00 8.426250424236059189e-04
0.000000000000000000e+00 6.888532079756259918e-04
0.000000000000000000e+00 8.600598084740340710e-04
0.000000000000000000e+00 9.465488838031888008e-04
0.000000000000000000e+00 1.477790996432304382e-03
0.000000000000000000e+00 1.941006630659103394e-03
0.000000000000000000e+00 2.011195523664355278e-03
0.000000000000000000e+00 1.171715324744582176e-03
0.000000000000000000e+00 2.213925588876008987e-03
0.000000000000000000e+00 2.746950602158904076e-03
0.000000000000000000e+00 4.505335818976163864e-03
0.000000000000000000e+00 5.862219724804162979e-03
0.000000000000000000e+00 5.913024768233299255e-03
0.000000000000000000e+00 6.862237583845853806e-03
0.000000000000000000e+00 4.602325148880481720e-03
0.000000000000000000e+00 3.978352993726730347e-03
0.000000000000000000e+00 5.970165133476257324e-03
1.000000000000000000e+00 8.061714172363281250e-01
1.000000000000000000e+00 8.364696502685546875e-01
1.000000000000000000e+00 8.229801654815673828e-01
1.000000000000000000e+00 7.892377376556396484e-01
1.000000000000000000e+00 7.622980475425720215e-01
0.000000000000000000e+00 8.020310401916503906e-01
0.000000000000000000e+00 6.543982028961181641e-01
0.000000000000000000e+00 7.024037837982177734e-01
0.000000000000000000e+00 6.725001335144042969e-01
0.000000000000000000e+00 4.356765747070312500e-01
0.000000000000000000e+00 3.629122376441955566e-01
0.000000000000000000e+00 3.593389391899108887e-01
0.000000000000000000e+00 2.264468818902969360e-01
0.000000000000000000e+00 1.514132022857666016e-01
0.000000000000000000e+00 1.132106706500053406e-01
0.000000000000000000e+00 1.003338992595672607e-01
0.000000000000000000e+00 9.437621384859085083e-02
0.000000000000000000e+00 7.833269238471984863e-02
0.000000000000000000e+00 9.358723461627960205e-02
0.000000000000000000e+00 8.377154916524887085e-02
0.000000000000000000e+00 7.953306287527084351e-02
0.000000000000000000e+00 9.686013311147689819e-02
1.000000000000000000e+00 1.147753596305847168e-01
0.000000000000000000e+00 1.393615454435348511e-01
0.000000000000000000e+00 8.127032965421676636e-02
0.000000000000000000e+00 7.805395126342773438e-02
0.000000000000000000e+00 6.603139638900756836e-02
0.000000000000000000e+00 6.042441353201866150e-02
0.000000000000000000e+00 7.601416856050491333e-02
0.000000000000000000e+00 7.999408245086669922e-02
0.000000000000000000e+00 9.466801583766937256e-02
0.000000000000000000e+00 6.469127535820007324e-02
0.000000000000000000e+00 9.637635201215744019e-02
0.000000000000000000e+00 8.078408986330032349e-02
0.000000000000000000e+00 7.955954223871231079e-02
0.000000000000000000e+00 5.444981902837753296e-02
0.000000000000000000e+00 4.823273047804832458e-02
0.000000000000000000e+00 3.530909121036529541e-02
0.000000000000000000e+00 4.247960075736045837e-02
0.000000000000000000e+00 5.190247669816017151e-02
0.000000000000000000e+00 4.285838454961776733e-02
0.000000000000000000e+00 3.645159676671028137e-02
0.000000000000000000e+00 4.046434164047241211e-02
0.000000000000000000e+00 3.988494724035263062e-02
0.000000000000000000e+00 4.957491904497146606e-02
0.000000000000000000e+00 6.481266766786575317e-02
0.000000000000000000e+00 1.083796098828315735e-01
0.000000000000000000e+00 1.383594274520874023e-01
0.000000000000000000e+00 1.824949681758880615e-01
0.000000000000000000e+00 2.168600410223007202e-01
0.000000000000000000e+00 4.213471412658691406e-01
0.000000000000000000e+00 5.172393918037414551e-01
0.000000000000000000e+00 6.369228959083557129e-01
0.000000000000000000e+00 5.945913791656494141e-01
0.000000000000000000e+00 5.832707285881042480e-01
0.000000000000000000e+00 5.883564352989196777e-01
1.000000000000000000e+00 6.285277605056762695e-01
0.000000000000000000e+00 7.200938463211059570e-01
0.000000000000000000e+00 7.590634822845458984e-01
1.000000000000000000e+00 7.336286902427673340e-01
1.000000000000000000e+00 7.765422463417053223e-01
0.000000000000000000e+00 7.833890318870544434e-01
0.000000000000000000e+00 7.917103171348571777e-01
0.000000000000000000e+00 8.389137387275695801e-01
0.000000000000000000e+00 7.729721069335937500e-01
0.000000000000000000e+00 7.094026803970336914e-01
1.000000000000000000e+00 6.683580875396728516e-01
1.000000000000000000e+00 4.536689817905426025e-01
1.000000000000000000e+00 4.079184532165527344e-01
1.000000000000000000e+00 2.920372188091278076e-01
0.000000000000000000e+00 2.066200375556945801e-01
0.000000000000000000e+00 1.777143627405166626e-01
0.000000000000000000e+00 1.274825185537338257e-01
0.000000000000000000e+00 7.834015041589736938e-02
0.000000000000000000e+00 3.061605058610439301e-02
0.000000000000000000e+00 7.419620156288146973e-01
0.000000000000000000e+00 6.578538417816162109e-01
1.000000000000000000e+00 5.536496043205261230e-01
0.000000000000000000e+00 4.642206728458404541e-01
0.000000000000000000e+00 3.242927789688110352e-01
0.000000000000000000e+00 3.699611127376556396e-01
0.000000000000000000e+00 2.428795844316482544e-01
0.000000000000000000e+00 1.726339161396026611e-01
0.000000000000000000e+00 1.293445974588394165e-01
0.000000000000000000e+00 1.018848270177841187e-01
0.000000000000000000e+00 1.111792549490928650e-01
0.000000000000000000e+00 1.054190322756767273e-01
0.000000000000000000e+00 6.660372763872146606e-02
0.000000000000000000e+00 6.849254667758941650e-02
0.000000000000000000e+00 5.086319893598556519e-02
0.000000000000000000e+00 4.894967749714851379e-02
1.000000000000000000e+00 5.264340713620185852e-02
0.000000000000000000e+00 6.658953428268432617e-02
0.000000000000000000e+00 7.947080582380294800e-02
0.000000000000000000e+00 8.919427543878555298e-02
0.000000000000000000e+00 1.339284926652908325e-01
0.000000000000000000e+00 1.856166571378707886e-01
0.000000000000000000e+00 2.315377295017242432e-01
0.000000000000000000e+00 2.827794551849365234e-01
0.000000000000000000e+00 2.139391005039215088e-01
0.000000000000000000e+00 2.052274495363235474e-01
0.000000000000000000e+00 2.518599033355712891e-01
0.000000000000000000e+00 1.939436048269271851e-01
0.000000000000000000e+00 1.980573534965515137e-01
0.000000000000000000e+00 1.814388334751129150e-01
0.000000000000000000e+00 1.917978376150131226e-01
0.000000000000000000e+00 2.701861560344696045e-01
0.000000000000000000e+00 2.414026856422424316e-01
0.000000000000000000e+00 3.235804438591003418e-01
0.000000000000000000e+00 1.941438913345336914e-01
0.000000000000000000e+00 1.300973743200302124e-01
0.000000000000000000e+00 1.093791946768760681e-01
0.000000000000000000e+00 1.138947159051895142e-01
0.000000000000000000e+00 7.502838224172592163e-02
0.000000000000000000e+00 1.020896062254905701e-01
0.000000000000000000e+00 1.231320723891258240e-01
0.000000000000000000e+00 1.269297003746032715e-01
0.000000000000000000e+00 1.241398155689239502e-01
0.000000000000000000e+00 8.418187499046325684e-02
0.000000000000000000e+00 6.327109038829803467e-02
0.000000000000000000e+00 6.427808105945587158e-02
0.000000000000000000e+00 1.188377588987350464e-01
0.000000000000000000e+00 2.157914787530899048e-01
0.000000000000000000e+00 2.465935349464416504e-01
0.000000000000000000e+00 4.145012199878692627e-01
0.000000000000000000e+00 5.308043360710144043e-01
0.000000000000000000e+00 7.175656557083129883e-01
0.000000000000000000e+00 8.179064989089965820e-01
0.000000000000000000e+00 8.691933155059814453e-01
0.000000000000000000e+00 9.088867306709289551e-01
0.000000000000000000e+00 9.285368323326110840e-01
0.000000000000000000e+00 9.189369678497314453e-01
0.000000000000000000e+00 9.164144992828369141e-01
0.000000000000000000e+00 9.084423780441284180e-01
0.000000000000000000e+00 8.796014785766601562e-01
0.000000000000000000e+00 8.699868321418762207e-01
0.000000000000000000e+00 8.860642910003662109e-01
0.000000000000000000e+00 8.864602446556091309e-01
0.000000000000000000e+00 8.874064683914184570e-01
0.000000000000000000e+00 8.410220742225646973e-01
0.000000000000000000e+00 8.402153849601745605e-01
1.000000000000000000e+00 8.463899493217468262e-01
1.000000000000000000e+00 7.462417483329772949e-01
1.000000000000000000e+00 7.556164264678955078e-01
1.000000000000000000e+00 6.389865875244140625e-01
1.000000000000000000e+00 6.043971180915832520e-01
1.000000000000000000e+00 4.559463560581207275e-01
1.000000000000000000e+00 3.312022984027862549e-01
0.000000000000000000e+00 2.243341356515884399e-01
1.000000000000000000e+00 2.154528349637985229e-01
1.000000000000000000e+00 9.414333850145339966e-02
1.000000000000000000e+00 3.891299292445182800e-02
1.000000000000000000e+00 3.268037736415863037e-02
0.000000000000000000e+00 2.315053716301918030e-02
0.000000000000000000e+00 1.731169968843460083e-02
0.000000000000000000e+00 1.479668542742729187e-02
0.000000000000000000e+00 1.004044152796268463e-02
0.000000000000000000e+00 1.002709008753299713e-02
0.000000000000000000e+00 9.902372956275939941e-03
0.000000000000000000e+00 7.788834162056446075e-03
0.000000000000000000e+00 8.528853766620159149e-03
0.000000000000000000e+00 1.692264527082443237e-02
0.000000000000000000e+00 1.581471040844917297e-02
0.000000000000000000e+00 1.985286362469196320e-02
0.000000000000000000e+00 2.069433778524398804e-02
0.000000000000000000e+00 3.231659159064292908e-02
0.000000000000000000e+00 4.364337772130966187e-02
0.000000000000000000e+00 6.135698407888412476e-02
0.000000000000000000e+00 9.929220378398895264e-02
0.000000000000000000e+00 7.916555553674697876e-02
0.000000000000000000e+00 1.507802158594131470e-01
0.000000000000000000e+00 1.245305389165878296e-01
0.000000000000000000e+00 1.756265759468078613e-01
0.000000000000000000e+00 1.424490958452224731e-01
0.000000000000000000e+00 9.305738657712936401e-02
0.000000000000000000e+00 1.148869544267654419e-01
0.000000000000000000e+00 7.623451203107833862e-02
0.000000000000000000e+00 7.018329948186874390e-02
0.000000000000000000e+00 4.466559737920761108e-02
0.000000000000000000e+00 4.806546494364738464e-02
0.000000000000000000e+00 3.718879818916320801e-02
0.000000000000000000e+00 2.993717417120933533e-02
0.000000000000000000e+00 2.498762495815753937e-02
0.000000000000000000e+00 2.069397643208503723e-02
0.000000000000000000e+00 1.876370422542095184e-02
0.000000000000000000e+00 1.215961016714572906e-02
0.000000000000000000e+00 1.358176022768020630e-02
0.000000000000000000e+00 1.321953069418668747e-02
0.000000000000000000e+00 1.373174414038658142e-02
0.000000000000000000e+00 1.434569898992776871e-02
0.000000000000000000e+00 1.657023094594478607e-02
0.000000000000000000e+00 1.529550645500421524e-02
0.000000000000000000e+00 1.367231830954551697e-02
0.000000000000000000e+00 1.736110635101795197e-02
0.000000000000000000e+00 1.487158890813589096e-02
0.000000000000000000e+00 2.051013521850109100e-02
0.000000000000000000e+00 2.488194219768047333e-02
0.000000000000000000e+00 5.729241669178009033e-02
0.000000000000000000e+00 1.155387386679649353e-01
0.000000000000000000e+00 1.276554912328720093e-01
0.000000000000000000e+00 2.639547586441040039e-01
0.000000000000000000e+00 3.253666460514068604e-01
0.000000000000000000e+00 4.231365621089935303e-01
0.000000000000000000e+00 5.275802612304687500e-01
0.000000000000000000e+00 5.249038338661193848e-01
1.000000000000000000e+00 6.544433832168579102e-01
1.000000000000000000e+00 6.214737892150878906e-01
1.000000000000000000e+00 6.072962284088134766e-01
0.000000000000000000e+00 6.791187524795532227e-01
1.000000000000000000e+00 7.394327521324157715e-01
1.000000000000000000e+00 8.337755799293518066e-01
1.000000000000000000e+00 8.415277004241943359e-01
1.000000000000000000e+00 8.331211805343627930e-01
1.000000000000000000e+00 8.487679362297058105e-01
0.000000000000000000e+00 7.888570427894592285e-01
0.000000000000000000e+00 6.875734329223632812e-01
1.000000000000000000e+00 5.390157699584960938e-01
1.000000000000000000e+00 4.946593940258026123e-01
1.000000000000000000e+00 4.448424577713012695e-01
1.000000000000000000e+00 3.343767225742340088e-01
0.000000000000000000e+00 2.931612730026245117e-01
0.000000000000000000e+00 1.770651638507843018e-01
0.000000000000000000e+00 1.464139223098754883e-01
0.000000000000000000e+00 9.918664395809173584e-02
0.000000000000000000e+00 9.859422594308853149e-02
1.000000000000000000e+00 8.594210743904113770e-01
1.000000000000000000e+00 8.510450124740600586e-01
1.000000000000000000e+00 8.644520640373229980e-01
1.000000000000000000e+00 8.503829836845397949e-01
1.000000000000000000e+00 8.338649272918701172e-01
1.000000000000000000e+00 7.912603020668029785e-01
1.000000000000000000e+00 7.313107848167419434e-01
0.000000000000000000e+00 6.977140903472900391e-01
0.000000000000000000e+00 6.866145730018615723e-01
0.000000000000000000e+00 5.650491118431091309e-01
0.000000000000000000e+00 4.794080853462219238e-01
0.000000000000000000e+00 4.676487147808074951e-01
0.000000000000000000e+00 3.335871100425720215e-01
0.000000000000000000e+00 2.985078692436218262e-01
0.000000000000000000e+00 1.419514864683151245e-01
0.000000000000000000e+00 7.727730274200439453e-02
1.000000000000000000e+00 7.240158319473266602e-02
0.000000000000000000e+00 1.073578000068664551e-01
0.000000000000000000e+00 4.497572779655456543e-02
0.000000000000000000e+00 3.759515658020973206e-02
0.000000000000000000e+00 5.598516762256622314e-02
0.000000000000000000e+00 7.041611522436141968e-02
0.000000000000000000e+00 7.170154154300689697e-02
0.000000000000000000e+00 7.825507968664169312e-02
0.000000000000000000e+00 8.883005380630493164e-02
0.000000000000000000e+00 1.239320263266563416e-01
0.000000000000000000e+00 1.437649875879287720e-01
0.000000000000000000e+00 1.046972945332527161e-01
0.000000000000000000e+00 1.686557531356811523e-01
0.000000000000000000e+00 2.376456111669540405e-01
0.000000000000000000e+00 2.289418727159500122e-01
0.000000000000000000e+00 2.192283570766448975e-01
0.000000000000000000e+00 2.352187782526016235e-01
0.000000000000000000e+00 2.033162713050842285e-01
0.000000000000000000e+00 1.900307685136795044e-01
0.000000000000000000e+00 1.723403930664062500e-01
0.000000000000000000e+00 1.960757076740264893e-01
0.000000000000000000e+00 1.563595384359359741e-01
0.000000000000000000e+00 2.005750536918640137e-01
0.000000000000000000e+00 2.075276970863342285e-01
0.000000000000000000e+00 1.881297230720520020e-01
0.000000000000000000e+00 1.752728968858718872e-01
0.000000000000000000e+00 1.200513169169425964e-01
0.000000000000000000e+00 1.411025226116180420e-01
0.000000000000000000e+00 1.046086549758911133e-01
0.000000000000000000e+00 7.276802510023117065e-02
0.000000000000000000e+00 1.148080974817276001e-01
0.000000000000000000e+00 1.803383976221084595e-01
0.000000000000000000e+00 2.420893460512161255e-01
0.000000000000000000e+00 3.939199149608612061e-01
0.000000000000000000e+00 5.100445151329040527e-01
0.000000000000000000e+00 5.778149366378784180e-01
0.000000000000000000e+00 6.236912012100219727e-01
0.000000000000000000e+00 7.515915036201477051e-01
0.000000000000000000e+00 7.391699552536010742e-01
1.000000000000000000e+00 8.065086603164672852e-01
1.000000000000000000e+00 8.041059970855712891e-01
1.000000000000000000e+00 7.953129410743713379e-01
1.000000000000000000e+00 8.031011223793029785e-01
1.000000000000000000e+00 8.301212787628173828e-01
1.000000000000000000e+00 8.062908649444580078e-01
0.000000000000000000e+00 8.006349802017211914e-01
0.000000000000000000e+00 8.247651457786560059e-01
0.000000000000000000e+00 8.434279561042785645e-01
0.000000000000000000e+00 8.040443658828735352e-01
0.000000000000000000e+00 7.544451951980590820e-01
0.000000000000000000e+00 6.862795352935791016e-01
0.000000000000000000e+00 5.050256848335266113e-01
0.000000000000000000e+00 4.909879565238952637e-01
0.000000000000000000e+00 2.667261958122253418e-01
0.000000000000000000e+00 2.610825598239898682e-01
0.000000000000000000e+00 1.599126905202865601e-01
0.000000000000000000e+00 9.707992523908615112e-02
0.000000000000000000e+00 4.255983233451843262e-02
0.000000000000000000e+00 4.883372783660888672e-02
0.000000000000000000e+00 9.112705588340759277e-01
0.000000000000000000e+00 9.056988358497619629e-01
0.000000000000000000e+00 8.892160654067993164e-01
0.000000000000000000e+00 8.352174162864685059e-01
0.000000000000000000e+00 7.959987521171569824e-01
0.000000000000000000e+00 7.532788515090942383e-01
0.000000000000000000e+00 6.119963526725769043e-01
0.000000000000000000e+00 6.922214627265930176e-01
0.000000000000000000e+00 4.356621205806732178e-01
0.000000000000000000e+00 3.047996759414672852e-01
0.000000000000000000e+00 2.395789027214050293e-01
0.000000000000000000e+00 2.175964564085006714e-01
0.000000000000000000e+00 1.356026083230972290e-01
0.000000000000000000e+00 1.767649650573730469e-01
0.000000000000000000e+00 1.543403714895248413e-01
0.000000000000000000e+00 1.452932506799697876e-01
0.000000000000000000e+00 9.814366698265075684e-02
0.000000000000000000e+00 1.276314705610275269e-01
0.000000000000000000e+00 1.170351058244705200e-01
0.000000000000000000e+00 1.605840176343917847e-01
0.000000000000000000e+00 1.469464302062988281e-01
1.000000000000000000e+00 3.987187147140502930e-01
1.000000000000000000e+00 4.609741270542144775e-01
1.000000000000000000e+00 5.957836508750915527e-01
0.000000000000000000e+00 5.865906476974487305e-01
0.000000000000000000e+00 4.689661562442779541e-01
0.000000000000000000e+00 5.450570583343505859e-01
0.000000000000000000e+00 5.928928256034851074e-01
0.000000000000000000e+00 4.880785644054412842e-01
0.000000000000000000e+00 5.707932114601135254e-01
0.000000000000000000e+00 4.992912411689758301e-01
0.000000000000000000e+00 4.649317860603332520e-01
0.000000000000000000e+00 5.207273960113525391e-01
0.000000000000000000e+00 3.469204604625701904e-01
0.000000000000000000e+00 1.998382955789566040e-01
0.000000000000000000e+00 1.457212567329406738e-01
0.000000000000000000e+00 2.030019909143447876e-01
0.000000000000000000e+00 1.405530720949172974e-01
0.000000000000000000e+00 1.668686568737030029e-01
0.000000000000000000e+00 9.524861723184585571e-02
0.000000000000000000e+00 1.048042103648185730e-01
0.000000000000000000e+00 7.548889517784118652e-02
0.000000000000000000e+00 8.976992964744567871e-02
0.000000000000000000e+00 9.090534597635269165e-02
0.000000000000000000e+00 6.144021078944206238e-02
0.000000000000000000e+00 4.130630195140838623e-02
0.000000000000000000e+00 3.766267374157905579e-02
0.000000000000000000e+00 5.348440632224082947e-02
1.000000000000000000e+00 4.617961496114730835e-02
0.000000000000000000e+00 5.420721322298049927e-02
0.000000000000000000e+00 7.489628344774246216e-02
0.000000000000000000e+00 7.978029549121856689e-02
0.000000000000000000e+00 1.168207228183746338e-01
1.000000000000000000e+00 4.052298963069915771e-01
1.000000000000000000e+00 5.378782153129577637e-01
1.000000000000000000e+00 5.533890724182128906e-01
0.000000000000000000e+00 4.370517730712890625e-01
0.000000000000000000e+00 3.734185099601745605e-01
0.000000000000000000e+00 2.840055525302886963e-01
1.000000000000000000e+00 5.101463198661804199e-01
1.000000000000000000e+00 4.810481369495391846e-01
1.000000000000000000e+00 4.140839576721191406e-01
1.000000000000000000e+00 5.821194052696228027e-01
1.000000000000000000e+00 5.401992797851562500e-01
1.000000000000000000e+00 6.436870694160461426e-01
0.000000000000000000e+00 6.937791705131530762e-01
0.000000000000000000e+00 7.384184598922729492e-01
0.000000000000000000e+00 7.813313007354736328e-01
0.000000000000000000e+00 8.577362895011901855e-01
0.000000000000000000e+00 8.397217392921447754e-01
0.000000000000000000e+00 7.198095917701721191e-01
0.000000000000000000e+00 6.554417014122009277e-01
0.000000000000000000e+00 5.822190642356872559e-01
0.000000000000000000e+00 4.113269746303558350e-01
0.000000000000000000e+00 3.376166522502899170e-01
