0.000000000000000000e+00 9.468141794204711914e-01
0.000000000000000000e+00 9.382804036140441895e-01
0.000000000000000000e+00 9.319053888320922852e-01
0.000000000000000000e+00 9.204183220863342285e-01
0.000000000000000000e+00 9.200887084007263184e-01
0.000000000000000000e+00 9.371162056922912598e-01
0.000000000000000000e+00 8.963266015052795410e-01
0.000000000000000000e+00 9.286684393882751465e-01
0.000000000000000000e+00 9.041328430175781250e-01
0.000000000000000000e+00 8.688200712203979492e-01
0.000000000000000000e+00 8.693451881408691406e-01
0.000000000000000000e+00 8.975569605827331543e-01
0.000000000000000000e+00 8.538317084312438965e-01
0.000000000000000000e+00 8.917616009712219238e-01
0.000000000000000000e+00 7.942015528678894043e-01
0.000000000000000000e+00 8.830634355545043945e-01
1.000000000000000000e+00 7.901235818862915039e-01
1.000000000000000000e+00 8.432995080947875977e-01
1.000000000000000000e+00 8.721579313278198242e-01
0.000000000000000000e+00 8.741570115089416504e-01
0.000000000000000000e+00 8.476088643074035645e-01
0.000000000000000000e+00 9.169067144393920898e-01
1.000000000000000000e+00 8.869109749794006348e-01
1.000000000000000000e+00 9.380213618278503418e-01
1.000000000000000000e+00 9.403108358383178711e-01
1.000000000000000000e+00 9.602437615394592285e-01
1.000000000000000000e+00 9.572664499282836914e-01
1.000000000000000000e+00 9.471941590309143066e-01
1.000000000000000000e+00 9.571936726570129395e-01
1.000000000000000000e+00 9.736835360527038574e-01
1.000000000000000000e+00 9.791209697723388672e-01
1.000000000000000000e+00 9.678001403808593750e-01
0.000000000000000000e+00 9.706650972366333008e-01
0.000000000000000000e+00 9.715417027473449707e-01
0.000000000000000000e+00 9.430565834045410156e-01
0.000000000000000000e+00 9.263232350349426270e-01
0.000000000000000000e+00 8.804752230644226074e-01
0.000000000000000000e+00 5.920896530151367188e-01
0.000000000000000000e+00 3.954330086708068848e-01
0.000000000000000000e+00 3.552149236202239990e-01
0.000000000000000000e+00 7.910497486591339111e-02
0.000000000000000000e+00 5.023384094238281250e-02
0.000000000000000000e+00 3.705371171236038208e-02
0.000000000000000000e+00 2.501854114234447479e-02
0.000000000000000000e+00 5.538714583963155746e-03
0.000000000000000000e+00 4.025805741548538208e-03
0.000000000000000000e+00 1.755847595632076263e-03
0.000000000000000000e+00 9.392764186486601830e-04
0.000000000000000000e+00 1.377529813908040524e-03
0.000000000000000000e+00 1.585389138199388981e-03
0.000000000000000000e+00 1.629460137337446213e-03
0.000000000000000000e+00 1.861487980931997299e-03
0.000000000000000000e+00 2.269949065521359444e-03
0.000000000000000000e+00 5.966423079371452332e-03
0.000000000000000000e+00 4.652755334973335266e-03
1.000000000000000000e+00 1.257846225053071976e-02
1.000000000000000000e+00 1.166936010122299194e-02
0.000000000000000000e+00 3.738879039883613586e-02
0.000000000000000000e+00 1.013927087187767029e-01
0.000000000000000000e+00 9.474471211433410645e-02
0.000000000000000000e+00 1.347090750932693481e-01
1.000000000000000000e+00 1.525531709194183350e-01
1.000000000000000000e+00 2.404723018407821655e-01
1.000000000000000000e+00 4.036514759063720703e-01
1.000000000000000000e+00 4.198783338069915771e-01
1.000000000000000000e+00 4.603618085384368896e-01
1.000000000000000000e+00 5.583392381668090820e-01
1.000000000000000000e+00 5.830373764038085938e-01
1.000000000000000000e+00 6.929357051849365234e-01
1.000000000000000000e+00 5.661541223526000977e-01
0.000000000000000000e+00 6.252630352973937988e-01
0.000000000000000000e+00 5.186694860458374023e-01
0.000000000000000000e+00 3.045645356178283691e-01
0.000000000000000000e+00 2.509244382381439209e-01
0.000000000000000000e+00 1.535495370626449585e-01
0.000000000000000000e+00 9.449576139450073242e-01
0.000000000000000000e+00 9.592067003250122070e-01
0.000000000000000000e+00 9.588683247566223145e-01
0.000000000000000000e+00 9.551644921302795410e-01
0.000000000000000000e+00 9.488363265991210938e-01
0.000000000000000000e+00 9.397373795509338379e-01
0.000000000000000000e+00 9.250520467758178711e-01
0.000000000000000000e+00 9.333200454711914062e-01
0.000000000000000000e+00 9.403337240219116211e-01
0.000000000000000000e+00 9.127313494682312012e-01
0.000000000000000000e+00 8.820407390594482422e-01
0.000000000000000000e+00 9.323652982711791992e-01
0.000000000000000000e+00 9.309077262878417969e-01
0.000000000000000000e+00 8.517490625381469727e-01
1.000000000000000000e+00 8.089643716812133789e-01
1.000000000000000000e+00 8.347607254981994629e-01
1.000000000000000000e+00 8.581950068473815918e-01
1.000000000000000000e+00 7.703522443771362305e-01
1.000000000000000000e+00 8.387370705604553223e-01
1.000000000000000000e+00 8.906117677688598633e-01
0.000000000000000000e+00 9.149021506309509277e-01
1.000000000000000000e+00 9.218285083770751953e-01
1.000000000000000000e+00 9.077962040901184082e-01
1.000000000000000000e+00 8.981226086616516113e-01
0.000000000000000000e+00 8.876613378524780273e-01
1.000000000000000000e+00 8.528117537498474121e-01
1.000000000000000000e+00 8.296921253204345703e-01
1.000000000000000000e+00 6.905810236930847168e-01
1.000000000000000000e+00 7.822242975234985352e-01
0.000000000000000000e+00 6.690250039100646973e-01
1.000000000000000000e+00 6.185348629951477051e-01
1.000000000000000000e+00 3.191786408424377441e-01
1.000000000000000000e+00 3.600531816482543945e-01
1.000000000000000000e+00 2.274012863636016846e-01
1.000000000000000000e+00 1.205640435218811035e-01
0.000000000000000000e+00 8.558754622936248779e-02
0.000000000000000000e+00 6.095328927040100098e-02
0.000000000000000000e+00 5.155067145824432373e-02
0.000000000000000000e+00 4.179750755429267883e-02
0.000000000000000000e+00 4.180992394685745239e-02
0.000000000000000000e+00 4.326807335019111633e-02
0.000000000000000000e+00 3.627719357609748840e-02
0.000000000000000000e+00 4.136600345373153687e-02
0.000000000000000000e+00 4.552935063838958740e-02
0.000000000000000000e+00 4.210996627807617188e-02
0.000000000000000000e+00 4.553144052624702454e-02
0.000000000000000000e+00 4.526497051119804382e-02
0.000000000000000000e+00 5.169735103845596313e-02
0.000000000000000000e+00 4.141372069716453552e-02
0.000000000000000000e+00 3.546511381864547729e-02
0.000000000000000000e+00 4.980045184493064880e-02
0.000000000000000000e+00 4.574109613895416260e-02
0.000000000000000000e+00 4.761349782347679138e-02
0.000000000000000000e+00 4.884119331836700439e-02
0.000000000000000000e+00 5.022375658154487610e-02
0.000000000000000000e+00 6.337484717369079590e-02
0.000000000000000000e+00 4.339944943785667419e-02
0.000000000000000000e+00 3.572798892855644226e-02
0.000000000000000000e+00 3.240634873509407043e-02
0.000000000000000000e+00 2.699045464396476746e-02
0.000000000000000000e+00 3.482204675674438477e-02
0.000000000000000000e+00 2.555991522967815399e-02
0.000000000000000000e+00 2.830367907881736755e-02
0.000000000000000000e+00 3.055581636726856232e-02
0.000000000000000000e+00 3.364543616771697998e-02
0.000000000000000000e+00 3.450343385338783264e-02
0.000000000000000000e+00 4.380942508578300476e-02
0.000000000000000000e+00 3.982641920447349548e-02
0.000000000000000000e+00 3.798574209213256836e-02
0.000000000000000000e+00 4.227954149246215820e-02
0.000000000000000000e+00 4.688300937414169312e-02
0.000000000000000000e+00 4.209135472774505615e-02
0.000000000000000000e+00 5.014428496360778809e-02
0.000000000000000000e+00 4.266508668661117554e-02
0.000000000000000000e+00 5.224406346678733826e-02
1.000000000000000000e+00 8.693311810493469238e-01
1.000000000000000000e+00 8.215771317481994629e-01
1.000000000000000000e+00 6.752359271049499512e-01
1.000000000000000000e+00 4.221345186233520508e-01
1.000000000000000000e+00 1.892646998167037964e-01
1.000000000000000000e+00 5.068456009030342102e-02
0.000000000000000000e+00 5.082861986011266708e-03
0.000000000000000000e+00 3.535219235345721245e-03
0.000000000000000000e+00 7.100864313542842865e-04
0.000000000000000000e+00 2.994364476762712002e-04
0.000000000000000000e+00 1.621117989998310804e-04
0.000000000000000000e+00 8.439845259999856353e-05
0.000000000000000000e+00 2.801898517645895481e-05
0.000000000000000000e+00 2.282878267578780651e-05
0.000000000000000000e+00 1.257506573892896995e-05
0.000000000000000000e+00 8.519532457285095006e-06
0.000000000000000000e+00 5.926217454543802887e-06
0.000000000000000000e+00 4.365022959973430261e-06
0.000000000000000000e+00 4.436502877069870010e-06
0.000000000000000000e+00 3.778493919526226819e-06
0.000000000000000000e+00 4.034528501506429166e-06
0.000000000000000000e+00 4.175320100330282003e-06
0.000000000000000000e+00 4.941765382682206109e-06
0.000000000000000000e+00 4.653317773772869259e-06
1.000000000000000000e+00 4.607322807714808732e-06
1.000000000000000000e+00 3.964580628235125914e-06
1.000000000000000000e+00 5.910949312237789854e-06
1.000000000000000000e+00 6.683716492261737585e-06
1.000000000000000000e+00 1.022137439576908946e-05
0.000000000000000000e+00 1.400584915245417506e-05
0.000000000000000000e+00 2.696071169339120388e-05
0.000000000000000000e+00 5.477987724589183927e-05
1.000000000000000000e+00 9.102086187340319157e-05
1.000000000000000000e+00 1.074186875484883785e-04
0.000000000000000000e+00 1.457056350773200393e-04
0.000000000000000000e+00 8.594121027272194624e-05
0.000000000000000000e+00 6.770307663828134537e-05
0.000000000000000000e+00 9.407221659785136580e-05
0.000000000000000000e+00 1.478968333685770631e-04
0.000000000000000000e+00 1.212951683555729687e-04
0.000000000000000000e+00 1.443491637473925948e-04
0.000000000000000000e+00 1.381129695801064372e-04
0.000000000000000000e+00 1.432149292668327689e-04
0.000000000000000000e+00 1.228034379892051220e-04
0.000000000000000000e+00 9.452227095607668161e-05
0.000000000000000000e+00 8.240689930971711874e-05
0.000000000000000000e+00 8.511275518685579300e-05
0.000000000000000000e+00 1.274045498576015234e-04
0.000000000000000000e+00 1.169622701127082109e-04
0.000000000000000000e+00 1.210672926390543580e-04
0.000000000000000000e+00 7.479813939426094294e-05
0.000000000000000000e+00 5.083002906758338213e-05
0.000000000000000000e+00 5.720903209294192493e-05
0.000000000000000000e+00 7.502931111957877874e-05
0.000000000000000000e+00 9.813963697524741292e-05
0.000000000000000000e+00 9.058488649316132069e-05
0.000000000000000000e+00 4.789803278981707990e-05
0.000000000000000000e+00 4.704749517259187996e-05
0.000000000000000000e+00 5.385750773712061346e-05
0.000000000000000000e+00 4.974118564859963953e-05
0.000000000000000000e+00 5.007047002436593175e-05
0.000000000000000000e+00 6.967489025555551052e-05
0.000000000000000000e+00 1.058838533936068416e-04
0.000000000000000000e+00 1.709487260086461902e-04
0.000000000000000000e+00 1.300276053370907903e-04
0.000000000000000000e+00 1.085224794223904610e-04
0.000000000000000000e+00 1.797352160792797804e-04
0.000000000000000000e+00 2.355994511162862182e-04
0.000000000000000000e+00 4.426180676091462374e-04
0.000000000000000000e+00 4.325815825723111629e-04
0.000000000000000000e+00 4.504220560193061829e-04
0.000000000000000000e+00 4.838253371417522430e-04
0.000000000000000000e+00 4.449680563993752003e-04
0.000000000000000000e+00 5.311624845489859581e-04
0.000000000000000000e+00 5.297548486851155758e-04
1.000000000000000000e+00 9.710662364959716797e-01
1.000000000000000000e+00 9.726862907409667969e-01
1.000000000000000000e+00 9.647224545478820801e-01
1.000000000000000000e+00 9.436349272727966309e-01
1.000000000000000000e+00 9.447458386421203613e-01
0.000000000000000000e+00 8.952772617340087891e-01
0.000000000000000000e+00 8.225087523460388184e-01
0.000000000000000000e+00 8.030348420143127441e-01
0.000000000000000000e+00 7.037631869316101074e-01
0.000000000000000000e+00 6.232417225837707520e-01
0.000000000000000000e+00 3.949091136455535889e-01
0.000000000000000000e+00 4.267857968807220459e-01
0.000000000000000000e+00 3.789168000221252441e-01
0.000000000000000000e+00 1.748404502868652344e-01
0.000000000000000000e+00 1.275828778743743896e-01
0.000000000000000000e+00 1.108780652284622192e-01
0.000000000000000000e+00 8.064749836921691895e-02
0.000000000000000000e+00 1.038395538926124573e-01
0.000000000000000000e+00 1.029872894287109375e-01
0.000000000000000000e+00 1.017048805952072144e-01
0.000000000000000000e+00 1.173419877886772156e-01
0.000000000000000000e+00 1.135461777448654175e-01
1.000000000000000000e+00 1.295486986637115479e-01
0.000000000000000000e+00 1.275948286056518555e-01
0.000000000000000000e+00 6.643834710121154785e-02
0.000000000000000000e+00 4.669588804244995117e-02
0.000000000000000000e+00 4.068237915635108948e-02
0.000000000000000000e+00 6.595900654792785645e-02
0.000000000000000000e+00 4.158772155642509460e-02
0.000000000000000000e+00 5.641373619437217712e-02
0.000000000000000000e+00 6.973402202129364014e-02
0.000000000000000000e+00 8.008567243814468384e-02
0.000000000000000000e+00 1.091530546545982361e-01
0.000000000000000000e+00 7.474424690008163452e-02
0.000000000000000000e+00 8.830644935369491577e-02
0.000000000000000000e+00 5.520928278565406799e-02
0.000000000000000000e+00 4.111980646848678589e-02
0.000000000000000000e+00 3.261567279696464539e-02
0.000000000000000000e+00 2.039623260498046875e-02
0.000000000000000000e+00 2.808768488466739655e-02
0.000000000000000000e+00 4.622966796159744263e-02
0.000000000000000000e+00 2.147348038852214813e-02
0.000000000000000000e+00 3.191197663545608521e-02
0.000000000000000000e+00 3.683608025312423706e-02
0.000000000000000000e+00 2.671565487980842590e-02
0.000000000000000000e+00 2.898269705474376678e-02
0.000000000000000000e+00 5.166945606470108032e-02
0.000000000000000000e+00 7.505793869495391846e-02
0.000000000000000000e+00 1.248576790094375610e-01
0.000000000000000000e+00 1.131858155131340027e-01
0.000000000000000000e+00 4.801945984363555908e-01
0.000000000000000000e+00 6.442090272903442383e-01
0.000000000000000000e+00 7.071261405944824219e-01
0.000000000000000000e+00 7.517988681793212891e-01
0.000000000000000000e+00 6.767407655715942383e-01
0.000000000000000000e+00 7.534607052803039551e-01
1.000000000000000000e+00 6.743525862693786621e-01
0.000000000000000000e+00 7.661994695663452148e-01
0.000000000000000000e+00 7.510685324668884277e-01
1.000000000000000000e+00 7.691033482551574707e-01
1.000000000000000000e+00 8.427860736846923828e-01
0.000000000000000000e+00 8.077353835105895996e-01
0.000000000000000000e+00 8.613581061363220215e-01
0.000000000000000000e+00 7.501774430274963379e-01
0.000000000000000000e+00 6.177385449409484863e-01
0.000000000000000000e+00 8.096408843994140625e-01
1.000000000000000000e+00 6.571010947227478027e-01
1.000000000000000000e+00 5.623021721839904785e-01
1.000000000000000000e+00 3.365911543369293213e-01
1.000000000000000000e+00 2.147707790136337280e-01
0.000000000000000000e+00 9.260255843400955200e-02
0.000000000000000000e+00 4.371349886059761047e-02
0.000000000000000000e+00 2.097190544009208679e-02
0.000000000000000000e+00 2.254421636462211609e-02
0.000000000000000000e+00 1.031080540269613266e-02
0.000000000000000000e+00 9.345043301582336426e-01
0.000000000000000000e+00 8.537527322769165039e-01
1.000000000000000000e+00 7.947434782981872559e-01
0.000000000000000000e+00 6.320048570632934570e-01
0.000000000000000000e+00 6.118065714836120605e-01
0.000000000000000000e+00 4.172797799110412598e-01
0.000000000000000000e+00 2.880280017852783203e-01
0.000000000000000000e+00 2.658883035182952881e-01
0.000000000000000000e+00 2.525987327098846436e-01
0.000000000000000000e+00 1.615649163722991943e-01
0.000000000000000000e+00 2.088966965675354004e-01
0.000000000000000000e+00 2.026527523994445801e-01
0.000000000000000000e+00 9.712009876966476440e-02
0.000000000000000000e+00 8.847373723983764648e-02
0.000000000000000000e+00 7.683111727237701416e-02
0.000000000000000000e+00 5.043951421976089478e-02
1.000000000000000000e+00 9.463775902986526489e-02
0.000000000000000000e+00 1.015939041972160339e-01
0.000000000000000000e+00 1.376679688692092896e-01
0.000000000000000000e+00 1.968973428010940552e-01
0.000000000000000000e+00 3.693040907382965088e-01
0.000000000000000000e+00 4.317580461502075195e-01
0.000000000000000000e+00 5.304317474365234375e-01
0.000000000000000000e+00 5.028613209724426270e-01
0.000000000000000000e+00 4.439763426780700684e-01
0.000000000000000000e+00 5.849997997283935547e-01
0.000000000000000000e+00 5.177633762359619141e-01
0.000000000000000000e+00 4.742579460144042969e-01
0.000000000000000000e+00 4.411802887916564941e-01
0.000000000000000000e+00 3.840489089488983154e-01
0.000000000000000000e+00 4.469084739685058594e-01
0.000000000000000000e+00 3.755634129047393799e-01
0.000000000000000000e+00 4.675638973712921143e-01
0.000000000000000000e+00 3.447605669498443604e-01
0.000000000000000000e+00 3.553669452667236328e-01
0.000000000000000000e+00 2.425047308206558228e-01
0.000000000000000000e+00 1.220797598361968994e-01
0.000000000000000000e+00 7.986021786928176880e-02
0.000000000000000000e+00 1.379815638065338135e-01
0.000000000000000000e+00 9.301215410232543945e-02
0.000000000000000000e+00 1.087680310010910034e-01
0.000000000000000000e+00 1.405458301305770874e-01
0.000000000000000000e+00 1.628036648035049438e-01
0.000000000000000000e+00 1.118424311280250549e-01
0.000000000000000000e+00 7.499749958515167236e-02
0.000000000000000000e+00 1.268119215965270996e-01
0.000000000000000000e+00 9.877239912748336792e-02
0.000000000000000000e+00 1.956209838390350342e-01
0.000000000000000000e+00 3.485614359378814697e-01
0.000000000000000000e+00 4.477346539497375488e-01
0.000000000000000000e+00 6.876771450042724609e-01
0.000000000000000000e+00 7.049638628959655762e-01
0.000000000000000000e+00 8.732308149337768555e-01
0.000000000000000000e+00 9.145010113716125488e-01
0.000000000000000000e+00 9.134905934333801270e-01
0.000000000000000000e+00 9.134414792060852051e-01
0.000000000000000000e+00 9.239075779914855957e-01
0.000000000000000000e+00 9.334784746170043945e-01
0.000000000000000000e+00 9.112989306449890137e-01
0.000000000000000000e+00 8.505781292915344238e-01
0.000000000000000000e+00 8.819758296012878418e-01
0.000000000000000000e+00 8.526753187179565430e-01
0.000000000000000000e+00 8.425253033638000488e-01
0.000000000000000000e+00 8.600143790245056152e-01
0.000000000000000000e+00 7.807933092117309570e-01
0.000000000000000000e+00 7.967151999473571777e-01
1.000000000000000000e+00 6.969497203826904297e-01
1.000000000000000000e+00 8.059541583061218262e-01
1.000000000000000000e+00 8.652450442314147949e-01
1.000000000000000000e+00 7.129762172698974609e-01
1.000000000000000000e+00 5.636717081069946289e-01
1.000000000000000000e+00 5.793924927711486816e-01
1.000000000000000000e+00 3.405142724514007568e-01
0.000000000000000000e+00 1.670363098382949829e-01
1.000000000000000000e+00 1.454057097434997559e-01
1.000000000000000000e+00 1.656197607517242432e-01
1.000000000000000000e+00 9.338883310556411743e-02
1.000000000000000000e+00 9.112811833620071411e-02
0.000000000000000000e+00 1.012116149067878723e-01
0.000000000000000000e+00 9.825905412435531616e-02
0.000000000000000000e+00 7.306492328643798828e-02
0.000000000000000000e+00 6.783134490251541138e-02
0.000000000000000000e+00 5.702612176537513733e-02
0.000000000000000000e+00 4.924360662698745728e-02
0.000000000000000000e+00 6.686432659626007080e-02
0.000000000000000000e+00 5.739776417613029480e-02
0.000000000000000000e+00 7.516473531723022461e-02
0.000000000000000000e+00 5.378894880414009094e-02
0.000000000000000000e+00 5.315388739109039307e-02
0.000000000000000000e+00 6.593688577413558960e-02
0.000000000000000000e+00 4.788261279463768005e-02
0.000000000000000000e+00 5.851567536592483521e-02
0.000000000000000000e+00 5.280582979321479797e-02
0.000000000000000000e+00 6.805285066366195679e-02
0.000000000000000000e+00 6.964182853698730469e-02
0.000000000000000000e+00 8.382071554660797119e-02
0.000000000000000000e+00 8.045534789562225342e-02
0.000000000000000000e+00 6.870721280574798584e-02
0.000000000000000000e+00 7.661656290292739868e-02
0.000000000000000000e+00 7.190610468387603760e-02
0.000000000000000000e+00 6.130038201808929443e-02
0.000000000000000000e+00 5.501617118716239929e-02
0.000000000000000000e+00 5.215953290462493896e-02
0.000000000000000000e+00 4.415475577116012573e-02
0.000000000000000000e+00 4.135077819228172302e-02
0.000000000000000000e+00 3.499908000230789185e-02
0.000000000000000000e+00 3.234509378671646118e-02
0.000000000000000000e+00 3.542912378907203674e-02
0.000000000000000000e+00 3.470100089907646179e-02
0.000000000000000000e+00 3.189039602875709534e-02
0.000000000000000000e+00 2.359465323388576508e-02
0.000000000000000000e+00 2.360025979578495026e-02
0.000000000000000000e+00 2.084738202393054962e-02
0.000000000000000000e+00 2.324094064533710480e-02
0.000000000000000000e+00 2.435479499399662018e-02
0.000000000000000000e+00 2.061356976628303528e-02
0.000000000000000000e+00 2.122394181787967682e-02
0.000000000000000000e+00 1.905899308621883392e-02
0.000000000000000000e+00 2.149182558059692383e-02
0.000000000000000000e+00 2.156217955052852631e-02
0.000000000000000000e+00 2.160882949829101562e-02
0.000000000000000000e+00 2.591563947498798370e-02
0.000000000000000000e+00 2.640293352305889130e-02
0.000000000000000000e+00 3.568147122859954834e-02
0.000000000000000000e+00 4.749036580324172974e-02
0.000000000000000000e+00 5.905174091458320618e-02
0.000000000000000000e+00 7.617562264204025269e-02
0.000000000000000000e+00 1.284148395061492920e-01
0.000000000000000000e+00 1.582729667425155640e-01
0.000000000000000000e+00 3.242353498935699463e-01
1.000000000000000000e+00 2.596867680549621582e-01
1.000000000000000000e+00 2.933624088764190674e-01
1.000000000000000000e+00 3.275331854820251465e-01
0.000000000000000000e+00 5.694702863693237305e-01
1.000000000000000000e+00 4.598222970962524414e-01
1.000000000000000000e+00 5.751539468765258789e-01
1.000000000000000000e+00 4.713790118694305420e-01
1.000000000000000000e+00 4.412263631820678711e-01
1.000000000000000000e+00 4.013156592845916748e-01
0.000000000000000000e+00 3.479836583137512207e-01
0.000000000000000000e+00 2.717756330966949463e-01
1.000000000000000000e+00 1.729490756988525391e-01
1.000000000000000000e+00 1.575141996145248413e-01
1.000000000000000000e+00 1.173377111554145813e-01
1.000000000000000000e+00 1.307660341262817383e-01
0.000000000000000000e+00 1.566910743713378906e-01
0.000000000000000000e+00 6.660095602273941040e-02
0.000000000000000000e+00 6.383889913558959961e-02
0.000000000000000000e+00 5.001162365078926086e-02
0.000000000000000000e+00 5.877043679356575012e-02
1.000000000000000000e+00 9.739311337471008301e-01
1.000000000000000000e+00 9.810876250267028809e-01
1.000000000000000000e+00 9.798058867454528809e-01
1.000000000000000000e+00 9.772034883499145508e-01
1.000000000000000000e+00 9.677340388298034668e-01
1.000000000000000000e+00 9.607849717140197754e-01
1.000000000000000000e+00 9.056278467178344727e-01
0.000000000000000000e+00 9.104877710342407227e-01
0.000000000000000000e+00 8.615139722824096680e-01
0.000000000000000000e+00 7.743840813636779785e-01
0.000000000000000000e+00 7.325558066368103027e-01
0.000000000000000000e+00 5.873271226882934570e-01
0.000000000000000000e+00 5.031602978706359863e-01
0.000000000000000000e+00 2.895085513591766357e-01
0.000000000000000000e+00 2.858058214187622070e-01
0.000000000000000000e+00 1.419397592544555664e-01
1.000000000000000000e+00 1.589488238096237183e-01
0.000000000000000000e+00 1.252051591873168945e-01
0.000000000000000000e+00 1.268377006053924561e-01
0.000000000000000000e+00 1.137935668230056763e-01
0.000000000000000000e+00 1.506015956401824951e-01
0.000000000000000000e+00 1.766113191843032837e-01
0.000000000000000000e+00 1.482920497655868530e-01
0.000000000000000000e+00 1.995776593685150146e-01
0.000000000000000000e+00 1.297202408313751221e-01
0.000000000000000000e+00 2.862132787704467773e-01
0.000000000000000000e+00 1.650605946779251099e-01
0.000000000000000000e+00 1.643041670322418213e-01
0.000000000000000000e+00 3.274485468864440918e-01
0.000000000000000000e+00 3.034846186637878418e-01
0.000000000000000000e+00 4.349502623081207275e-01
0.000000000000000000e+00 3.519749641418457031e-01
0.000000000000000000e+00 4.664706587791442871e-01
0.000000000000000000e+00 4.429089128971099854e-01
0.000000000000000000e+00 4.284051954746246338e-01
0.000000000000000000e+00 2.817688286304473877e-01
0.000000000000000000e+00 1.489802598953247070e-01
0.000000000000000000e+00 2.250208258628845215e-01
0.000000000000000000e+00 2.769771516323089600e-01
0.000000000000000000e+00 2.781122624874114990e-01
0.000000000000000000e+00 2.481483668088912964e-01
0.000000000000000000e+00 2.167854607105255127e-01
0.000000000000000000e+00 2.218011021614074707e-01
0.000000000000000000e+00 9.446617960929870605e-02
0.000000000000000000e+00 1.033099889755249023e-01
0.000000000000000000e+00 9.502457082271575928e-02
0.000000000000000000e+00 1.056361570954322815e-01
0.000000000000000000e+00 1.732204854488372803e-01
0.000000000000000000e+00 2.787040472030639648e-01
0.000000000000000000e+00 3.332078158855438232e-01
0.000000000000000000e+00 5.262222886085510254e-01
0.000000000000000000e+00 6.498806476593017578e-01
0.000000000000000000e+00 7.884975671768188477e-01
0.000000000000000000e+00 8.672191500663757324e-01
0.000000000000000000e+00 8.721797466278076172e-01
1.000000000000000000e+00 8.693739175796508789e-01
1.000000000000000000e+00 8.849554657936096191e-01
1.000000000000000000e+00 8.614701628684997559e-01
1.000000000000000000e+00 8.941732645034790039e-01
1.000000000000000000e+00 9.051188230514526367e-01
1.000000000000000000e+00 9.025174379348754883e-01
0.000000000000000000e+00 8.789989948272705078e-01
0.000000000000000000e+00 8.357388377189636230e-01
0.000000000000000000e+00 8.438386321067810059e-01
0.000000000000000000e+00 7.283148169517517090e-01
0.000000000000000000e+00 4.281447827816009521e-01
0.000000000000000000e+00 5.398115515708923340e-01
0.000000000000000000e+00 4.336666464805603027e-01
0.000000000000000000e+00 2.562288343906402588e-01
0.000000000000000000e+00 3.222092986106872559e-01
0.000000000000000000e+00 2.027558833360671997e-01
0.000000000000000000e+00 1.080183610320091248e-01
0.000000000000000000e+00 7.244167476892471313e-02
0.000000000000000000e+00 7.086938619613647461e-02
0.000000000000000000e+00 4.807867482304573059e-02
0.000000000000000000e+00 5.760291218757629395e-01
0.000000000000000000e+00 3.319516777992248535e-01
0.000000000000000000e+00 2.321919947862625122e-01
0.000000000000000000e+00 2.436370849609375000e-01
0.000000000000000000e+00 2.343874275684356689e-01
0.000000000000000000e+00 1.848737895488739014e-01
0.000000000000000000e+00 1.125227659940719604e-01
0.000000000000000000e+00 1.093268916010856628e-01
0.000000000000000000e+00 1.108432114124298096e-01
0.000000000000000000e+00 8.466576039791107178e-02
0.000000000000000000e+00 7.980860769748687744e-02
0.000000000000000000e+00 4.378553479909896851e-02
0.000000000000000000e+00 5.150719359517097473e-02
0.000000000000000000e+00 3.601399436593055725e-02
0.000000000000000000e+00 4.217487946152687073e-02
0.000000000000000000e+00 3.075497597455978394e-02
0.000000000000000000e+00 2.558611705899238586e-02
0.000000000000000000e+00 2.230602316558361053e-02
0.000000000000000000e+00 2.383296564221382141e-02
0.000000000000000000e+00 2.350937016308307648e-02
0.000000000000000000e+00 4.567469656467437744e-02
1.000000000000000000e+00 7.380548864603042603e-02
1.000000000000000000e+00 1.578538566827774048e-01
1.000000000000000000e+00 1.664200425148010254e-01
0.000000000000000000e+00 2.353237420320510864e-01
0.000000000000000000e+00 2.362321466207504272e-01
0.000000000000000000e+00 3.336294591426849365e-01
0.000000000000000000e+00 4.004170894622802734e-01
0.000000000000000000e+00 3.442428112030029297e-01
0.000000000000000000e+00 2.052813619375228882e-01
0.000000000000000000e+00 3.467437028884887695e-01
0.000000000000000000e+00 3.572069704532623291e-01
0.000000000000000000e+00 4.594196677207946777e-01
0.000000000000000000e+00 3.636199831962585449e-01
0.000000000000000000e+00 2.838599383831024170e-01
0.000000000000000000e+00 1.445793658494949341e-01
0.000000000000000000e+00 1.677899509668350220e-01
0.000000000000000000e+00 2.190666496753692627e-01
0.000000000000000000e+00 1.622209399938583374e-01
0.000000000000000000e+00 1.174086853861808777e-01
0.000000000000000000e+00 8.498035371303558350e-02
0.000000000000000000e+00 7.719478756189346313e-02
0.000000000000000000e+00 1.094961166381835938e-01
0.000000000000000000e+00 7.179775089025497437e-02
0.000000000000000000e+00 4.818966984748840332e-02
0.000000000000000000e+00 3.511843457818031311e-02
0.000000000000000000e+00 3.071684017777442932e-02
0.000000000000000000e+00 5.742197856307029724e-02
1.000000000000000000e+00 3.589494898915290833e-02
0.000000000000000000e+00 4.497882351279258728e-02
0.000000000000000000e+00 6.092032417654991150e-02
0.000000000000000000e+00 9.807400405406951904e-02
0.000000000000000000e+00 1.212106645107269287e-01
1.000000000000000000e+00 1.992246359586715698e-01
1.000000000000000000e+00 3.747328519821166992e-01
1.000000000000000000e+00 3.119423985481262207e-01
0.000000000000000000e+00 1.835055500268936157e-01
0.000000000000000000e+00 1.881072819232940674e-01
0.000000000000000000e+00 1.760048568248748779e-01
1.000000000000000000e+00 1.455170661211013794e-01
1.000000000000000000e+00 1.314326822757720947e-01
1.000000000000000000e+00 2.229785025119781494e-01
1.000000000000000000e+00 2.738815844058990479e-01
1.000000000000000000e+00 2.816321253776550293e-01
1.000000000000000000e+00 3.268771469593048096e-01
0.000000000000000000e+00 4.089040160179138184e-01
0.000000000000000000e+00 5.957353711128234863e-01
0.000000000000000000e+00 7.159288525581359863e-01
0.000000000000000000e+00 7.308843135833740234e-01
0.000000000000000000e+00 7.064322829246520996e-01
0.000000000000000000e+00 7.382923960685729980e-01
0.000000000000000000e+00 3.840814530849456787e-01
0.000000000000000000e+00 3.692106604576110840e-01
0.000000000000000000e+00 2.132552415132522583e-01
0.000000000000000000e+00 2.664504051208496094e-01
