0.000000000000000000e+00 1.654278039932250977e-01
0.000000000000000000e+00 1.656166762113571167e-01
0.000000000000000000e+00 1.677176356315612793e-01
0.000000000000000000e+00 1.701160222291946411e-01
0.000000000000000000e+00 1.634620875120162964e-01
0.000000000000000000e+00 1.643649190664291382e-01
0.000000000000000000e+00 1.614804863929748535e-01
0.000000000000000000e+00 1.652404516935348511e-01
0.000000000000000000e+00 1.639697104692459106e-01
0.000000000000000000e+00 1.643247902393341064e-01
0.000000000000000000e+00 1.599128097295761108e-01
0.000000000000000000e+00 1.620708703994750977e-01
0.000000000000000000e+00 1.649053096771240234e-01
0.000000000000000000e+00 1.656860858201980591e-01
0.000000000000000000e+00 1.662673205137252808e-01
0.000000000000000000e+00 1.619712114334106445e-01
0.000000000000000000e+00 1.653381884098052979e-01
0.000000000000000000e+00 1.658675223588943481e-01
0.000000000000000000e+00 1.690445691347122192e-01
0.000000000000000000e+00 1.630861312150955200e-01
0.000000000000000000e+00 1.647359877824783325e-01
0.000000000000000000e+00 1.595024168491363525e-01
0.000000000000000000e+00 1.688341200351715088e-01
0.000000000000000000e+00 1.667397916316986084e-01
0.000000000000000000e+00 1.650848537683486938e-01
1.000000000000000000e+00 1.675782054662704468e-01
1.000000000000000000e+00 1.666374951601028442e-01
1.000000000000000000e+00 1.636002212762832642e-01
1.000000000000000000e+00 1.593883782625198364e-01
1.000000000000000000e+00 1.562557965517044067e-01
1.000000000000000000e+00 1.561116725206375122e-01
0.000000000000000000e+00 1.487475633621215820e-01
0.000000000000000000e+00 1.394931823015213013e-01
0.000000000000000000e+00 1.369645148515701294e-01
0.000000000000000000e+00 1.263794153928756714e-01
0.000000000000000000e+00 1.234220564365386963e-01
0.000000000000000000e+00 1.203744411468505859e-01
0.000000000000000000e+00 1.110064610838890076e-01
0.000000000000000000e+00 1.041302308440208435e-01
0.000000000000000000e+00 9.968030452728271484e-02
0.000000000000000000e+00 9.068138897418975830e-02
0.000000000000000000e+00 8.198418468236923218e-02
0.000000000000000000e+00 7.380017638206481934e-02
0.000000000000000000e+00 6.780488789081573486e-02
0.000000000000000000e+00 6.167843192815780640e-02
0.000000000000000000e+00 3.880233271047472954e-03
0.000000000000000000e+00 3.968432545661926270e-03
0.000000000000000000e+00 3.181081498041749001e-03
0.000000000000000000e+00 2.816717606037855148e-03
0.000000000000000000e+00 2.797220135107636452e-03
0.000000000000000000e+00 2.312311669811606407e-03
0.000000000000000000e+00 2.389414468780159950e-03
0.000000000000000000e+00 2.344474894925951958e-03
0.000000000000000000e+00 2.282780362293124199e-03
0.000000000000000000e+00 2.159081399440765381e-03
0.000000000000000000e+00 2.183515345677733421e-03
0.000000000000000000e+00 2.217174507677555084e-03
0.000000000000000000e+00 2.218121895566582680e-03
0.000000000000000000e+00 2.389819128438830376e-03
0.000000000000000000e+00 2.224285155534744263e-03
0.000000000000000000e+00 2.017077757045626640e-03
0.000000000000000000e+00 2.168506849557161331e-03
0.000000000000000000e+00 2.351743401959538460e-03
0.000000000000000000e+00 2.277768449857831001e-03
0.000000000000000000e+00 2.303249668329954147e-03
0.000000000000000000e+00 2.327971858903765678e-03
0.000000000000000000e+00 2.268073149025440216e-03
0.000000000000000000e+00 2.406479325145483017e-03
0.000000000000000000e+00 2.377162454649806023e-03
0.000000000000000000e+00 2.330049173906445503e-03
0.000000000000000000e+00 2.347279340028762817e-03
0.000000000000000000e+00 2.465024124830961227e-03
0.000000000000000000e+00 2.493747742846608162e-03
0.000000000000000000e+00 2.269509714096784592e-03
0.000000000000000000e+00 2.365646883845329285e-03
0.000000000000000000e+00 2.314653713256120682e-03
0.000000000000000000e+00 2.349314512684941292e-03
0.000000000000000000e+00 2.408965723589062691e-03
0.000000000000000000e+00 2.395767718553543091e-03
0.000000000000000000e+00 2.239538123831152916e-03
0.000000000000000000e+00 2.474566921591758728e-03
0.000000000000000000e+00 2.415669383481144905e-03
0.000000000000000000e+00 2.482669893652200699e-03
0.000000000000000000e+00 2.279279520735144615e-03
0.000000000000000000e+00 2.730903215706348419e-03
0.000000000000000000e+00 2.555632730945944786e-03
0.000000000000000000e+00 3.191422438248991966e-03
0.000000000000000000e+00 2.615745877847075462e-03
0.000000000000000000e+00 2.765250159427523613e-03
0.000000000000000000e+00 2.760000759735703468e-03
0.000000000000000000e+00 1.483966410160064697e-02
0.000000000000000000e+00 1.318335346877574921e-02
0.000000000000000000e+00 1.229520887136459351e-02
0.000000000000000000e+00 1.105665415525436401e-02
0.000000000000000000e+00 1.044389419257640839e-02
0.000000000000000000e+00 1.000010315328836441e-02
0.000000000000000000e+00 9.991372935473918915e-03
0.000000000000000000e+00 9.244539774954319000e-03
0.000000000000000000e+00 9.792685508728027344e-03
0.000000000000000000e+00 8.630255237221717834e-03
0.000000000000000000e+00 8.711549453437328339e-03
0.000000000000000000e+00 9.854475036263465881e-03
0.000000000000000000e+00 9.581655263900756836e-03
0.000000000000000000e+00 9.559557773172855377e-03
0.000000000000000000e+00 9.665897116065025330e-03
0.000000000000000000e+00 9.553500451147556305e-03
0.000000000000000000e+00 1.030614972114562988e-02
0.000000000000000000e+00 1.066285837441682816e-02
0.000000000000000000e+00 1.128793135285377502e-02
0.000000000000000000e+00 1.142065413296222687e-02
0.000000000000000000e+00 1.103542651981115341e-02
0.000000000000000000e+00 1.187838055193424225e-02
0.000000000000000000e+00 1.153913605958223343e-02
0.000000000000000000e+00 1.235350035130977631e-02
0.000000000000000000e+00 1.220956537872552872e-02
0.000000000000000000e+00 1.220114808529615402e-02
0.000000000000000000e+00 1.271175220608711243e-02
0.000000000000000000e+00 1.291813142597675323e-02
0.000000000000000000e+00 1.359307952225208282e-02
0.000000000000000000e+00 1.340046897530555725e-02
0.000000000000000000e+00 1.369107514619827271e-02
0.000000000000000000e+00 1.334903668612241745e-02
0.000000000000000000e+00 1.361880544573068619e-02
0.000000000000000000e+00 1.375067979097366333e-02
0.000000000000000000e+00 1.510490011423826218e-02
0.000000000000000000e+00 1.424593757838010788e-02
0.000000000000000000e+00 1.421064324676990509e-02
0.000000000000000000e+00 1.490735076367855072e-02
0.000000000000000000e+00 1.675898954272270203e-02
0.000000000000000000e+00 1.483606640249490738e-02
0.000000000000000000e+00 1.627841591835021973e-02
0.000000000000000000e+00 1.512285042554140091e-02
0.000000000000000000e+00 1.658592000603675842e-02
0.000000000000000000e+00 1.502612605690956116e-02
0.000000000000000000e+00 1.703239604830741882e-02
0.000000000000000000e+00 6.356985121965408325e-02
0.000000000000000000e+00 5.047670006752014160e-02
0.000000000000000000e+00 4.205773025751113892e-02
0.000000000000000000e+00 3.497953340411186218e-02
0.000000000000000000e+00 3.222449868917465210e-02
0.000000000000000000e+00 2.630552463233470917e-02
0.000000000000000000e+00 2.459664829075336456e-02
0.000000000000000000e+00 1.853989064693450928e-02
0.000000000000000000e+00 1.664675585925579071e-02
0.000000000000000000e+00 1.393142621964216232e-02
0.000000000000000000e+00 1.236801315099000931e-02
0.000000000000000000e+00 1.043841987848281860e-02
0.000000000000000000e+00 9.423412382602691650e-03
0.000000000000000000e+00 8.109425194561481476e-03
0.000000000000000000e+00 7.450442761182785034e-03
0.000000000000000000e+00 5.909175146371126175e-03
0.000000000000000000e+00 5.553002469241619110e-03
0.000000000000000000e+00 6.059417035430669785e-03
0.000000000000000000e+00 5.079655908048152924e-03
0.000000000000000000e+00 5.155124235898256302e-03
0.000000000000000000e+00 4.933001939207315445e-03
0.000000000000000000e+00 4.676208831369876862e-03
0.000000000000000000e+00 4.841421730816364288e-03
0.000000000000000000e+00 4.208514001220464706e-03
0.000000000000000000e+00 4.258481785655021667e-03
0.000000000000000000e+00 4.363376181572675705e-03
0.000000000000000000e+00 3.974977880716323853e-03
0.000000000000000000e+00 4.112037830054759979e-03
0.000000000000000000e+00 4.431244451552629471e-03
0.000000000000000000e+00 4.374527372419834137e-03
0.000000000000000000e+00 4.045477136969566345e-03
0.000000000000000000e+00 4.437241703271865845e-03
0.000000000000000000e+00 4.629722330719232559e-03
0.000000000000000000e+00 4.355410113930702209e-03
0.000000000000000000e+00 4.784125369042158127e-03
0.000000000000000000e+00 5.328367464244365692e-03
0.000000000000000000e+00 4.979941993951797485e-03
0.000000000000000000e+00 5.249931477010250092e-03
0.000000000000000000e+00 5.427880212664604187e-03
0.000000000000000000e+00 5.235957447439432144e-03
0.000000000000000000e+00 5.512151401489973068e-03
0.000000000000000000e+00 5.361454561352729797e-03
0.000000000000000000e+00 6.371251773089170456e-03
0.000000000000000000e+00 5.812685936689376831e-03
0.000000000000000000e+00 5.876434501260519028e-03
0.000000000000000000e+00 7.210471201688051224e-03
0.000000000000000000e+00 5.445836111903190613e-03
0.000000000000000000e+00 4.940021783113479614e-03
0.000000000000000000e+00 4.441950004547834396e-03
0.000000000000000000e+00 3.963300026953220367e-03
0.000000000000000000e+00 3.727133618667721748e-03
0.000000000000000000e+00 3.517618635669350624e-03
0.000000000000000000e+00 3.235166659578680992e-03
0.000000000000000000e+00 3.160004271194338799e-03
0.000000000000000000e+00 3.418625332415103912e-03
0.000000000000000000e+00 3.215157659724354744e-03
0.000000000000000000e+00 3.425518982112407684e-03
0.000000000000000000e+00 3.404807532206177711e-03
0.000000000000000000e+00 3.217965830117464066e-03
0.000000000000000000e+00 2.991758985444903374e-03
0.000000000000000000e+00 3.342136507853865623e-03
0.000000000000000000e+00 3.315383335575461388e-03
0.000000000000000000e+00 3.398853586986660957e-03
0.000000000000000000e+00 3.704790025949478149e-03
0.000000000000000000e+00 3.688287455588579178e-03
0.000000000000000000e+00 3.821120597422122955e-03
0.000000000000000000e+00 3.924776799976825714e-03
0.000000000000000000e+00 4.210516810417175293e-03
0.000000000000000000e+00 4.410360474139451981e-03
0.000000000000000000e+00 4.021652974188327789e-03
0.000000000000000000e+00 4.295778460800647736e-03
0.000000000000000000e+00 4.336840007454156876e-03
0.000000000000000000e+00 4.395916126668453217e-03
0.000000000000000000e+00 4.224821459501981735e-03
0.000000000000000000e+00 4.937446210533380508e-03
0.000000000000000000e+00 4.159278701990842819e-03
0.000000000000000000e+00 4.816028755158185959e-03
0.000000000000000000e+00 4.193346016108989716e-03
0.000000000000000000e+00 4.329104907810688019e-03
0.000000000000000000e+00 4.466786980628967285e-03
0.000000000000000000e+00 4.435182083398103714e-03
0.000000000000000000e+00 4.820432513952255249e-03
0.000000000000000000e+00 4.693569615483283997e-03
0.000000000000000000e+00 4.659206140786409378e-03
0.000000000000000000e+00 4.555385094135999680e-03
0.000000000000000000e+00 4.543035756796598434e-03
0.000000000000000000e+00 4.497769288718700409e-03
0.000000000000000000e+00 4.890719428658485413e-03
0.000000000000000000e+00 4.748955368995666504e-03
0.000000000000000000e+00 4.400330130010843277e-03
0.000000000000000000e+00 1.818314567208290100e-02
0.000000000000000000e+00 1.495736092329025269e-02
0.000000000000000000e+00 1.093665696680545807e-02
0.000000000000000000e+00 1.034377515316009521e-02
0.000000000000000000e+00 8.772363886237144470e-03
0.000000000000000000e+00 6.452071946114301682e-03
0.000000000000000000e+00 5.436126142740249634e-03
0.000000000000000000e+00 5.271675530821084976e-03
0.000000000000000000e+00 5.156505852937698364e-03
0.000000000000000000e+00 4.147513769567012787e-03
0.000000000000000000e+00 3.778664395213127136e-03
0.000000000000000000e+00 3.851565765216946602e-03
0.000000000000000000e+00 3.507726360112428665e-03
0.000000000000000000e+00 3.705036127939820290e-03
0.000000000000000000e+00 3.767394227907061577e-03
0.000000000000000000e+00 3.994920291006565094e-03
0.000000000000000000e+00 3.682588459923863411e-03
0.000000000000000000e+00 3.980991430580615997e-03
0.000000000000000000e+00 3.555224277079105377e-03
0.000000000000000000e+00 4.087196197360754013e-03
0.000000000000000000e+00 4.471125546842813492e-03
0.000000000000000000e+00 4.424643702805042267e-03
0.000000000000000000e+00 4.422432277351617813e-03
0.000000000000000000e+00 4.534474108368158340e-03
0.000000000000000000e+00 4.800089634954929352e-03
0.000000000000000000e+00 5.013177637010812759e-03
0.000000000000000000e+00 5.379875656217336655e-03
0.000000000000000000e+00 5.212729796767234802e-03
0.000000000000000000e+00 5.597401876002550125e-03
0.000000000000000000e+00 5.417030770331621170e-03
0.000000000000000000e+00 5.601389799267053604e-03
0.000000000000000000e+00 5.705801770091056824e-03
0.000000000000000000e+00 5.380126181989908218e-03
0.000000000000000000e+00 5.972420796751976013e-03
0.000000000000000000e+00 6.105667445808649063e-03
0.000000000000000000e+00 6.200199015438556671e-03
0.000000000000000000e+00 7.388134021311998367e-03
0.000000000000000000e+00 6.198310293257236481e-03
0.000000000000000000e+00 5.981651134788990021e-03
0.000000000000000000e+00 6.730377208441495895e-03
0.000000000000000000e+00 5.908385384827852249e-03
0.000000000000000000e+00 6.173589732497930527e-03
0.000000000000000000e+00 6.052843760699033737e-03
0.000000000000000000e+00 6.278557237237691879e-03
0.000000000000000000e+00 5.829469300806522369e-03
0.000000000000000000e+00 8.264915943145751953e-01
0.000000000000000000e+00 8.226204514503479004e-01
0.000000000000000000e+00 8.353386521339416504e-01
0.000000000000000000e+00 8.220057487487792969e-01
0.000000000000000000e+00 8.502252697944641113e-01
0.000000000000000000e+00 8.351702094078063965e-01
0.000000000000000000e+00 8.133817911148071289e-01
0.000000000000000000e+00 8.272652029991149902e-01
0.000000000000000000e+00 8.193914890289306641e-01
0.000000000000000000e+00 8.116729259490966797e-01
0.000000000000000000e+00 8.028519749641418457e-01
0.000000000000000000e+00 8.283717632293701172e-01
0.000000000000000000e+00 8.308885693550109863e-01
0.000000000000000000e+00 8.376075625419616699e-01
0.000000000000000000e+00 8.292778134346008301e-01
0.000000000000000000e+00 8.205775022506713867e-01
0.000000000000000000e+00 8.103964328765869141e-01
0.000000000000000000e+00 8.164776563644409180e-01
0.000000000000000000e+00 8.315440416336059570e-01
0.000000000000000000e+00 8.285534977912902832e-01
0.000000000000000000e+00 8.480335474014282227e-01
0.000000000000000000e+00 8.290931582450866699e-01
0.000000000000000000e+00 8.490602374076843262e-01
0.000000000000000000e+00 8.295592665672302246e-01
0.000000000000000000e+00 8.600468635559082031e-01
0.000000000000000000e+00 8.360054492950439453e-01
0.000000000000000000e+00 8.608220815658569336e-01
0.000000000000000000e+00 8.766272068023681641e-01
0.000000000000000000e+00 8.774315714836120605e-01
0.000000000000000000e+00 8.670907616615295410e-01
0.000000000000000000e+00 8.627628087997436523e-01
0.000000000000000000e+00 8.747157454490661621e-01
0.000000000000000000e+00 8.646296858787536621e-01
0.000000000000000000e+00 8.869807720184326172e-01
0.000000000000000000e+00 8.511801958084106445e-01
0.000000000000000000e+00 8.375157713890075684e-01
0.000000000000000000e+00 8.192628622055053711e-01
0.000000000000000000e+00 8.400833010673522949e-01
0.000000000000000000e+00 7.940114140510559082e-01
0.000000000000000000e+00 8.254770636558532715e-01
0.000000000000000000e+00 8.058005571365356445e-01
0.000000000000000000e+00 8.146771788597106934e-01
0.000000000000000000e+00 7.561643123626708984e-01
0.000000000000000000e+00 7.819777131080627441e-01
0.000000000000000000e+00 7.444474697113037109e-01
0.000000000000000000e+00 4.901287611573934555e-03
1.000000000000000000e+00 5.184852983802556992e-03
0.000000000000000000e+00 4.559538327157497406e-03
0.000000000000000000e+00 4.513281397521495819e-03
0.000000000000000000e+00 2.866904949769377708e-03
0.000000000000000000e+00 2.506109187379479408e-03
0.000000000000000000e+00 2.116765826940536499e-03
0.000000000000000000e+00 2.113055437803268433e-03
0.000000000000000000e+00 1.862719072960317135e-03
0.000000000000000000e+00 1.976548926904797554e-03
0.000000000000000000e+00 1.498797675594687462e-03
0.000000000000000000e+00 1.278228359296917915e-03
0.000000000000000000e+00 1.616680645383894444e-03
0.000000000000000000e+00 1.406751340255141258e-03
0.000000000000000000e+00 1.192158553749322891e-03
0.000000000000000000e+00 9.558580932207405567e-04
0.000000000000000000e+00 1.000819960609078407e-03
0.000000000000000000e+00 7.756529957987368107e-04
0.000000000000000000e+00 8.447836153209209442e-04
0.000000000000000000e+00 7.294619572348892689e-04
0.000000000000000000e+00 6.491532549262046814e-04
0.000000000000000000e+00 5.028473678976297379e-04
0.000000000000000000e+00 5.605333717539906502e-04
0.000000000000000000e+00 4.566128482110798359e-04
0.000000000000000000e+00 5.416963249444961548e-04
0.000000000000000000e+00 4.814360290765762329e-04
0.000000000000000000e+00 3.986960509791970253e-04
0.000000000000000000e+00 3.243458631914108992e-04
0.000000000000000000e+00 3.524750645738095045e-04
0.000000000000000000e+00 3.102174960076808929e-04
0.000000000000000000e+00 3.464398323558270931e-04
0.000000000000000000e+00 3.344105207361280918e-04
0.000000000000000000e+00 2.507541503291577101e-04
0.000000000000000000e+00 2.727406099438667297e-04
0.000000000000000000e+00 2.077550889225676656e-04
0.000000000000000000e+00 1.828415843192487955e-04
0.000000000000000000e+00 2.118952543241903186e-04
0.000000000000000000e+00 1.821419136831536889e-04
0.000000000000000000e+00 1.382414193358272314e-04
0.000000000000000000e+00 1.365309435641393065e-04
0.000000000000000000e+00 1.270456996280699968e-04
0.000000000000000000e+00 1.146030845120549202e-04
0.000000000000000000e+00 1.011200001812539995e-04
0.000000000000000000e+00 1.195427103084512055e-04
0.000000000000000000e+00 9.912030509440228343e-05
