0.000000000000000000e+00 7.329922318458557129e-01
0.000000000000000000e+00 7.443701028823852539e-01
0.000000000000000000e+00 7.648123502731323242e-01
0.000000000000000000e+00 7.603493928909301758e-01
0.000000000000000000e+00 7.662715911865234375e-01
0.000000000000000000e+00 7.715294957160949707e-01
0.000000000000000000e+00 7.455844283103942871e-01
0.000000000000000000e+00 7.553928494453430176e-01
0.000000000000000000e+00 7.776603102684020996e-01
0.000000000000000000e+00 7.835996150970458984e-01
0.000000000000000000e+00 7.749801874160766602e-01
0.000000000000000000e+00 7.555273175239562988e-01
0.000000000000000000e+00 7.543101906776428223e-01
0.000000000000000000e+00 7.549206018447875977e-01
0.000000000000000000e+00 7.377871870994567871e-01
0.000000000000000000e+00 7.343425750732421875e-01
1.000000000000000000e+00 7.418662309646606445e-01
1.000000000000000000e+00 7.621188163757324219e-01
1.000000000000000000e+00 7.635313868522644043e-01
0.000000000000000000e+00 7.435446977615356445e-01
0.000000000000000000e+00 7.519053816795349121e-01
0.000000000000000000e+00 7.361176013946533203e-01
1.000000000000000000e+00 7.490900158882141113e-01
1.000000000000000000e+00 7.484084963798522949e-01
1.000000000000000000e+00 7.372137904167175293e-01
1.000000000000000000e+00 7.648109197616577148e-01
1.000000000000000000e+00 7.703233361244201660e-01
1.000000000000000000e+00 7.616655826568603516e-01
1.000000000000000000e+00 7.992538809776306152e-01
1.000000000000000000e+00 7.914600968360900879e-01
1.000000000000000000e+00 8.114992976188659668e-01
1.000000000000000000e+00 7.369243502616882324e-01
0.000000000000000000e+00 7.363954782485961914e-01
0.000000000000000000e+00 7.297307848930358887e-01
0.000000000000000000e+00 7.110218405723571777e-01
0.000000000000000000e+00 5.909008383750915527e-01
0.000000000000000000e+00 5.546717643737792969e-01
0.000000000000000000e+00 5.141497254371643066e-01
0.000000000000000000e+00 4.066292345523834229e-01
0.000000000000000000e+00 2.877498269081115723e-01
0.000000000000000000e+00 2.304705232381820679e-01
0.000000000000000000e+00 1.639404594898223877e-01
0.000000000000000000e+00 1.296241283416748047e-01
0.000000000000000000e+00 1.083097979426383972e-01
0.000000000000000000e+00 9.032174944877624512e-02
0.000000000000000000e+00 7.794351875782012939e-02
0.000000000000000000e+00 7.225074619054794312e-02
0.000000000000000000e+00 7.210695743560791016e-02
0.000000000000000000e+00 7.465180754661560059e-02
0.000000000000000000e+00 7.482777535915374756e-02
0.000000000000000000e+00 7.623963803052902222e-02
0.000000000000000000e+00 8.882602304220199585e-02
0.000000000000000000e+00 9.529682993888854980e-02
0.000000000000000000e+00 1.119088903069496155e-01
0.000000000000000000e+00 1.239831075072288513e-01
1.000000000000000000e+00 1.452079117298126221e-01
1.000000000000000000e+00 1.752017885446548462e-01
0.000000000000000000e+00 2.179704606533050537e-01
0.000000000000000000e+00 3.405165076255798340e-01
0.000000000000000000e+00 4.460262656211853027e-01
0.000000000000000000e+00 5.741150975227355957e-01
1.000000000000000000e+00 5.722945332527160645e-01
1.000000000000000000e+00 5.944340825080871582e-01
1.000000000000000000e+00 6.205608844757080078e-01
1.000000000000000000e+00 6.328555345535278320e-01
1.000000000000000000e+00 6.381743550300598145e-01
1.000000000000000000e+00 6.468536257743835449e-01
1.000000000000000000e+00 6.541138887405395508e-01
1.000000000000000000e+00 6.539864540100097656e-01
1.000000000000000000e+00 6.560071110725402832e-01
0.000000000000000000e+00 6.645337343215942383e-01
0.000000000000000000e+00 6.663945913314819336e-01
0.000000000000000000e+00 6.694183349609375000e-01
0.000000000000000000e+00 6.644431352615356445e-01
0.000000000000000000e+00 6.522460579872131348e-01
0.000000000000000000e+00 7.537766695022583008e-01
0.000000000000000000e+00 7.599366903305053711e-01
0.000000000000000000e+00 7.387343645095825195e-01
0.000000000000000000e+00 7.401168942451477051e-01
0.000000000000000000e+00 7.388618588447570801e-01
0.000000000000000000e+00 7.424376010894775391e-01
0.000000000000000000e+00 7.488604784011840820e-01
0.000000000000000000e+00 7.525102496147155762e-01
0.000000000000000000e+00 7.512077689170837402e-01
0.000000000000000000e+00 7.531030774116516113e-01
0.000000000000000000e+00 7.385019063949584961e-01
0.000000000000000000e+00 7.411680817604064941e-01
0.000000000000000000e+00 7.419450879096984863e-01
0.000000000000000000e+00 7.494053244590759277e-01
1.000000000000000000e+00 7.533114552497863770e-01
1.000000000000000000e+00 7.496406435966491699e-01
1.000000000000000000e+00 7.498573064804077148e-01
1.000000000000000000e+00 7.515044808387756348e-01
1.000000000000000000e+00 7.508332133293151855e-01
1.000000000000000000e+00 7.526398897171020508e-01
0.000000000000000000e+00 7.631204724311828613e-01
1.000000000000000000e+00 7.519881129264831543e-01
1.000000000000000000e+00 7.485164403915405273e-01
1.000000000000000000e+00 7.604748606681823730e-01
0.000000000000000000e+00 7.207263708114624023e-01
1.000000000000000000e+00 6.403219103813171387e-01
1.000000000000000000e+00 5.993811488151550293e-01
1.000000000000000000e+00 5.180311799049377441e-01
1.000000000000000000e+00 4.649213850498199463e-01
0.000000000000000000e+00 4.434172213077545166e-01
1.000000000000000000e+00 3.828506171703338623e-01
1.000000000000000000e+00 3.006030321121215820e-01
1.000000000000000000e+00 2.456150799989700317e-01
1.000000000000000000e+00 1.918543577194213867e-01
1.000000000000000000e+00 1.805020868778228760e-01
0.000000000000000000e+00 1.517175734043121338e-01
0.000000000000000000e+00 1.405020058155059814e-01
0.000000000000000000e+00 1.410099714994430542e-01
0.000000000000000000e+00 1.738645583391189575e-01
0.000000000000000000e+00 1.725030988454818726e-01
0.000000000000000000e+00 1.890239715576171875e-01
0.000000000000000000e+00 2.062290608882904053e-01
0.000000000000000000e+00 2.235020101070404053e-01
0.000000000000000000e+00 2.263482660055160522e-01
0.000000000000000000e+00 2.346534430980682373e-01
0.000000000000000000e+00 2.369972318410873413e-01
0.000000000000000000e+00 2.007489055395126343e-01
0.000000000000000000e+00 2.021880596876144409e-01
0.000000000000000000e+00 1.696857511997222900e-01
0.000000000000000000e+00 2.011409997940063477e-01
0.000000000000000000e+00 2.456835061311721802e-01
0.000000000000000000e+00 4.389035999774932861e-01
0.000000000000000000e+00 4.226939380168914795e-01
0.000000000000000000e+00 4.704222977161407471e-01
0.000000000000000000e+00 5.345128774642944336e-01
0.000000000000000000e+00 5.707064270973205566e-01
0.000000000000000000e+00 5.826459527015686035e-01
0.000000000000000000e+00 5.903103947639465332e-01
0.000000000000000000e+00 5.814052224159240723e-01
0.000000000000000000e+00 5.532836914062500000e-01
0.000000000000000000e+00 5.808241963386535645e-01
0.000000000000000000e+00 5.921192765235900879e-01
0.000000000000000000e+00 6.205317974090576172e-01
0.000000000000000000e+00 6.525019407272338867e-01
0.000000000000000000e+00 6.676815748214721680e-01
0.000000000000000000e+00 6.736642122268676758e-01
0.000000000000000000e+00 6.772103309631347656e-01
0.000000000000000000e+00 6.746535897254943848e-01
0.000000000000000000e+00 6.614167094230651855e-01
0.000000000000000000e+00 6.648980379104614258e-01
0.000000000000000000e+00 6.412332057952880859e-01
0.000000000000000000e+00 6.316782832145690918e-01
0.000000000000000000e+00 6.227293014526367188e-01
0.000000000000000000e+00 6.265993118286132812e-01
0.000000000000000000e+00 6.152107715606689453e-01
1.000000000000000000e+00 7.334761023521423340e-01
1.000000000000000000e+00 7.630884051322937012e-01
1.000000000000000000e+00 7.196666002273559570e-01
1.000000000000000000e+00 7.514655590057373047e-01
1.000000000000000000e+00 7.447060942649841309e-01
1.000000000000000000e+00 7.514283657073974609e-01
0.000000000000000000e+00 7.556033134460449219e-01
0.000000000000000000e+00 7.300215959548950195e-01
0.000000000000000000e+00 7.487013339996337891e-01
0.000000000000000000e+00 7.172872424125671387e-01
0.000000000000000000e+00 7.310186624526977539e-01
0.000000000000000000e+00 7.406240105628967285e-01
0.000000000000000000e+00 7.387740612030029297e-01
0.000000000000000000e+00 7.623832821846008301e-01
0.000000000000000000e+00 7.424411177635192871e-01
0.000000000000000000e+00 7.455908656120300293e-01
0.000000000000000000e+00 7.535426020622253418e-01
0.000000000000000000e+00 7.457440495491027832e-01
0.000000000000000000e+00 7.480214238166809082e-01
0.000000000000000000e+00 7.214689850807189941e-01
0.000000000000000000e+00 7.564578652381896973e-01
0.000000000000000000e+00 7.198911309242248535e-01
0.000000000000000000e+00 7.721566557884216309e-01
0.000000000000000000e+00 7.369741201400756836e-01
1.000000000000000000e+00 7.214162349700927734e-01
1.000000000000000000e+00 7.846591472625732422e-01
1.000000000000000000e+00 7.881994247436523438e-01
1.000000000000000000e+00 7.870636582374572754e-01
1.000000000000000000e+00 8.017605543136596680e-01
0.000000000000000000e+00 8.286711573600769043e-01
0.000000000000000000e+00 8.260756134986877441e-01
0.000000000000000000e+00 8.375318050384521484e-01
1.000000000000000000e+00 7.988365888595581055e-01
1.000000000000000000e+00 7.609146833419799805e-01
0.000000000000000000e+00 7.396032214164733887e-01
0.000000000000000000e+00 7.300627827644348145e-01
0.000000000000000000e+00 7.149505019187927246e-01
0.000000000000000000e+00 6.788390278816223145e-01
0.000000000000000000e+00 6.929054260253906250e-01
0.000000000000000000e+00 6.384135484695434570e-01
0.000000000000000000e+00 5.424674153327941895e-01
0.000000000000000000e+00 5.664048790931701660e-01
0.000000000000000000e+00 5.300837755203247070e-01
0.000000000000000000e+00 5.290511846542358398e-01
0.000000000000000000e+00 5.430349111557006836e-01
0.000000000000000000e+00 5.896920561790466309e-01
0.000000000000000000e+00 5.967110991477966309e-01
0.000000000000000000e+00 5.984633564949035645e-01
0.000000000000000000e+00 5.980144143104553223e-01
0.000000000000000000e+00 6.326029300689697266e-01
0.000000000000000000e+00 6.369842290878295898e-01
0.000000000000000000e+00 6.837559342384338379e-01
0.000000000000000000e+00 6.824449896812438965e-01
0.000000000000000000e+00 6.966416835784912109e-01
0.000000000000000000e+00 7.061640620231628418e-01
0.000000000000000000e+00 7.010866999626159668e-01
0.000000000000000000e+00 6.939755082130432129e-01
0.000000000000000000e+00 6.904002428054809570e-01
0.000000000000000000e+00 6.474298238754272461e-01
0.000000000000000000e+00 6.256683468818664551e-01
0.000000000000000000e+00 6.241270303726196289e-01
0.000000000000000000e+00 6.909864544868469238e-01
0.000000000000000000e+00 6.958485841751098633e-01
0.000000000000000000e+00 6.721414327621459961e-01
0.000000000000000000e+00 6.260221600532531738e-01
0.000000000000000000e+00 6.155664324760437012e-01
0.000000000000000000e+00 6.056403517723083496e-01
0.000000000000000000e+00 6.078571677207946777e-01
0.000000000000000000e+00 5.873504281044006348e-01
0.000000000000000000e+00 6.081632375717163086e-01
0.000000000000000000e+00 5.958386063575744629e-01
0.000000000000000000e+00 5.931701064109802246e-01
0.000000000000000000e+00 6.058774590492248535e-01
0.000000000000000000e+00 5.879280567169189453e-01
0.000000000000000000e+00 5.751715302467346191e-01
1.000000000000000000e+00 7.518188357353210449e-01
1.000000000000000000e+00 7.735136747360229492e-01
1.000000000000000000e+00 7.838475704193115234e-01
1.000000000000000000e+00 8.019043803215026855e-01
1.000000000000000000e+00 7.736150622367858887e-01
0.000000000000000000e+00 7.383682727813720703e-01
0.000000000000000000e+00 6.747128367424011230e-01
0.000000000000000000e+00 5.768402814865112305e-01
0.000000000000000000e+00 5.431734919548034668e-01
0.000000000000000000e+00 4.709189832210540771e-01
0.000000000000000000e+00 4.005559682846069336e-01
0.000000000000000000e+00 3.273558020591735840e-01
0.000000000000000000e+00 2.919585704803466797e-01
0.000000000000000000e+00 1.973654031753540039e-01
0.000000000000000000e+00 1.613246053457260132e-01
0.000000000000000000e+00 1.204563900828361511e-01
0.000000000000000000e+00 9.670239686965942383e-02
0.000000000000000000e+00 8.508589863777160645e-02
0.000000000000000000e+00 6.656485050916671753e-02
0.000000000000000000e+00 5.914478376507759094e-02
0.000000000000000000e+00 6.711318343877792358e-02
0.000000000000000000e+00 7.430295646190643311e-02
1.000000000000000000e+00 7.265307009220123291e-02
0.000000000000000000e+00 7.706182450056076050e-02
0.000000000000000000e+00 7.693526893854141235e-02
0.000000000000000000e+00 8.129710704088211060e-02
0.000000000000000000e+00 9.927044808864593506e-02
0.000000000000000000e+00 1.056761890649795532e-01
0.000000000000000000e+00 1.243922337889671326e-01
0.000000000000000000e+00 1.275998502969741821e-01
0.000000000000000000e+00 1.401129364967346191e-01
0.000000000000000000e+00 1.392249912023544312e-01
0.000000000000000000e+00 1.475247740745544434e-01
0.000000000000000000e+00 1.818172782659530640e-01
0.000000000000000000e+00 1.817983686923980713e-01
0.000000000000000000e+00 1.567500233650207520e-01
0.000000000000000000e+00 1.546387076377868652e-01
0.000000000000000000e+00 1.291844695806503296e-01
0.000000000000000000e+00 1.121397092938423157e-01
0.000000000000000000e+00 1.130863353610038757e-01
0.000000000000000000e+00 1.212880834937095642e-01
0.000000000000000000e+00 1.157004684209823608e-01
0.000000000000000000e+00 1.107527613639831543e-01
0.000000000000000000e+00 1.235139071941375732e-01
0.000000000000000000e+00 1.223107576370239258e-01
0.000000000000000000e+00 1.488541066646575928e-01
0.000000000000000000e+00 1.994392126798629761e-01
0.000000000000000000e+00 2.678009271621704102e-01
0.000000000000000000e+00 3.179541826248168945e-01
0.000000000000000000e+00 3.491891026496887207e-01
0.000000000000000000e+00 4.384642541408538818e-01
0.000000000000000000e+00 5.622661709785461426e-01
0.000000000000000000e+00 6.101403236389160156e-01
0.000000000000000000e+00 6.127914190292358398e-01
0.000000000000000000e+00 5.922487378120422363e-01
0.000000000000000000e+00 5.746014118194580078e-01
1.000000000000000000e+00 5.797110199928283691e-01
0.000000000000000000e+00 6.445757746696472168e-01
0.000000000000000000e+00 6.650869250297546387e-01
1.000000000000000000e+00 6.848752498626708984e-01
1.000000000000000000e+00 6.845405697822570801e-01
0.000000000000000000e+00 6.808977127075195312e-01
0.000000000000000000e+00 6.734874248504638672e-01
0.000000000000000000e+00 6.704533100128173828e-01
0.000000000000000000e+00 6.594325304031372070e-01
0.000000000000000000e+00 6.408344507217407227e-01
1.000000000000000000e+00 6.423748731613159180e-01
1.000000000000000000e+00 6.522815227508544922e-01
1.000000000000000000e+00 6.413243412971496582e-01
1.000000000000000000e+00 6.441766619682312012e-01
0.000000000000000000e+00 6.333976984024047852e-01
0.000000000000000000e+00 5.940437316894531250e-01
0.000000000000000000e+00 5.758249163627624512e-01
0.000000000000000000e+00 5.564084053039550781e-01
0.000000000000000000e+00 5.687047839164733887e-01
0.000000000000000000e+00 7.930986881256103516e-01
0.000000000000000000e+00 7.866948843002319336e-01
1.000000000000000000e+00 7.025836110115051270e-01
0.000000000000000000e+00 6.844671368598937988e-01
0.000000000000000000e+00 5.988087654113769531e-01
0.000000000000000000e+00 5.480843782424926758e-01
0.000000000000000000e+00 4.515477716922760010e-01
0.000000000000000000e+00 3.712113797664642334e-01
0.000000000000000000e+00 2.925946414470672607e-01
0.000000000000000000e+00 2.353370785713195801e-01
0.000000000000000000e+00 2.083314061164855957e-01
0.000000000000000000e+00 1.690762639045715332e-01
0.000000000000000000e+00 1.088425070047378540e-01
0.000000000000000000e+00 8.459135890007019043e-02
0.000000000000000000e+00 6.948862969875335693e-02
0.000000000000000000e+00 5.314313992857933044e-02
1.000000000000000000e+00 5.444480851292610168e-02
0.000000000000000000e+00 6.074316799640655518e-02
0.000000000000000000e+00 7.069775462150573730e-02
0.000000000000000000e+00 1.038742810487747192e-01
0.000000000000000000e+00 1.489035487174987793e-01
0.000000000000000000e+00 1.848152130842208862e-01
0.000000000000000000e+00 2.892409563064575195e-01
0.000000000000000000e+00 2.801299393177032471e-01
0.000000000000000000e+00 2.591542303562164307e-01
0.000000000000000000e+00 2.402700483798980713e-01
0.000000000000000000e+00 2.468028217554092407e-01
0.000000000000000000e+00 2.393582910299301147e-01
0.000000000000000000e+00 2.016310989856719971e-01
0.000000000000000000e+00 1.838612258434295654e-01
0.000000000000000000e+00 1.462226063013076782e-01
0.000000000000000000e+00 1.438837647438049316e-01
0.000000000000000000e+00 2.131682932376861572e-01
0.000000000000000000e+00 2.193532288074493408e-01
0.000000000000000000e+00 1.673679798841476440e-01
0.000000000000000000e+00 1.549961417913436890e-01
0.000000000000000000e+00 1.460045725107192993e-01
0.000000000000000000e+00 1.139312908053398132e-01
0.000000000000000000e+00 1.059221401810646057e-01
0.000000000000000000e+00 1.092158108949661255e-01
0.000000000000000000e+00 1.073374524712562561e-01
0.000000000000000000e+00 1.346145719289779663e-01
0.000000000000000000e+00 1.685432344675064087e-01
0.000000000000000000e+00 1.611119359731674194e-01
0.000000000000000000e+00 1.311895996332168579e-01
0.000000000000000000e+00 1.356626302003860474e-01
0.000000000000000000e+00 1.616000235080718994e-01
0.000000000000000000e+00 2.910358309745788574e-01
0.000000000000000000e+00 3.177601993083953857e-01
0.000000000000000000e+00 3.963502049446105957e-01
0.000000000000000000e+00 4.137208461761474609e-01
0.000000000000000000e+00 4.364691078662872314e-01
0.000000000000000000e+00 5.624697804450988770e-01
0.000000000000000000e+00 6.060849428176879883e-01
0.000000000000000000e+00 6.880111098289489746e-01
0.000000000000000000e+00 6.881694197654724121e-01
0.000000000000000000e+00 7.159400582313537598e-01
0.000000000000000000e+00 6.962214112281799316e-01
0.000000000000000000e+00 6.930775642395019531e-01
0.000000000000000000e+00 6.738292574882507324e-01
0.000000000000000000e+00 6.255620121955871582e-01
0.000000000000000000e+00 6.041906476020812988e-01
0.000000000000000000e+00 5.400374531745910645e-01
0.000000000000000000e+00 4.954648315906524658e-01
0.000000000000000000e+00 5.182346701622009277e-01
0.000000000000000000e+00 5.159410834312438965e-01
1.000000000000000000e+00 5.181179642677307129e-01
1.000000000000000000e+00 5.140085816383361816e-01
1.000000000000000000e+00 5.097582340240478516e-01
1.000000000000000000e+00 4.961926937103271484e-01
1.000000000000000000e+00 4.783836901187896729e-01
1.000000000000000000e+00 4.616913199424743652e-01
1.000000000000000000e+00 4.633255898952484131e-01
0.000000000000000000e+00 4.759837985038757324e-01
1.000000000000000000e+00 4.740455746650695801e-01
1.000000000000000000e+00 4.352130591869354248e-01
1.000000000000000000e+00 2.703739404678344727e-01
1.000000000000000000e+00 1.819211989641189575e-01
0.000000000000000000e+00 1.258922368288040161e-01
0.000000000000000000e+00 9.961645305156707764e-02
0.000000000000000000e+00 1.089939847588539124e-01
0.000000000000000000e+00 1.159073263406753540e-01
0.000000000000000000e+00 1.290522962808609009e-01
0.000000000000000000e+00 1.057750806212425232e-01
0.000000000000000000e+00 1.024876385927200317e-01
0.000000000000000000e+00 6.921901553869247437e-02
0.000000000000000000e+00 5.474418401718139648e-02
0.000000000000000000e+00 4.599058628082275391e-02
0.000000000000000000e+00 4.743309691548347473e-02
0.000000000000000000e+00 5.935883894562721252e-02
0.000000000000000000e+00 7.151930779218673706e-02
0.000000000000000000e+00 8.614813536405563354e-02
0.000000000000000000e+00 9.089913964271545410e-02
0.000000000000000000e+00 1.076023429632186890e-01
0.000000000000000000e+00 1.256145834922790527e-01
0.000000000000000000e+00 1.353163421154022217e-01
0.000000000000000000e+00 1.420200914144515991e-01
0.000000000000000000e+00 1.434025317430496216e-01
0.000000000000000000e+00 1.719779819250106812e-01
0.000000000000000000e+00 1.351414918899536133e-01
0.000000000000000000e+00 1.481148600578308105e-01
0.000000000000000000e+00 1.368913650512695312e-01
0.000000000000000000e+00 1.359195709228515625e-01
0.000000000000000000e+00 1.141004562377929688e-01
0.000000000000000000e+00 1.005906835198402405e-01
0.000000000000000000e+00 9.375503659248352051e-02
0.000000000000000000e+00 9.420637786388397217e-02
0.000000000000000000e+00 7.616216689348220825e-02
0.000000000000000000e+00 7.467944175004959106e-02
0.000000000000000000e+00 6.969852000474929810e-02
0.000000000000000000e+00 7.135931402444839478e-02
0.000000000000000000e+00 9.134074300527572632e-02
0.000000000000000000e+00 9.566369652748107910e-02
0.000000000000000000e+00 1.030733957886695862e-01
0.000000000000000000e+00 1.233006492257118225e-01
0.000000000000000000e+00 1.363212168216705322e-01
0.000000000000000000e+00 1.232074797153472900e-01
0.000000000000000000e+00 1.359804719686508179e-01
0.000000000000000000e+00 1.524880528450012207e-01
0.000000000000000000e+00 1.606442034244537354e-01
0.000000000000000000e+00 1.723924428224563599e-01
0.000000000000000000e+00 2.180702537298202515e-01
0.000000000000000000e+00 2.479854822158813477e-01
0.000000000000000000e+00 3.517220318317413330e-01
0.000000000000000000e+00 4.027037620544433594e-01
0.000000000000000000e+00 4.312378764152526855e-01
0.000000000000000000e+00 4.290619492530822754e-01
0.000000000000000000e+00 4.876850545406341553e-01
0.000000000000000000e+00 5.095974802970886230e-01
0.000000000000000000e+00 5.451784729957580566e-01
1.000000000000000000e+00 5.464946627616882324e-01
1.000000000000000000e+00 5.560188889503479004e-01
1.000000000000000000e+00 5.705198049545288086e-01
0.000000000000000000e+00 6.153994202613830566e-01
1.000000000000000000e+00 6.647041440010070801e-01
1.000000000000000000e+00 6.752114892005920410e-01
1.000000000000000000e+00 6.651933789253234863e-01
1.000000000000000000e+00 6.475402712821960449e-01
1.000000000000000000e+00 6.366161108016967773e-01
0.000000000000000000e+00 6.238430738449096680e-01
0.000000000000000000e+00 6.001468896865844727e-01
1.000000000000000000e+00 5.875259041786193848e-01
1.000000000000000000e+00 5.892524719238281250e-01
1.000000000000000000e+00 5.859218239784240723e-01
1.000000000000000000e+00 5.678765177726745605e-01
0.000000000000000000e+00 5.360895395278930664e-01
0.000000000000000000e+00 5.108316540718078613e-01
0.000000000000000000e+00 4.835650622844696045e-01
0.000000000000000000e+00 4.739392399787902832e-01
0.000000000000000000e+00 4.659929275512695312e-01
1.000000000000000000e+00 6.494745016098022461e-01
1.000000000000000000e+00 6.818879246711730957e-01
1.000000000000000000e+00 7.324728965759277344e-01
1.000000000000000000e+00 7.019317746162414551e-01
1.000000000000000000e+00 8.000773787498474121e-01
1.000000000000000000e+00 7.630515098571777344e-01
1.000000000000000000e+00 7.536056637763977051e-01
0.000000000000000000e+00 7.544829249382019043e-01
0.000000000000000000e+00 6.934357285499572754e-01
0.000000000000000000e+00 6.683230400085449219e-01
0.000000000000000000e+00 6.049125790596008301e-01
0.000000000000000000e+00 5.103183388710021973e-01
0.000000000000000000e+00 4.467077553272247314e-01
0.000000000000000000e+00 3.483305573463439941e-01
0.000000000000000000e+00 2.944753468036651611e-01
0.000000000000000000e+00 2.277085036039352417e-01
1.000000000000000000e+00 1.687916815280914307e-01
0.000000000000000000e+00 1.323104351758956909e-01
0.000000000000000000e+00 1.129512786865234375e-01
0.000000000000000000e+00 1.044862046837806702e-01
0.000000000000000000e+00 1.027152910828590393e-01
0.000000000000000000e+00 9.638231992721557617e-02
0.000000000000000000e+00 9.419006854295730591e-02
0.000000000000000000e+00 9.739463031291961670e-02
0.000000000000000000e+00 9.854020923376083374e-02
0.000000000000000000e+00 1.041510477662086487e-01
0.000000000000000000e+00 1.082569435238838196e-01
0.000000000000000000e+00 1.052011102437973022e-01
0.000000000000000000e+00 1.150062605738639832e-01
0.000000000000000000e+00 1.182070001959800720e-01
0.000000000000000000e+00 1.304381638765335083e-01
0.000000000000000000e+00 1.395672261714935303e-01
0.000000000000000000e+00 1.307298839092254639e-01
0.000000000000000000e+00 1.417860835790634155e-01
0.000000000000000000e+00 1.499489843845367432e-01
0.000000000000000000e+00 1.707808673381805420e-01
0.000000000000000000e+00 1.682952642440795898e-01
0.000000000000000000e+00 1.872220933437347412e-01
0.000000000000000000e+00 2.002375125885009766e-01
0.000000000000000000e+00 2.104792892932891846e-01
0.000000000000000000e+00 2.412170916795730591e-01
0.000000000000000000e+00 2.299364060163497925e-01
0.000000000000000000e+00 2.145981639623641968e-01
0.000000000000000000e+00 2.194991260766983032e-01
0.000000000000000000e+00 1.910006105899810791e-01
0.000000000000000000e+00 1.856017112731933594e-01
0.000000000000000000e+00 2.276826947927474976e-01
0.000000000000000000e+00 3.052007257938385010e-01
0.000000000000000000e+00 3.301447033882141113e-01
0.000000000000000000e+00 3.765088319778442383e-01
0.000000000000000000e+00 3.998629748821258545e-01
0.000000000000000000e+00 4.421607255935668945e-01
0.000000000000000000e+00 4.791005551815032959e-01
0.000000000000000000e+00 4.990009963512420654e-01
0.000000000000000000e+00 5.445607900619506836e-01
1.000000000000000000e+00 5.511611700057983398e-01
1.000000000000000000e+00 5.915114879608154297e-01
1.000000000000000000e+00 6.415591239929199219e-01
1.000000000000000000e+00 6.567781567573547363e-01
1.000000000000000000e+00 7.065387964248657227e-01
1.000000000000000000e+00 7.237640023231506348e-01
0.000000000000000000e+00 7.337800860404968262e-01
0.000000000000000000e+00 7.385888695716857910e-01
0.000000000000000000e+00 7.138894200325012207e-01
0.000000000000000000e+00 6.815209388732910156e-01
0.000000000000000000e+00 6.470252275466918945e-01
0.000000000000000000e+00 6.262685656547546387e-01
0.000000000000000000e+00 6.492223143577575684e-01
0.000000000000000000e+00 6.429206728935241699e-01
0.000000000000000000e+00 6.395781040191650391e-01
0.000000000000000000e+00 6.007305979728698730e-01
0.000000000000000000e+00 5.699126124382019043e-01
0.000000000000000000e+00 5.839858055114746094e-01
0.000000000000000000e+00 5.558954477310180664e-01
0.000000000000000000e+00 5.748528838157653809e-01
0.000000000000000000e+00 7.461776137351989746e-01
0.000000000000000000e+00 7.417283654212951660e-01
0.000000000000000000e+00 7.232514023780822754e-01
0.000000000000000000e+00 6.609146595001220703e-01
0.000000000000000000e+00 6.503865718841552734e-01
0.000000000000000000e+00 6.138511300086975098e-01
0.000000000000000000e+00 5.261614918708801270e-01
0.000000000000000000e+00 4.789120852947235107e-01
0.000000000000000000e+00 4.309808611869812012e-01
0.000000000000000000e+00 3.805679976940155029e-01
0.000000000000000000e+00 3.100891113281250000e-01
0.000000000000000000e+00 2.263538837432861328e-01
0.000000000000000000e+00 1.919569969177246094e-01
0.000000000000000000e+00 1.529749035835266113e-01
0.000000000000000000e+00 1.430484205484390259e-01
0.000000000000000000e+00 1.282618045806884766e-01
0.000000000000000000e+00 1.080265566706657410e-01
0.000000000000000000e+00 1.089741662144660950e-01
0.000000000000000000e+00 1.050892993807792664e-01
0.000000000000000000e+00 1.037229299545288086e-01
0.000000000000000000e+00 1.104954108595848083e-01
1.000000000000000000e+00 1.119202747941017151e-01
1.000000000000000000e+00 1.389604806900024414e-01
1.000000000000000000e+00 1.475399434566497803e-01
0.000000000000000000e+00 1.583824455738067627e-01
0.000000000000000000e+00 1.923104524612426758e-01
0.000000000000000000e+00 2.188013345003128052e-01
0.000000000000000000e+00 2.357314378023147583e-01
0.000000000000000000e+00 2.634048759937286377e-01
0.000000000000000000e+00 2.579772770404815674e-01
0.000000000000000000e+00 2.403700500726699829e-01
0.000000000000000000e+00 2.650526762008666992e-01
0.000000000000000000e+00 2.890529632568359375e-01
0.000000000000000000e+00 3.682925999164581299e-01
0.000000000000000000e+00 3.198874890804290771e-01
0.000000000000000000e+00 3.319886028766632080e-01
0.000000000000000000e+00 3.293872773647308350e-01
0.000000000000000000e+00 3.190498054027557373e-01
0.000000000000000000e+00 2.897738516330718994e-01
0.000000000000000000e+00 2.691663801670074463e-01
0.000000000000000000e+00 2.534754574298858643e-01
0.000000000000000000e+00 2.247876077890396118e-01
0.000000000000000000e+00 2.136217206716537476e-01
0.000000000000000000e+00 2.331919670104980469e-01
0.000000000000000000e+00 2.164260596036911011e-01
0.000000000000000000e+00 1.518264412879943848e-01
0.000000000000000000e+00 1.403223723173141479e-01
0.000000000000000000e+00 1.354593485593795776e-01
1.000000000000000000e+00 1.249457821249961853e-01
0.000000000000000000e+00 1.364432275295257568e-01
0.000000000000000000e+00 1.533214449882507324e-01
0.000000000000000000e+00 2.296893596649169922e-01
0.000000000000000000e+00 1.902064085006713867e-01
1.000000000000000000e+00 2.051026076078414917e-01
1.000000000000000000e+00 2.472793012857437134e-01
1.000000000000000000e+00 2.166018784046173096e-01
0.000000000000000000e+00 1.845564693212509155e-01
0.000000000000000000e+00 2.013887017965316772e-01
0.000000000000000000e+00 2.196428775787353516e-01
1.000000000000000000e+00 2.238546162843704224e-01
1.000000000000000000e+00 3.149175345897674561e-01
1.000000000000000000e+00 3.413400053977966309e-01
1.000000000000000000e+00 3.750393986701965332e-01
1.000000000000000000e+00 3.467450141906738281e-01
1.000000000000000000e+00 4.145125746726989746e-01
0.000000000000000000e+00 5.143115520477294922e-01
0.000000000000000000e+00 6.326048970222473145e-01
0.000000000000000000e+00 6.534727811813354492e-01
0.000000000000000000e+00 6.706063747406005859e-01
0.000000000000000000e+00 6.890776753425598145e-01
0.000000000000000000e+00 6.756358742713928223e-01
0.000000000000000000e+00 6.856430172920227051e-01
0.000000000000000000e+00 6.670805811882019043e-01
0.000000000000000000e+00 6.504644155502319336e-01
0.000000000000000000e+00 6.574712991714477539e-01
