0.000000000000000000e+00 9.961574673652648926e-01
0.000000000000000000e+00 9.956776499748229980e-01
0.000000000000000000e+00 9.959366321563720703e-01
0.000000000000000000e+00 9.957876801490783691e-01
0.000000000000000000e+00 9.960512518882751465e-01
0.000000000000000000e+00 9.949583411216735840e-01
0.000000000000000000e+00 9.944787025451660156e-01
0.000000000000000000e+00 9.952948689460754395e-01
0.000000000000000000e+00 9.947786331176757812e-01
0.000000000000000000e+00 9.946746826171875000e-01
0.000000000000000000e+00 9.944644570350646973e-01
0.000000000000000000e+00 9.932526946067810059e-01
0.000000000000000000e+00 9.931135773658752441e-01
0.000000000000000000e+00 9.918385148048400879e-01
0.000000000000000000e+00 9.915137887001037598e-01
0.000000000000000000e+00 9.894843697547912598e-01
1.000000000000000000e+00 9.910093545913696289e-01
1.000000000000000000e+00 9.879716038703918457e-01
1.000000000000000000e+00 9.890895485877990723e-01
0.000000000000000000e+00 9.861785173416137695e-01
0.000000000000000000e+00 9.878899455070495605e-01
0.000000000000000000e+00 9.904527664184570312e-01
1.000000000000000000e+00 9.876735806465148926e-01
1.000000000000000000e+00 9.914560914039611816e-01
1.000000000000000000e+00 9.899455904960632324e-01
1.000000000000000000e+00 9.880737662315368652e-01
1.000000000000000000e+00 9.918723702430725098e-01
1.000000000000000000e+00 9.929179549217224121e-01
1.000000000000000000e+00 9.909065961837768555e-01
1.000000000000000000e+00 9.900508522987365723e-01
1.000000000000000000e+00 9.858024120330810547e-01
1.000000000000000000e+00 9.814643263816833496e-01
0.000000000000000000e+00 9.415064454078674316e-01
0.000000000000000000e+00 9.216781854629516602e-01
0.000000000000000000e+00 9.042029380798339844e-01
0.000000000000000000e+00 8.476275801658630371e-01
0.000000000000000000e+00 7.502785325050354004e-01
0.000000000000000000e+00 5.705375671386718750e-01
0.000000000000000000e+00 3.082740902900695801e-01
0.000000000000000000e+00 2.459850609302520752e-01
0.000000000000000000e+00 1.272731870412826538e-01
0.000000000000000000e+00 8.239459991455078125e-02
0.000000000000000000e+00 6.475353240966796875e-02
0.000000000000000000e+00 3.224784508347511292e-02
0.000000000000000000e+00 1.046603359282016754e-02
0.000000000000000000e+00 4.621410276740789413e-03
0.000000000000000000e+00 2.356905490159988403e-03
0.000000000000000000e+00 2.494964748620986938e-03
0.000000000000000000e+00 2.610519994050264359e-03
0.000000000000000000e+00 2.787738107144832611e-03
0.000000000000000000e+00 3.320809686556458473e-03
0.000000000000000000e+00 5.037485156208276749e-03
0.000000000000000000e+00 5.953362677246332169e-03
0.000000000000000000e+00 1.965230703353881836e-02
0.000000000000000000e+00 2.611497230827808380e-02
1.000000000000000000e+00 2.533602714538574219e-02
1.000000000000000000e+00 5.125572904944419861e-02
0.000000000000000000e+00 8.006967604160308838e-02
0.000000000000000000e+00 1.316732019186019897e-01
0.000000000000000000e+00 1.055700629949569702e-01
0.000000000000000000e+00 1.578489989042282104e-01
1.000000000000000000e+00 2.201040685176849365e-01
1.000000000000000000e+00 1.834094524383544922e-01
1.000000000000000000e+00 2.898782789707183838e-01
1.000000000000000000e+00 2.639554440975189209e-01
1.000000000000000000e+00 3.026544153690338135e-01
1.000000000000000000e+00 5.051212906837463379e-01
1.000000000000000000e+00 6.564362049102783203e-01
1.000000000000000000e+00 6.993473172187805176e-01
1.000000000000000000e+00 5.903828144073486328e-01
0.000000000000000000e+00 5.818823575973510742e-01
0.000000000000000000e+00 4.479143619537353516e-01
0.000000000000000000e+00 5.099419355392456055e-01
0.000000000000000000e+00 4.249056875705718994e-01
0.000000000000000000e+00 3.108999133110046387e-01
0.000000000000000000e+00 9.606118202209472656e-01
0.000000000000000000e+00 9.594011306762695312e-01
0.000000000000000000e+00 9.399986267089843750e-01
0.000000000000000000e+00 9.512472152709960938e-01
0.000000000000000000e+00 9.231835603713989258e-01
0.000000000000000000e+00 9.408221244812011719e-01
0.000000000000000000e+00 9.271278381347656250e-01
0.000000000000000000e+00 9.291104078292846680e-01
0.000000000000000000e+00 9.190842509269714355e-01
0.000000000000000000e+00 9.215846061706542969e-01
0.000000000000000000e+00 9.048553109169006348e-01
0.000000000000000000e+00 8.717246651649475098e-01
0.000000000000000000e+00 8.828039765357971191e-01
0.000000000000000000e+00 8.402603268623352051e-01
1.000000000000000000e+00 7.656667232513427734e-01
1.000000000000000000e+00 7.375959157943725586e-01
1.000000000000000000e+00 8.069556951522827148e-01
1.000000000000000000e+00 7.725931406021118164e-01
1.000000000000000000e+00 7.371065020561218262e-01
1.000000000000000000e+00 8.298767805099487305e-01
0.000000000000000000e+00 9.010486602783203125e-01
1.000000000000000000e+00 8.793469667434692383e-01
1.000000000000000000e+00 8.874433636665344238e-01
1.000000000000000000e+00 8.678039908409118652e-01
0.000000000000000000e+00 8.978172540664672852e-01
1.000000000000000000e+00 8.612580895423889160e-01
1.000000000000000000e+00 8.189811706542968750e-01
1.000000000000000000e+00 6.452710628509521484e-01
1.000000000000000000e+00 5.106803178787231445e-01
0.000000000000000000e+00 6.279916167259216309e-01
1.000000000000000000e+00 5.201140642166137695e-01
1.000000000000000000e+00 4.231091737747192383e-01
1.000000000000000000e+00 4.031880199909210205e-01
1.000000000000000000e+00 3.263128995895385742e-01
1.000000000000000000e+00 2.480372190475463867e-01
0.000000000000000000e+00 1.253774017095565796e-01
0.000000000000000000e+00 1.029237881302833557e-01
0.000000000000000000e+00 6.278444826602935791e-02
0.000000000000000000e+00 5.133531242609024048e-02
0.000000000000000000e+00 4.176703095436096191e-02
0.000000000000000000e+00 4.189608618617057800e-02
0.000000000000000000e+00 4.253175482153892517e-02
0.000000000000000000e+00 2.991839684545993805e-02
0.000000000000000000e+00 2.408371679484844208e-02
0.000000000000000000e+00 1.930844783782958984e-02
0.000000000000000000e+00 1.754542440176010132e-02
0.000000000000000000e+00 1.934350281953811646e-02
0.000000000000000000e+00 1.636785641312599182e-02
0.000000000000000000e+00 1.870488002896308899e-02
0.000000000000000000e+00 1.968021318316459656e-02
0.000000000000000000e+00 2.452840283513069153e-02
0.000000000000000000e+00 2.962637878954410553e-02
0.000000000000000000e+00 3.122710622847080231e-02
0.000000000000000000e+00 4.005304351449012756e-02
0.000000000000000000e+00 3.378981724381446838e-02
0.000000000000000000e+00 3.151998668909072876e-02
0.000000000000000000e+00 3.223557770252227783e-02
0.000000000000000000e+00 2.158735133707523346e-02
0.000000000000000000e+00 2.490482851862907410e-02
0.000000000000000000e+00 2.613793872296810150e-02
0.000000000000000000e+00 2.644291892647743225e-02
0.000000000000000000e+00 2.385626733303070068e-02
0.000000000000000000e+00 2.053684182465076447e-02
0.000000000000000000e+00 2.321081794798374176e-02
0.000000000000000000e+00 2.410221472382545471e-02
0.000000000000000000e+00 2.322396822273731232e-02
0.000000000000000000e+00 2.385815046727657318e-02
0.000000000000000000e+00 2.943792380392551422e-02
0.000000000000000000e+00 3.342306241393089294e-02
0.000000000000000000e+00 2.612604759633541107e-02
0.000000000000000000e+00 2.689282596111297607e-02
0.000000000000000000e+00 2.540345117449760437e-02
0.000000000000000000e+00 2.403796464204788208e-02
0.000000000000000000e+00 2.669485658407211304e-02
0.000000000000000000e+00 2.933384664356708527e-02
1.000000000000000000e+00 9.320948719978332520e-01
1.000000000000000000e+00 8.843812942504882812e-01
1.000000000000000000e+00 5.684193968772888184e-01
1.000000000000000000e+00 4.007218480110168457e-01
1.000000000000000000e+00 1.948481500148773193e-01
1.000000000000000000e+00 8.530241250991821289e-02
0.000000000000000000e+00 4.009058699011802673e-02
0.000000000000000000e+00 2.376917190849781036e-02
0.000000000000000000e+00 1.929539069533348083e-02
0.000000000000000000e+00 1.317223533987998962e-02
0.000000000000000000e+00 8.625968359410762787e-03
0.000000000000000000e+00 6.446999963372945786e-03
0.000000000000000000e+00 5.576420575380325317e-03
0.000000000000000000e+00 4.153921734541654587e-03
0.000000000000000000e+00 2.631563693284988403e-03
0.000000000000000000e+00 2.390126232057809830e-03
0.000000000000000000e+00 1.120001659728586674e-03
0.000000000000000000e+00 1.000162214040756226e-03
0.000000000000000000e+00 6.382025894708931446e-04
0.000000000000000000e+00 5.673132836818695068e-04
0.000000000000000000e+00 6.102848565205931664e-04
0.000000000000000000e+00 4.468372790142893791e-04
0.000000000000000000e+00 4.698331176768988371e-04
0.000000000000000000e+00 2.814967883750796318e-04
1.000000000000000000e+00 2.171502710552886128e-04
1.000000000000000000e+00 2.166722988476976752e-04
1.000000000000000000e+00 2.051435731118544936e-04
1.000000000000000000e+00 2.238554006908088923e-04
1.000000000000000000e+00 2.672447299119085073e-04
0.000000000000000000e+00 4.203493299428373575e-04
0.000000000000000000e+00 6.151910056360065937e-04
0.000000000000000000e+00 4.962655366398394108e-04
1.000000000000000000e+00 6.370931514538824558e-04
1.000000000000000000e+00 4.945886321365833282e-04
0.000000000000000000e+00 5.086568417027592659e-04
0.000000000000000000e+00 5.592915113084018230e-04
0.000000000000000000e+00 4.649300244636833668e-04
0.000000000000000000e+00 5.236676079221069813e-04
0.000000000000000000e+00 5.479525425471365452e-04
0.000000000000000000e+00 6.743550184182822704e-04
0.000000000000000000e+00 6.614619633182883263e-04
0.000000000000000000e+00 5.792701267637312412e-04
0.000000000000000000e+00 4.783857439178973436e-04
0.000000000000000000e+00 3.892751410603523254e-04
0.000000000000000000e+00 3.642834781203418970e-04
0.000000000000000000e+00 3.392167272977530956e-04
0.000000000000000000e+00 3.332406340632587671e-04
0.000000000000000000e+00 4.870184639003127813e-04
0.000000000000000000e+00 4.663521540351212025e-04
0.000000000000000000e+00 5.317270406521856785e-04
0.000000000000000000e+00 4.076858458574861288e-04
0.000000000000000000e+00 3.048317739740014076e-04
0.000000000000000000e+00 3.645209071692079306e-04
0.000000000000000000e+00 4.874211153946816921e-04
0.000000000000000000e+00 4.457870381884276867e-04
0.000000000000000000e+00 4.295138060115277767e-04
0.000000000000000000e+00 4.133452312089502811e-04
0.000000000000000000e+00 3.459325525909662247e-04
0.000000000000000000e+00 4.280411230865865946e-04
0.000000000000000000e+00 3.651970764622092247e-04
0.000000000000000000e+00 3.395334642846137285e-04
0.000000000000000000e+00 3.879288851749151945e-04
0.000000000000000000e+00 4.395434516482055187e-04
0.000000000000000000e+00 6.137017044238746166e-04
0.000000000000000000e+00 5.477551021613180637e-04
0.000000000000000000e+00 6.418817793019115925e-04
0.000000000000000000e+00 6.833450752310454845e-04
0.000000000000000000e+00 8.888379670679569244e-04
0.000000000000000000e+00 9.685484110377728939e-04
0.000000000000000000e+00 1.127790543250739574e-03
0.000000000000000000e+00 1.204383908770978451e-03
0.000000000000000000e+00 1.169348135590553284e-03
0.000000000000000000e+00 9.875923860818147659e-04
0.000000000000000000e+00 1.294853864237666130e-03
0.000000000000000000e+00 1.260815304704010487e-03
1.000000000000000000e+00 9.754472970962524414e-01
1.000000000000000000e+00 9.587535262107849121e-01
1.000000000000000000e+00 9.237201809883117676e-01
1.000000000000000000e+00 9.350034594535827637e-01
1.000000000000000000e+00 8.856769800186157227e-01
0.000000000000000000e+00 8.299687504768371582e-01
0.000000000000000000e+00 7.701214551925659180e-01
0.000000000000000000e+00 6.526215672492980957e-01
0.000000000000000000e+00 6.225519776344299316e-01
0.000000000000000000e+00 3.988623321056365967e-01
0.000000000000000000e+00 3.034766912460327148e-01
0.000000000000000000e+00 2.214347273111343384e-01
0.000000000000000000e+00 1.398258805274963379e-01
0.000000000000000000e+00 8.487483859062194824e-02
0.000000000000000000e+00 6.783853471279144287e-02
0.000000000000000000e+00 3.924809768795967102e-02
0.000000000000000000e+00 3.502966836094856262e-02
0.000000000000000000e+00 2.834553085267543793e-02
0.000000000000000000e+00 2.742179483175277710e-02
0.000000000000000000e+00 3.037645481526851654e-02
0.000000000000000000e+00 3.088444285094738007e-02
0.000000000000000000e+00 4.546193778514862061e-02
1.000000000000000000e+00 4.835910722613334656e-02
0.000000000000000000e+00 4.242228716611862183e-02
0.000000000000000000e+00 4.466695338487625122e-02
0.000000000000000000e+00 4.167487472295761108e-02
0.000000000000000000e+00 4.604367166757583618e-02
0.000000000000000000e+00 3.884553164243698120e-02
0.000000000000000000e+00 5.283889174461364746e-02
0.000000000000000000e+00 6.724150478839874268e-02
0.000000000000000000e+00 5.821590498089790344e-02
0.000000000000000000e+00 6.597586721181869507e-02
0.000000000000000000e+00 6.418802589178085327e-02
0.000000000000000000e+00 7.935474067926406860e-02
0.000000000000000000e+00 7.929369062185287476e-02
0.000000000000000000e+00 6.779503822326660156e-02
0.000000000000000000e+00 4.350598156452178955e-02
0.000000000000000000e+00 4.147915169596672058e-02
0.000000000000000000e+00 3.836909681558609009e-02
0.000000000000000000e+00 3.671028465032577515e-02
0.000000000000000000e+00 3.056605160236358643e-02
0.000000000000000000e+00 2.919847145676612854e-02
0.000000000000000000e+00 2.924611419439315796e-02
0.000000000000000000e+00 3.160792961716651917e-02
0.000000000000000000e+00 2.827007509768009186e-02
0.000000000000000000e+00 3.210874646902084351e-02
0.000000000000000000e+00 4.866568744182586670e-02
0.000000000000000000e+00 6.853116303682327271e-02
0.000000000000000000e+00 1.170826405286788940e-01
0.000000000000000000e+00 1.440624445676803589e-01
0.000000000000000000e+00 3.135580420494079590e-01
0.000000000000000000e+00 4.846910536289215088e-01
0.000000000000000000e+00 6.749007701873779297e-01
0.000000000000000000e+00 6.372855305671691895e-01
0.000000000000000000e+00 6.864888668060302734e-01
0.000000000000000000e+00 6.720284223556518555e-01
1.000000000000000000e+00 6.302963495254516602e-01
0.000000000000000000e+00 7.201597690582275391e-01
0.000000000000000000e+00 7.497519850730895996e-01
1.000000000000000000e+00 6.854650974273681641e-01
1.000000000000000000e+00 8.485412001609802246e-01
0.000000000000000000e+00 8.088070154190063477e-01
0.000000000000000000e+00 8.557659387588500977e-01
0.000000000000000000e+00 7.778787016868591309e-01
0.000000000000000000e+00 7.899511456489562988e-01
0.000000000000000000e+00 7.644407153129577637e-01
1.000000000000000000e+00 7.864181995391845703e-01
1.000000000000000000e+00 6.514047384262084961e-01
1.000000000000000000e+00 5.317422151565551758e-01
1.000000000000000000e+00 3.499591350555419922e-01
0.000000000000000000e+00 1.146177127957344055e-01
0.000000000000000000e+00 7.664728164672851562e-02
0.000000000000000000e+00 4.088813439011573792e-02
0.000000000000000000e+00 2.872256562113761902e-02
0.000000000000000000e+00 2.611729130148887634e-02
0.000000000000000000e+00 9.431579113006591797e-01
0.000000000000000000e+00 7.304679751396179199e-01
1.000000000000000000e+00 4.834044277667999268e-01
0.000000000000000000e+00 4.455648362636566162e-01
0.000000000000000000e+00 1.680771410465240479e-01
0.000000000000000000e+00 1.413794606924057007e-01
0.000000000000000000e+00 6.746636331081390381e-02
0.000000000000000000e+00 4.820185527205467224e-02
0.000000000000000000e+00 2.813591435551643372e-02
0.000000000000000000e+00 2.760622836649417877e-02
0.000000000000000000e+00 2.165804058313369751e-02
0.000000000000000000e+00 2.520386688411235809e-02
0.000000000000000000e+00 2.253253385424613953e-02
0.000000000000000000e+00 1.453122217208147049e-02
0.000000000000000000e+00 1.373293250799179077e-02
0.000000000000000000e+00 1.636051200330257416e-02
1.000000000000000000e+00 1.337440032511949539e-02
0.000000000000000000e+00 1.861684396862983704e-02
0.000000000000000000e+00 3.589070960879325867e-02
0.000000000000000000e+00 3.843736648559570312e-02
0.000000000000000000e+00 5.928016453981399536e-02
0.000000000000000000e+00 7.462272793054580688e-02
0.000000000000000000e+00 1.816527098417282104e-01
0.000000000000000000e+00 1.951667666435241699e-01
0.000000000000000000e+00 1.681547015905380249e-01
0.000000000000000000e+00 1.690207123756408691e-01
0.000000000000000000e+00 1.350289434194564819e-01
0.000000000000000000e+00 1.757802516222000122e-01
0.000000000000000000e+00 1.375558525323867798e-01
0.000000000000000000e+00 1.836836338043212891e-01
0.000000000000000000e+00 2.522676289081573486e-01
0.000000000000000000e+00 2.729904353618621826e-01
0.000000000000000000e+00 2.737591564655303955e-01
0.000000000000000000e+00 2.540772557258605957e-01
0.000000000000000000e+00 2.718841433525085449e-01
0.000000000000000000e+00 1.546981334686279297e-01
0.000000000000000000e+00 1.080107614398002625e-01
0.000000000000000000e+00 6.497390568256378174e-02
0.000000000000000000e+00 8.109296858310699463e-02
0.000000000000000000e+00 1.253171265125274658e-01
0.000000000000000000e+00 1.695807278156280518e-01
0.000000000000000000e+00 1.303805708885192871e-01
0.000000000000000000e+00 1.339311748743057251e-01
0.000000000000000000e+00 1.604318469762802124e-01
0.000000000000000000e+00 1.353608518838882446e-01
0.000000000000000000e+00 8.857787400484085083e-02
0.000000000000000000e+00 1.620765775442123413e-01
0.000000000000000000e+00 2.401125133037567139e-01
0.000000000000000000e+00 3.107750713825225830e-01
0.000000000000000000e+00 4.156257212162017822e-01
0.000000000000000000e+00 5.459207892417907715e-01
0.000000000000000000e+00 5.564247965812683105e-01
0.000000000000000000e+00 7.999362945556640625e-01
0.000000000000000000e+00 8.937742114067077637e-01
0.000000000000000000e+00 9.025046825408935547e-01
0.000000000000000000e+00 8.814454674720764160e-01
0.000000000000000000e+00 9.279934763908386230e-01
0.000000000000000000e+00 9.490102529525756836e-01
0.000000000000000000e+00 9.010965824127197266e-01
0.000000000000000000e+00 8.946332931518554688e-01
0.000000000000000000e+00 9.090319871902465820e-01
0.000000000000000000e+00 8.983102440834045410e-01
0.000000000000000000e+00 8.893211483955383301e-01
0.000000000000000000e+00 8.594313859939575195e-01
0.000000000000000000e+00 8.128972053527832031e-01
0.000000000000000000e+00 8.529984951019287109e-01
1.000000000000000000e+00 8.851057887077331543e-01
1.000000000000000000e+00 8.505326509475708008e-01
1.000000000000000000e+00 8.509729504585266113e-01
1.000000000000000000e+00 8.807913064956665039e-01
1.000000000000000000e+00 8.029043078422546387e-01
1.000000000000000000e+00 7.143529653549194336e-01
1.000000000000000000e+00 6.213493943214416504e-01
0.000000000000000000e+00 4.539767503738403320e-01
1.000000000000000000e+00 3.821921348571777344e-01
1.000000000000000000e+00 1.284686177968978882e-01
1.000000000000000000e+00 9.223142266273498535e-02
1.000000000000000000e+00 5.054739862680435181e-02
0.000000000000000000e+00 3.257868066430091858e-02
0.000000000000000000e+00 2.586613409221172333e-02
0.000000000000000000e+00 2.337132021784782410e-02
0.000000000000000000e+00 2.010662853717803955e-02
0.000000000000000000e+00 2.080513164401054382e-02
0.000000000000000000e+00 1.875818334519863129e-02
0.000000000000000000e+00 1.368105132132768631e-02
0.000000000000000000e+00 2.150929532945156097e-02
0.000000000000000000e+00 2.466624230146408081e-02
0.000000000000000000e+00 2.369830198585987091e-02
0.000000000000000000e+00 2.165171131491661072e-02
0.000000000000000000e+00 2.788999117910861969e-02
0.000000000000000000e+00 2.871465124189853668e-02
0.000000000000000000e+00 3.456256538629531860e-02
0.000000000000000000e+00 4.524119570851325989e-02
0.000000000000000000e+00 5.686182901263237000e-02
0.000000000000000000e+00 6.190289556980133057e-02
0.000000000000000000e+00 6.793595105409622192e-02
0.000000000000000000e+00 5.718568339943885803e-02
0.000000000000000000e+00 8.834474533796310425e-02
0.000000000000000000e+00 8.536776900291442871e-02
0.000000000000000000e+00 6.416851282119750977e-02
0.000000000000000000e+00 5.753166228532791138e-02
0.000000000000000000e+00 4.937252774834632874e-02
0.000000000000000000e+00 5.288890004158020020e-02
0.000000000000000000e+00 3.587564826011657715e-02
0.000000000000000000e+00 4.648575559258460999e-02
0.000000000000000000e+00 3.301369398832321167e-02
0.000000000000000000e+00 3.103089146316051483e-02
0.000000000000000000e+00 2.764552645385265350e-02
0.000000000000000000e+00 2.892493456602096558e-02
0.000000000000000000e+00 2.077048458158969879e-02
0.000000000000000000e+00 2.113601565361022949e-02
0.000000000000000000e+00 2.237693406641483307e-02
0.000000000000000000e+00 2.029188349843025208e-02
0.000000000000000000e+00 1.427564583718776703e-02
0.000000000000000000e+00 1.882793754339218140e-02
0.000000000000000000e+00 1.398179773241281509e-02
0.000000000000000000e+00 1.603487133979797363e-02
0.000000000000000000e+00 1.581508852541446686e-02
0.000000000000000000e+00 2.111497335135936737e-02
0.000000000000000000e+00 1.736531965434551239e-02
0.000000000000000000e+00 2.163128554821014404e-02
0.000000000000000000e+00 2.449616603553295135e-02
0.000000000000000000e+00 3.046761825680732727e-02
0.000000000000000000e+00 5.678078159689903259e-02
0.000000000000000000e+00 7.290650904178619385e-02
0.000000000000000000e+00 1.457734256982803345e-01
0.000000000000000000e+00 1.814479380846023560e-01
0.000000000000000000e+00 2.769437432289123535e-01
0.000000000000000000e+00 2.956367731094360352e-01
0.000000000000000000e+00 3.444665670394897461e-01
1.000000000000000000e+00 4.342217743396759033e-01
1.000000000000000000e+00 4.837944209575653076e-01
1.000000000000000000e+00 3.948864936828613281e-01
0.000000000000000000e+00 3.625263869762420654e-01
1.000000000000000000e+00 6.559444069862365723e-01
1.000000000000000000e+00 6.308481097221374512e-01
1.000000000000000000e+00 5.806082487106323242e-01
1.000000000000000000e+00 5.847705006599426270e-01
1.000000000000000000e+00 5.095765590667724609e-01
0.000000000000000000e+00 3.219657838344573975e-01
0.000000000000000000e+00 2.726065516471862793e-01
1.000000000000000000e+00 1.304902285337448120e-01
1.000000000000000000e+00 1.447929143905639648e-01
1.000000000000000000e+00 1.254904866218566895e-01
1.000000000000000000e+00 6.276254355907440186e-02
0.000000000000000000e+00 3.233759477734565735e-02
0.000000000000000000e+00 1.552265603095293045e-02
0.000000000000000000e+00 1.311727706342935562e-02
0.000000000000000000e+00 8.264423348009586334e-03
0.000000000000000000e+00 1.071567926555871964e-02
1.000000000000000000e+00 9.786276221275329590e-01
1.000000000000000000e+00 9.767435789108276367e-01
1.000000000000000000e+00 9.753632545471191406e-01
1.000000000000000000e+00 9.594398140907287598e-01
1.000000000000000000e+00 9.252874851226806641e-01
1.000000000000000000e+00 8.957403302192687988e-01
1.000000000000000000e+00 7.649098038673400879e-01
0.000000000000000000e+00 6.015888452529907227e-01
0.000000000000000000e+00 5.656353831291198730e-01
0.000000000000000000e+00 3.201218843460083008e-01
0.000000000000000000e+00 2.037602812051773071e-01
0.000000000000000000e+00 1.467355042695999146e-01
0.000000000000000000e+00 1.153548806905746460e-01
0.000000000000000000e+00 7.418546080589294434e-02
0.000000000000000000e+00 3.196139261126518250e-02
0.000000000000000000e+00 4.636922478675842285e-02
1.000000000000000000e+00 1.482097152620553970e-02
0.000000000000000000e+00 2.368910796940326691e-02
0.000000000000000000e+00 1.574228890240192413e-02
0.000000000000000000e+00 1.620537228882312775e-02
0.000000000000000000e+00 2.245148643851280212e-02
0.000000000000000000e+00 2.270571328699588776e-02
0.000000000000000000e+00 3.508267924189567566e-02
0.000000000000000000e+00 3.869024664163589478e-02
0.000000000000000000e+00 3.662069886922836304e-02
0.000000000000000000e+00 6.207799166440963745e-02
0.000000000000000000e+00 6.424614042043685913e-02
0.000000000000000000e+00 4.035053774714469910e-02
0.000000000000000000e+00 6.231365352869033813e-02
0.000000000000000000e+00 1.690338551998138428e-01
0.000000000000000000e+00 1.657229512929916382e-01
0.000000000000000000e+00 1.422619074583053589e-01
0.000000000000000000e+00 2.301483750343322754e-01
0.000000000000000000e+00 1.705498695373535156e-01
0.000000000000000000e+00 2.661118209362030029e-01
0.000000000000000000e+00 1.604809015989303589e-01
0.000000000000000000e+00 1.294938772916793823e-01
0.000000000000000000e+00 2.138528972864151001e-01
0.000000000000000000e+00 1.451248973608016968e-01
0.000000000000000000e+00 1.984332948923110962e-01
0.000000000000000000e+00 2.061687260866165161e-01
0.000000000000000000e+00 1.037472933530807495e-01
0.000000000000000000e+00 1.328954994678497314e-01
0.000000000000000000e+00 1.451492309570312500e-01
0.000000000000000000e+00 7.716422528028488159e-02
0.000000000000000000e+00 1.048914194107055664e-01
0.000000000000000000e+00 9.513653814792633057e-02
0.000000000000000000e+00 1.472225934267044067e-01
0.000000000000000000e+00 2.674230039119720459e-01
0.000000000000000000e+00 3.254169821739196777e-01
0.000000000000000000e+00 3.721954524517059326e-01
0.000000000000000000e+00 5.876663327217102051e-01
0.000000000000000000e+00 6.984053254127502441e-01
0.000000000000000000e+00 7.346378564834594727e-01
0.000000000000000000e+00 7.814348936080932617e-01
1.000000000000000000e+00 8.358323574066162109e-01
1.000000000000000000e+00 8.620379567146301270e-01
1.000000000000000000e+00 8.149187564849853516e-01
1.000000000000000000e+00 8.351744413375854492e-01
1.000000000000000000e+00 8.205589056015014648e-01
1.000000000000000000e+00 7.947062849998474121e-01
0.000000000000000000e+00 7.977543473243713379e-01
0.000000000000000000e+00 7.898150086402893066e-01
0.000000000000000000e+00 8.147090077400207520e-01
0.000000000000000000e+00 7.799251079559326172e-01
0.000000000000000000e+00 7.471208572387695312e-01
0.000000000000000000e+00 7.645019292831420898e-01
0.000000000000000000e+00 6.432502865791320801e-01
0.000000000000000000e+00 5.072721242904663086e-01
0.000000000000000000e+00 4.135326445102691650e-01
0.000000000000000000e+00 4.179776012897491455e-01
0.000000000000000000e+00 3.177356421947479248e-01
0.000000000000000000e+00 2.114101648330688477e-01
0.000000000000000000e+00 7.137193530797958374e-02
0.000000000000000000e+00 3.991897404193878174e-02
0.000000000000000000e+00 7.686403393745422363e-01
0.000000000000000000e+00 7.258167266845703125e-01
0.000000000000000000e+00 6.887472867965698242e-01
0.000000000000000000e+00 6.584826707839965820e-01
0.000000000000000000e+00 6.639618277549743652e-01
0.000000000000000000e+00 6.314456462860107422e-01
0.000000000000000000e+00 6.265872120857238770e-01
0.000000000000000000e+00 5.190475583076477051e-01
0.000000000000000000e+00 4.889925122261047363e-01
0.000000000000000000e+00 3.441517055034637451e-01
0.000000000000000000e+00 4.503714740276336670e-01
0.000000000000000000e+00 3.607046008110046387e-01
0.000000000000000000e+00 2.432306259870529175e-01
0.000000000000000000e+00 1.766957640647888184e-01
0.000000000000000000e+00 2.659484446048736572e-01
0.000000000000000000e+00 1.597398519515991211e-01
0.000000000000000000e+00 1.781016439199447632e-01
0.000000000000000000e+00 1.966238170862197876e-01
0.000000000000000000e+00 2.220437824726104736e-01
0.000000000000000000e+00 2.590077817440032959e-01
0.000000000000000000e+00 3.037206232547760010e-01
1.000000000000000000e+00 4.509719610214233398e-01
1.000000000000000000e+00 6.337132453918457031e-01
1.000000000000000000e+00 6.891318559646606445e-01
0.000000000000000000e+00 6.814540028572082520e-01
0.000000000000000000e+00 6.105869412422180176e-01
0.000000000000000000e+00 5.089991688728332520e-01
0.000000000000000000e+00 7.002323865890502930e-01
0.000000000000000000e+00 6.214589476585388184e-01
0.000000000000000000e+00 6.191180348396301270e-01
0.000000000000000000e+00 6.371371746063232422e-01
0.000000000000000000e+00 4.437259137630462646e-01
0.000000000000000000e+00 5.054525136947631836e-01
0.000000000000000000e+00 4.769556820392608643e-01
0.000000000000000000e+00 4.195129573345184326e-01
0.000000000000000000e+00 2.524789273738861084e-01
0.000000000000000000e+00 2.912311851978302002e-01
0.000000000000000000e+00 2.682883441448211670e-01
0.000000000000000000e+00 1.797308921813964844e-01
0.000000000000000000e+00 2.259931713342666626e-01
0.000000000000000000e+00 1.435858309268951416e-01
0.000000000000000000e+00 1.017548143863677979e-01
0.000000000000000000e+00 7.932770997285842896e-02
0.000000000000000000e+00 9.386309981346130371e-02
0.000000000000000000e+00 7.638179510831832886e-02
0.000000000000000000e+00 4.396605491638183594e-02
0.000000000000000000e+00 4.176281020045280457e-02
0.000000000000000000e+00 5.502584949135780334e-02
1.000000000000000000e+00 5.387018993496894836e-02
0.000000000000000000e+00 5.476387590169906616e-02
0.000000000000000000e+00 6.242978945374488831e-02
0.000000000000000000e+00 9.752427786588668823e-02
0.000000000000000000e+00 9.695301949977874756e-02
1.000000000000000000e+00 2.305906414985656738e-01
1.000000000000000000e+00 3.401598930358886719e-01
1.000000000000000000e+00 3.265523612499237061e-01
0.000000000000000000e+00 3.527251482009887695e-01
0.000000000000000000e+00 3.412959575653076172e-01
0.000000000000000000e+00 3.755668997764587402e-01
1.000000000000000000e+00 4.478935897350311279e-01
1.000000000000000000e+00 4.315013587474822998e-01
1.000000000000000000e+00 4.810141623020172119e-01
1.000000000000000000e+00 5.146295428276062012e-01
1.000000000000000000e+00 6.185242533683776855e-01
1.000000000000000000e+00 6.953950524330139160e-01
0.000000000000000000e+00 7.250049114227294922e-01
0.000000000000000000e+00 7.882286310195922852e-01
0.000000000000000000e+00 8.436079621315002441e-01
0.000000000000000000e+00 8.282649517059326172e-01
0.000000000000000000e+00 8.287172913551330566e-01
0.000000000000000000e+00 6.970589160919189453e-01
0.000000000000000000e+00 5.383136868476867676e-01
0.000000000000000000e+00 5.573027729988098145e-01
0.000000000000000000e+00 2.545571327209472656e-01
0.000000000000000000e+00 2.417582720518112183e-01
