0.000000000000000000e+00 1.026921495795249939e-01
0.000000000000000000e+00 8.869372308254241943e-02
0.000000000000000000e+00 1.247163489460945129e-01
0.000000000000000000e+00 7.185035943984985352e-02
0.000000000000000000e+00 1.019192561507225037e-01
0.000000000000000000e+00 1.004271432757377625e-01
0.000000000000000000e+00 8.075229823589324951e-02
0.000000000000000000e+00 1.001224592328071594e-01
0.000000000000000000e+00 9.528041630983352661e-02
0.000000000000000000e+00 5.249883979558944702e-02
0.000000000000000000e+00 6.208541616797447205e-02
0.000000000000000000e+00 6.299958378076553345e-02
0.000000000000000000e+00 3.027116321027278900e-02
0.000000000000000000e+00 7.534334063529968262e-02
0.000000000000000000e+00 3.584893047809600830e-02
0.000000000000000000e+00 3.797679394483566284e-02
0.000000000000000000e+00 4.121475294232368469e-02
0.000000000000000000e+00 4.903767630457878113e-02
0.000000000000000000e+00 5.692401528358459473e-02
0.000000000000000000e+00 5.965694412589073181e-02
0.000000000000000000e+00 9.292120486497879028e-02
0.000000000000000000e+00 4.752989113330841064e-02
0.000000000000000000e+00 4.519654437899589539e-02
1.000000000000000000e+00 5.097529664635658264e-02
1.000000000000000000e+00 7.279024273157119751e-02
1.000000000000000000e+00 4.389388114213943481e-02
1.000000000000000000e+00 3.564964607357978821e-02
1.000000000000000000e+00 5.977650359272956848e-02
1.000000000000000000e+00 4.458357021212577820e-02
1.000000000000000000e+00 4.542615264654159546e-02
1.000000000000000000e+00 6.993494182825088501e-02
0.000000000000000000e+00 3.999647498130798340e-02
0.000000000000000000e+00 3.701040148735046387e-02
0.000000000000000000e+00 4.656060039997100830e-02
0.000000000000000000e+00 1.359258592128753662e-02
0.000000000000000000e+00 1.221133582293987274e-02
0.000000000000000000e+00 1.229732297360897064e-02
0.000000000000000000e+00 1.619192212820053101e-02
0.000000000000000000e+00 4.388732369989156723e-03
0.000000000000000000e+00 6.302407942712306976e-03
0.000000000000000000e+00 7.012357003986835480e-03
0.000000000000000000e+00 6.894938182085752487e-03
0.000000000000000000e+00 1.210880745202302933e-02
0.000000000000000000e+00 3.924265969544649124e-03
0.000000000000000000e+00 2.393814036622643471e-03
0.000000000000000000e+00 1.256790361367166042e-03
0.000000000000000000e+00 7.462711073458194733e-04
0.000000000000000000e+00 4.337346472311764956e-04
0.000000000000000000e+00 8.151946822181344032e-04
0.000000000000000000e+00 3.805912274401634932e-04
0.000000000000000000e+00 6.381003768183290958e-04
0.000000000000000000e+00 6.987908855080604553e-04
0.000000000000000000e+00 7.499772473238408566e-04
0.000000000000000000e+00 1.333270338363945484e-03
0.000000000000000000e+00 1.177712460048496723e-03
0.000000000000000000e+00 1.310057821683585644e-03
0.000000000000000000e+00 1.424968126229941845e-03
0.000000000000000000e+00 5.184619221836328506e-03
0.000000000000000000e+00 1.156529411673545837e-02
0.000000000000000000e+00 2.920716442167758942e-02
0.000000000000000000e+00 1.730210036039352417e-01
0.000000000000000000e+00 9.990626573562622070e-02
0.000000000000000000e+00 1.597003042697906494e-01
0.000000000000000000e+00 2.032868564128875732e-01
0.000000000000000000e+00 4.719514250755310059e-01
0.000000000000000000e+00 3.580827414989471436e-01
0.000000000000000000e+00 4.557817280292510986e-01
0.000000000000000000e+00 5.169824957847595215e-01
0.000000000000000000e+00 5.974345803260803223e-01
0.000000000000000000e+00 6.482116580009460449e-01
0.000000000000000000e+00 5.901132225990295410e-01
0.000000000000000000e+00 5.674045085906982422e-01
0.000000000000000000e+00 5.280482172966003418e-01
0.000000000000000000e+00 5.469111800193786621e-01
0.000000000000000000e+00 5.606684684753417969e-01
0.000000000000000000e+00 9.367161393165588379e-01
0.000000000000000000e+00 9.239820837974548340e-01
0.000000000000000000e+00 9.135815501213073730e-01
0.000000000000000000e+00 9.273459315299987793e-01
0.000000000000000000e+00 9.497849345207214355e-01
0.000000000000000000e+00 9.332482218742370605e-01
0.000000000000000000e+00 9.678232669830322266e-01
0.000000000000000000e+00 9.382203221321105957e-01
0.000000000000000000e+00 9.448806643486022949e-01
0.000000000000000000e+00 9.634959101676940918e-01
0.000000000000000000e+00 9.436873793601989746e-01
0.000000000000000000e+00 9.408699274063110352e-01
0.000000000000000000e+00 9.401298165321350098e-01
0.000000000000000000e+00 9.497137665748596191e-01
0.000000000000000000e+00 9.052518606185913086e-01
1.000000000000000000e+00 9.062770009040832520e-01
1.000000000000000000e+00 8.932532072067260742e-01
1.000000000000000000e+00 9.064745306968688965e-01
1.000000000000000000e+00 8.826260566711425781e-01
0.000000000000000000e+00 8.280388116836547852e-01
0.000000000000000000e+00 8.505071401596069336e-01
0.000000000000000000e+00 7.993573546409606934e-01
0.000000000000000000e+00 7.186379432678222656e-01
0.000000000000000000e+00 7.437928318977355957e-01
0.000000000000000000e+00 5.900392532348632812e-01
0.000000000000000000e+00 5.932195186614990234e-01
0.000000000000000000e+00 4.676890373229980469e-01
0.000000000000000000e+00 2.830259501934051514e-01
0.000000000000000000e+00 2.338513433933258057e-01
0.000000000000000000e+00 2.585158646106719971e-01
0.000000000000000000e+00 1.489397436380386353e-01
0.000000000000000000e+00 8.147399127483367920e-02
1.000000000000000000e+00 4.308492690324783325e-02
1.000000000000000000e+00 4.601661115884780884e-02
0.000000000000000000e+00 3.295653685927391052e-02
0.000000000000000000e+00 2.822176553308963776e-02
0.000000000000000000e+00 1.835708320140838623e-02
0.000000000000000000e+00 2.166881971061229706e-02
0.000000000000000000e+00 2.131235040724277496e-02
0.000000000000000000e+00 1.764201745390892029e-02
0.000000000000000000e+00 1.666007749736309052e-02
0.000000000000000000e+00 1.018309686332941055e-02
0.000000000000000000e+00 9.690055623650550842e-03
0.000000000000000000e+00 8.805988356471061707e-03
0.000000000000000000e+00 1.187516748905181885e-02
0.000000000000000000e+00 8.805992081761360168e-03
0.000000000000000000e+00 7.791045587509870529e-03
0.000000000000000000e+00 6.973562762141227722e-03
0.000000000000000000e+00 1.132547296583652496e-02
0.000000000000000000e+00 2.058261819183826447e-02
0.000000000000000000e+00 2.363515645265579224e-02
0.000000000000000000e+00 2.960825525224208832e-02
0.000000000000000000e+00 5.704778060317039490e-02
0.000000000000000000e+00 6.480176001787185669e-02
0.000000000000000000e+00 6.734359264373779297e-02
0.000000000000000000e+00 7.396037131547927856e-02
0.000000000000000000e+00 5.960578471422195435e-02
0.000000000000000000e+00 8.560980856418609619e-02
0.000000000000000000e+00 9.930955618619918823e-02
0.000000000000000000e+00 1.005762517452239990e-01
0.000000000000000000e+00 1.161429584026336670e-01
0.000000000000000000e+00 2.008804827928543091e-01
0.000000000000000000e+00 1.784362345933914185e-01
0.000000000000000000e+00 1.692210882902145386e-01
0.000000000000000000e+00 1.187621280550956726e-01
0.000000000000000000e+00 1.015884056687355042e-01
0.000000000000000000e+00 1.487143486738204956e-01
0.000000000000000000e+00 1.441531181335449219e-01
0.000000000000000000e+00 1.865450739860534668e-01
0.000000000000000000e+00 2.124541103839874268e-01
0.000000000000000000e+00 2.332466691732406616e-01
0.000000000000000000e+00 2.598615288734436035e-01
0.000000000000000000e+00 2.542110383510589600e-01
0.000000000000000000e+00 3.311820626258850098e-01
0.000000000000000000e+00 2.266295552253723145e-01
1.000000000000000000e+00 6.448380351066589355e-01
1.000000000000000000e+00 3.251706361770629883e-01
1.000000000000000000e+00 1.871806383132934570e-01
1.000000000000000000e+00 2.010561078786849976e-01
1.000000000000000000e+00 9.832791984081268311e-02
0.000000000000000000e+00 5.442117527127265930e-02
0.000000000000000000e+00 1.137538067996501923e-02
0.000000000000000000e+00 4.268122836947441101e-03
0.000000000000000000e+00 2.383984159678220749e-03
0.000000000000000000e+00 1.293664332479238510e-03
0.000000000000000000e+00 5.239157471805810928e-04
0.000000000000000000e+00 6.081139435991644859e-04
0.000000000000000000e+00 2.541098801884800196e-04
0.000000000000000000e+00 1.435738522559404373e-04
0.000000000000000000e+00 7.240497507154941559e-05
0.000000000000000000e+00 3.686957643367350101e-05
0.000000000000000000e+00 1.809232162486296147e-05
0.000000000000000000e+00 2.535892235755454749e-05
0.000000000000000000e+00 2.195690285589080304e-05
0.000000000000000000e+00 1.079583489627111703e-05
0.000000000000000000e+00 1.215514203067868948e-05
0.000000000000000000e+00 1.158765553554985672e-05
0.000000000000000000e+00 1.168904509540880099e-05
0.000000000000000000e+00 1.276880448131123558e-05
0.000000000000000000e+00 1.135270122176734731e-05
0.000000000000000000e+00 2.869903983082622290e-05
1.000000000000000000e+00 2.038088314293418080e-05
1.000000000000000000e+00 3.833713708445429802e-05
0.000000000000000000e+00 9.349887113785371184e-05
0.000000000000000000e+00 2.936851524282246828e-04
0.000000000000000000e+00 1.613948494195938110e-03
0.000000000000000000e+00 2.270300174131989479e-03
0.000000000000000000e+00 4.110216163098812103e-03
0.000000000000000000e+00 7.228669710457324982e-03
0.000000000000000000e+00 2.463546115905046463e-03
0.000000000000000000e+00 2.151757013052701950e-03
0.000000000000000000e+00 8.750894339755177498e-04
0.000000000000000000e+00 1.638376386836171150e-03
0.000000000000000000e+00 8.022082038223743439e-04
0.000000000000000000e+00 9.493640973232686520e-04
0.000000000000000000e+00 1.157418475486338139e-03
0.000000000000000000e+00 7.306502084247767925e-04
0.000000000000000000e+00 7.217309321276843548e-04
0.000000000000000000e+00 5.634728004224598408e-04
0.000000000000000000e+00 4.398372839204967022e-04
0.000000000000000000e+00 2.946013119071722031e-04
0.000000000000000000e+00 3.127025847788900137e-04
0.000000000000000000e+00 2.500644186511635780e-04
0.000000000000000000e+00 3.265612176619470119e-04
0.000000000000000000e+00 3.893274406436830759e-04
0.000000000000000000e+00 4.598252417054027319e-04
0.000000000000000000e+00 2.501097333151847124e-04
0.000000000000000000e+00 2.676812873687595129e-04
0.000000000000000000e+00 5.747275426983833313e-04
0.000000000000000000e+00 3.669283469207584858e-04
0.000000000000000000e+00 3.353382926434278488e-04
0.000000000000000000e+00 4.562215472105890512e-04
0.000000000000000000e+00 4.830239922739565372e-04
0.000000000000000000e+00 8.124626474454998970e-04
0.000000000000000000e+00 8.203259785659611225e-04
0.000000000000000000e+00 9.712837054394185543e-04
0.000000000000000000e+00 1.521598431281745434e-03
0.000000000000000000e+00 9.119765600189566612e-04
0.000000000000000000e+00 1.999218948185443878e-03
0.000000000000000000e+00 1.609238563105463982e-03
0.000000000000000000e+00 1.901549752801656723e-03
0.000000000000000000e+00 3.361903829500079155e-03
0.000000000000000000e+00 2.222404349595308304e-03
0.000000000000000000e+00 6.515584886074066162e-03
0.000000000000000000e+00 5.626008380204439163e-03
0.000000000000000000e+00 5.111177451908588409e-03
0.000000000000000000e+00 1.214400120079517365e-02
0.000000000000000000e+00 7.661483250558376312e-03
0.000000000000000000e+00 7.286345586180686951e-03
0.000000000000000000e+00 3.980503883212804794e-03
1.000000000000000000e+00 9.331066012382507324e-01
0.000000000000000000e+00 8.091587424278259277e-01
0.000000000000000000e+00 6.456590294837951660e-01
0.000000000000000000e+00 5.989750027656555176e-01
0.000000000000000000e+00 4.600695371627807617e-01
0.000000000000000000e+00 2.135736197233200073e-01
0.000000000000000000e+00 1.978003233671188354e-01
0.000000000000000000e+00 2.425167560577392578e-01
0.000000000000000000e+00 1.795847117900848389e-01
0.000000000000000000e+00 1.716608554124832153e-01
0.000000000000000000e+00 2.365129142999649048e-01
0.000000000000000000e+00 1.476046144962310791e-01
0.000000000000000000e+00 7.869768142700195312e-02
0.000000000000000000e+00 9.819535911083221436e-02
0.000000000000000000e+00 5.584626644849777222e-02
0.000000000000000000e+00 5.037638545036315918e-02
0.000000000000000000e+00 2.455609664320945740e-02
0.000000000000000000e+00 2.278954349458217621e-02
0.000000000000000000e+00 1.280505582690238953e-02
0.000000000000000000e+00 1.393229700624942780e-02
0.000000000000000000e+00 7.213366217911243439e-03
0.000000000000000000e+00 1.115931477397680283e-02
0.000000000000000000e+00 1.254874281585216522e-02
0.000000000000000000e+00 8.154810406267642975e-03
0.000000000000000000e+00 8.389369584619998932e-03
0.000000000000000000e+00 5.199647974222898483e-03
0.000000000000000000e+00 5.752184893935918808e-03
0.000000000000000000e+00 1.324675325304269791e-02
0.000000000000000000e+00 1.077600847929716110e-02
0.000000000000000000e+00 2.150385640561580658e-02
0.000000000000000000e+00 4.263356328010559082e-02
0.000000000000000000e+00 3.044197522103786469e-02
0.000000000000000000e+00 4.207992926239967346e-02
0.000000000000000000e+00 4.111136868596076965e-02
0.000000000000000000e+00 4.748464375734329224e-02
0.000000000000000000e+00 3.511311858892440796e-02
0.000000000000000000e+00 2.206332422792911530e-02
0.000000000000000000e+00 2.874042093753814697e-02
0.000000000000000000e+00 1.874089241027832031e-02
0.000000000000000000e+00 1.937057077884674072e-02
0.000000000000000000e+00 2.326933294534683228e-02
0.000000000000000000e+00 1.831611618399620056e-02
0.000000000000000000e+00 1.713797636330127716e-02
0.000000000000000000e+00 1.199034135788679123e-02
0.000000000000000000e+00 1.926699839532375336e-02
0.000000000000000000e+00 1.407838612794876099e-02
0.000000000000000000e+00 1.562220137566328049e-02
0.000000000000000000e+00 2.983732894062995911e-02
0.000000000000000000e+00 2.370423823595046997e-02
0.000000000000000000e+00 3.960464522242546082e-02
0.000000000000000000e+00 8.980323374271392822e-02
0.000000000000000000e+00 1.159866303205490112e-01
0.000000000000000000e+00 1.088023260235786438e-01
0.000000000000000000e+00 1.680680811405181885e-01
0.000000000000000000e+00 1.312860548496246338e-01
0.000000000000000000e+00 1.045670285820960999e-01
0.000000000000000000e+00 8.748788386583328247e-02
0.000000000000000000e+00 1.246329024434089661e-01
0.000000000000000000e+00 1.933172345161437988e-01
0.000000000000000000e+00 1.571638286113739014e-01
0.000000000000000000e+00 2.768889665603637695e-01
0.000000000000000000e+00 2.804521620273590088e-01
0.000000000000000000e+00 3.491111099720001221e-01
0.000000000000000000e+00 2.523382008075714111e-01
0.000000000000000000e+00 2.885450720787048340e-01
0.000000000000000000e+00 2.704345881938934326e-01
0.000000000000000000e+00 3.115267455577850342e-01
1.000000000000000000e+00 3.281643986701965332e-01
1.000000000000000000e+00 2.543061077594757080e-01
0.000000000000000000e+00 2.552348673343658447e-01
0.000000000000000000e+00 1.970999389886856079e-01
0.000000000000000000e+00 1.947390288114547729e-01
0.000000000000000000e+00 1.941506713628768921e-01
0.000000000000000000e+00 1.671754121780395508e-01
0.000000000000000000e+00 1.451950371265411377e-01
0.000000000000000000e+00 5.884723067283630371e-01
0.000000000000000000e+00 1.763565838336944580e-01
0.000000000000000000e+00 9.432931989431381226e-02
0.000000000000000000e+00 6.003519147634506226e-02
0.000000000000000000e+00 2.740298025310039520e-02
0.000000000000000000e+00 1.509258896112442017e-02
0.000000000000000000e+00 1.556162256747484207e-02
0.000000000000000000e+00 1.841931231319904327e-02
0.000000000000000000e+00 1.512915082275867462e-02
0.000000000000000000e+00 1.664070971310138702e-02
0.000000000000000000e+00 1.230318006128072739e-02
0.000000000000000000e+00 1.747931353747844696e-02
0.000000000000000000e+00 3.568364307284355164e-02
0.000000000000000000e+00 2.427566237747669220e-02
0.000000000000000000e+00 2.313811704516410828e-02
0.000000000000000000e+00 5.533203482627868652e-02
0.000000000000000000e+00 6.430164724588394165e-02
0.000000000000000000e+00 8.335125446319580078e-02
0.000000000000000000e+00 1.364993751049041748e-01
0.000000000000000000e+00 1.355582773685455322e-01
0.000000000000000000e+00 6.724111735820770264e-02
0.000000000000000000e+00 9.220116585493087769e-02
0.000000000000000000e+00 7.775079458951950073e-02
0.000000000000000000e+00 7.965032756328582764e-02
0.000000000000000000e+00 1.079179272055625916e-01
0.000000000000000000e+00 1.791849285364151001e-01
0.000000000000000000e+00 1.872813999652862549e-01
0.000000000000000000e+00 1.986582577228546143e-01
0.000000000000000000e+00 3.135092556476593018e-01
0.000000000000000000e+00 2.997232079505920410e-01
0.000000000000000000e+00 2.236786484718322754e-01
0.000000000000000000e+00 1.733242422342300415e-01
0.000000000000000000e+00 2.649367153644561768e-01
0.000000000000000000e+00 2.934218943119049072e-01
0.000000000000000000e+00 2.756330668926239014e-01
0.000000000000000000e+00 2.906630933284759521e-01
0.000000000000000000e+00 3.630236387252807617e-01
0.000000000000000000e+00 1.387603878974914551e-01
0.000000000000000000e+00 1.877279877662658691e-01
0.000000000000000000e+00 2.001352906227111816e-01
0.000000000000000000e+00 1.206794455647468567e-01
0.000000000000000000e+00 1.193385720252990723e-01
0.000000000000000000e+00 1.109264642000198364e-01
0.000000000000000000e+00 6.809087097644805908e-02
0.000000000000000000e+00 3.568551689386367798e-02
0.000000000000000000e+00 3.177631273865699768e-02
0.000000000000000000e+00 5.292345955967903137e-02
0.000000000000000000e+00 5.569085106253623962e-02
0.000000000000000000e+00 6.430144608020782471e-02
0.000000000000000000e+00 1.192822903394699097e-01
0.000000000000000000e+00 2.890593707561492920e-01
0.000000000000000000e+00 2.609001696109771729e-01
0.000000000000000000e+00 3.956706225872039795e-01
0.000000000000000000e+00 6.944757699966430664e-01
0.000000000000000000e+00 5.935710668563842773e-01
0.000000000000000000e+00 5.226805210113525391e-01
0.000000000000000000e+00 6.044154763221740723e-01
0.000000000000000000e+00 6.871223449707031250e-01
0.000000000000000000e+00 7.176501154899597168e-01
0.000000000000000000e+00 8.274912238121032715e-01
0.000000000000000000e+00 7.665561437606811523e-01
0.000000000000000000e+00 8.462514281272888184e-01
0.000000000000000000e+00 8.155362010002136230e-01
0.000000000000000000e+00 7.658197879791259766e-01
0.000000000000000000e+00 7.826743125915527344e-01
0.000000000000000000e+00 6.691098809242248535e-01
0.000000000000000000e+00 4.748722612857818604e-01
0.000000000000000000e+00 4.178047180175781250e-01
0.000000000000000000e+00 5.103555321693420410e-01
0.000000000000000000e+00 3.237217068672180176e-01
0.000000000000000000e+00 3.719021975994110107e-01
0.000000000000000000e+00 3.228785395622253418e-01
0.000000000000000000e+00 2.436408251523971558e-01
0.000000000000000000e+00 1.209773644804954529e-01
0.000000000000000000e+00 1.213719397783279419e-01
0.000000000000000000e+00 1.100066229701042175e-01
0.000000000000000000e+00 6.731161475181579590e-02
0.000000000000000000e+00 3.288754448294639587e-02
0.000000000000000000e+00 3.675011545419692993e-02
0.000000000000000000e+00 8.934635668992996216e-03
0.000000000000000000e+00 4.783696029335260391e-03
0.000000000000000000e+00 6.272588856518268585e-03
0.000000000000000000e+00 4.071481060236692429e-03
0.000000000000000000e+00 5.692651029676198959e-04
0.000000000000000000e+00 4.877732135355472565e-04
0.000000000000000000e+00 2.670885878615081310e-04
0.000000000000000000e+00 2.025276189669966698e-04
0.000000000000000000e+00 8.076366793829947710e-05
0.000000000000000000e+00 7.278531847987323999e-05
0.000000000000000000e+00 9.130103717325255275e-05
0.000000000000000000e+00 7.214473589556291699e-05
0.000000000000000000e+00 7.799187005730345845e-05
0.000000000000000000e+00 6.455297989305108786e-05
0.000000000000000000e+00 7.855841249693185091e-05
0.000000000000000000e+00 1.296752161579206586e-04
0.000000000000000000e+00 2.091008936986327171e-04
0.000000000000000000e+00 2.319485647603869438e-04
0.000000000000000000e+00 1.074436237104237080e-03
0.000000000000000000e+00 1.362428418360650539e-03
0.000000000000000000e+00 1.476411125622689724e-03
0.000000000000000000e+00 3.451416734606027603e-03
0.000000000000000000e+00 6.275142543017864227e-03
0.000000000000000000e+00 7.277207914739847183e-03
0.000000000000000000e+00 4.645202774554491043e-03
0.000000000000000000e+00 6.941441446542739868e-03
0.000000000000000000e+00 3.273379290476441383e-03
0.000000000000000000e+00 5.139252636581659317e-03
0.000000000000000000e+00 2.866183873265981674e-03
0.000000000000000000e+00 5.194256547838449478e-03
0.000000000000000000e+00 4.318854305893182755e-03
0.000000000000000000e+00 2.092577284201979637e-03
0.000000000000000000e+00 2.345564775168895721e-03
0.000000000000000000e+00 2.353132003918290138e-03
0.000000000000000000e+00 1.875915098935365677e-03
0.000000000000000000e+00 1.946340198628604412e-03
0.000000000000000000e+00 1.243614358827471733e-03
0.000000000000000000e+00 1.491367234848439693e-03
0.000000000000000000e+00 1.274726935662329197e-03
0.000000000000000000e+00 1.702443696558475494e-03
0.000000000000000000e+00 1.215262338519096375e-03
0.000000000000000000e+00 9.537947480566799641e-04
0.000000000000000000e+00 7.147176656872034073e-04
0.000000000000000000e+00 1.845687511377036572e-03
0.000000000000000000e+00 3.745385212823748589e-03
0.000000000000000000e+00 2.828069729730486870e-03
0.000000000000000000e+00 2.102819504216313362e-03
0.000000000000000000e+00 3.905227640643715858e-03
0.000000000000000000e+00 6.250330246984958649e-03
0.000000000000000000e+00 5.038720555603504181e-03
0.000000000000000000e+00 7.427553646266460419e-03
0.000000000000000000e+00 7.062330842018127441e-03
0.000000000000000000e+00 7.759684696793556213e-03
0.000000000000000000e+00 1.960454694926738739e-02
0.000000000000000000e+00 1.730763539671897888e-02
0.000000000000000000e+00 3.271739557385444641e-02
0.000000000000000000e+00 3.039681352674961090e-02
0.000000000000000000e+00 4.166356101632118225e-02
0.000000000000000000e+00 4.047835245728492737e-02
0.000000000000000000e+00 3.635649383068084717e-02
0.000000000000000000e+00 4.464729875326156616e-02
0.000000000000000000e+00 4.781196638941764832e-02
0.000000000000000000e+00 8.526008576154708862e-02
1.000000000000000000e+00 5.934154987335205078e-02
0.000000000000000000e+00 6.586848944425582886e-02
0.000000000000000000e+00 4.463562369346618652e-02
0.000000000000000000e+00 4.972241446375846863e-02
0.000000000000000000e+00 7.373391836881637573e-02
0.000000000000000000e+00 6.681013852357864380e-02
0.000000000000000000e+00 2.208409644663333893e-02
0.000000000000000000e+00 3.138380125164985657e-02
1.000000000000000000e+00 9.796893000602722168e-01
1.000000000000000000e+00 9.764391183853149414e-01
1.000000000000000000e+00 9.716123938560485840e-01
1.000000000000000000e+00 9.600193500518798828e-01
0.000000000000000000e+00 9.531734585762023926e-01
0.000000000000000000e+00 8.622279763221740723e-01
0.000000000000000000e+00 7.843289971351623535e-01
0.000000000000000000e+00 5.761724114418029785e-01
0.000000000000000000e+00 1.938972920179367065e-01
0.000000000000000000e+00 1.519221067428588867e-01
0.000000000000000000e+00 1.313776224851608276e-01
0.000000000000000000e+00 4.568501561880111694e-02
0.000000000000000000e+00 1.884074881672859192e-02
0.000000000000000000e+00 2.339296042919158936e-02
0.000000000000000000e+00 4.477242473512887955e-03
0.000000000000000000e+00 4.883382469415664673e-03
0.000000000000000000e+00 3.934917505830526352e-03
0.000000000000000000e+00 2.579903928562998772e-03
0.000000000000000000e+00 1.676863175816833973e-03
0.000000000000000000e+00 1.902435207739472389e-03
0.000000000000000000e+00 1.476506004109978676e-03
0.000000000000000000e+00 1.453175442293286324e-03
0.000000000000000000e+00 1.154333353042602539e-03
0.000000000000000000e+00 1.434792764484882355e-03
0.000000000000000000e+00 1.717925886623561382e-03
0.000000000000000000e+00 1.813069451600313187e-03
0.000000000000000000e+00 1.479508122429251671e-03
0.000000000000000000e+00 2.679355442523956299e-03
0.000000000000000000e+00 2.877424471080303192e-03
0.000000000000000000e+00 8.575713261961936951e-03
0.000000000000000000e+00 1.004190184175968170e-02
0.000000000000000000e+00 1.329086627811193466e-02
0.000000000000000000e+00 1.886556483805179596e-02
0.000000000000000000e+00 2.414836734533309937e-02
0.000000000000000000e+00 2.791634574532508850e-02
0.000000000000000000e+00 4.313935339450836182e-02
0.000000000000000000e+00 3.975141793489456177e-02
0.000000000000000000e+00 3.431104496121406555e-02
0.000000000000000000e+00 6.882520020008087158e-02
0.000000000000000000e+00 5.761677026748657227e-02
0.000000000000000000e+00 6.419687718152999878e-02
0.000000000000000000e+00 3.438785672187805176e-02
0.000000000000000000e+00 4.550212249159812927e-02
0.000000000000000000e+00 7.460797578096389771e-02
0.000000000000000000e+00 5.310627073049545288e-02
0.000000000000000000e+00 5.932978540658950806e-02
0.000000000000000000e+00 3.084124252200126648e-02
0.000000000000000000e+00 4.776950180530548096e-02
0.000000000000000000e+00 5.142509564757347107e-02
0.000000000000000000e+00 9.093187004327774048e-02
0.000000000000000000e+00 1.038012653589248657e-01
0.000000000000000000e+00 8.848853409290313721e-02
0.000000000000000000e+00 1.336838006973266602e-01
0.000000000000000000e+00 1.889177858829498291e-01
0.000000000000000000e+00 1.487134248018264771e-01
0.000000000000000000e+00 2.155862599611282349e-01
0.000000000000000000e+00 1.991542726755142212e-01
0.000000000000000000e+00 1.794341206550598145e-01
0.000000000000000000e+00 4.116033911705017090e-01
0.000000000000000000e+00 3.675085902214050293e-01
0.000000000000000000e+00 2.701443135738372803e-01
0.000000000000000000e+00 5.227999687194824219e-01
0.000000000000000000e+00 4.807812571525573730e-01
0.000000000000000000e+00 5.124328136444091797e-01
0.000000000000000000e+00 5.327613949775695801e-01
0.000000000000000000e+00 3.778995573520660400e-01
0.000000000000000000e+00 6.193737387657165527e-01
0.000000000000000000e+00 6.035934090614318848e-01
0.000000000000000000e+00 5.102816820144653320e-01
0.000000000000000000e+00 5.451700091361999512e-01
0.000000000000000000e+00 4.240249991416931152e-01
0.000000000000000000e+00 5.089374184608459473e-01
0.000000000000000000e+00 4.465082287788391113e-01
0.000000000000000000e+00 2.930243313312530518e-01
0.000000000000000000e+00 3.152558207511901855e-01
0.000000000000000000e+00 4.785326123237609863e-01
0.000000000000000000e+00 3.814215064048767090e-01
0.000000000000000000e+00 2.606078982353210449e-01
0.000000000000000000e+00 1.852222532033920288e-01
0.000000000000000000e+00 2.489197105169296265e-01
0.000000000000000000e+00 2.025119960308074951e-01
0.000000000000000000e+00 1.800935715436935425e-01
0.000000000000000000e+00 1.671070158481597900e-01
0.000000000000000000e+00 1.613732874393463135e-01
0.000000000000000000e+00 1.547397971153259277e-01
0.000000000000000000e+00 1.156576275825500488e-01
0.000000000000000000e+00 1.308932304382324219e-01
0.000000000000000000e+00 1.399098187685012817e-01
0.000000000000000000e+00 8.831480145454406738e-02
0.000000000000000000e+00 7.290536910295486450e-02
0.000000000000000000e+00 8.546911180019378662e-02
0.000000000000000000e+00 8.295550197362899780e-02
0.000000000000000000e+00 6.594815105199813843e-02
0.000000000000000000e+00 5.513154715299606323e-02
0.000000000000000000e+00 5.406346172094345093e-02
0.000000000000000000e+00 5.886722728610038757e-02
0.000000000000000000e+00 5.888476595282554626e-02
0.000000000000000000e+00 7.713208347558975220e-02
0.000000000000000000e+00 5.819609016180038452e-02
0.000000000000000000e+00 1.044974923133850098e-01
0.000000000000000000e+00 1.116995289921760559e-01
0.000000000000000000e+00 1.097906827926635742e-01
0.000000000000000000e+00 1.772174984216690063e-01
0.000000000000000000e+00 1.685022562742233276e-01
0.000000000000000000e+00 1.540361344814300537e-01
0.000000000000000000e+00 1.310690790414810181e-01
0.000000000000000000e+00 1.475834101438522339e-01
0.000000000000000000e+00 1.240700706839561462e-01
0.000000000000000000e+00 1.025316864252090454e-01
0.000000000000000000e+00 8.879345655441284180e-02
0.000000000000000000e+00 6.523730605840682983e-02
0.000000000000000000e+00 7.009581476449966431e-02
0.000000000000000000e+00 6.568583846092224121e-02
0.000000000000000000e+00 4.657357558608055115e-02
0.000000000000000000e+00 3.282737731933593750e-02
0.000000000000000000e+00 3.667072206735610962e-02
0.000000000000000000e+00 3.639283031225204468e-02
0.000000000000000000e+00 4.476440325379371643e-02
0.000000000000000000e+00 3.951740637421607971e-02
0.000000000000000000e+00 3.288973495364189148e-02
0.000000000000000000e+00 2.037062868475914001e-02
0.000000000000000000e+00 9.706312790513038635e-03
0.000000000000000000e+00 8.595126681029796600e-03
0.000000000000000000e+00 1.006001606583595276e-02
0.000000000000000000e+00 1.437911111861467361e-02
0.000000000000000000e+00 2.168231830000877380e-02
0.000000000000000000e+00 4.034617170691490173e-02
0.000000000000000000e+00 2.914910204708576202e-02
0.000000000000000000e+00 3.749810159206390381e-02
0.000000000000000000e+00 4.167770221829414368e-02
0.000000000000000000e+00 2.556901052594184875e-02
0.000000000000000000e+00 2.845686115324497223e-02
0.000000000000000000e+00 2.909889072179794312e-02
0.000000000000000000e+00 3.838487342000007629e-02
0.000000000000000000e+00 4.744991660118103027e-02
1.000000000000000000e+00 4.961999133229255676e-02
1.000000000000000000e+00 5.437361821532249451e-02
0.000000000000000000e+00 5.939696729183197021e-02
0.000000000000000000e+00 8.530217409133911133e-02
0.000000000000000000e+00 8.760116249322891235e-02
0.000000000000000000e+00 1.671726852655410767e-01
0.000000000000000000e+00 2.104355394840240479e-01
0.000000000000000000e+00 2.125884890556335449e-01
0.000000000000000000e+00 4.241926074028015137e-01
0.000000000000000000e+00 4.027020633220672607e-01
0.000000000000000000e+00 5.489089488983154297e-01
0.000000000000000000e+00 5.446126461029052734e-01
0.000000000000000000e+00 4.998728334903717041e-01
0.000000000000000000e+00 4.971771836280822754e-01
0.000000000000000000e+00 5.062302350997924805e-01
