0.000000000000000000e+00 2.229719795286655426e-02
0.000000000000000000e+00 3.044006973505020142e-02
0.000000000000000000e+00 9.250668808817863464e-03
0.000000000000000000e+00 1.867801696062088013e-02
0.000000000000000000e+00 8.075860328972339630e-03
0.000000000000000000e+00 1.040389575064182281e-02
0.000000000000000000e+00 6.462409161031246185e-03
0.000000000000000000e+00 4.555534105747938156e-03
0.000000000000000000e+00 4.476073663681745529e-03
0.000000000000000000e+00 4.791934508830308914e-03
0.000000000000000000e+00 8.381610736250877380e-03
0.000000000000000000e+00 1.116761821322143078e-03
0.000000000000000000e+00 2.408670028671622276e-03
0.000000000000000000e+00 1.415668404661118984e-03
0.000000000000000000e+00 3.233102383092045784e-03
0.000000000000000000e+00 2.343076746910810471e-03
0.000000000000000000e+00 4.658208694308996201e-03
0.000000000000000000e+00 1.711124903522431850e-03
0.000000000000000000e+00 4.873176570981740952e-03
0.000000000000000000e+00 5.916103255003690720e-03
0.000000000000000000e+00 8.279773406684398651e-03
0.000000000000000000e+00 1.197281386703252792e-02
0.000000000000000000e+00 1.045655738562345505e-02
1.000000000000000000e+00 6.133401766419410706e-03
1.000000000000000000e+00 1.558615639805793762e-02
1.000000000000000000e+00 1.037540100514888763e-02
1.000000000000000000e+00 1.701107807457447052e-02
1.000000000000000000e+00 7.959363050758838654e-03
1.000000000000000000e+00 8.144222199916839600e-03
1.000000000000000000e+00 3.527041524648666382e-03
1.000000000000000000e+00 2.198050962761044502e-03
0.000000000000000000e+00 1.182135776616632938e-03
0.000000000000000000e+00 8.131964714266359806e-04
0.000000000000000000e+00 1.396432868205010891e-03
0.000000000000000000e+00 1.407590927556157112e-03
0.000000000000000000e+00 4.749282961711287498e-04
0.000000000000000000e+00 9.783556452021002769e-04
0.000000000000000000e+00 3.650954458862543106e-04
0.000000000000000000e+00 7.906729297246783972e-05
0.000000000000000000e+00 1.562006946187466383e-04
0.000000000000000000e+00 3.697340798680670559e-05
0.000000000000000000e+00 2.666710861376486719e-05
0.000000000000000000e+00 2.192256761190947145e-05
0.000000000000000000e+00 1.065960532287135720e-05
0.000000000000000000e+00 6.262686838454101235e-06
0.000000000000000000e+00 5.811195478599984199e-06
0.000000000000000000e+00 2.225673824796103872e-06
0.000000000000000000e+00 4.176029051450314000e-06
0.000000000000000000e+00 6.607569503103150055e-06
0.000000000000000000e+00 1.083391362044494599e-05
0.000000000000000000e+00 1.028701171890133992e-05
0.000000000000000000e+00 2.775120083242654800e-05
0.000000000000000000e+00 5.186123598832637072e-05
0.000000000000000000e+00 1.666721800575032830e-04
0.000000000000000000e+00 4.993653274141252041e-04
0.000000000000000000e+00 1.582928234711289406e-03
0.000000000000000000e+00 2.420773264020681381e-03
0.000000000000000000e+00 6.348624359816312790e-03
0.000000000000000000e+00 1.952152885496616364e-02
0.000000000000000000e+00 5.555096268653869629e-02
0.000000000000000000e+00 3.969632461667060852e-02
0.000000000000000000e+00 9.528862684965133667e-02
0.000000000000000000e+00 1.440410763025283813e-01
0.000000000000000000e+00 2.547190785408020020e-01
0.000000000000000000e+00 3.148570656776428223e-01
0.000000000000000000e+00 3.836220800876617432e-01
0.000000000000000000e+00 3.821727931499481201e-01
0.000000000000000000e+00 4.860191047191619873e-01
0.000000000000000000e+00 4.836872816085815430e-01
0.000000000000000000e+00 4.998934566974639893e-01
0.000000000000000000e+00 4.824636578559875488e-01
0.000000000000000000e+00 4.135373234748840332e-01
0.000000000000000000e+00 4.351457357406616211e-01
0.000000000000000000e+00 3.859041333198547363e-01
0.000000000000000000e+00 3.761677145957946777e-01
0.000000000000000000e+00 6.758362650871276855e-01
0.000000000000000000e+00 8.132272958755493164e-01
0.000000000000000000e+00 7.515776753425598145e-01
0.000000000000000000e+00 9.035285115242004395e-01
0.000000000000000000e+00 9.003238081932067871e-01
0.000000000000000000e+00 9.137336015701293945e-01
0.000000000000000000e+00 9.241498708724975586e-01
0.000000000000000000e+00 8.985344767570495605e-01
0.000000000000000000e+00 8.784790635108947754e-01
0.000000000000000000e+00 8.912852406501770020e-01
0.000000000000000000e+00 8.592509031295776367e-01
0.000000000000000000e+00 8.737832307815551758e-01
0.000000000000000000e+00 8.791473507881164551e-01
0.000000000000000000e+00 8.374570608139038086e-01
0.000000000000000000e+00 8.551746010780334473e-01
1.000000000000000000e+00 7.914541959762573242e-01
1.000000000000000000e+00 8.077805042266845703e-01
1.000000000000000000e+00 8.420670628547668457e-01
1.000000000000000000e+00 7.960208058357238770e-01
0.000000000000000000e+00 7.708836793899536133e-01
0.000000000000000000e+00 7.497637867927551270e-01
0.000000000000000000e+00 6.565815210342407227e-01
0.000000000000000000e+00 6.082738637924194336e-01
0.000000000000000000e+00 5.300890803337097168e-01
0.000000000000000000e+00 5.232726931571960449e-01
0.000000000000000000e+00 3.593871593475341797e-01
0.000000000000000000e+00 2.780154347419738770e-01
0.000000000000000000e+00 2.131164520978927612e-01
0.000000000000000000e+00 1.386713683605194092e-01
0.000000000000000000e+00 8.706290274858474731e-02
0.000000000000000000e+00 6.880707293748855591e-02
0.000000000000000000e+00 2.913604862987995148e-02
1.000000000000000000e+00 1.356502622365951538e-02
1.000000000000000000e+00 8.397419005632400513e-03
0.000000000000000000e+00 4.493974614888429642e-03
0.000000000000000000e+00 2.131796209141612053e-03
0.000000000000000000e+00 2.334948163479566574e-03
0.000000000000000000e+00 2.618651138618588448e-03
0.000000000000000000e+00 1.417843392118811607e-03
0.000000000000000000e+00 2.381684258580207825e-03
0.000000000000000000e+00 2.135565737262368202e-03
0.000000000000000000e+00 2.052081050351262093e-03
0.000000000000000000e+00 1.650945050641894341e-03
0.000000000000000000e+00 2.031452022492885590e-03
0.000000000000000000e+00 4.629898350685834885e-03
0.000000000000000000e+00 3.739309962838888168e-03
0.000000000000000000e+00 6.516918074339628220e-03
0.000000000000000000e+00 5.452358629554510117e-03
0.000000000000000000e+00 9.685361757874488831e-03
0.000000000000000000e+00 1.109176222234964371e-02
0.000000000000000000e+00 1.688931323587894440e-02
0.000000000000000000e+00 3.150621056556701660e-02
0.000000000000000000e+00 4.378076270222663879e-02
0.000000000000000000e+00 9.045200794935226440e-02
0.000000000000000000e+00 8.087688684463500977e-02
0.000000000000000000e+00 9.816479682922363281e-02
0.000000000000000000e+00 1.001874133944511414e-01
0.000000000000000000e+00 1.642832756042480469e-01
0.000000000000000000e+00 1.193749308586120605e-01
0.000000000000000000e+00 1.721208989620208740e-01
0.000000000000000000e+00 1.926102936267852783e-01
0.000000000000000000e+00 1.370158046483993530e-01
0.000000000000000000e+00 1.323252618312835693e-01
0.000000000000000000e+00 1.559107750654220581e-01
0.000000000000000000e+00 1.728429347276687622e-01
0.000000000000000000e+00 2.268271297216415405e-01
0.000000000000000000e+00 2.032471001148223877e-01
0.000000000000000000e+00 2.663268744945526123e-01
0.000000000000000000e+00 2.888242304325103760e-01
0.000000000000000000e+00 2.755217850208282471e-01
0.000000000000000000e+00 3.231526613235473633e-01
0.000000000000000000e+00 3.546975255012512207e-01
0.000000000000000000e+00 3.421175777912139893e-01
0.000000000000000000e+00 4.031803905963897705e-01
0.000000000000000000e+00 4.004611074924468994e-01
1.000000000000000000e+00 5.093585252761840820e-01
1.000000000000000000e+00 3.058151006698608398e-01
1.000000000000000000e+00 1.157991141080856323e-01
1.000000000000000000e+00 8.146315068006515503e-02
1.000000000000000000e+00 7.306916266679763794e-02
0.000000000000000000e+00 4.583354666829109192e-02
0.000000000000000000e+00 1.985280774533748627e-02
0.000000000000000000e+00 1.655884459614753723e-02
0.000000000000000000e+00 1.709194108843803406e-02
0.000000000000000000e+00 9.347660467028617859e-03
0.000000000000000000e+00 5.868951790034770966e-03
0.000000000000000000e+00 2.342974068596959114e-03
0.000000000000000000e+00 1.688185264356434345e-03
0.000000000000000000e+00 1.387293916195631027e-03
0.000000000000000000e+00 5.564552266150712967e-04
0.000000000000000000e+00 4.925146349705755711e-04
0.000000000000000000e+00 5.958700785413384438e-04
0.000000000000000000e+00 2.431999309919774532e-04
0.000000000000000000e+00 2.220275637228041887e-04
0.000000000000000000e+00 2.197584253735840321e-04
0.000000000000000000e+00 1.386633666697889566e-04
0.000000000000000000e+00 1.329759834334254265e-04
0.000000000000000000e+00 1.350504462607204914e-04
0.000000000000000000e+00 1.125889029935933650e-04
0.000000000000000000e+00 1.074699175660498440e-04
0.000000000000000000e+00 1.051675062626600266e-04
1.000000000000000000e+00 1.052048100973479450e-04
1.000000000000000000e+00 1.758900762069970369e-04
0.000000000000000000e+00 3.844135790131986141e-04
0.000000000000000000e+00 5.474607460200786591e-04
0.000000000000000000e+00 1.741515821777284145e-03
0.000000000000000000e+00 1.978301210328936577e-03
0.000000000000000000e+00 1.746075227856636047e-03
0.000000000000000000e+00 2.412155736237764359e-03
0.000000000000000000e+00 2.251382218673825264e-03
0.000000000000000000e+00 1.925225951708853245e-03
0.000000000000000000e+00 1.661703921854496002e-03
0.000000000000000000e+00 1.079361652955412865e-03
0.000000000000000000e+00 1.342053757980465889e-03
0.000000000000000000e+00 1.160537940450012684e-03
0.000000000000000000e+00 1.406080322340130806e-03
0.000000000000000000e+00 1.130372867919504642e-03
0.000000000000000000e+00 8.244200726039707661e-04
0.000000000000000000e+00 7.222579442895948887e-04
0.000000000000000000e+00 6.462799501605331898e-04
0.000000000000000000e+00 6.156343733891844749e-04
0.000000000000000000e+00 8.843164541758596897e-04
0.000000000000000000e+00 1.115605002269148827e-03
0.000000000000000000e+00 1.235127798281610012e-03
0.000000000000000000e+00 8.787764818407595158e-04
0.000000000000000000e+00 8.672460098750889301e-04
0.000000000000000000e+00 7.887358660809695721e-04
0.000000000000000000e+00 1.025929115712642670e-03
0.000000000000000000e+00 1.199825550429522991e-03
0.000000000000000000e+00 9.500277228653430939e-04
0.000000000000000000e+00 1.212757662869989872e-03
0.000000000000000000e+00 8.385936380364000797e-04
0.000000000000000000e+00 1.461821026168763638e-03
0.000000000000000000e+00 1.762019004672765732e-03
0.000000000000000000e+00 1.283644698560237885e-03
0.000000000000000000e+00 1.665711286477744579e-03
0.000000000000000000e+00 1.324814162217080593e-03
0.000000000000000000e+00 1.714435056783258915e-03
0.000000000000000000e+00 1.856845221482217312e-03
0.000000000000000000e+00 1.210069051012396812e-03
0.000000000000000000e+00 1.399919507093727589e-03
0.000000000000000000e+00 2.137725008651614189e-03
0.000000000000000000e+00 1.856740796938538551e-03
0.000000000000000000e+00 3.892901120707392693e-03
0.000000000000000000e+00 2.914707642048597336e-03
0.000000000000000000e+00 2.697120187804102898e-03
0.000000000000000000e+00 3.144878894090652466e-03
0.000000000000000000e+00 3.071112791076302528e-03
0.000000000000000000e+00 3.517919685691595078e-03
0.000000000000000000e+00 4.027707967907190323e-03
1.000000000000000000e+00 9.139060974121093750e-01
0.000000000000000000e+00 8.833383917808532715e-01
0.000000000000000000e+00 7.990245223045349121e-01
0.000000000000000000e+00 7.580807209014892578e-01
0.000000000000000000e+00 7.383330464363098145e-01
0.000000000000000000e+00 5.282218456268310547e-01
0.000000000000000000e+00 4.839398860931396484e-01
0.000000000000000000e+00 4.700107574462890625e-01
0.000000000000000000e+00 4.028637707233428955e-01
0.000000000000000000e+00 2.642104029655456543e-01
0.000000000000000000e+00 1.344566941261291504e-01
0.000000000000000000e+00 1.630109548568725586e-01
0.000000000000000000e+00 1.106821373105049133e-01
0.000000000000000000e+00 8.880750089883804321e-02
0.000000000000000000e+00 5.561029911041259766e-02
0.000000000000000000e+00 3.414084389805793762e-02
0.000000000000000000e+00 3.266793489456176758e-02
0.000000000000000000e+00 3.613382950425148010e-02
0.000000000000000000e+00 4.316147789359092712e-02
0.000000000000000000e+00 3.013586252927780151e-02
0.000000000000000000e+00 3.817353025078773499e-02
0.000000000000000000e+00 4.161630570888519287e-02
0.000000000000000000e+00 5.049043521285057068e-02
0.000000000000000000e+00 6.034994870424270630e-02
0.000000000000000000e+00 4.205386713147163391e-02
0.000000000000000000e+00 4.034470021724700928e-02
0.000000000000000000e+00 2.834047935903072357e-02
0.000000000000000000e+00 3.608170151710510254e-02
0.000000000000000000e+00 5.011902377009391785e-02
0.000000000000000000e+00 5.467501282691955566e-02
0.000000000000000000e+00 5.898785591125488281e-02
0.000000000000000000e+00 7.412466406822204590e-02
0.000000000000000000e+00 1.004547402262687683e-01
0.000000000000000000e+00 6.547488272190093994e-02
0.000000000000000000e+00 9.619176387786865234e-02
0.000000000000000000e+00 5.878385156393051147e-02
0.000000000000000000e+00 5.330424755811691284e-02
0.000000000000000000e+00 4.421181231737136841e-02
0.000000000000000000e+00 3.265906125307083130e-02
0.000000000000000000e+00 3.695030137896537781e-02
0.000000000000000000e+00 4.682819545269012451e-02
0.000000000000000000e+00 5.134272202849388123e-02
0.000000000000000000e+00 3.300630673766136169e-02
0.000000000000000000e+00 3.282051533460617065e-02
0.000000000000000000e+00 2.930323593318462372e-02
0.000000000000000000e+00 2.002688497304916382e-02
0.000000000000000000e+00 4.185171052813529968e-02
0.000000000000000000e+00 3.586922958493232727e-02
0.000000000000000000e+00 4.636582732200622559e-02
0.000000000000000000e+00 4.960437491536140442e-02
0.000000000000000000e+00 5.529738590121269226e-02
0.000000000000000000e+00 1.037257239222526550e-01
0.000000000000000000e+00 1.095152273774147034e-01
0.000000000000000000e+00 9.920833259820938110e-02
0.000000000000000000e+00 1.233610436320304871e-01
0.000000000000000000e+00 1.015002876520156860e-01
0.000000000000000000e+00 1.362563520669937134e-01
0.000000000000000000e+00 1.661296486854553223e-01
0.000000000000000000e+00 1.509919017553329468e-01
0.000000000000000000e+00 1.980318874120712280e-01
0.000000000000000000e+00 1.943972110748291016e-01
0.000000000000000000e+00 1.927224546670913696e-01
0.000000000000000000e+00 2.187365293502807617e-01
0.000000000000000000e+00 2.386406213045120239e-01
0.000000000000000000e+00 2.373041808605194092e-01
0.000000000000000000e+00 2.738914489746093750e-01
0.000000000000000000e+00 2.081099003553390503e-01
1.000000000000000000e+00 1.524615287780761719e-01
1.000000000000000000e+00 1.515702158212661743e-01
0.000000000000000000e+00 1.329674869775772095e-01
0.000000000000000000e+00 8.174820989370346069e-02
0.000000000000000000e+00 5.772891640663146973e-02
0.000000000000000000e+00 6.737291812896728516e-02
0.000000000000000000e+00 5.233888328075408936e-02
0.000000000000000000e+00 4.093154892325401306e-02
0.000000000000000000e+00 8.774870038032531738e-01
0.000000000000000000e+00 6.744228005409240723e-01
0.000000000000000000e+00 2.559117078781127930e-01
0.000000000000000000e+00 1.799425333738327026e-01
0.000000000000000000e+00 1.007685437798500061e-01
0.000000000000000000e+00 7.280816882848739624e-02
0.000000000000000000e+00 5.692419409751892090e-02
0.000000000000000000e+00 1.793735846877098083e-02
0.000000000000000000e+00 2.592388726770877838e-02
0.000000000000000000e+00 2.042791433632373810e-02
0.000000000000000000e+00 2.283606491982936859e-02
0.000000000000000000e+00 3.528207540512084961e-02
0.000000000000000000e+00 2.475988864898681641e-02
0.000000000000000000e+00 8.361932821571826935e-03
0.000000000000000000e+00 1.264564506709575653e-02
0.000000000000000000e+00 1.320764236152172089e-02
0.000000000000000000e+00 1.663118414580821991e-02
0.000000000000000000e+00 2.202580124139785767e-02
0.000000000000000000e+00 1.620568521320819855e-02
0.000000000000000000e+00 1.689251884818077087e-02
0.000000000000000000e+00 3.614094853401184082e-02
0.000000000000000000e+00 5.136331543326377869e-02
0.000000000000000000e+00 4.810452088713645935e-02
0.000000000000000000e+00 9.247396886348724365e-02
0.000000000000000000e+00 6.747896969318389893e-02
0.000000000000000000e+00 8.156868070363998413e-02
0.000000000000000000e+00 6.983368098735809326e-02
0.000000000000000000e+00 1.105431467294692993e-01
0.000000000000000000e+00 7.128062844276428223e-02
0.000000000000000000e+00 8.124183118343353271e-02
0.000000000000000000e+00 1.448550671339035034e-01
0.000000000000000000e+00 1.240170001983642578e-01
0.000000000000000000e+00 1.412443518638610840e-01
0.000000000000000000e+00 2.538972795009613037e-01
0.000000000000000000e+00 1.650299727916717529e-01
0.000000000000000000e+00 9.961465001106262207e-02
0.000000000000000000e+00 7.709754258394241333e-02
0.000000000000000000e+00 5.775374174118041992e-02
0.000000000000000000e+00 7.278126478195190430e-02
0.000000000000000000e+00 8.845368772745132446e-02
0.000000000000000000e+00 6.760270893573760986e-02
0.000000000000000000e+00 6.427333503961563110e-02
0.000000000000000000e+00 7.787656038999557495e-02
0.000000000000000000e+00 6.918379664421081543e-02
0.000000000000000000e+00 5.997112765908241272e-02
0.000000000000000000e+00 1.382043510675430298e-01
0.000000000000000000e+00 1.062447950243949890e-01
0.000000000000000000e+00 1.134503036737442017e-01
0.000000000000000000e+00 1.589404195547103882e-01
0.000000000000000000e+00 2.169024646282196045e-01
0.000000000000000000e+00 3.013410568237304688e-01
0.000000000000000000e+00 4.531883001327514648e-01
0.000000000000000000e+00 3.715239763259887695e-01
0.000000000000000000e+00 5.041279792785644531e-01
0.000000000000000000e+00 5.076941847801208496e-01
0.000000000000000000e+00 5.264799594879150391e-01
0.000000000000000000e+00 5.431205630302429199e-01
0.000000000000000000e+00 5.991641879081726074e-01
0.000000000000000000e+00 5.299339890480041504e-01
0.000000000000000000e+00 6.095045208930969238e-01
0.000000000000000000e+00 6.526832580566406250e-01
0.000000000000000000e+00 7.188113331794738770e-01
0.000000000000000000e+00 6.521233320236206055e-01
0.000000000000000000e+00 6.839318275451660156e-01
0.000000000000000000e+00 6.433801651000976562e-01
0.000000000000000000e+00 7.172930240631103516e-01
0.000000000000000000e+00 6.895731091499328613e-01
0.000000000000000000e+00 6.828209757804870605e-01
0.000000000000000000e+00 6.584978699684143066e-01
0.000000000000000000e+00 6.316574215888977051e-01
0.000000000000000000e+00 6.885275840759277344e-01
0.000000000000000000e+00 5.457572340965270996e-01
0.000000000000000000e+00 4.347502291202545166e-01
0.000000000000000000e+00 4.279915988445281982e-01
0.000000000000000000e+00 3.833532929420471191e-01
0.000000000000000000e+00 6.577643752098083496e-02
0.000000000000000000e+00 3.974759578704833984e-02
0.000000000000000000e+00 2.722513861954212189e-02
0.000000000000000000e+00 1.404265686869621277e-02
0.000000000000000000e+00 7.617197465151548386e-03
0.000000000000000000e+00 4.783784504979848862e-03
0.000000000000000000e+00 3.480485640466213226e-03
0.000000000000000000e+00 2.751978812739253044e-03
0.000000000000000000e+00 2.073337091132998466e-03
0.000000000000000000e+00 1.026683486998081207e-03
0.000000000000000000e+00 1.150248572230339050e-03
0.000000000000000000e+00 1.003296812996268272e-03
0.000000000000000000e+00 1.124181086197495461e-03
0.000000000000000000e+00 9.527434594929218292e-04
0.000000000000000000e+00 1.119525521062314510e-03
0.000000000000000000e+00 1.011473359540104866e-03
0.000000000000000000e+00 1.745723770000040531e-03
0.000000000000000000e+00 2.721927361562848091e-03
0.000000000000000000e+00 3.676379099488258362e-03
0.000000000000000000e+00 2.967061940580606461e-03
0.000000000000000000e+00 4.420688375830650330e-03
0.000000000000000000e+00 7.728268858045339584e-03
0.000000000000000000e+00 1.091660652309656143e-02
0.000000000000000000e+00 1.812677085399627686e-02
0.000000000000000000e+00 2.321189828217029572e-02
0.000000000000000000e+00 2.222174964845180511e-02
0.000000000000000000e+00 2.468108013272285461e-02
0.000000000000000000e+00 3.610909357666969299e-02
0.000000000000000000e+00 2.945342287421226501e-02
0.000000000000000000e+00 3.502305224537849426e-02
0.000000000000000000e+00 2.322575263679027557e-02
0.000000000000000000e+00 2.895568124949932098e-02
0.000000000000000000e+00 2.048789337277412415e-02
0.000000000000000000e+00 1.962261088192462921e-02
0.000000000000000000e+00 2.279389835894107819e-02
0.000000000000000000e+00 2.369115501642227173e-02
0.000000000000000000e+00 1.958248019218444824e-02
0.000000000000000000e+00 2.018988318741321564e-02
0.000000000000000000e+00 1.679968461394309998e-02
0.000000000000000000e+00 2.558863721787929535e-02
0.000000000000000000e+00 1.612279377877712250e-02
0.000000000000000000e+00 1.453825738281011581e-02
0.000000000000000000e+00 1.516913250088691711e-02
0.000000000000000000e+00 1.282818708568811417e-02
0.000000000000000000e+00 1.536159031093120575e-02
0.000000000000000000e+00 2.029398269951343536e-02
0.000000000000000000e+00 1.450553629547357559e-02
0.000000000000000000e+00 2.186482585966587067e-02
0.000000000000000000e+00 3.236294910311698914e-02
0.000000000000000000e+00 4.180626198649406433e-02
0.000000000000000000e+00 5.788685753941535950e-02
0.000000000000000000e+00 5.843984708189964294e-02
0.000000000000000000e+00 1.135874912142753601e-01
0.000000000000000000e+00 1.017765402793884277e-01
0.000000000000000000e+00 1.430531889200210571e-01
0.000000000000000000e+00 2.183457911014556885e-01
0.000000000000000000e+00 1.898231804370880127e-01
0.000000000000000000e+00 2.398676127195358276e-01
0.000000000000000000e+00 2.144138813018798828e-01
0.000000000000000000e+00 3.201936781406402588e-01
0.000000000000000000e+00 3.550646901130676270e-01
0.000000000000000000e+00 2.933976650238037109e-01
0.000000000000000000e+00 3.264165222644805908e-01
0.000000000000000000e+00 2.620144784450531006e-01
0.000000000000000000e+00 2.824862003326416016e-01
0.000000000000000000e+00 3.323577344417572021e-01
0.000000000000000000e+00 3.457373678684234619e-01
1.000000000000000000e+00 2.313272804021835327e-01
0.000000000000000000e+00 2.341904938220977783e-01
0.000000000000000000e+00 2.511205077171325684e-01
0.000000000000000000e+00 2.385220080614089966e-01
0.000000000000000000e+00 1.786339581012725830e-01
0.000000000000000000e+00 1.545423567295074463e-01
0.000000000000000000e+00 1.589491665363311768e-01
0.000000000000000000e+00 1.370781958103179932e-01
1.000000000000000000e+00 9.858241081237792969e-01
1.000000000000000000e+00 9.830690622329711914e-01
1.000000000000000000e+00 9.852876663208007812e-01
1.000000000000000000e+00 9.812195897102355957e-01
0.000000000000000000e+00 9.746233820915222168e-01
0.000000000000000000e+00 9.660186171531677246e-01
0.000000000000000000e+00 9.385591745376586914e-01
0.000000000000000000e+00 9.079804420471191406e-01
0.000000000000000000e+00 8.173938989639282227e-01
0.000000000000000000e+00 5.623189806938171387e-01
0.000000000000000000e+00 4.747993052005767822e-01
0.000000000000000000e+00 3.650439083576202393e-01
0.000000000000000000e+00 2.819468080997467041e-01
0.000000000000000000e+00 1.492166072130203247e-01
0.000000000000000000e+00 8.146190643310546875e-02
0.000000000000000000e+00 6.728817522525787354e-02
0.000000000000000000e+00 3.401462733745574951e-02
0.000000000000000000e+00 2.443911321461200714e-02
0.000000000000000000e+00 1.447316538542509079e-02
0.000000000000000000e+00 9.291181340813636780e-03
0.000000000000000000e+00 7.288194727152585983e-03
0.000000000000000000e+00 6.932384800165891647e-03
0.000000000000000000e+00 5.602075252681970596e-03
0.000000000000000000e+00 4.992328584194183350e-03
0.000000000000000000e+00 4.407258704304695129e-03
0.000000000000000000e+00 3.456749720498919487e-03
0.000000000000000000e+00 4.020789638161659241e-03
0.000000000000000000e+00 5.689075682312250137e-03
0.000000000000000000e+00 3.732681274414062500e-03
0.000000000000000000e+00 5.831224378198385239e-03
0.000000000000000000e+00 8.814807981252670288e-03
0.000000000000000000e+00 1.342848874628543854e-02
0.000000000000000000e+00 2.226294018328189850e-02
0.000000000000000000e+00 1.790857873857021332e-02
0.000000000000000000e+00 3.075189143419265747e-02
0.000000000000000000e+00 3.646679595112800598e-02
0.000000000000000000e+00 3.466569632291793823e-02
0.000000000000000000e+00 6.290630996227264404e-02
0.000000000000000000e+00 5.483097210526466370e-02
0.000000000000000000e+00 6.386750191450119019e-02
0.000000000000000000e+00 5.955494195222854614e-02
0.000000000000000000e+00 6.180214509367942810e-02
0.000000000000000000e+00 6.257939338684082031e-02
0.000000000000000000e+00 5.947450548410415649e-02
0.000000000000000000e+00 5.811562761664390564e-02
0.000000000000000000e+00 6.023728847503662109e-02
0.000000000000000000e+00 6.248143687844276428e-02
0.000000000000000000e+00 5.487275123596191406e-02
0.000000000000000000e+00 7.778487354516983032e-02
0.000000000000000000e+00 9.704151749610900879e-02
0.000000000000000000e+00 7.186677306890487671e-02
0.000000000000000000e+00 1.361302584409713745e-01
0.000000000000000000e+00 1.838073283433914185e-01
0.000000000000000000e+00 1.675087660551071167e-01
0.000000000000000000e+00 2.277473658323287964e-01
0.000000000000000000e+00 2.497267425060272217e-01
0.000000000000000000e+00 2.626045942306518555e-01
0.000000000000000000e+00 2.829817235469818115e-01
0.000000000000000000e+00 3.887949287891387939e-01
0.000000000000000000e+00 3.539151251316070557e-01
0.000000000000000000e+00 4.778031408786773682e-01
0.000000000000000000e+00 4.548383355140686035e-01
0.000000000000000000e+00 5.570876598358154297e-01
0.000000000000000000e+00 5.136115550994873047e-01
0.000000000000000000e+00 5.330665111541748047e-01
0.000000000000000000e+00 4.103883802890777588e-01
0.000000000000000000e+00 5.557472109794616699e-01
0.000000000000000000e+00 5.785992145538330078e-01
0.000000000000000000e+00 5.293754339218139648e-01
0.000000000000000000e+00 5.708680748939514160e-01
0.000000000000000000e+00 5.076162815093994141e-01
0.000000000000000000e+00 4.184949100017547607e-01
0.000000000000000000e+00 3.469723165035247803e-01
0.000000000000000000e+00 2.341602444648742676e-01
0.000000000000000000e+00 2.064608037471771240e-01
0.000000000000000000e+00 7.817087322473526001e-02
0.000000000000000000e+00 4.720628261566162109e-02
0.000000000000000000e+00 3.186206147074699402e-02
0.000000000000000000e+00 3.481133282184600830e-02
0.000000000000000000e+00 3.897639364004135132e-02
0.000000000000000000e+00 4.092583805322647095e-02
0.000000000000000000e+00 2.658494375646114349e-02
0.000000000000000000e+00 2.553406357765197754e-02
0.000000000000000000e+00 2.654092013835906982e-02
0.000000000000000000e+00 2.789386175572872162e-02
0.000000000000000000e+00 2.517653070390224457e-02
0.000000000000000000e+00 2.880700491368770599e-02
0.000000000000000000e+00 3.564380109310150146e-02
0.000000000000000000e+00 2.562979049980640411e-02
0.000000000000000000e+00 2.677925117313861847e-02
0.000000000000000000e+00 3.295937180519104004e-02
0.000000000000000000e+00 3.520123288035392761e-02
0.000000000000000000e+00 2.942637726664543152e-02
0.000000000000000000e+00 6.844092905521392822e-02
0.000000000000000000e+00 3.479254618287086487e-02
0.000000000000000000e+00 5.265638977289199829e-02
0.000000000000000000e+00 6.237611919641494751e-02
0.000000000000000000e+00 8.824128657579421997e-02
0.000000000000000000e+00 1.051283925771713257e-01
0.000000000000000000e+00 1.203795149922370911e-01
0.000000000000000000e+00 1.076283976435661316e-01
0.000000000000000000e+00 1.301622092723846436e-01
0.000000000000000000e+00 1.138010397553443909e-01
0.000000000000000000e+00 1.330473124980926514e-01
0.000000000000000000e+00 1.418166458606719971e-01
0.000000000000000000e+00 1.583297103643417358e-01
0.000000000000000000e+00 1.242812722921371460e-01
0.000000000000000000e+00 9.649236500263214111e-02
0.000000000000000000e+00 1.442542374134063721e-01
0.000000000000000000e+00 1.153147444128990173e-01
0.000000000000000000e+00 7.421439886093139648e-02
0.000000000000000000e+00 1.067353412508964539e-01
0.000000000000000000e+00 1.054137200117111206e-01
0.000000000000000000e+00 8.524850010871887207e-02
0.000000000000000000e+00 1.024241223931312561e-01
0.000000000000000000e+00 7.530533522367477417e-02
0.000000000000000000e+00 5.777325853705406189e-02
0.000000000000000000e+00 7.530166953802108765e-02
0.000000000000000000e+00 1.023822426795959473e-01
0.000000000000000000e+00 7.242476940155029297e-02
0.000000000000000000e+00 4.475632309913635254e-02
0.000000000000000000e+00 5.924815684556961060e-02
0.000000000000000000e+00 4.809454455971717834e-02
0.000000000000000000e+00 4.354749992489814758e-02
0.000000000000000000e+00 4.279403761029243469e-02
0.000000000000000000e+00 6.108505278825759888e-02
0.000000000000000000e+00 9.250822663307189941e-02
0.000000000000000000e+00 7.931402325630187988e-02
0.000000000000000000e+00 1.534121781587600708e-01
0.000000000000000000e+00 1.502893120050430298e-01
0.000000000000000000e+00 1.414774805307388306e-01
0.000000000000000000e+00 1.011929512023925781e-01
0.000000000000000000e+00 1.136994734406471252e-01
0.000000000000000000e+00 1.253837943077087402e-01
0.000000000000000000e+00 1.306562125682830811e-01
1.000000000000000000e+00 1.185234189033508301e-01
1.000000000000000000e+00 1.126915812492370605e-01
0.000000000000000000e+00 2.000702023506164551e-01
0.000000000000000000e+00 2.349489033222198486e-01
0.000000000000000000e+00 2.139344364404678345e-01
0.000000000000000000e+00 3.163728117942810059e-01
0.000000000000000000e+00 3.814412951469421387e-01
0.000000000000000000e+00 4.329350292682647705e-01
0.000000000000000000e+00 4.387283921241760254e-01
0.000000000000000000e+00 4.504981637001037598e-01
0.000000000000000000e+00 4.926258325576782227e-01
0.000000000000000000e+00 4.685433506965637207e-01
0.000000000000000000e+00 4.772670567035675049e-01
0.000000000000000000e+00 4.984806478023529053e-01
0.000000000000000000e+00 4.626123011112213135e-01
