0.000000000000000000e+00 9.682444930076599121e-01
0.000000000000000000e+00 9.669189453125000000e-01
0.000000000000000000e+00 9.750253558158874512e-01
0.000000000000000000e+00 9.656796455383300781e-01
0.000000000000000000e+00 9.548891782760620117e-01
0.000000000000000000e+00 9.658386111259460449e-01
0.000000000000000000e+00 9.811336398124694824e-01
0.000000000000000000e+00 9.614447951316833496e-01
0.000000000000000000e+00 9.449093937873840332e-01
0.000000000000000000e+00 9.620710015296936035e-01
0.000000000000000000e+00 9.654533863067626953e-01
0.000000000000000000e+00 9.275395274162292480e-01
0.000000000000000000e+00 9.518508315086364746e-01
0.000000000000000000e+00 9.452816247940063477e-01
0.000000000000000000e+00 9.100015163421630859e-01
0.000000000000000000e+00 9.080718755722045898e-01
1.000000000000000000e+00 9.050406217575073242e-01
1.000000000000000000e+00 8.929394483566284180e-01
1.000000000000000000e+00 9.044654965400695801e-01
0.000000000000000000e+00 8.686594963073730469e-01
0.000000000000000000e+00 8.861172795295715332e-01
0.000000000000000000e+00 8.853058815002441406e-01
1.000000000000000000e+00 9.057016968727111816e-01
1.000000000000000000e+00 9.291635155677795410e-01
1.000000000000000000e+00 9.074255824089050293e-01
1.000000000000000000e+00 9.402180910110473633e-01
1.000000000000000000e+00 9.564758539199829102e-01
1.000000000000000000e+00 9.576672911643981934e-01
1.000000000000000000e+00 9.810278415679931641e-01
1.000000000000000000e+00 9.840309619903564453e-01
1.000000000000000000e+00 9.845836162567138672e-01
1.000000000000000000e+00 9.716814756393432617e-01
0.000000000000000000e+00 9.388336539268493652e-01
0.000000000000000000e+00 8.961460590362548828e-01
0.000000000000000000e+00 8.350167274475097656e-01
0.000000000000000000e+00 8.451946973800659180e-01
0.000000000000000000e+00 6.418588161468505859e-01
0.000000000000000000e+00 6.475140452384948730e-01
0.000000000000000000e+00 3.645392358303070068e-01
0.000000000000000000e+00 3.285326957702636719e-01
0.000000000000000000e+00 1.637597382068634033e-01
0.000000000000000000e+00 1.225958764553070068e-01
0.000000000000000000e+00 8.900862932205200195e-02
0.000000000000000000e+00 3.405936434864997864e-02
0.000000000000000000e+00 1.225518435239791870e-02
0.000000000000000000e+00 8.382886648178100586e-03
0.000000000000000000e+00 3.930946346372365952e-03
0.000000000000000000e+00 4.524046555161476135e-03
0.000000000000000000e+00 4.931876435875892639e-03
0.000000000000000000e+00 3.140161512419581413e-03
0.000000000000000000e+00 4.054834600538015366e-03
0.000000000000000000e+00 4.012305289506912231e-03
0.000000000000000000e+00 6.898262538015842438e-03
0.000000000000000000e+00 7.977198809385299683e-03
0.000000000000000000e+00 1.060365512967109680e-02
1.000000000000000000e+00 1.229398138821125031e-02
1.000000000000000000e+00 1.531877089291810989e-02
0.000000000000000000e+00 4.728528484702110291e-02
0.000000000000000000e+00 3.814445808529853821e-02
0.000000000000000000e+00 9.479891508817672729e-02
0.000000000000000000e+00 1.618622988462448120e-01
1.000000000000000000e+00 2.906849682331085205e-01
1.000000000000000000e+00 2.886709570884704590e-01
1.000000000000000000e+00 4.271371364593505859e-01
1.000000000000000000e+00 5.513269305229187012e-01
1.000000000000000000e+00 5.221327543258666992e-01
1.000000000000000000e+00 5.797225832939147949e-01
1.000000000000000000e+00 6.046290993690490723e-01
1.000000000000000000e+00 6.109458804130554199e-01
1.000000000000000000e+00 6.072332262992858887e-01
0.000000000000000000e+00 5.610946416854858398e-01
0.000000000000000000e+00 5.023971199989318848e-01
0.000000000000000000e+00 3.571726679801940918e-01
0.000000000000000000e+00 3.310886621475219727e-01
0.000000000000000000e+00 1.348661780357360840e-01
0.000000000000000000e+00 9.635348916053771973e-01
0.000000000000000000e+00 9.685660004615783691e-01
0.000000000000000000e+00 9.766395688056945801e-01
0.000000000000000000e+00 9.625766277313232422e-01
0.000000000000000000e+00 9.514825344085693359e-01
0.000000000000000000e+00 9.563702940940856934e-01
0.000000000000000000e+00 9.239036440849304199e-01
0.000000000000000000e+00 9.129380583763122559e-01
0.000000000000000000e+00 8.813562989234924316e-01
0.000000000000000000e+00 9.183249473571777344e-01
0.000000000000000000e+00 8.254572153091430664e-01
0.000000000000000000e+00 7.960458993911743164e-01
0.000000000000000000e+00 8.713274002075195312e-01
0.000000000000000000e+00 6.199399232864379883e-01
1.000000000000000000e+00 6.931368708610534668e-01
1.000000000000000000e+00 6.434403061866760254e-01
1.000000000000000000e+00 7.026768922805786133e-01
1.000000000000000000e+00 6.285865306854248047e-01
1.000000000000000000e+00 6.878777742385864258e-01
1.000000000000000000e+00 6.801656484603881836e-01
0.000000000000000000e+00 8.007554411888122559e-01
1.000000000000000000e+00 8.346073031425476074e-01
1.000000000000000000e+00 8.214514255523681641e-01
1.000000000000000000e+00 7.611701488494873047e-01
0.000000000000000000e+00 8.291419148445129395e-01
1.000000000000000000e+00 6.539061069488525391e-01
1.000000000000000000e+00 6.286016106605529785e-01
1.000000000000000000e+00 5.638109445571899414e-01
1.000000000000000000e+00 5.096853971481323242e-01
0.000000000000000000e+00 4.881095588207244873e-01
1.000000000000000000e+00 3.416757881641387939e-01
1.000000000000000000e+00 2.814965844154357910e-01
1.000000000000000000e+00 2.484928518533706665e-01
1.000000000000000000e+00 1.727919131517410278e-01
1.000000000000000000e+00 9.214884042739868164e-02
0.000000000000000000e+00 7.583652436733245850e-02
0.000000000000000000e+00 5.184938386082649231e-02
0.000000000000000000e+00 4.706157743930816650e-02
0.000000000000000000e+00 3.586682677268981934e-02
0.000000000000000000e+00 4.596317932009696960e-02
0.000000000000000000e+00 4.771132022142410278e-02
0.000000000000000000e+00 5.390063673257827759e-02
0.000000000000000000e+00 5.248452723026275635e-02
0.000000000000000000e+00 5.383202433586120605e-02
0.000000000000000000e+00 4.780979454517364502e-02
0.000000000000000000e+00 5.256620794534683228e-02
0.000000000000000000e+00 5.211533606052398682e-02
0.000000000000000000e+00 5.094841867685317993e-02
0.000000000000000000e+00 4.759348183870315552e-02
0.000000000000000000e+00 6.066742539405822754e-02
0.000000000000000000e+00 6.173444539308547974e-02
0.000000000000000000e+00 6.861744821071624756e-02
0.000000000000000000e+00 7.535860687494277954e-02
0.000000000000000000e+00 1.067844256758689880e-01
0.000000000000000000e+00 6.562158465385437012e-02
0.000000000000000000e+00 6.107288599014282227e-02
0.000000000000000000e+00 4.376681521534919739e-02
0.000000000000000000e+00 4.438179731369018555e-02
0.000000000000000000e+00 4.101504385471343994e-02
0.000000000000000000e+00 4.820071905851364136e-02
0.000000000000000000e+00 3.890933468937873840e-02
0.000000000000000000e+00 4.174744337797164917e-02
0.000000000000000000e+00 2.560476399958133698e-02
0.000000000000000000e+00 2.795405127108097076e-02
0.000000000000000000e+00 2.902651578187942505e-02
0.000000000000000000e+00 2.728558890521526337e-02
0.000000000000000000e+00 2.481696382164955139e-02
0.000000000000000000e+00 3.696056082844734192e-02
0.000000000000000000e+00 4.195344075560569763e-02
0.000000000000000000e+00 3.105058893561363220e-02
0.000000000000000000e+00 3.143279254436492920e-02
0.000000000000000000e+00 2.504393458366394043e-02
0.000000000000000000e+00 2.083367109298706055e-02
0.000000000000000000e+00 2.791944891214370728e-02
0.000000000000000000e+00 2.589781768620014191e-02
1.000000000000000000e+00 8.898514509201049805e-01
1.000000000000000000e+00 8.326004147529602051e-01
1.000000000000000000e+00 6.177948117256164551e-01
1.000000000000000000e+00 3.899952471256256104e-01
1.000000000000000000e+00 1.963301897048950195e-01
1.000000000000000000e+00 8.409210294485092163e-02
0.000000000000000000e+00 4.043051600456237793e-02
0.000000000000000000e+00 2.401598542928695679e-02
0.000000000000000000e+00 1.341359503567218781e-02
0.000000000000000000e+00 1.011505536735057831e-02
0.000000000000000000e+00 8.983917534351348877e-03
0.000000000000000000e+00 6.062706466764211655e-03
0.000000000000000000e+00 4.815839231014251709e-03
0.000000000000000000e+00 3.699508029967546463e-03
0.000000000000000000e+00 2.124554710462689400e-03
0.000000000000000000e+00 1.684211194515228271e-03
0.000000000000000000e+00 1.613943139091134071e-03
0.000000000000000000e+00 1.175654586404561996e-03
0.000000000000000000e+00 1.210849615745246410e-03
0.000000000000000000e+00 1.066508935764431953e-03
0.000000000000000000e+00 1.333998749032616615e-03
0.000000000000000000e+00 1.300518284551799297e-03
0.000000000000000000e+00 1.700649503618478775e-03
0.000000000000000000e+00 1.351768267340958118e-03
1.000000000000000000e+00 1.766509143635630608e-03
1.000000000000000000e+00 1.773518859408795834e-03
1.000000000000000000e+00 1.621876494027674198e-03
1.000000000000000000e+00 2.119943965226411819e-03
1.000000000000000000e+00 2.875237492844462395e-03
0.000000000000000000e+00 4.545512143522500992e-03
0.000000000000000000e+00 8.874139748513698578e-03
0.000000000000000000e+00 1.074328739196062088e-02
1.000000000000000000e+00 1.114259567111730576e-02
1.000000000000000000e+00 1.346213184297084808e-02
0.000000000000000000e+00 1.708399690687656403e-02
0.000000000000000000e+00 1.130027882754802704e-02
0.000000000000000000e+00 1.075810752809047699e-02
0.000000000000000000e+00 1.453176792711019516e-02
0.000000000000000000e+00 1.088253408670425415e-02
0.000000000000000000e+00 1.376318465918302536e-02
0.000000000000000000e+00 1.189051475375890732e-02
0.000000000000000000e+00 1.088104490190744400e-02
0.000000000000000000e+00 9.251739829778671265e-03
0.000000000000000000e+00 9.094224311411380768e-03
0.000000000000000000e+00 6.609879899770021439e-03
0.000000000000000000e+00 5.381093360483646393e-03
0.000000000000000000e+00 5.757734645158052444e-03
0.000000000000000000e+00 4.805999342352151871e-03
0.000000000000000000e+00 7.022055331617593765e-03
0.000000000000000000e+00 5.486903246492147446e-03
0.000000000000000000e+00 3.770432667806744576e-03
0.000000000000000000e+00 2.998176263645291328e-03
0.000000000000000000e+00 4.205675330013036728e-03
0.000000000000000000e+00 4.363635554909706116e-03
0.000000000000000000e+00 4.879956599324941635e-03
0.000000000000000000e+00 4.530201200395822525e-03
0.000000000000000000e+00 3.594975452870130539e-03
0.000000000000000000e+00 3.235274227336049080e-03
0.000000000000000000e+00 2.527735428884625435e-03
0.000000000000000000e+00 4.539375659078359604e-03
0.000000000000000000e+00 4.715244285762310028e-03
0.000000000000000000e+00 4.848427604883909225e-03
0.000000000000000000e+00 7.214168086647987366e-03
0.000000000000000000e+00 6.579933688044548035e-03
0.000000000000000000e+00 7.513289805501699448e-03
0.000000000000000000e+00 6.705199833959341049e-03
0.000000000000000000e+00 8.906339295208454132e-03
0.000000000000000000e+00 1.180289965122938156e-02
0.000000000000000000e+00 1.254359725862741470e-02
0.000000000000000000e+00 1.764142140746116638e-02
0.000000000000000000e+00 1.490102894604206085e-02
0.000000000000000000e+00 1.590557023882865906e-02
0.000000000000000000e+00 1.638943701982498169e-02
0.000000000000000000e+00 1.712638884782791138e-02
0.000000000000000000e+00 1.845864020287990570e-02
1.000000000000000000e+00 9.658852219581604004e-01
1.000000000000000000e+00 9.674326181411743164e-01
1.000000000000000000e+00 9.471468925476074219e-01
1.000000000000000000e+00 9.272816777229309082e-01
1.000000000000000000e+00 9.309719800949096680e-01
0.000000000000000000e+00 9.038956165313720703e-01
0.000000000000000000e+00 8.456512689590454102e-01
0.000000000000000000e+00 8.152201771736145020e-01
0.000000000000000000e+00 7.310627698898315430e-01
0.000000000000000000e+00 6.735689043998718262e-01
0.000000000000000000e+00 5.721809267997741699e-01
0.000000000000000000e+00 4.660987257957458496e-01
0.000000000000000000e+00 4.041916728019714355e-01
0.000000000000000000e+00 2.560438811779022217e-01
0.000000000000000000e+00 1.747673898935317993e-01
0.000000000000000000e+00 1.180803850293159485e-01
0.000000000000000000e+00 1.231782436370849609e-01
0.000000000000000000e+00 1.280217021703720093e-01
0.000000000000000000e+00 1.132786199450492859e-01
0.000000000000000000e+00 8.659564703702926636e-02
0.000000000000000000e+00 1.006343066692352295e-01
0.000000000000000000e+00 1.203590482473373413e-01
1.000000000000000000e+00 1.233473122119903564e-01
0.000000000000000000e+00 8.834870904684066772e-02
0.000000000000000000e+00 6.955868005752563477e-02
0.000000000000000000e+00 6.507068127393722534e-02
0.000000000000000000e+00 5.240257829427719116e-02
0.000000000000000000e+00 3.953544795513153076e-02
0.000000000000000000e+00 4.100585356354713440e-02
0.000000000000000000e+00 5.523876100778579712e-02
0.000000000000000000e+00 6.742300093173980713e-02
0.000000000000000000e+00 7.963766157627105713e-02
0.000000000000000000e+00 6.636849045753479004e-02
0.000000000000000000e+00 8.383198827505111694e-02
0.000000000000000000e+00 5.187188833951950073e-02
0.000000000000000000e+00 5.795580148696899414e-02
0.000000000000000000e+00 6.149762123823165894e-02
0.000000000000000000e+00 3.853904455900192261e-02
0.000000000000000000e+00 3.252919763326644897e-02
0.000000000000000000e+00 2.461540140211582184e-02
0.000000000000000000e+00 3.235884755849838257e-02
0.000000000000000000e+00 2.643536590039730072e-02
0.000000000000000000e+00 2.671341225504875183e-02
0.000000000000000000e+00 2.710468322038650513e-02
0.000000000000000000e+00 3.389197960495948792e-02
0.000000000000000000e+00 4.924374073743820190e-02
0.000000000000000000e+00 5.903087183833122253e-02
0.000000000000000000e+00 8.722463995218276978e-02
0.000000000000000000e+00 1.976107954978942871e-01
0.000000000000000000e+00 2.125086188316345215e-01
0.000000000000000000e+00 3.527730703353881836e-01
0.000000000000000000e+00 6.521701812744140625e-01
0.000000000000000000e+00 7.499493360519409180e-01
0.000000000000000000e+00 7.111027836799621582e-01
0.000000000000000000e+00 7.214798927307128906e-01
0.000000000000000000e+00 5.984558463096618652e-01
1.000000000000000000e+00 6.465693116188049316e-01
0.000000000000000000e+00 7.539249062538146973e-01
0.000000000000000000e+00 6.234716176986694336e-01
1.000000000000000000e+00 7.469766736030578613e-01
1.000000000000000000e+00 7.552918791770935059e-01
0.000000000000000000e+00 7.990271449089050293e-01
0.000000000000000000e+00 8.415095210075378418e-01
0.000000000000000000e+00 7.476800084114074707e-01
0.000000000000000000e+00 7.572124600410461426e-01
0.000000000000000000e+00 6.881936192512512207e-01
1.000000000000000000e+00 6.849947571754455566e-01
1.000000000000000000e+00 4.349141120910644531e-01
1.000000000000000000e+00 3.551188111305236816e-01
1.000000000000000000e+00 2.199990600347518921e-01
0.000000000000000000e+00 1.089674979448318481e-01
0.000000000000000000e+00 4.751947149634361267e-02
0.000000000000000000e+00 4.474392905831336975e-02
0.000000000000000000e+00 2.803883329033851624e-02
0.000000000000000000e+00 2.190034836530685425e-02
0.000000000000000000e+00 9.663148522377014160e-01
0.000000000000000000e+00 9.156188964843750000e-01
1.000000000000000000e+00 8.003400564193725586e-01
0.000000000000000000e+00 4.536478817462921143e-01
0.000000000000000000e+00 2.388381958007812500e-01
0.000000000000000000e+00 2.423927783966064453e-01
0.000000000000000000e+00 1.635570526123046875e-01
0.000000000000000000e+00 9.808199852705001831e-02
0.000000000000000000e+00 9.988752752542495728e-02
0.000000000000000000e+00 7.806723564863204956e-02
0.000000000000000000e+00 6.806494295597076416e-02
0.000000000000000000e+00 1.008645445108413696e-01
0.000000000000000000e+00 1.200630962848663330e-01
0.000000000000000000e+00 6.221788749098777771e-02
0.000000000000000000e+00 7.154587656259536743e-02
0.000000000000000000e+00 4.738430306315422058e-02
1.000000000000000000e+00 9.685516357421875000e-02
0.000000000000000000e+00 9.122642874717712402e-02
0.000000000000000000e+00 2.434589564800262451e-01
0.000000000000000000e+00 1.899240165948867798e-01
0.000000000000000000e+00 3.922316431999206543e-01
0.000000000000000000e+00 3.136764764785766602e-01
0.000000000000000000e+00 4.549502432346343994e-01
0.000000000000000000e+00 6.018041968345642090e-01
0.000000000000000000e+00 4.222978055477142334e-01
0.000000000000000000e+00 4.686898887157440186e-01
0.000000000000000000e+00 3.403384089469909668e-01
0.000000000000000000e+00 3.085739314556121826e-01
0.000000000000000000e+00 5.136715173721313477e-01
0.000000000000000000e+00 4.457570910453796387e-01
0.000000000000000000e+00 4.582358896732330322e-01
0.000000000000000000e+00 4.517012834548950195e-01
0.000000000000000000e+00 2.531834244728088379e-01
0.000000000000000000e+00 4.539798200130462646e-01
0.000000000000000000e+00 2.724537551403045654e-01
0.000000000000000000e+00 1.478493511676788330e-01
0.000000000000000000e+00 1.557639241218566895e-01
0.000000000000000000e+00 1.277471780776977539e-01
0.000000000000000000e+00 7.131758332252502441e-02
0.000000000000000000e+00 1.045748740434646606e-01
0.000000000000000000e+00 1.731584072113037109e-01
0.000000000000000000e+00 1.214848160743713379e-01
0.000000000000000000e+00 1.582586318254470825e-01
0.000000000000000000e+00 1.304819136857986450e-01
0.000000000000000000e+00 8.148350566625595093e-02
0.000000000000000000e+00 8.365099132061004639e-02
0.000000000000000000e+00 1.221536248922348022e-01
0.000000000000000000e+00 2.555793821811676025e-01
0.000000000000000000e+00 4.105115532875061035e-01
0.000000000000000000e+00 5.318472385406494141e-01
0.000000000000000000e+00 7.871846556663513184e-01
0.000000000000000000e+00 8.348804116249084473e-01
0.000000000000000000e+00 9.140186309814453125e-01
0.000000000000000000e+00 9.694443941116333008e-01
0.000000000000000000e+00 9.485841989517211914e-01
0.000000000000000000e+00 9.599173069000244141e-01
0.000000000000000000e+00 9.525738358497619629e-01
0.000000000000000000e+00 9.375486969947814941e-01
0.000000000000000000e+00 9.331091046333312988e-01
0.000000000000000000e+00 9.615603089332580566e-01
0.000000000000000000e+00 9.262782335281372070e-01
0.000000000000000000e+00 8.847281336784362793e-01
0.000000000000000000e+00 8.756107687950134277e-01
0.000000000000000000e+00 8.071554303169250488e-01
0.000000000000000000e+00 8.518286943435668945e-01
0.000000000000000000e+00 8.318792581558227539e-01
1.000000000000000000e+00 7.201948761940002441e-01
1.000000000000000000e+00 7.719572186470031738e-01
1.000000000000000000e+00 6.283575892448425293e-01
1.000000000000000000e+00 6.816321015357971191e-01
1.000000000000000000e+00 6.584636569023132324e-01
1.000000000000000000e+00 5.940881371498107910e-01
1.000000000000000000e+00 2.101932913064956665e-01
0.000000000000000000e+00 1.376796811819076538e-01
1.000000000000000000e+00 1.322437971830368042e-01
1.000000000000000000e+00 1.268913298845291138e-01
1.000000000000000000e+00 8.363608270883560181e-02
1.000000000000000000e+00 4.157481715083122253e-02
0.000000000000000000e+00 3.700508922338485718e-02
0.000000000000000000e+00 2.515706792473793030e-02
0.000000000000000000e+00 2.287969924509525299e-02
0.000000000000000000e+00 2.478153631091117859e-02
0.000000000000000000e+00 1.098624337464570999e-02
0.000000000000000000e+00 1.117470115423202515e-02
0.000000000000000000e+00 1.643362455070018768e-02
0.000000000000000000e+00 1.636365056037902832e-02
0.000000000000000000e+00 2.052102051675319672e-02
0.000000000000000000e+00 1.999156922101974487e-02
0.000000000000000000e+00 2.291527763009071350e-02
0.000000000000000000e+00 3.595220670104026794e-02
0.000000000000000000e+00 4.660041257739067078e-02
0.000000000000000000e+00 6.658184528350830078e-02
0.000000000000000000e+00 7.844866812229156494e-02
0.000000000000000000e+00 6.812082231044769287e-02
0.000000000000000000e+00 7.945583015680313110e-02
0.000000000000000000e+00 9.957050532102584839e-02
0.000000000000000000e+00 1.190597862005233765e-01
0.000000000000000000e+00 1.067159697413444519e-01
0.000000000000000000e+00 1.275808364152908325e-01
0.000000000000000000e+00 1.398794203996658325e-01
0.000000000000000000e+00 8.521201461553573608e-02
0.000000000000000000e+00 7.040803134441375732e-02
0.000000000000000000e+00 5.979435890913009644e-02
0.000000000000000000e+00 6.663122773170471191e-02
0.000000000000000000e+00 3.881798312067985535e-02
0.000000000000000000e+00 4.056810587644577026e-02
0.000000000000000000e+00 2.773563936352729797e-02
0.000000000000000000e+00 3.181108459830284119e-02
0.000000000000000000e+00 3.260443732142448425e-02
0.000000000000000000e+00 2.651966549456119537e-02
0.000000000000000000e+00 1.719884388148784637e-02
0.000000000000000000e+00 2.136888168752193451e-02
0.000000000000000000e+00 3.326382115483283997e-02
0.000000000000000000e+00 3.826640918850898743e-02
0.000000000000000000e+00 2.436072379350662231e-02
0.000000000000000000e+00 3.561839088797569275e-02
0.000000000000000000e+00 3.326752409338951111e-02
0.000000000000000000e+00 3.049522079527378082e-02
0.000000000000000000e+00 3.304560855031013489e-02
0.000000000000000000e+00 3.040090948343276978e-02
0.000000000000000000e+00 4.060991108417510986e-02
0.000000000000000000e+00 4.336846247315406799e-02
0.000000000000000000e+00 5.894524231553077698e-02
0.000000000000000000e+00 1.258440166711807251e-01
0.000000000000000000e+00 1.996739357709884644e-01
0.000000000000000000e+00 2.405783981084823608e-01
0.000000000000000000e+00 2.976783215999603271e-01
0.000000000000000000e+00 2.916536927223205566e-01
0.000000000000000000e+00 2.887517809867858887e-01
0.000000000000000000e+00 4.137421846389770508e-01
1.000000000000000000e+00 3.676785528659820557e-01
1.000000000000000000e+00 3.746003210544586182e-01
1.000000000000000000e+00 3.819639980792999268e-01
0.000000000000000000e+00 3.383693099021911621e-01
1.000000000000000000e+00 4.391217529773712158e-01
1.000000000000000000e+00 5.803650021553039551e-01
1.000000000000000000e+00 5.125864744186401367e-01
1.000000000000000000e+00 6.300269961357116699e-01
1.000000000000000000e+00 3.984831869602203369e-01
0.000000000000000000e+00 2.513667643070220947e-01
0.000000000000000000e+00 1.711529344320297241e-01
1.000000000000000000e+00 1.550361812114715576e-01
1.000000000000000000e+00 6.249232590198516846e-02
1.000000000000000000e+00 5.850795656442642212e-02
1.000000000000000000e+00 3.673676028847694397e-02
0.000000000000000000e+00 1.599467918276786804e-02
0.000000000000000000e+00 1.404277607798576355e-02
0.000000000000000000e+00 9.161208756268024445e-03
0.000000000000000000e+00 3.704543225467205048e-03
0.000000000000000000e+00 2.696522511541843414e-03
1.000000000000000000e+00 9.585955142974853516e-01
1.000000000000000000e+00 9.620435237884521484e-01
1.000000000000000000e+00 9.659663438796997070e-01
1.000000000000000000e+00 9.257171154022216797e-01
1.000000000000000000e+00 8.909540772438049316e-01
1.000000000000000000e+00 7.916306257247924805e-01
1.000000000000000000e+00 5.952994823455810547e-01
0.000000000000000000e+00 5.840814113616943359e-01
0.000000000000000000e+00 3.847667276859283447e-01
0.000000000000000000e+00 3.445250093936920166e-01
0.000000000000000000e+00 2.940809428691864014e-01
0.000000000000000000e+00 2.445702254772186279e-01
0.000000000000000000e+00 2.632522284984588623e-01
0.000000000000000000e+00 1.210876852273941040e-01
0.000000000000000000e+00 1.024173349142074585e-01
0.000000000000000000e+00 1.016453430056571960e-01
1.000000000000000000e+00 1.022616252303123474e-01
0.000000000000000000e+00 6.837985664606094360e-02
0.000000000000000000e+00 1.502071321010589600e-01
0.000000000000000000e+00 1.502637267112731934e-01
0.000000000000000000e+00 1.043653264641761780e-01
0.000000000000000000e+00 1.564289331436157227e-01
0.000000000000000000e+00 2.074352800846099854e-01
0.000000000000000000e+00 1.893394738435745239e-01
0.000000000000000000e+00 2.316007763147354126e-01
0.000000000000000000e+00 2.110677212476730347e-01
0.000000000000000000e+00 2.725425064563751221e-01
0.000000000000000000e+00 1.668235510587692261e-01
0.000000000000000000e+00 1.529820561408996582e-01
0.000000000000000000e+00 2.790188789367675781e-01
0.000000000000000000e+00 2.434148937463760376e-01
0.000000000000000000e+00 2.198645472526550293e-01
0.000000000000000000e+00 2.832945585250854492e-01
0.000000000000000000e+00 1.893575936555862427e-01
0.000000000000000000e+00 3.000444769859313965e-01
0.000000000000000000e+00 1.941147744655609131e-01
0.000000000000000000e+00 2.390721291303634644e-01
0.000000000000000000e+00 1.743817627429962158e-01
0.000000000000000000e+00 2.470831722021102905e-01
0.000000000000000000e+00 2.789895534515380859e-01
0.000000000000000000e+00 2.271010577678680420e-01
0.000000000000000000e+00 1.996793299913406372e-01
0.000000000000000000e+00 1.800378113985061646e-01
0.000000000000000000e+00 1.491580456495285034e-01
0.000000000000000000e+00 9.248034656047821045e-02
0.000000000000000000e+00 7.842434942722320557e-02
0.000000000000000000e+00 9.652644395828247070e-02
0.000000000000000000e+00 1.338859349489212036e-01
0.000000000000000000e+00 2.154417783021926880e-01
0.000000000000000000e+00 3.883854448795318604e-01
0.000000000000000000e+00 4.322710931301116943e-01
0.000000000000000000e+00 5.627084970474243164e-01
0.000000000000000000e+00 6.693481206893920898e-01
0.000000000000000000e+00 7.682265043258666992e-01
0.000000000000000000e+00 7.621600627899169922e-01
1.000000000000000000e+00 8.373095989227294922e-01
1.000000000000000000e+00 7.418314218521118164e-01
1.000000000000000000e+00 8.180559873580932617e-01
1.000000000000000000e+00 7.980719208717346191e-01
1.000000000000000000e+00 8.029941320419311523e-01
1.000000000000000000e+00 8.234201669692993164e-01
0.000000000000000000e+00 8.123959302902221680e-01
0.000000000000000000e+00 8.418526649475097656e-01
0.000000000000000000e+00 8.273428678512573242e-01
0.000000000000000000e+00 8.205637931823730469e-01
0.000000000000000000e+00 7.256821393966674805e-01
0.000000000000000000e+00 6.223031878471374512e-01
0.000000000000000000e+00 6.456881761550903320e-01
0.000000000000000000e+00 4.893686175346374512e-01
0.000000000000000000e+00 3.884968757629394531e-01
0.000000000000000000e+00 3.044714927673339844e-01
0.000000000000000000e+00 2.056928575038909912e-01
0.000000000000000000e+00 1.339411735534667969e-01
0.000000000000000000e+00 9.209498018026351929e-02
0.000000000000000000e+00 5.904523655772209167e-02
0.000000000000000000e+00 9.262543916702270508e-01
0.000000000000000000e+00 9.267538785934448242e-01
0.000000000000000000e+00 9.186345934867858887e-01
0.000000000000000000e+00 9.144921302795410156e-01
0.000000000000000000e+00 9.039471745491027832e-01
0.000000000000000000e+00 8.942753076553344727e-01
0.000000000000000000e+00 9.042975902557373047e-01
0.000000000000000000e+00 8.537794947624206543e-01
0.000000000000000000e+00 8.842888474464416504e-01
0.000000000000000000e+00 8.540810942649841309e-01
0.000000000000000000e+00 7.674891948699951172e-01
0.000000000000000000e+00 8.018877506256103516e-01
0.000000000000000000e+00 6.943687200546264648e-01
0.000000000000000000e+00 7.854604721069335938e-01
0.000000000000000000e+00 7.685354948043823242e-01
0.000000000000000000e+00 7.524913549423217773e-01
0.000000000000000000e+00 4.811204373836517334e-01
0.000000000000000000e+00 5.939438939094543457e-01
0.000000000000000000e+00 5.601193904876708984e-01
0.000000000000000000e+00 5.400993227958679199e-01
0.000000000000000000e+00 5.090794563293457031e-01
1.000000000000000000e+00 6.611040830612182617e-01
1.000000000000000000e+00 7.975431680679321289e-01
1.000000000000000000e+00 7.586398720741271973e-01
0.000000000000000000e+00 8.654874563217163086e-01
0.000000000000000000e+00 8.311793804168701172e-01
0.000000000000000000e+00 6.222699284553527832e-01
0.000000000000000000e+00 7.713721990585327148e-01
0.000000000000000000e+00 6.814436316490173340e-01
0.000000000000000000e+00 8.045407533645629883e-01
0.000000000000000000e+00 6.169017553329467773e-01
0.000000000000000000e+00 6.487970352172851562e-01
0.000000000000000000e+00 6.439833045005798340e-01
0.000000000000000000e+00 5.606924891471862793e-01
0.000000000000000000e+00 5.973215103149414062e-01
0.000000000000000000e+00 3.630673289299011230e-01
0.000000000000000000e+00 3.225962817668914795e-01
0.000000000000000000e+00 2.510057091712951660e-01
0.000000000000000000e+00 3.390942811965942383e-01
0.000000000000000000e+00 2.975961863994598389e-01
0.000000000000000000e+00 2.409502565860748291e-01
0.000000000000000000e+00 1.587053686380386353e-01
0.000000000000000000e+00 1.075560301542282104e-01
0.000000000000000000e+00 1.415565162897109985e-01
0.000000000000000000e+00 1.567082107067108154e-01
0.000000000000000000e+00 5.404527112841606140e-02
0.000000000000000000e+00 5.428927764296531677e-02
0.000000000000000000e+00 4.473548009991645813e-02
1.000000000000000000e+00 5.446868017315864563e-02
0.000000000000000000e+00 5.498228222131729126e-02
0.000000000000000000e+00 6.129763647913932800e-02
0.000000000000000000e+00 9.438006579875946045e-02
0.000000000000000000e+00 1.014156267046928406e-01
1.000000000000000000e+00 2.287794649600982666e-01
1.000000000000000000e+00 2.639017105102539062e-01
1.000000000000000000e+00 2.699530720710754395e-01
0.000000000000000000e+00 2.772401273250579834e-01
0.000000000000000000e+00 2.041225880384445190e-01
0.000000000000000000e+00 1.250119209289550781e-01
1.000000000000000000e+00 1.234091371297836304e-01
1.000000000000000000e+00 1.419544070959091187e-01
1.000000000000000000e+00 2.163577675819396973e-01
1.000000000000000000e+00 1.096384972333908081e-01
1.000000000000000000e+00 1.940259039402008057e-01
1.000000000000000000e+00 1.598575115203857422e-01
0.000000000000000000e+00 4.108010828495025635e-01
0.000000000000000000e+00 6.883916854858398438e-01
0.000000000000000000e+00 5.804620385169982910e-01
0.000000000000000000e+00 7.458798885345458984e-01
0.000000000000000000e+00 6.964505910873413086e-01
0.000000000000000000e+00 5.998282432556152344e-01
0.000000000000000000e+00 5.403103232383728027e-01
0.000000000000000000e+00 3.220731317996978760e-01
0.000000000000000000e+00 2.602564394474029541e-01
0.000000000000000000e+00 4.676091074943542480e-01
