0.000000000000000000e+00 3.282139003276824951e-01
0.000000000000000000e+00 3.053783476352691650e-01
0.000000000000000000e+00 3.318961560726165771e-01
0.000000000000000000e+00 3.172047734260559082e-01
0.000000000000000000e+00 3.268419802188873291e-01
0.000000000000000000e+00 3.254984319210052490e-01
0.000000000000000000e+00 3.070092499256134033e-01
0.000000000000000000e+00 3.293163776397705078e-01
0.000000000000000000e+00 3.245509862899780273e-01
0.000000000000000000e+00 3.149956166744232178e-01
0.000000000000000000e+00 3.212251663208007812e-01
0.000000000000000000e+00 3.229253292083740234e-01
0.000000000000000000e+00 3.303607106208801270e-01
0.000000000000000000e+00 3.213440179824829102e-01
0.000000000000000000e+00 3.301859200000762939e-01
0.000000000000000000e+00 3.262695074081420898e-01
0.000000000000000000e+00 3.279228210449218750e-01
0.000000000000000000e+00 3.195606768131256104e-01
0.000000000000000000e+00 3.122820556163787842e-01
0.000000000000000000e+00 3.218585848808288574e-01
0.000000000000000000e+00 3.236762881278991699e-01
0.000000000000000000e+00 3.314041793346405029e-01
0.000000000000000000e+00 3.156590461730957031e-01
0.000000000000000000e+00 3.204046487808227539e-01
0.000000000000000000e+00 3.341738283634185791e-01
1.000000000000000000e+00 3.209263086318969727e-01
1.000000000000000000e+00 3.121407926082611084e-01
1.000000000000000000e+00 2.787939012050628662e-01
1.000000000000000000e+00 2.402632832527160645e-01
1.000000000000000000e+00 2.386979758739471436e-01
1.000000000000000000e+00 1.737082302570343018e-01
0.000000000000000000e+00 1.617492884397506714e-01
0.000000000000000000e+00 1.420766413211822510e-01
0.000000000000000000e+00 1.100112423300743103e-01
0.000000000000000000e+00 7.811740040779113770e-02
0.000000000000000000e+00 6.930342316627502441e-02
0.000000000000000000e+00 5.424230545759201050e-02
0.000000000000000000e+00 4.380084201693534851e-02
0.000000000000000000e+00 3.973822295665740967e-02
0.000000000000000000e+00 3.405997529625892639e-02
0.000000000000000000e+00 2.896563708782196045e-02
0.000000000000000000e+00 2.655924484133720398e-02
0.000000000000000000e+00 2.276328764855861664e-02
0.000000000000000000e+00 2.048853971064090729e-02
0.000000000000000000e+00 2.023865282535552979e-02
0.000000000000000000e+00 1.246203435584902763e-03
0.000000000000000000e+00 2.782759722322225571e-03
0.000000000000000000e+00 5.438142921775579453e-03
0.000000000000000000e+00 1.029936317354440689e-02
0.000000000000000000e+00 1.554413698613643646e-02
0.000000000000000000e+00 1.928243227303028107e-02
0.000000000000000000e+00 1.719591766595840454e-02
0.000000000000000000e+00 1.498402561992406845e-02
0.000000000000000000e+00 1.410074718296527863e-02
0.000000000000000000e+00 1.422339491546154022e-02
0.000000000000000000e+00 1.381838135421276093e-02
0.000000000000000000e+00 1.351229753345251083e-02
0.000000000000000000e+00 1.311259809881448746e-02
0.000000000000000000e+00 1.310293283313512802e-02
0.000000000000000000e+00 1.250446960330009460e-02
0.000000000000000000e+00 1.197450608015060425e-02
0.000000000000000000e+00 1.144891977310180664e-02
0.000000000000000000e+00 1.112285163253545761e-02
0.000000000000000000e+00 1.130289398133754730e-02
0.000000000000000000e+00 1.121244207024574280e-02
0.000000000000000000e+00 1.119616068899631500e-02
0.000000000000000000e+00 1.119955070316791534e-02
0.000000000000000000e+00 1.131559442728757858e-02
0.000000000000000000e+00 1.092000957578420639e-02
0.000000000000000000e+00 1.066252030432224274e-02
0.000000000000000000e+00 1.078462880104780197e-02
0.000000000000000000e+00 1.081266906112432480e-02
0.000000000000000000e+00 1.084377802908420563e-02
0.000000000000000000e+00 1.061348430812358856e-02
0.000000000000000000e+00 1.033738814294338226e-02
0.000000000000000000e+00 1.013579312711954117e-02
0.000000000000000000e+00 9.635481052100658417e-03
0.000000000000000000e+00 9.418997913599014282e-03
0.000000000000000000e+00 9.393837302923202515e-03
0.000000000000000000e+00 9.263544343411922455e-03
0.000000000000000000e+00 8.939492516219615936e-03
0.000000000000000000e+00 8.953304961323738098e-03
0.000000000000000000e+00 8.741420693695545197e-03
0.000000000000000000e+00 8.365800604224205017e-03
0.000000000000000000e+00 7.979040965437889099e-03
0.000000000000000000e+00 7.849335670471191406e-03
0.000000000000000000e+00 7.723399903625249863e-03
0.000000000000000000e+00 7.522159256041049957e-03
0.000000000000000000e+00 7.315606810152530670e-03
0.000000000000000000e+00 6.877860054373741150e-03
0.000000000000000000e+00 2.980016288347542286e-04
0.000000000000000000e+00 4.316438280511647463e-04
0.000000000000000000e+00 5.838911747559905052e-04
0.000000000000000000e+00 7.269269553944468498e-04
0.000000000000000000e+00 8.328282274305820465e-04
0.000000000000000000e+00 8.918163948692381382e-04
0.000000000000000000e+00 9.542810730636119843e-04
0.000000000000000000e+00 9.064314072020351887e-04
0.000000000000000000e+00 8.993941009975969791e-04
0.000000000000000000e+00 9.074260597117245197e-04
0.000000000000000000e+00 9.519482264295220375e-04
0.000000000000000000e+00 9.652109583839774132e-04
0.000000000000000000e+00 1.015874324366450310e-03
0.000000000000000000e+00 1.066660392098128796e-03
0.000000000000000000e+00 1.145834801718592644e-03
0.000000000000000000e+00 1.191974617540836334e-03
0.000000000000000000e+00 1.286405953578650951e-03
0.000000000000000000e+00 1.412677927874028683e-03
0.000000000000000000e+00 1.514537609182298183e-03
0.000000000000000000e+00 1.623423770070075989e-03
0.000000000000000000e+00 1.759476028382778168e-03
0.000000000000000000e+00 1.888656639494001865e-03
0.000000000000000000e+00 1.919839414767920971e-03
0.000000000000000000e+00 1.965861301869153976e-03
0.000000000000000000e+00 2.014175290241837502e-03
0.000000000000000000e+00 2.069582464173436165e-03
0.000000000000000000e+00 2.116102958098053932e-03
0.000000000000000000e+00 2.253901911899447441e-03
0.000000000000000000e+00 2.457577036693692207e-03
0.000000000000000000e+00 2.576801460236310959e-03
0.000000000000000000e+00 2.720958087593317032e-03
0.000000000000000000e+00 2.603932050988078117e-03
0.000000000000000000e+00 2.780833514407277107e-03
0.000000000000000000e+00 2.932390896603465080e-03
0.000000000000000000e+00 2.988151507452130318e-03
0.000000000000000000e+00 3.111554309725761414e-03
0.000000000000000000e+00 3.424008842557668686e-03
0.000000000000000000e+00 3.558719297870993614e-03
0.000000000000000000e+00 3.751343116164207458e-03
0.000000000000000000e+00 3.832075744867324829e-03
0.000000000000000000e+00 4.081377293914556503e-03
0.000000000000000000e+00 4.070174414664506912e-03
0.000000000000000000e+00 4.132751375436782837e-03
0.000000000000000000e+00 4.064557142555713654e-03
0.000000000000000000e+00 4.333820194005966187e-03
0.000000000000000000e+00 1.009181607514619827e-02
0.000000000000000000e+00 5.560235120356082916e-03
0.000000000000000000e+00 3.950490150600671768e-03
0.000000000000000000e+00 2.971101552248001099e-03
0.000000000000000000e+00 2.293415600433945656e-03
0.000000000000000000e+00 1.983378315344452858e-03
0.000000000000000000e+00 1.841617748141288757e-03
0.000000000000000000e+00 1.850371365435421467e-03
0.000000000000000000e+00 1.829858054406940937e-03
0.000000000000000000e+00 1.857968862168490887e-03
0.000000000000000000e+00 2.091527217999100685e-03
0.000000000000000000e+00 2.456098562106490135e-03
0.000000000000000000e+00 2.770572900772094727e-03
0.000000000000000000e+00 3.156600985676050186e-03
0.000000000000000000e+00 3.791819792240858078e-03
0.000000000000000000e+00 4.859561566263437271e-03
0.000000000000000000e+00 6.093690637499094009e-03
0.000000000000000000e+00 6.014255806803703308e-03
0.000000000000000000e+00 6.053222808986902237e-03
0.000000000000000000e+00 6.088844034820795059e-03
0.000000000000000000e+00 5.898699630051851273e-03
0.000000000000000000e+00 5.623803008347749710e-03
0.000000000000000000e+00 5.418176762759685516e-03
0.000000000000000000e+00 5.180135369300842285e-03
0.000000000000000000e+00 4.934608004987239838e-03
0.000000000000000000e+00 4.862506873905658722e-03
0.000000000000000000e+00 4.814518615603446960e-03
0.000000000000000000e+00 4.794637206941843033e-03
0.000000000000000000e+00 4.825194831937551498e-03
0.000000000000000000e+00 4.817267879843711853e-03
0.000000000000000000e+00 4.839407745748758316e-03
0.000000000000000000e+00 4.817007109522819519e-03
0.000000000000000000e+00 4.832401406019926071e-03
0.000000000000000000e+00 4.777844995260238647e-03
0.000000000000000000e+00 4.650876391679048538e-03
0.000000000000000000e+00 4.566720686852931976e-03
0.000000000000000000e+00 4.486571997404098511e-03
0.000000000000000000e+00 4.158018622547388077e-03
0.000000000000000000e+00 3.789489623159170151e-03
0.000000000000000000e+00 3.628897015005350113e-03
0.000000000000000000e+00 3.492637770250439644e-03
0.000000000000000000e+00 3.504284191876649857e-03
0.000000000000000000e+00 3.409412223845720291e-03
0.000000000000000000e+00 3.254054579883813858e-03
0.000000000000000000e+00 3.111665369942784309e-03
0.000000000000000000e+00 5.867930594831705093e-04
0.000000000000000000e+00 8.841238450258970261e-04
0.000000000000000000e+00 1.222651917487382889e-03
0.000000000000000000e+00 1.469703158363699913e-03
0.000000000000000000e+00 1.625235541723668575e-03
0.000000000000000000e+00 1.540266443043947220e-03
0.000000000000000000e+00 1.523924176581203938e-03
0.000000000000000000e+00 1.475405413657426834e-03
0.000000000000000000e+00 1.502044382505118847e-03
0.000000000000000000e+00 1.566289109177887440e-03
0.000000000000000000e+00 1.613415312021970749e-03
0.000000000000000000e+00 1.628206344321370125e-03
0.000000000000000000e+00 1.714581274427473545e-03
0.000000000000000000e+00 1.703790272586047649e-03
0.000000000000000000e+00 1.758683240041136742e-03
0.000000000000000000e+00 1.776637509465217590e-03
0.000000000000000000e+00 1.791330403648316860e-03
0.000000000000000000e+00 1.822228776291012764e-03
0.000000000000000000e+00 1.881800824776291847e-03
0.000000000000000000e+00 1.880336087197065353e-03
0.000000000000000000e+00 1.865758909843862057e-03
0.000000000000000000e+00 1.894512912258505821e-03
0.000000000000000000e+00 1.942998147569596767e-03
0.000000000000000000e+00 1.899303053505718708e-03
0.000000000000000000e+00 1.901850453577935696e-03
0.000000000000000000e+00 1.919809263199567795e-03
0.000000000000000000e+00 2.002978697419166565e-03
0.000000000000000000e+00 2.093374030664563179e-03
0.000000000000000000e+00 2.063339343294501305e-03
0.000000000000000000e+00 2.082110615447163582e-03
0.000000000000000000e+00 2.039637882262468338e-03
0.000000000000000000e+00 1.975286984816193581e-03
0.000000000000000000e+00 1.962490612640976906e-03
0.000000000000000000e+00 1.957467757165431976e-03
0.000000000000000000e+00 1.917622284963726997e-03
0.000000000000000000e+00 1.991717144846916199e-03
0.000000000000000000e+00 1.985786715522408485e-03
0.000000000000000000e+00 2.043176908046007156e-03
0.000000000000000000e+00 2.054050564765930176e-03
0.000000000000000000e+00 2.061084378510713577e-03
0.000000000000000000e+00 2.016259357333183289e-03
0.000000000000000000e+00 2.003353321924805641e-03
0.000000000000000000e+00 1.939062029123306274e-03
0.000000000000000000e+00 1.949696335941553116e-03
0.000000000000000000e+00 1.976322382688522339e-03
0.000000000000000000e+00 7.665309123694896698e-03
0.000000000000000000e+00 1.030172500759363174e-02
0.000000000000000000e+00 1.288781501352787018e-02
0.000000000000000000e+00 1.533982437103986740e-02
0.000000000000000000e+00 1.276594121009111404e-02
0.000000000000000000e+00 9.473713114857673645e-03
0.000000000000000000e+00 7.355979178100824356e-03
0.000000000000000000e+00 5.784204695373773575e-03
0.000000000000000000e+00 4.128702450543642044e-03
0.000000000000000000e+00 3.143058391287922859e-03
0.000000000000000000e+00 2.513165120035409927e-03
0.000000000000000000e+00 2.041088650003075600e-03
0.000000000000000000e+00 1.665478339418768883e-03
0.000000000000000000e+00 1.491775736212730408e-03
0.000000000000000000e+00 1.370774349197745323e-03
0.000000000000000000e+00 1.250933622941374779e-03
0.000000000000000000e+00 1.302436459809541702e-03
0.000000000000000000e+00 1.283423276618123055e-03
0.000000000000000000e+00 1.437378115952014923e-03
0.000000000000000000e+00 1.589623861946165562e-03
0.000000000000000000e+00 1.729987445287406445e-03
0.000000000000000000e+00 1.986650750041007996e-03
0.000000000000000000e+00 2.197314752265810966e-03
0.000000000000000000e+00 2.556855790317058563e-03
0.000000000000000000e+00 2.850683173164725304e-03
0.000000000000000000e+00 3.122930182144045830e-03
0.000000000000000000e+00 3.584942780435085297e-03
0.000000000000000000e+00 3.922126721590757370e-03
0.000000000000000000e+00 4.092533141374588013e-03
0.000000000000000000e+00 4.271971061825752258e-03
0.000000000000000000e+00 4.450483713299036026e-03
0.000000000000000000e+00 4.738826770335435867e-03
0.000000000000000000e+00 4.791220650076866150e-03
0.000000000000000000e+00 4.971454851329326630e-03
0.000000000000000000e+00 4.991800524294376373e-03
0.000000000000000000e+00 4.973403643816709518e-03
0.000000000000000000e+00 4.947197157889604568e-03
0.000000000000000000e+00 4.937359597533941269e-03
0.000000000000000000e+00 4.647143185138702393e-03
0.000000000000000000e+00 4.632811062037944794e-03
0.000000000000000000e+00 4.490004386752843857e-03
0.000000000000000000e+00 4.485215526074171066e-03
0.000000000000000000e+00 4.497252404689788818e-03
0.000000000000000000e+00 4.621678497642278671e-03
0.000000000000000000e+00 4.347359295934438705e-03
0.000000000000000000e+00 7.764613628387451172e-01
0.000000000000000000e+00 8.490332961082458496e-01
0.000000000000000000e+00 7.544013261795043945e-01
0.000000000000000000e+00 8.071318268775939941e-01
0.000000000000000000e+00 8.133361339569091797e-01
0.000000000000000000e+00 8.132717013359069824e-01
0.000000000000000000e+00 7.431313991546630859e-01
0.000000000000000000e+00 7.970965504646301270e-01
0.000000000000000000e+00 8.033700585365295410e-01
0.000000000000000000e+00 8.201020956039428711e-01
0.000000000000000000e+00 8.080807328224182129e-01
0.000000000000000000e+00 8.019259572029113770e-01
0.000000000000000000e+00 7.609688043594360352e-01
0.000000000000000000e+00 8.024326562881469727e-01
0.000000000000000000e+00 8.003135323524475098e-01
0.000000000000000000e+00 8.172723650932312012e-01
0.000000000000000000e+00 8.039814829826354980e-01
0.000000000000000000e+00 8.781754970550537109e-01
0.000000000000000000e+00 7.856943011283874512e-01
0.000000000000000000e+00 8.624295592308044434e-01
0.000000000000000000e+00 8.416376709938049316e-01
0.000000000000000000e+00 8.648233413696289062e-01
0.000000000000000000e+00 8.161935806274414062e-01
0.000000000000000000e+00 8.534320592880249023e-01
0.000000000000000000e+00 7.497726678848266602e-01
0.000000000000000000e+00 8.015370368957519531e-01
0.000000000000000000e+00 7.962427139282226562e-01
0.000000000000000000e+00 8.886706829071044922e-01
0.000000000000000000e+00 8.409149050712585449e-01
0.000000000000000000e+00 8.012129068374633789e-01
0.000000000000000000e+00 7.821819186210632324e-01
0.000000000000000000e+00 8.001615405082702637e-01
0.000000000000000000e+00 7.876942753791809082e-01
0.000000000000000000e+00 8.440526723861694336e-01
0.000000000000000000e+00 8.280867338180541992e-01
0.000000000000000000e+00 8.188382387161254883e-01
0.000000000000000000e+00 7.940036654472351074e-01
0.000000000000000000e+00 8.165042400360107422e-01
0.000000000000000000e+00 8.143410682678222656e-01
0.000000000000000000e+00 8.389114737510681152e-01
0.000000000000000000e+00 7.389705777168273926e-01
0.000000000000000000e+00 8.153926730155944824e-01
0.000000000000000000e+00 8.519155383110046387e-01
0.000000000000000000e+00 8.302708864212036133e-01
0.000000000000000000e+00 7.672803997993469238e-01
0.000000000000000000e+00 6.495443582534790039e-01
1.000000000000000000e+00 6.640856862068176270e-01
0.000000000000000000e+00 7.564054727554321289e-01
0.000000000000000000e+00 7.779065370559692383e-01
0.000000000000000000e+00 7.892314195632934570e-01
0.000000000000000000e+00 7.731999158859252930e-01
0.000000000000000000e+00 8.158840537071228027e-01
0.000000000000000000e+00 7.838894724845886230e-01
0.000000000000000000e+00 7.450271844863891602e-01
0.000000000000000000e+00 7.356848120689392090e-01
0.000000000000000000e+00 7.094813585281372070e-01
0.000000000000000000e+00 6.737845540046691895e-01
0.000000000000000000e+00 6.618260145187377930e-01
0.000000000000000000e+00 6.765563488006591797e-01
0.000000000000000000e+00 6.204808354377746582e-01
0.000000000000000000e+00 5.996178388595581055e-01
0.000000000000000000e+00 5.894547700881958008e-01
0.000000000000000000e+00 5.592371821403503418e-01
0.000000000000000000e+00 5.458788275718688965e-01
0.000000000000000000e+00 5.217584371566772461e-01
0.000000000000000000e+00 5.031926631927490234e-01
0.000000000000000000e+00 4.232939183712005615e-01
0.000000000000000000e+00 4.270239472389221191e-01
0.000000000000000000e+00 3.862520456314086914e-01
0.000000000000000000e+00 3.659296035766601562e-01
0.000000000000000000e+00 3.188193738460540771e-01
0.000000000000000000e+00 2.905343174934387207e-01
0.000000000000000000e+00 2.445641756057739258e-01
0.000000000000000000e+00 2.143727988004684448e-01
0.000000000000000000e+00 1.818881332874298096e-01
0.000000000000000000e+00 1.587684750556945801e-01
0.000000000000000000e+00 1.386341154575347900e-01
0.000000000000000000e+00 1.286153197288513184e-01
0.000000000000000000e+00 1.175105497241020203e-01
0.000000000000000000e+00 1.040224656462669373e-01
0.000000000000000000e+00 9.719479829072952271e-02
0.000000000000000000e+00 8.723772317171096802e-02
0.000000000000000000e+00 7.972533255815505981e-02
0.000000000000000000e+00 6.806843727827072144e-02
0.000000000000000000e+00 6.189695373177528381e-02
0.000000000000000000e+00 5.545299127697944641e-02
0.000000000000000000e+00 4.924955964088439941e-02
0.000000000000000000e+00 4.030889272689819336e-02
0.000000000000000000e+00 3.135263547301292419e-02
0.000000000000000000e+00 2.802703157067298889e-02
