0.000000000000000000e+00 9.677991271018981934e-01
0.000000000000000000e+00 9.691082835197448730e-01
0.000000000000000000e+00 9.692888855934143066e-01
0.000000000000000000e+00 9.629244804382324219e-01
0.000000000000000000e+00 9.729915857315063477e-01
0.000000000000000000e+00 9.750074148178100586e-01
0.000000000000000000e+00 9.791383147239685059e-01
0.000000000000000000e+00 9.738315343856811523e-01
0.000000000000000000e+00 9.702273607254028320e-01
0.000000000000000000e+00 9.765945076942443848e-01
0.000000000000000000e+00 9.683494567871093750e-01
0.000000000000000000e+00 9.659802317619323730e-01
0.000000000000000000e+00 9.679848551750183105e-01
0.000000000000000000e+00 9.574562311172485352e-01
0.000000000000000000e+00 9.508909583091735840e-01
0.000000000000000000e+00 9.564157724380493164e-01
1.000000000000000000e+00 9.593463540077209473e-01
1.000000000000000000e+00 9.573103189468383789e-01
1.000000000000000000e+00 9.617516994476318359e-01
0.000000000000000000e+00 9.493034482002258301e-01
0.000000000000000000e+00 9.569972157478332520e-01
0.000000000000000000e+00 9.620061516761779785e-01
1.000000000000000000e+00 9.613521695137023926e-01
1.000000000000000000e+00 9.687962532043457031e-01
1.000000000000000000e+00 9.594035148620605469e-01
1.000000000000000000e+00 9.680925607681274414e-01
1.000000000000000000e+00 9.725674390792846680e-01
1.000000000000000000e+00 9.754608273506164551e-01
1.000000000000000000e+00 9.866863489151000977e-01
1.000000000000000000e+00 9.872593879699707031e-01
1.000000000000000000e+00 9.919885396957397461e-01
1.000000000000000000e+00 9.824475646018981934e-01
0.000000000000000000e+00 9.761623144149780273e-01
0.000000000000000000e+00 9.307749271392822266e-01
0.000000000000000000e+00 9.088718295097351074e-01
0.000000000000000000e+00 8.133230209350585938e-01
0.000000000000000000e+00 6.228786110877990723e-01
0.000000000000000000e+00 4.748113453388214111e-01
0.000000000000000000e+00 2.446230500936508179e-01
0.000000000000000000e+00 2.278990298509597778e-01
0.000000000000000000e+00 1.069888398051261902e-01
0.000000000000000000e+00 9.674176573753356934e-02
0.000000000000000000e+00 5.248666182160377502e-02
0.000000000000000000e+00 3.025961108505725861e-02
0.000000000000000000e+00 1.872468926012516022e-02
0.000000000000000000e+00 1.261445693671703339e-02
0.000000000000000000e+00 9.985464625060558319e-03
0.000000000000000000e+00 1.582514867186546326e-02
0.000000000000000000e+00 1.299227029085159302e-02
0.000000000000000000e+00 1.347741391509771347e-02
0.000000000000000000e+00 1.494787167757749557e-02
0.000000000000000000e+00 1.726777851581573486e-02
0.000000000000000000e+00 2.781025320291519165e-02
0.000000000000000000e+00 4.311440885066986084e-02
0.000000000000000000e+00 4.367157071828842163e-02
1.000000000000000000e+00 5.356058850884437561e-02
1.000000000000000000e+00 7.202003896236419678e-02
0.000000000000000000e+00 1.347536593675613403e-01
0.000000000000000000e+00 1.432175040245056152e-01
0.000000000000000000e+00 2.408261895179748535e-01
0.000000000000000000e+00 2.028292268514633179e-01
1.000000000000000000e+00 2.536851763725280762e-01
1.000000000000000000e+00 3.999265134334564209e-01
1.000000000000000000e+00 4.483233988285064697e-01
1.000000000000000000e+00 5.199477076530456543e-01
1.000000000000000000e+00 5.183230042457580566e-01
1.000000000000000000e+00 4.870381653308868408e-01
1.000000000000000000e+00 5.487405657768249512e-01
1.000000000000000000e+00 6.109533309936523438e-01
1.000000000000000000e+00 5.495720505714416504e-01
0.000000000000000000e+00 6.013935804367065430e-01
0.000000000000000000e+00 5.815284252166748047e-01
0.000000000000000000e+00 5.136087536811828613e-01
0.000000000000000000e+00 5.177978277206420898e-01
0.000000000000000000e+00 4.199766516685485840e-01
0.000000000000000000e+00 8.897913694381713867e-01
0.000000000000000000e+00 8.978603482246398926e-01
0.000000000000000000e+00 8.907457590103149414e-01
0.000000000000000000e+00 8.839839100837707520e-01
0.000000000000000000e+00 8.825195431709289551e-01
0.000000000000000000e+00 8.650304675102233887e-01
0.000000000000000000e+00 8.662971854209899902e-01
0.000000000000000000e+00 8.608415126800537109e-01
0.000000000000000000e+00 8.686953783035278320e-01
0.000000000000000000e+00 8.405147790908813477e-01
0.000000000000000000e+00 8.468253016471862793e-01
0.000000000000000000e+00 8.166170716285705566e-01
0.000000000000000000e+00 8.012117147445678711e-01
0.000000000000000000e+00 6.749770641326904297e-01
1.000000000000000000e+00 6.270123124122619629e-01
1.000000000000000000e+00 5.797052383422851562e-01
1.000000000000000000e+00 4.895681440830230713e-01
1.000000000000000000e+00 5.020329356193542480e-01
1.000000000000000000e+00 5.687901973724365234e-01
1.000000000000000000e+00 7.048119902610778809e-01
0.000000000000000000e+00 6.973550915718078613e-01
1.000000000000000000e+00 7.381276488304138184e-01
1.000000000000000000e+00 7.636786699295043945e-01
1.000000000000000000e+00 7.148975729942321777e-01
0.000000000000000000e+00 6.753956675529479980e-01
1.000000000000000000e+00 7.229622602462768555e-01
1.000000000000000000e+00 5.888963937759399414e-01
1.000000000000000000e+00 5.787199139595031738e-01
1.000000000000000000e+00 5.906439423561096191e-01
0.000000000000000000e+00 5.584327578544616699e-01
1.000000000000000000e+00 4.854799509048461914e-01
1.000000000000000000e+00 3.967298269271850586e-01
1.000000000000000000e+00 3.431858420372009277e-01
1.000000000000000000e+00 2.674610018730163574e-01
1.000000000000000000e+00 1.732150465250015259e-01
0.000000000000000000e+00 1.566342562437057495e-01
0.000000000000000000e+00 1.382120400667190552e-01
0.000000000000000000e+00 1.552079766988754272e-01
0.000000000000000000e+00 1.512964665889739990e-01
0.000000000000000000e+00 1.520328521728515625e-01
0.000000000000000000e+00 1.706266701221466064e-01
0.000000000000000000e+00 1.769289672374725342e-01
0.000000000000000000e+00 1.866862922906875610e-01
0.000000000000000000e+00 1.837753802537918091e-01
0.000000000000000000e+00 2.070469111204147339e-01
0.000000000000000000e+00 1.943917125463485718e-01
0.000000000000000000e+00 1.734703481197357178e-01
0.000000000000000000e+00 2.100649327039718628e-01
0.000000000000000000e+00 1.920750439167022705e-01
0.000000000000000000e+00 2.289740443229675293e-01
0.000000000000000000e+00 2.977091073989868164e-01
0.000000000000000000e+00 3.676550984382629395e-01
0.000000000000000000e+00 3.821467161178588867e-01
0.000000000000000000e+00 3.987230062484741211e-01
0.000000000000000000e+00 4.140436053276062012e-01
0.000000000000000000e+00 3.259956836700439453e-01
0.000000000000000000e+00 3.260717689990997314e-01
0.000000000000000000e+00 3.498488962650299072e-01
0.000000000000000000e+00 3.464648425579071045e-01
0.000000000000000000e+00 3.131456077098846436e-01
0.000000000000000000e+00 3.706959187984466553e-01
0.000000000000000000e+00 3.936760127544403076e-01
0.000000000000000000e+00 4.544877111911773682e-01
0.000000000000000000e+00 3.995168507099151611e-01
0.000000000000000000e+00 3.654653728008270264e-01
0.000000000000000000e+00 3.857899904251098633e-01
0.000000000000000000e+00 3.579741418361663818e-01
0.000000000000000000e+00 3.324307799339294434e-01
0.000000000000000000e+00 3.688266575336456299e-01
0.000000000000000000e+00 3.764375448226928711e-01
0.000000000000000000e+00 3.427469432353973389e-01
0.000000000000000000e+00 4.161854982376098633e-01
0.000000000000000000e+00 3.903833329677581787e-01
0.000000000000000000e+00 3.988490700721740723e-01
0.000000000000000000e+00 4.193835258483886719e-01
1.000000000000000000e+00 3.937899172306060791e-01
1.000000000000000000e+00 4.243779182434082031e-01
1.000000000000000000e+00 5.299839973449707031e-01
1.000000000000000000e+00 4.908630549907684326e-01
1.000000000000000000e+00 3.364589214324951172e-01
1.000000000000000000e+00 4.529761970043182373e-01
0.000000000000000000e+00 3.926723599433898926e-01
0.000000000000000000e+00 3.982535004615783691e-01
0.000000000000000000e+00 4.032451510429382324e-01
0.000000000000000000e+00 5.002782344818115234e-01
0.000000000000000000e+00 4.531922340393066406e-01
0.000000000000000000e+00 4.162018299102783203e-01
0.000000000000000000e+00 4.472313225269317627e-01
0.000000000000000000e+00 3.804363012313842773e-01
0.000000000000000000e+00 4.375519156455993652e-01
0.000000000000000000e+00 4.830935299396514893e-01
0.000000000000000000e+00 4.182059764862060547e-01
0.000000000000000000e+00 5.017078518867492676e-01
0.000000000000000000e+00 5.042221546173095703e-01
0.000000000000000000e+00 4.399240016937255859e-01
0.000000000000000000e+00 5.018351674079895020e-01
0.000000000000000000e+00 6.336586475372314453e-01
0.000000000000000000e+00 6.611798405647277832e-01
0.000000000000000000e+00 6.455733180046081543e-01
1.000000000000000000e+00 7.076048254966735840e-01
1.000000000000000000e+00 7.197348475456237793e-01
1.000000000000000000e+00 7.838840484619140625e-01
1.000000000000000000e+00 7.995332479476928711e-01
1.000000000000000000e+00 7.994028925895690918e-01
0.000000000000000000e+00 8.155432939529418945e-01
0.000000000000000000e+00 8.307868242263793945e-01
0.000000000000000000e+00 8.217225670814514160e-01
1.000000000000000000e+00 7.708257436752319336e-01
1.000000000000000000e+00 6.869411468505859375e-01
0.000000000000000000e+00 7.484409213066101074e-01
0.000000000000000000e+00 8.007087707519531250e-01
0.000000000000000000e+00 7.869798541069030762e-01
0.000000000000000000e+00 5.349555015563964844e-01
0.000000000000000000e+00 5.140416622161865234e-01
0.000000000000000000e+00 4.115225672721862793e-01
0.000000000000000000e+00 5.341938734054565430e-01
0.000000000000000000e+00 5.005469918251037598e-01
0.000000000000000000e+00 3.480930030345916748e-01
0.000000000000000000e+00 4.504110217094421387e-01
0.000000000000000000e+00 3.598799109458923340e-01
0.000000000000000000e+00 3.703605234622955322e-01
0.000000000000000000e+00 3.993814587593078613e-01
0.000000000000000000e+00 4.149545431137084961e-01
0.000000000000000000e+00 3.285363316535949707e-01
0.000000000000000000e+00 3.721404373645782471e-01
0.000000000000000000e+00 2.907804250717163086e-01
0.000000000000000000e+00 3.483678698539733887e-01
0.000000000000000000e+00 3.133847415447235107e-01
0.000000000000000000e+00 4.682155549526214600e-01
0.000000000000000000e+00 4.685754477977752686e-01
0.000000000000000000e+00 4.702435433864593506e-01
0.000000000000000000e+00 4.272289872169494629e-01
0.000000000000000000e+00 4.566458463668823242e-01
0.000000000000000000e+00 3.865967988967895508e-01
0.000000000000000000e+00 5.061740875244140625e-01
0.000000000000000000e+00 4.555934071540832520e-01
0.000000000000000000e+00 5.832605361938476562e-01
0.000000000000000000e+00 5.824823379516601562e-01
0.000000000000000000e+00 6.486544609069824219e-01
0.000000000000000000e+00 6.499359011650085449e-01
0.000000000000000000e+00 6.071317195892333984e-01
0.000000000000000000e+00 6.341958642005920410e-01
0.000000000000000000e+00 7.187777757644653320e-01
0.000000000000000000e+00 7.026769518852233887e-01
0.000000000000000000e+00 7.192731499671936035e-01
0.000000000000000000e+00 7.143159508705139160e-01
0.000000000000000000e+00 6.453670859336853027e-01
0.000000000000000000e+00 6.618777513504028320e-01
0.000000000000000000e+00 5.479287505149841309e-01
0.000000000000000000e+00 5.291203856468200684e-01
1.000000000000000000e+00 9.066221117973327637e-01
1.000000000000000000e+00 9.218000173568725586e-01
1.000000000000000000e+00 9.127916097640991211e-01
1.000000000000000000e+00 9.207845926284790039e-01
1.000000000000000000e+00 9.147069454193115234e-01
0.000000000000000000e+00 8.905133605003356934e-01
0.000000000000000000e+00 8.223176598548889160e-01
0.000000000000000000e+00 7.248280644416809082e-01
0.000000000000000000e+00 6.661068201065063477e-01
0.000000000000000000e+00 5.850395560264587402e-01
0.000000000000000000e+00 3.058955371379852295e-01
0.000000000000000000e+00 3.329353928565979004e-01
0.000000000000000000e+00 2.935959398746490479e-01
0.000000000000000000e+00 1.453384906053543091e-01
0.000000000000000000e+00 1.143935471773147583e-01
0.000000000000000000e+00 8.275280892848968506e-02
0.000000000000000000e+00 5.924590677022933960e-02
0.000000000000000000e+00 6.131002306938171387e-02
0.000000000000000000e+00 5.034828931093215942e-02
0.000000000000000000e+00 4.775386303663253784e-02
0.000000000000000000e+00 5.977387353777885437e-02
0.000000000000000000e+00 5.316098034381866455e-02
1.000000000000000000e+00 6.261890381574630737e-02
0.000000000000000000e+00 5.433548241853713989e-02
0.000000000000000000e+00 5.558778718113899231e-02
0.000000000000000000e+00 5.355406552553176880e-02
0.000000000000000000e+00 5.345655605196952820e-02
0.000000000000000000e+00 5.955099686980247498e-02
0.000000000000000000e+00 6.579808145761489868e-02
0.000000000000000000e+00 9.425716102123260498e-02
0.000000000000000000e+00 8.733533322811126709e-02
0.000000000000000000e+00 1.021765395998954773e-01
0.000000000000000000e+00 1.077477037906646729e-01
0.000000000000000000e+00 1.239096671342849731e-01
0.000000000000000000e+00 9.267562627792358398e-02
0.000000000000000000e+00 1.047928482294082642e-01
0.000000000000000000e+00 8.779995143413543701e-02
0.000000000000000000e+00 5.943161621689796448e-02
0.000000000000000000e+00 5.691238120198249817e-02
0.000000000000000000e+00 5.927121266722679138e-02
0.000000000000000000e+00 5.445637553930282593e-02
0.000000000000000000e+00 4.608615487813949585e-02
0.000000000000000000e+00 4.749132692813873291e-02
0.000000000000000000e+00 5.371795967221260071e-02
0.000000000000000000e+00 4.771729931235313416e-02
0.000000000000000000e+00 5.502782389521598816e-02
0.000000000000000000e+00 5.498326942324638367e-02
0.000000000000000000e+00 7.022348046302795410e-02
0.000000000000000000e+00 9.197756648063659668e-02
0.000000000000000000e+00 1.624832451343536377e-01
0.000000000000000000e+00 2.856814563274383545e-01
0.000000000000000000e+00 4.362896680831909180e-01
0.000000000000000000e+00 5.403549075126647949e-01
0.000000000000000000e+00 5.560113191604614258e-01
0.000000000000000000e+00 5.092865824699401855e-01
0.000000000000000000e+00 5.964703559875488281e-01
1.000000000000000000e+00 5.981464982032775879e-01
0.000000000000000000e+00 6.935304403305053711e-01
0.000000000000000000e+00 7.396895289421081543e-01
1.000000000000000000e+00 7.742051482200622559e-01
1.000000000000000000e+00 8.419405221939086914e-01
0.000000000000000000e+00 8.604661822319030762e-01
0.000000000000000000e+00 8.746185302734375000e-01
0.000000000000000000e+00 8.819816112518310547e-01
0.000000000000000000e+00 8.904735445976257324e-01
0.000000000000000000e+00 8.650141358375549316e-01
1.000000000000000000e+00 8.827650547027587891e-01
1.000000000000000000e+00 8.148870468139648438e-01
1.000000000000000000e+00 8.025106191635131836e-01
1.000000000000000000e+00 7.711057662963867188e-01
0.000000000000000000e+00 6.796191334724426270e-01
0.000000000000000000e+00 7.159011960029602051e-01
0.000000000000000000e+00 6.306457519531250000e-01
0.000000000000000000e+00 5.600054860115051270e-01
0.000000000000000000e+00 4.888730645179748535e-01
0.000000000000000000e+00 6.901102662086486816e-01
0.000000000000000000e+00 5.298645496368408203e-01
1.000000000000000000e+00 5.092577338218688965e-01
0.000000000000000000e+00 3.895718157291412354e-01
0.000000000000000000e+00 3.745843470096588135e-01
0.000000000000000000e+00 3.078774511814117432e-01
0.000000000000000000e+00 2.386411875486373901e-01
0.000000000000000000e+00 2.027124911546707153e-01
0.000000000000000000e+00 1.689904630184173584e-01
0.000000000000000000e+00 1.230038553476333618e-01
0.000000000000000000e+00 1.430750936269760132e-01
0.000000000000000000e+00 1.072921305894851685e-01
0.000000000000000000e+00 1.747922599315643311e-01
0.000000000000000000e+00 1.072611287236213684e-01
0.000000000000000000e+00 9.696524590253829956e-02
0.000000000000000000e+00 9.322234988212585449e-02
1.000000000000000000e+00 9.076863527297973633e-02
0.000000000000000000e+00 1.015709266066551208e-01
0.000000000000000000e+00 1.313356608152389526e-01
0.000000000000000000e+00 1.350828707218170166e-01
0.000000000000000000e+00 1.614134460687637329e-01
0.000000000000000000e+00 2.014892846345901489e-01
0.000000000000000000e+00 2.462042421102523804e-01
0.000000000000000000e+00 1.556489467620849609e-01
0.000000000000000000e+00 1.751075983047485352e-01
0.000000000000000000e+00 1.530750244855880737e-01
0.000000000000000000e+00 1.459457576274871826e-01
0.000000000000000000e+00 1.352199167013168335e-01
0.000000000000000000e+00 1.235618665814399719e-01
0.000000000000000000e+00 1.349264383316040039e-01
0.000000000000000000e+00 1.992133110761642456e-01
0.000000000000000000e+00 1.362260580062866211e-01
0.000000000000000000e+00 1.839687079191207886e-01
0.000000000000000000e+00 1.644318699836730957e-01
0.000000000000000000e+00 1.560166925191879272e-01
0.000000000000000000e+00 1.014547497034072876e-01
0.000000000000000000e+00 1.154704317450523376e-01
0.000000000000000000e+00 9.976565837860107422e-02
0.000000000000000000e+00 6.682574003934860229e-02
0.000000000000000000e+00 1.105001121759414673e-01
0.000000000000000000e+00 9.670660644769668579e-02
0.000000000000000000e+00 1.222045347094535828e-01
0.000000000000000000e+00 1.524389833211898804e-01
0.000000000000000000e+00 1.081562265753746033e-01
0.000000000000000000e+00 1.121117249131202698e-01
0.000000000000000000e+00 1.084373891353607178e-01
0.000000000000000000e+00 1.599692404270172119e-01
0.000000000000000000e+00 2.851059734821319580e-01
0.000000000000000000e+00 4.002490937709808350e-01
0.000000000000000000e+00 4.288821816444396973e-01
0.000000000000000000e+00 5.791931152343750000e-01
0.000000000000000000e+00 7.318608164787292480e-01
0.000000000000000000e+00 8.067770600318908691e-01
0.000000000000000000e+00 8.519955277442932129e-01
0.000000000000000000e+00 8.438512682914733887e-01
0.000000000000000000e+00 8.064529895782470703e-01
0.000000000000000000e+00 7.811573147773742676e-01
0.000000000000000000e+00 8.345984816551208496e-01
0.000000000000000000e+00 8.439993858337402344e-01
0.000000000000000000e+00 8.006060719490051270e-01
0.000000000000000000e+00 7.229537963867187500e-01
0.000000000000000000e+00 7.488189339637756348e-01
0.000000000000000000e+00 7.954113483428955078e-01
0.000000000000000000e+00 6.791362762451171875e-01
0.000000000000000000e+00 6.796225309371948242e-01
0.000000000000000000e+00 6.144981980323791504e-01
1.000000000000000000e+00 5.920857191085815430e-01
1.000000000000000000e+00 6.494439244270324707e-01
1.000000000000000000e+00 6.468310952186584473e-01
1.000000000000000000e+00 4.888420701026916504e-01
1.000000000000000000e+00 4.433847367763519287e-01
1.000000000000000000e+00 4.571646749973297119e-01
1.000000000000000000e+00 3.317109644412994385e-01
0.000000000000000000e+00 2.182360589504241943e-01
1.000000000000000000e+00 2.422423958778381348e-01
1.000000000000000000e+00 9.670566767454147339e-02
1.000000000000000000e+00 1.047154366970062256e-01
1.000000000000000000e+00 4.711501672863960266e-02
0.000000000000000000e+00 4.331656917929649353e-02
0.000000000000000000e+00 2.405755966901779175e-02
0.000000000000000000e+00 2.633935958147048950e-02
0.000000000000000000e+00 2.094545774161815643e-02
0.000000000000000000e+00 1.924091577529907227e-02
0.000000000000000000e+00 1.496369857341051102e-02
0.000000000000000000e+00 1.814328879117965698e-02
0.000000000000000000e+00 2.813607081770896912e-02
0.000000000000000000e+00 2.678632549941539764e-02
0.000000000000000000e+00 3.566455096006393433e-02
0.000000000000000000e+00 5.146846920251846313e-02
0.000000000000000000e+00 8.040780574083328247e-02
0.000000000000000000e+00 1.190818175673484802e-01
0.000000000000000000e+00 2.025477886199951172e-01
0.000000000000000000e+00 2.866943478584289551e-01
0.000000000000000000e+00 2.746877670288085938e-01
0.000000000000000000e+00 4.273380339145660400e-01
0.000000000000000000e+00 4.542555510997772217e-01
0.000000000000000000e+00 5.950323939323425293e-01
0.000000000000000000e+00 5.467572808265686035e-01
0.000000000000000000e+00 5.329043269157409668e-01
0.000000000000000000e+00 5.762991309165954590e-01
0.000000000000000000e+00 4.962382018566131592e-01
0.000000000000000000e+00 4.581814706325531006e-01
0.000000000000000000e+00 3.454266786575317383e-01
0.000000000000000000e+00 3.195563554763793945e-01
0.000000000000000000e+00 3.182717859745025635e-01
0.000000000000000000e+00 2.527092993259429932e-01
0.000000000000000000e+00 2.228194624185562134e-01
0.000000000000000000e+00 1.632082760334014893e-01
0.000000000000000000e+00 1.855598837137222290e-01
0.000000000000000000e+00 1.475160568952560425e-01
0.000000000000000000e+00 1.386324018239974976e-01
0.000000000000000000e+00 1.745121181011199951e-01
0.000000000000000000e+00 1.767166703939437866e-01
0.000000000000000000e+00 1.447783857583999634e-01
0.000000000000000000e+00 1.609555631875991821e-01
0.000000000000000000e+00 2.348740100860595703e-01
0.000000000000000000e+00 2.077278196811676025e-01
0.000000000000000000e+00 1.600833088159561157e-01
0.000000000000000000e+00 2.119760364294052124e-01
0.000000000000000000e+00 1.584441512823104858e-01
0.000000000000000000e+00 2.384229749441146851e-01
0.000000000000000000e+00 3.272182047367095947e-01
0.000000000000000000e+00 3.756676018238067627e-01
0.000000000000000000e+00 6.347486376762390137e-01
0.000000000000000000e+00 6.562652587890625000e-01
0.000000000000000000e+00 7.734863758087158203e-01
0.000000000000000000e+00 7.609195113182067871e-01
0.000000000000000000e+00 7.773779034614562988e-01
0.000000000000000000e+00 8.025088310241699219e-01
0.000000000000000000e+00 8.037331700325012207e-01
1.000000000000000000e+00 8.022390007972717285e-01
1.000000000000000000e+00 7.708886861801147461e-01
1.000000000000000000e+00 7.869052886962890625e-01
0.000000000000000000e+00 8.045081496238708496e-01
1.000000000000000000e+00 8.228569030761718750e-01
1.000000000000000000e+00 8.421097993850708008e-01
1.000000000000000000e+00 8.502432703971862793e-01
1.000000000000000000e+00 8.672907352447509766e-01
1.000000000000000000e+00 8.669822216033935547e-01
0.000000000000000000e+00 8.458872437477111816e-01
0.000000000000000000e+00 8.173401355743408203e-01
1.000000000000000000e+00 7.825141549110412598e-01
1.000000000000000000e+00 7.327331304550170898e-01
1.000000000000000000e+00 7.355165481567382812e-01
1.000000000000000000e+00 6.872473955154418945e-01
0.000000000000000000e+00 5.526903271675109863e-01
0.000000000000000000e+00 5.574447512626647949e-01
0.000000000000000000e+00 5.377283096313476562e-01
0.000000000000000000e+00 4.187103807926177979e-01
0.000000000000000000e+00 4.266891479492187500e-01
1.000000000000000000e+00 8.773851394653320312e-01
1.000000000000000000e+00 8.566514849662780762e-01
1.000000000000000000e+00 8.773746490478515625e-01
1.000000000000000000e+00 8.750459551811218262e-01
1.000000000000000000e+00 8.476666212081909180e-01
1.000000000000000000e+00 7.961596250534057617e-01
1.000000000000000000e+00 6.879370212554931641e-01
0.000000000000000000e+00 5.429636240005493164e-01
0.000000000000000000e+00 6.084383130073547363e-01
0.000000000000000000e+00 4.727929234504699707e-01
0.000000000000000000e+00 4.936209321022033691e-01
0.000000000000000000e+00 3.999834358692169189e-01
0.000000000000000000e+00 3.204810321331024170e-01
0.000000000000000000e+00 1.855814754962921143e-01
0.000000000000000000e+00 1.625560224056243896e-01
0.000000000000000000e+00 1.461909264326095581e-01
1.000000000000000000e+00 1.103314533829689026e-01
0.000000000000000000e+00 1.017292514443397522e-01
0.000000000000000000e+00 1.044612601399421692e-01
0.000000000000000000e+00 9.531704336404800415e-02
0.000000000000000000e+00 6.671563535928726196e-02
0.000000000000000000e+00 8.310477435588836670e-02
0.000000000000000000e+00 9.349681437015533447e-02
0.000000000000000000e+00 1.171219274401664734e-01
0.000000000000000000e+00 1.179519966244697571e-01
0.000000000000000000e+00 9.888206422328948975e-02
0.000000000000000000e+00 1.414126157760620117e-01
0.000000000000000000e+00 1.334360986948013306e-01
0.000000000000000000e+00 1.683694869279861450e-01
0.000000000000000000e+00 2.822583913803100586e-01
0.000000000000000000e+00 2.725248336791992188e-01
0.000000000000000000e+00 3.281225860118865967e-01
0.000000000000000000e+00 2.812685072422027588e-01
0.000000000000000000e+00 3.439652919769287109e-01
0.000000000000000000e+00 3.475544750690460205e-01
0.000000000000000000e+00 2.552492022514343262e-01
0.000000000000000000e+00 1.788531392812728882e-01
0.000000000000000000e+00 2.248644977807998657e-01
0.000000000000000000e+00 2.321262508630752563e-01
0.000000000000000000e+00 1.938637942075729370e-01
0.000000000000000000e+00 2.100467830896377563e-01
0.000000000000000000e+00 1.514293700456619263e-01
0.000000000000000000e+00 1.274289637804031372e-01
0.000000000000000000e+00 9.652329236268997192e-02
0.000000000000000000e+00 9.988622367382049561e-02
0.000000000000000000e+00 7.626216113567352295e-02
0.000000000000000000e+00 7.133486121892929077e-02
0.000000000000000000e+00 1.276207864284515381e-01
0.000000000000000000e+00 1.933004707098007202e-01
0.000000000000000000e+00 2.290006279945373535e-01
0.000000000000000000e+00 3.574026525020599365e-01
0.000000000000000000e+00 4.360327720642089844e-01
0.000000000000000000e+00 5.622118711471557617e-01
0.000000000000000000e+00 6.735603213310241699e-01
0.000000000000000000e+00 6.741011738777160645e-01
1.000000000000000000e+00 6.476854085922241211e-01
1.000000000000000000e+00 5.936899781227111816e-01
1.000000000000000000e+00 7.118594050407409668e-01
1.000000000000000000e+00 6.975813508033752441e-01
1.000000000000000000e+00 7.008098363876342773e-01
1.000000000000000000e+00 7.392727732658386230e-01
0.000000000000000000e+00 7.716946601867675781e-01
0.000000000000000000e+00 7.754963636398315430e-01
0.000000000000000000e+00 8.108409047126770020e-01
0.000000000000000000e+00 8.198388814926147461e-01
0.000000000000000000e+00 7.830063700675964355e-01
0.000000000000000000e+00 7.454726696014404297e-01
0.000000000000000000e+00 6.916499733924865723e-01
0.000000000000000000e+00 6.567662358283996582e-01
0.000000000000000000e+00 6.487913131713867188e-01
0.000000000000000000e+00 6.519098877906799316e-01
0.000000000000000000e+00 5.981246829032897949e-01
0.000000000000000000e+00 5.008444786071777344e-01
0.000000000000000000e+00 3.925726115703582764e-01
0.000000000000000000e+00 2.980160117149353027e-01
0.000000000000000000e+00 9.334498047828674316e-01
0.000000000000000000e+00 9.183466434478759766e-01
0.000000000000000000e+00 9.307753443717956543e-01
0.000000000000000000e+00 8.633792400360107422e-01
0.000000000000000000e+00 8.183369040489196777e-01
0.000000000000000000e+00 7.511740922927856445e-01
0.000000000000000000e+00 6.449529528617858887e-01
0.000000000000000000e+00 4.893985986709594727e-01
0.000000000000000000e+00 4.230401217937469482e-01
0.000000000000000000e+00 3.381129801273345947e-01
0.000000000000000000e+00 3.520683050155639648e-01
0.000000000000000000e+00 2.251685857772827148e-01
0.000000000000000000e+00 1.594789177179336548e-01
0.000000000000000000e+00 1.498149484395980835e-01
0.000000000000000000e+00 1.886208504438400269e-01
0.000000000000000000e+00 1.223890632390975952e-01
0.000000000000000000e+00 9.984224289655685425e-02
0.000000000000000000e+00 1.123471558094024658e-01
0.000000000000000000e+00 1.133686229586601257e-01
0.000000000000000000e+00 1.083763986825942993e-01
0.000000000000000000e+00 1.561413705348968506e-01
1.000000000000000000e+00 2.051724195480346680e-01
1.000000000000000000e+00 2.917975783348083496e-01
1.000000000000000000e+00 2.801144421100616455e-01
0.000000000000000000e+00 2.440715134143829346e-01
0.000000000000000000e+00 1.632460057735443115e-01
0.000000000000000000e+00 1.751286685466766357e-01
0.000000000000000000e+00 1.876378059387207031e-01
0.000000000000000000e+00 1.414981186389923096e-01
0.000000000000000000e+00 1.658694893121719360e-01
0.000000000000000000e+00 1.412635147571563721e-01
0.000000000000000000e+00 1.398484557867050171e-01
0.000000000000000000e+00 1.134012266993522644e-01
0.000000000000000000e+00 1.502565890550613403e-01
0.000000000000000000e+00 7.765907794237136841e-02
0.000000000000000000e+00 6.644058972597122192e-02
0.000000000000000000e+00 7.321127504110336304e-02
0.000000000000000000e+00 8.134644478559494019e-02
0.000000000000000000e+00 7.992964237928390503e-02
0.000000000000000000e+00 4.937709495425224304e-02
0.000000000000000000e+00 4.814692214131355286e-02
0.000000000000000000e+00 4.287327453494071960e-02
0.000000000000000000e+00 4.126668721437454224e-02
0.000000000000000000e+00 5.278753861784934998e-02
0.000000000000000000e+00 2.711408399045467377e-02
0.000000000000000000e+00 3.045858070254325867e-02
0.000000000000000000e+00 2.467608824372291565e-02
0.000000000000000000e+00 3.058445267379283905e-02
1.000000000000000000e+00 3.064214810729026794e-02
0.000000000000000000e+00 3.211039677262306213e-02
0.000000000000000000e+00 4.029089212417602539e-02
0.000000000000000000e+00 9.913452714681625366e-02
0.000000000000000000e+00 9.622833132743835449e-02
1.000000000000000000e+00 2.163182646036148071e-01
1.000000000000000000e+00 2.738618552684783936e-01
1.000000000000000000e+00 2.553555965423583984e-01
0.000000000000000000e+00 2.224682420492172241e-01
0.000000000000000000e+00 2.315106242895126343e-01
0.000000000000000000e+00 2.991097271442413330e-01
1.000000000000000000e+00 3.507365286350250244e-01
1.000000000000000000e+00 3.819245696067810059e-01
1.000000000000000000e+00 3.964336514472961426e-01
1.000000000000000000e+00 5.220451354980468750e-01
1.000000000000000000e+00 4.903206825256347656e-01
1.000000000000000000e+00 4.509994089603424072e-01
0.000000000000000000e+00 6.107127666473388672e-01
0.000000000000000000e+00 6.157689690589904785e-01
0.000000000000000000e+00 6.761087775230407715e-01
0.000000000000000000e+00 6.472766399383544922e-01
0.000000000000000000e+00 6.304432749748229980e-01
0.000000000000000000e+00 5.814048647880554199e-01
0.000000000000000000e+00 5.433292388916015625e-01
0.000000000000000000e+00 5.247622728347778320e-01
0.000000000000000000e+00 4.747685790061950684e-01
0.000000000000000000e+00 4.553311765193939209e-01
