0.000000000000000000e+00 3.482982218265533447e-01
0.000000000000000000e+00 2.253758907318115234e-01
0.000000000000000000e+00 3.290486037731170654e-01
0.000000000000000000e+00 2.145762592554092407e-01
0.000000000000000000e+00 2.125619947910308838e-01
0.000000000000000000e+00 2.203118056058883667e-01
0.000000000000000000e+00 1.440108567476272583e-01
0.000000000000000000e+00 1.501852124929428101e-01
0.000000000000000000e+00 1.374025791883468628e-01
0.000000000000000000e+00 9.680439531803131104e-02
0.000000000000000000e+00 9.555078297853469849e-02
0.000000000000000000e+00 1.112112775444984436e-01
0.000000000000000000e+00 8.002331107854843140e-02
0.000000000000000000e+00 9.682995080947875977e-02
0.000000000000000000e+00 1.138361543416976929e-01
0.000000000000000000e+00 9.803989529609680176e-02
0.000000000000000000e+00 1.392786800861358643e-01
0.000000000000000000e+00 1.279599517583847046e-01
0.000000000000000000e+00 8.539078384637832642e-02
0.000000000000000000e+00 7.844687253236770630e-02
0.000000000000000000e+00 1.266382336616516113e-01
0.000000000000000000e+00 2.287931591272354126e-01
0.000000000000000000e+00 2.667618393898010254e-01
1.000000000000000000e+00 3.744972944259643555e-01
1.000000000000000000e+00 3.095798194408416748e-01
1.000000000000000000e+00 3.252094388008117676e-01
1.000000000000000000e+00 3.123715817928314209e-01
1.000000000000000000e+00 1.668962538242340088e-01
1.000000000000000000e+00 1.845395714044570923e-01
1.000000000000000000e+00 1.938322484493255615e-01
1.000000000000000000e+00 2.305555492639541626e-01
0.000000000000000000e+00 1.055419668555259705e-01
0.000000000000000000e+00 1.222717091441154480e-01
0.000000000000000000e+00 4.938715323805809021e-02
0.000000000000000000e+00 5.470999330282211304e-02
0.000000000000000000e+00 4.641358554363250732e-02
0.000000000000000000e+00 1.829330250620841980e-02
0.000000000000000000e+00 2.359527349472045898e-02
0.000000000000000000e+00 1.158022228628396988e-02
0.000000000000000000e+00 6.198025308549404144e-03
0.000000000000000000e+00 3.247006796300411224e-03
0.000000000000000000e+00 1.629714621230959892e-03
0.000000000000000000e+00 9.447311749681830406e-04
0.000000000000000000e+00 7.805731729604303837e-04
0.000000000000000000e+00 2.694121212698519230e-04
0.000000000000000000e+00 1.216645759996026754e-04
0.000000000000000000e+00 5.815179611090570688e-05
0.000000000000000000e+00 3.393466977286152542e-05
0.000000000000000000e+00 6.905740156071260571e-05
0.000000000000000000e+00 6.333589408313855529e-05
0.000000000000000000e+00 6.431304063880816102e-05
0.000000000000000000e+00 8.155167597578838468e-05
0.000000000000000000e+00 9.877252159640192986e-05
0.000000000000000000e+00 1.663527218624949455e-04
0.000000000000000000e+00 4.943317617289721966e-04
0.000000000000000000e+00 5.057973321527242661e-04
0.000000000000000000e+00 5.553116207011044025e-04
0.000000000000000000e+00 2.185897668823599815e-03
0.000000000000000000e+00 8.574270643293857574e-03
0.000000000000000000e+00 3.544483333826065063e-02
0.000000000000000000e+00 2.318803407251834869e-02
0.000000000000000000e+00 3.172575682401657104e-02
0.000000000000000000e+00 8.030881732702255249e-02
0.000000000000000000e+00 2.004267275333404541e-01
0.000000000000000000e+00 2.253584116697311401e-01
0.000000000000000000e+00 1.998454332351684570e-01
0.000000000000000000e+00 3.786220550537109375e-01
0.000000000000000000e+00 3.850305974483489990e-01
0.000000000000000000e+00 5.471901893615722656e-01
0.000000000000000000e+00 5.185678005218505859e-01
0.000000000000000000e+00 4.475381672382354736e-01
0.000000000000000000e+00 5.568282604217529297e-01
0.000000000000000000e+00 4.927098453044891357e-01
0.000000000000000000e+00 5.050407648086547852e-01
0.000000000000000000e+00 6.153787374496459961e-01
0.000000000000000000e+00 8.560550212860107422e-01
0.000000000000000000e+00 8.582357168197631836e-01
0.000000000000000000e+00 9.055005908012390137e-01
0.000000000000000000e+00 8.496522903442382812e-01
0.000000000000000000e+00 9.011599421501159668e-01
0.000000000000000000e+00 9.497366547584533691e-01
0.000000000000000000e+00 9.444859623908996582e-01
0.000000000000000000e+00 9.563105702400207520e-01
0.000000000000000000e+00 9.339966773986816406e-01
0.000000000000000000e+00 8.916324973106384277e-01
0.000000000000000000e+00 9.256786108016967773e-01
0.000000000000000000e+00 9.419528245925903320e-01
0.000000000000000000e+00 9.664857387542724609e-01
0.000000000000000000e+00 9.451618194580078125e-01
0.000000000000000000e+00 9.348861575126647949e-01
1.000000000000000000e+00 9.113973379135131836e-01
1.000000000000000000e+00 9.493654370307922363e-01
1.000000000000000000e+00 9.455776810646057129e-01
1.000000000000000000e+00 9.391077160835266113e-01
0.000000000000000000e+00 9.477747082710266113e-01
0.000000000000000000e+00 9.263275265693664551e-01
0.000000000000000000e+00 9.095084071159362793e-01
0.000000000000000000e+00 8.718837499618530273e-01
0.000000000000000000e+00 7.684569358825683594e-01
0.000000000000000000e+00 7.090068459510803223e-01
0.000000000000000000e+00 4.429030120372772217e-01
0.000000000000000000e+00 5.192896127700805664e-01
0.000000000000000000e+00 1.884301453828811646e-01
0.000000000000000000e+00 1.680665910243988037e-01
0.000000000000000000e+00 8.355168253183364868e-02
0.000000000000000000e+00 3.220746666193008423e-02
0.000000000000000000e+00 2.402576804161071777e-02
1.000000000000000000e+00 1.683716103434562683e-02
1.000000000000000000e+00 7.587478030472993851e-03
0.000000000000000000e+00 6.797116249799728394e-03
0.000000000000000000e+00 5.701426416635513306e-03
0.000000000000000000e+00 4.834406543523073196e-03
0.000000000000000000e+00 3.484024899080395699e-03
0.000000000000000000e+00 3.790108952671289444e-03
0.000000000000000000e+00 1.477961894124746323e-03
0.000000000000000000e+00 3.313005203381180763e-03
0.000000000000000000e+00 2.247495343908667564e-03
0.000000000000000000e+00 1.746689551509916782e-03
0.000000000000000000e+00 2.670741640031337738e-03
0.000000000000000000e+00 3.353250678628683090e-03
0.000000000000000000e+00 2.452820306643843651e-03
0.000000000000000000e+00 2.283787354826927185e-03
0.000000000000000000e+00 1.907861791551113129e-03
0.000000000000000000e+00 2.940519014373421669e-03
0.000000000000000000e+00 3.680608468130230904e-03
0.000000000000000000e+00 6.740777287632226944e-03
0.000000000000000000e+00 1.355373207479715347e-02
0.000000000000000000e+00 2.754835970699787140e-02
0.000000000000000000e+00 4.856112971901893616e-02
0.000000000000000000e+00 2.391474321484565735e-02
0.000000000000000000e+00 3.479783236980438232e-02
0.000000000000000000e+00 2.620834112167358398e-02
0.000000000000000000e+00 3.786671534180641174e-02
0.000000000000000000e+00 6.567624211311340332e-02
0.000000000000000000e+00 5.657686293125152588e-02
0.000000000000000000e+00 5.757063627243041992e-02
0.000000000000000000e+00 9.445217251777648926e-02
0.000000000000000000e+00 7.819269597530364990e-02
0.000000000000000000e+00 6.802652776241302490e-02
0.000000000000000000e+00 9.450605511665344238e-02
0.000000000000000000e+00 7.010672986507415771e-02
0.000000000000000000e+00 1.220022886991500854e-01
0.000000000000000000e+00 1.489613652229309082e-01
0.000000000000000000e+00 1.432803124189376831e-01
0.000000000000000000e+00 1.682161390781402588e-01
0.000000000000000000e+00 1.807820647954940796e-01
0.000000000000000000e+00 3.072346746921539307e-01
0.000000000000000000e+00 2.694059610366821289e-01
0.000000000000000000e+00 2.212053388357162476e-01
0.000000000000000000e+00 3.264199495315551758e-01
1.000000000000000000e+00 7.360601425170898438e-01
1.000000000000000000e+00 6.236875653266906738e-01
1.000000000000000000e+00 6.193285584449768066e-01
1.000000000000000000e+00 2.769454717636108398e-01
1.000000000000000000e+00 1.925079822540283203e-01
0.000000000000000000e+00 9.840732812881469727e-02
0.000000000000000000e+00 4.734933748841285706e-02
0.000000000000000000e+00 1.920596696436405182e-02
0.000000000000000000e+00 1.716727018356323242e-02
0.000000000000000000e+00 7.522661704570055008e-03
0.000000000000000000e+00 4.371473100036382675e-03
0.000000000000000000e+00 2.616620389744639397e-03
0.000000000000000000e+00 2.023347886279225349e-03
0.000000000000000000e+00 1.566703082062304020e-03
0.000000000000000000e+00 6.482783937826752663e-04
0.000000000000000000e+00 4.768062208313494921e-04
0.000000000000000000e+00 7.687136530876159668e-04
0.000000000000000000e+00 3.643629897851496935e-04
0.000000000000000000e+00 2.886369766201823950e-04
0.000000000000000000e+00 1.576328941155225039e-04
0.000000000000000000e+00 1.900652277981862426e-04
0.000000000000000000e+00 1.282903394894674420e-04
0.000000000000000000e+00 1.140956228482536972e-04
0.000000000000000000e+00 9.647401020629331470e-05
0.000000000000000000e+00 7.819897291483357549e-05
0.000000000000000000e+00 1.463344233343377709e-04
1.000000000000000000e+00 6.689330621156841516e-05
1.000000000000000000e+00 7.923576049506664276e-05
0.000000000000000000e+00 1.458800979889929295e-04
0.000000000000000000e+00 1.269405911443755031e-04
0.000000000000000000e+00 2.212897670688107610e-04
0.000000000000000000e+00 2.438451774651184678e-04
0.000000000000000000e+00 3.496530407574027777e-04
0.000000000000000000e+00 5.159802967682480812e-04
0.000000000000000000e+00 5.614407709799706936e-04
0.000000000000000000e+00 4.466222017072141171e-04
0.000000000000000000e+00 4.622516280505806208e-04
0.000000000000000000e+00 5.788633716292679310e-04
0.000000000000000000e+00 4.059741622768342495e-04
0.000000000000000000e+00 3.427157935220748186e-04
0.000000000000000000e+00 5.346556426957249641e-04
0.000000000000000000e+00 4.389984533190727234e-04
0.000000000000000000e+00 2.570755314081907272e-04
0.000000000000000000e+00 2.907481975853443146e-04
0.000000000000000000e+00 2.528131299186497927e-04
0.000000000000000000e+00 1.754691184032708406e-04
0.000000000000000000e+00 2.655455609783530235e-04
0.000000000000000000e+00 2.219915622845292091e-04
0.000000000000000000e+00 1.597310329088941216e-04
0.000000000000000000e+00 9.627145482227206230e-05
0.000000000000000000e+00 1.065778487827628851e-04
0.000000000000000000e+00 1.161950203822925687e-04
0.000000000000000000e+00 1.361693575745448470e-04
0.000000000000000000e+00 1.833503192756325006e-04
0.000000000000000000e+00 1.887011603685095906e-04
0.000000000000000000e+00 1.135640777647495270e-04
0.000000000000000000e+00 8.126800094032660127e-05
0.000000000000000000e+00 1.146268041338771582e-04
0.000000000000000000e+00 1.229259942192584276e-04
0.000000000000000000e+00 1.164723362307995558e-04
0.000000000000000000e+00 1.334329863311722875e-04
0.000000000000000000e+00 1.980642555281519890e-04
0.000000000000000000e+00 1.053810192388482392e-04
0.000000000000000000e+00 1.465691602788865566e-04
0.000000000000000000e+00 1.366123324260115623e-04
0.000000000000000000e+00 1.679844572208821774e-04
0.000000000000000000e+00 2.718711621128022671e-04
0.000000000000000000e+00 3.409985802136361599e-04
0.000000000000000000e+00 3.588628314901143312e-04
0.000000000000000000e+00 6.618860643357038498e-04
0.000000000000000000e+00 5.038683884777128696e-04
0.000000000000000000e+00 4.238908004481345415e-04
0.000000000000000000e+00 6.111364345997571945e-04
0.000000000000000000e+00 4.684180312324315310e-04
0.000000000000000000e+00 4.105024563614279032e-04
1.000000000000000000e+00 9.630081653594970703e-01
0.000000000000000000e+00 9.293662905693054199e-01
0.000000000000000000e+00 7.524281740188598633e-01
0.000000000000000000e+00 6.481330394744873047e-01
0.000000000000000000e+00 4.701464176177978516e-01
0.000000000000000000e+00 6.240800619125366211e-01
0.000000000000000000e+00 4.340051710605621338e-01
0.000000000000000000e+00 4.173130691051483154e-01
0.000000000000000000e+00 2.702677249908447266e-01
0.000000000000000000e+00 2.175596207380294800e-01
0.000000000000000000e+00 1.943840086460113525e-01
0.000000000000000000e+00 1.695322096347808838e-01
0.000000000000000000e+00 1.720236092805862427e-01
0.000000000000000000e+00 1.334183216094970703e-01
0.000000000000000000e+00 8.682416379451751709e-02
0.000000000000000000e+00 5.739619955420494080e-02
0.000000000000000000e+00 9.458267688751220703e-02
0.000000000000000000e+00 1.183568611741065979e-01
0.000000000000000000e+00 8.299244195222854614e-02
0.000000000000000000e+00 4.509878903627395630e-02
0.000000000000000000e+00 6.227319687604904175e-02
0.000000000000000000e+00 5.905290693044662476e-02
0.000000000000000000e+00 5.533381551504135132e-02
0.000000000000000000e+00 4.144160449504852295e-02
0.000000000000000000e+00 3.649286925792694092e-02
0.000000000000000000e+00 5.816132575273513794e-02
0.000000000000000000e+00 3.799587488174438477e-02
0.000000000000000000e+00 4.098056256771087646e-02
0.000000000000000000e+00 4.214443638920783997e-02
0.000000000000000000e+00 5.383849516510963440e-02
0.000000000000000000e+00 4.736091196537017822e-02
0.000000000000000000e+00 7.550696283578872681e-02
0.000000000000000000e+00 6.374942511320114136e-02
0.000000000000000000e+00 5.888475477695465088e-02
0.000000000000000000e+00 5.599074810743331909e-02
0.000000000000000000e+00 6.361540406942367554e-02
0.000000000000000000e+00 5.170194432139396667e-02
0.000000000000000000e+00 4.403085261583328247e-02
0.000000000000000000e+00 2.719371952116489410e-02
0.000000000000000000e+00 4.419071227312088013e-02
0.000000000000000000e+00 4.084887355566024780e-02
0.000000000000000000e+00 3.577624633908271790e-02
0.000000000000000000e+00 2.909781597554683685e-02
0.000000000000000000e+00 3.925528004765510559e-02
0.000000000000000000e+00 5.332044512033462524e-02
0.000000000000000000e+00 4.068074747920036316e-02
0.000000000000000000e+00 5.810460448265075684e-02
0.000000000000000000e+00 5.377978086471557617e-02
0.000000000000000000e+00 6.625370681285858154e-02
0.000000000000000000e+00 7.478240132331848145e-02
0.000000000000000000e+00 1.316517740488052368e-01
0.000000000000000000e+00 1.279483586549758911e-01
0.000000000000000000e+00 1.822896301746368408e-01
0.000000000000000000e+00 1.877853125333786011e-01
0.000000000000000000e+00 1.503365486860275269e-01
0.000000000000000000e+00 1.882541626691818237e-01
0.000000000000000000e+00 1.700588464736938477e-01
0.000000000000000000e+00 1.448297947645187378e-01
0.000000000000000000e+00 2.248799055814743042e-01
0.000000000000000000e+00 2.379662394523620605e-01
0.000000000000000000e+00 2.416823506355285645e-01
0.000000000000000000e+00 2.397918105125427246e-01
0.000000000000000000e+00 2.851413190364837646e-01
0.000000000000000000e+00 2.545903027057647705e-01
0.000000000000000000e+00 2.386335879564285278e-01
0.000000000000000000e+00 1.976639777421951294e-01
0.000000000000000000e+00 2.084589004516601562e-01
1.000000000000000000e+00 1.396112143993377686e-01
1.000000000000000000e+00 1.610368192195892334e-01
0.000000000000000000e+00 2.001084685325622559e-01
0.000000000000000000e+00 1.260979026556015015e-01
0.000000000000000000e+00 1.226599961519241333e-01
0.000000000000000000e+00 1.075402200222015381e-01
0.000000000000000000e+00 9.801484644412994385e-02
0.000000000000000000e+00 8.980856090784072876e-02
0.000000000000000000e+00 6.549735069274902344e-01
0.000000000000000000e+00 3.025140464305877686e-01
0.000000000000000000e+00 1.467606872320175171e-01
0.000000000000000000e+00 7.551029324531555176e-02
0.000000000000000000e+00 5.790066719055175781e-02
0.000000000000000000e+00 3.256540745496749878e-02
0.000000000000000000e+00 3.105120919644832611e-02
0.000000000000000000e+00 3.185913339257240295e-02
0.000000000000000000e+00 4.105998575687408447e-02
0.000000000000000000e+00 5.968604236841201782e-02
0.000000000000000000e+00 4.476515576243400574e-02
0.000000000000000000e+00 5.988320335745811462e-02
0.000000000000000000e+00 5.312521755695343018e-02
0.000000000000000000e+00 4.948805645108222961e-02
0.000000000000000000e+00 4.871194809675216675e-02
0.000000000000000000e+00 9.446442872285842896e-02
0.000000000000000000e+00 1.148819997906684875e-01
0.000000000000000000e+00 1.683529019355773926e-01
0.000000000000000000e+00 2.282713800668716431e-01
0.000000000000000000e+00 9.645342081785202026e-02
0.000000000000000000e+00 1.329710781574249268e-01
0.000000000000000000e+00 1.032219678163528442e-01
0.000000000000000000e+00 1.728822141885757446e-01
0.000000000000000000e+00 1.090807467699050903e-01
0.000000000000000000e+00 8.526504784822463989e-02
0.000000000000000000e+00 2.568692862987518311e-01
0.000000000000000000e+00 2.795774638652801514e-01
0.000000000000000000e+00 4.509645998477935791e-01
0.000000000000000000e+00 5.245502591133117676e-01
0.000000000000000000e+00 2.907544076442718506e-01
0.000000000000000000e+00 3.224036097526550293e-01
0.000000000000000000e+00 3.221518099308013916e-01
0.000000000000000000e+00 2.432425022125244141e-01
0.000000000000000000e+00 3.457072079181671143e-01
0.000000000000000000e+00 3.044862449169158936e-01
0.000000000000000000e+00 2.551783621311187744e-01
0.000000000000000000e+00 4.200127124786376953e-01
0.000000000000000000e+00 2.173131704330444336e-01
0.000000000000000000e+00 1.888391077518463135e-01
0.000000000000000000e+00 1.616789698600769043e-01
0.000000000000000000e+00 1.903127729892730713e-01
0.000000000000000000e+00 1.798702031373977661e-01
0.000000000000000000e+00 1.516140103340148926e-01
0.000000000000000000e+00 1.018680110573768616e-01
0.000000000000000000e+00 6.345384567975997925e-02
0.000000000000000000e+00 5.294140055775642395e-02
0.000000000000000000e+00 6.751687079668045044e-02
0.000000000000000000e+00 6.155243515968322754e-02
0.000000000000000000e+00 8.202815800905227661e-02
0.000000000000000000e+00 1.310607194900512695e-01
0.000000000000000000e+00 3.126606047153472900e-01
0.000000000000000000e+00 4.507280886173248291e-01
0.000000000000000000e+00 5.517287850379943848e-01
0.000000000000000000e+00 6.228416562080383301e-01
0.000000000000000000e+00 6.428663134574890137e-01
0.000000000000000000e+00 6.659108996391296387e-01
0.000000000000000000e+00 5.635357499122619629e-01
0.000000000000000000e+00 7.054316401481628418e-01
0.000000000000000000e+00 7.204328775405883789e-01
0.000000000000000000e+00 8.616129159927368164e-01
0.000000000000000000e+00 8.643038272857666016e-01
0.000000000000000000e+00 7.879298329353332520e-01
0.000000000000000000e+00 8.253415226936340332e-01
0.000000000000000000e+00 7.350215911865234375e-01
0.000000000000000000e+00 7.662233114242553711e-01
0.000000000000000000e+00 7.482209801673889160e-01
0.000000000000000000e+00 7.091189026832580566e-01
0.000000000000000000e+00 6.531208157539367676e-01
0.000000000000000000e+00 5.502789020538330078e-01
0.000000000000000000e+00 6.775572299957275391e-01
0.000000000000000000e+00 4.011179208755493164e-01
0.000000000000000000e+00 3.217432200908660889e-01
0.000000000000000000e+00 2.778849005699157715e-01
0.000000000000000000e+00 2.884525060653686523e-01
0.000000000000000000e+00 2.385753244161605835e-01
0.000000000000000000e+00 1.130318716168403625e-01
0.000000000000000000e+00 8.913812041282653809e-02
0.000000000000000000e+00 6.021281704306602478e-02
0.000000000000000000e+00 4.206893965601921082e-02
0.000000000000000000e+00 2.357792109251022339e-02
0.000000000000000000e+00 2.365362271666526794e-02
0.000000000000000000e+00 1.926859281957149506e-02
0.000000000000000000e+00 1.492041535675525665e-02
0.000000000000000000e+00 9.905066341161727905e-03
0.000000000000000000e+00 9.489576332271099091e-03
0.000000000000000000e+00 7.774211000651121140e-03
0.000000000000000000e+00 4.921901039779186249e-03
0.000000000000000000e+00 1.037284545600414276e-02
0.000000000000000000e+00 6.287220399826765060e-03
0.000000000000000000e+00 6.555262487381696701e-03
0.000000000000000000e+00 6.029062904417514801e-03
0.000000000000000000e+00 6.617909763008356094e-03
0.000000000000000000e+00 7.977950386703014374e-03
0.000000000000000000e+00 1.088354922831058502e-02
0.000000000000000000e+00 9.250236675143241882e-03
0.000000000000000000e+00 1.350620295852422714e-02
0.000000000000000000e+00 1.837880164384841919e-02
0.000000000000000000e+00 1.788728870451450348e-02
0.000000000000000000e+00 3.274327516555786133e-02
0.000000000000000000e+00 3.179981932044029236e-02
0.000000000000000000e+00 2.764867432415485382e-02
0.000000000000000000e+00 2.796719595789909363e-02
0.000000000000000000e+00 2.589847519993782043e-02
0.000000000000000000e+00 1.585415378212928772e-02
0.000000000000000000e+00 3.326040878891944885e-02
0.000000000000000000e+00 2.746604755520820618e-02
0.000000000000000000e+00 1.527753192931413651e-02
0.000000000000000000e+00 1.492441166192293167e-02
0.000000000000000000e+00 1.500469539314508438e-02
0.000000000000000000e+00 1.451871823519468307e-02
0.000000000000000000e+00 1.258465275168418884e-02
0.000000000000000000e+00 1.222844794392585754e-02
0.000000000000000000e+00 1.187409926205873489e-02
0.000000000000000000e+00 8.379391394555568695e-03
0.000000000000000000e+00 1.273462083190679550e-02
0.000000000000000000e+00 1.124848425388336182e-02
0.000000000000000000e+00 1.040654629468917847e-02
0.000000000000000000e+00 9.374528191983699799e-03
0.000000000000000000e+00 7.877701893448829651e-03
0.000000000000000000e+00 7.998850196599960327e-03
0.000000000000000000e+00 1.234844606369733810e-02
0.000000000000000000e+00 1.216080132871866226e-02
0.000000000000000000e+00 1.281822100281715393e-02
0.000000000000000000e+00 1.611054502427577972e-02
0.000000000000000000e+00 2.432891540229320526e-02
0.000000000000000000e+00 4.143507778644561768e-02
0.000000000000000000e+00 4.405169934034347534e-02
0.000000000000000000e+00 5.906299129128456116e-02
0.000000000000000000e+00 9.417165815830230713e-02
0.000000000000000000e+00 1.353323459625244141e-01
0.000000000000000000e+00 1.148198768496513367e-01
0.000000000000000000e+00 1.328350305557250977e-01
0.000000000000000000e+00 1.757061034440994263e-01
0.000000000000000000e+00 1.812188774347305298e-01
0.000000000000000000e+00 2.639816403388977051e-01
0.000000000000000000e+00 3.098288774490356445e-01
0.000000000000000000e+00 3.259973824024200439e-01
0.000000000000000000e+00 3.382786810398101807e-01
0.000000000000000000e+00 3.186834454536437988e-01
0.000000000000000000e+00 3.303299546241760254e-01
0.000000000000000000e+00 4.539958834648132324e-01
0.000000000000000000e+00 3.707558512687683105e-01
1.000000000000000000e+00 3.736129403114318848e-01
0.000000000000000000e+00 3.658141791820526123e-01
0.000000000000000000e+00 3.583065271377563477e-01
0.000000000000000000e+00 3.579037487506866455e-01
0.000000000000000000e+00 3.722042739391326904e-01
0.000000000000000000e+00 3.118822872638702393e-01
0.000000000000000000e+00 2.320730984210968018e-01
0.000000000000000000e+00 3.119722604751586914e-01
1.000000000000000000e+00 9.818598628044128418e-01
1.000000000000000000e+00 9.845839738845825195e-01
1.000000000000000000e+00 9.799807667732238770e-01
1.000000000000000000e+00 9.728326201438903809e-01
0.000000000000000000e+00 9.586039781570434570e-01
0.000000000000000000e+00 9.509506821632385254e-01
0.000000000000000000e+00 9.462890028953552246e-01
0.000000000000000000e+00 8.607234954833984375e-01
0.000000000000000000e+00 6.620977520942687988e-01
0.000000000000000000e+00 4.024062752723693848e-01
0.000000000000000000e+00 3.139339983463287354e-01
0.000000000000000000e+00 1.202732101082801819e-01
0.000000000000000000e+00 6.306000053882598877e-02
0.000000000000000000e+00 2.769477106630802155e-02
0.000000000000000000e+00 6.953577511012554169e-03
0.000000000000000000e+00 2.644598018378019333e-03
0.000000000000000000e+00 1.328527112491428852e-03
0.000000000000000000e+00 6.776106311008334160e-04
0.000000000000000000e+00 3.136649029329419136e-04
0.000000000000000000e+00 1.629873586352914572e-04
0.000000000000000000e+00 1.060661525116302073e-04
0.000000000000000000e+00 1.812612608773633838e-04
0.000000000000000000e+00 1.388568052789196372e-04
0.000000000000000000e+00 7.357884896919131279e-05
0.000000000000000000e+00 8.674373384565114975e-05
0.000000000000000000e+00 8.877606887836009264e-05
0.000000000000000000e+00 8.044583955779671669e-05
0.000000000000000000e+00 1.930940197780728340e-04
0.000000000000000000e+00 4.056232573930174112e-04
0.000000000000000000e+00 4.423825012054294348e-04
0.000000000000000000e+00 1.452192547731101513e-03
0.000000000000000000e+00 3.188346279785037041e-03
0.000000000000000000e+00 2.878404222428798676e-03
0.000000000000000000e+00 4.306272603571414948e-03
0.000000000000000000e+00 1.096635032445192337e-02
0.000000000000000000e+00 7.386486977338790894e-03
0.000000000000000000e+00 1.821388863027095795e-02
0.000000000000000000e+00 1.556099485605955124e-02
0.000000000000000000e+00 1.648105494678020477e-02
0.000000000000000000e+00 2.080991119146347046e-02
0.000000000000000000e+00 1.650382578372955322e-02
0.000000000000000000e+00 4.042792320251464844e-02
0.000000000000000000e+00 1.808497309684753418e-02
0.000000000000000000e+00 2.404437586665153503e-02
0.000000000000000000e+00 3.219149634242057800e-02
0.000000000000000000e+00 2.184850163757801056e-02
0.000000000000000000e+00 2.074557915329933167e-02
0.000000000000000000e+00 2.706822380423545837e-02
0.000000000000000000e+00 1.980357989668846130e-02
0.000000000000000000e+00 3.335195407271385193e-02
0.000000000000000000e+00 4.484643414616584778e-02
0.000000000000000000e+00 3.857785463333129883e-02
0.000000000000000000e+00 5.151795595884323120e-02
0.000000000000000000e+00 1.053332462906837463e-01
0.000000000000000000e+00 9.752575308084487915e-02
0.000000000000000000e+00 9.002496302127838135e-02
0.000000000000000000e+00 1.681018620729446411e-01
0.000000000000000000e+00 2.320823669433593750e-01
0.000000000000000000e+00 2.747710645198822021e-01
0.000000000000000000e+00 3.479695618152618408e-01
0.000000000000000000e+00 4.255627989768981934e-01
0.000000000000000000e+00 3.987289369106292725e-01
0.000000000000000000e+00 6.006834506988525391e-01
0.000000000000000000e+00 5.010849237442016602e-01
0.000000000000000000e+00 5.891311764717102051e-01
0.000000000000000000e+00 5.957626104354858398e-01
0.000000000000000000e+00 6.018440127372741699e-01
0.000000000000000000e+00 5.050205588340759277e-01
0.000000000000000000e+00 5.841042995452880859e-01
0.000000000000000000e+00 5.334727168083190918e-01
0.000000000000000000e+00 5.485045909881591797e-01
0.000000000000000000e+00 5.601909756660461426e-01
0.000000000000000000e+00 4.147192239761352539e-01
0.000000000000000000e+00 3.401911258697509766e-01
0.000000000000000000e+00 3.168633878231048584e-01
0.000000000000000000e+00 9.485435485839843750e-02
0.000000000000000000e+00 9.140126407146453857e-02
0.000000000000000000e+00 5.649374425411224365e-02
0.000000000000000000e+00 5.421953648328781128e-02
0.000000000000000000e+00 6.977204978466033936e-02
0.000000000000000000e+00 4.949383437633514404e-02
0.000000000000000000e+00 8.686146140098571777e-02
0.000000000000000000e+00 3.148293867707252502e-02
0.000000000000000000e+00 5.244610086083412170e-02
0.000000000000000000e+00 7.070454955101013184e-02
0.000000000000000000e+00 3.088905289769172668e-02
0.000000000000000000e+00 7.131829112768173218e-02
0.000000000000000000e+00 5.381503328680992126e-02
0.000000000000000000e+00 4.820078238844871521e-02
0.000000000000000000e+00 5.346649512648582458e-02
0.000000000000000000e+00 2.389842271804809570e-02
0.000000000000000000e+00 3.865207731723785400e-02
0.000000000000000000e+00 2.299394644796848297e-02
0.000000000000000000e+00 5.728285014629364014e-02
0.000000000000000000e+00 7.118254899978637695e-02
0.000000000000000000e+00 5.193743109703063965e-02
0.000000000000000000e+00 5.388106778264045715e-02
0.000000000000000000e+00 7.281988859176635742e-02
0.000000000000000000e+00 1.299669146537780762e-01
0.000000000000000000e+00 1.461408436298370361e-01
0.000000000000000000e+00 1.216985955834388733e-01
0.000000000000000000e+00 1.164046004414558411e-01
0.000000000000000000e+00 1.243526935577392578e-01
0.000000000000000000e+00 1.569632589817047119e-01
0.000000000000000000e+00 1.755196154117584229e-01
0.000000000000000000e+00 1.712970584630966187e-01
0.000000000000000000e+00 1.193813532590866089e-01
0.000000000000000000e+00 9.239501506090164185e-02
0.000000000000000000e+00 1.613511592149734497e-01
0.000000000000000000e+00 5.479013547301292419e-02
0.000000000000000000e+00 5.589156597852706909e-02
0.000000000000000000e+00 3.796507045626640320e-02
0.000000000000000000e+00 1.140945125371217728e-02
0.000000000000000000e+00 1.250469405204057693e-02
0.000000000000000000e+00 1.678789779543876648e-02
0.000000000000000000e+00 1.265981141477823257e-02
0.000000000000000000e+00 5.397510249167680740e-03
0.000000000000000000e+00 7.158215623348951340e-03
0.000000000000000000e+00 8.468534797430038452e-03
0.000000000000000000e+00 3.021917538717389107e-03
0.000000000000000000e+00 1.800961210392415524e-03
0.000000000000000000e+00 1.143043395131826401e-03
0.000000000000000000e+00 1.627171644940972328e-03
0.000000000000000000e+00 2.330238930881023407e-03
0.000000000000000000e+00 2.169528510421514511e-03
0.000000000000000000e+00 5.418777931481599808e-03
0.000000000000000000e+00 9.711561724543571472e-03
0.000000000000000000e+00 8.347109891474246979e-03
0.000000000000000000e+00 1.563687995076179504e-02
0.000000000000000000e+00 3.129269555211067200e-02
0.000000000000000000e+00 3.905162215232849121e-02
0.000000000000000000e+00 2.042795345187187195e-02
0.000000000000000000e+00 6.068286485970020294e-03
0.000000000000000000e+00 7.126477546989917755e-03
0.000000000000000000e+00 7.840187288820743561e-03
1.000000000000000000e+00 8.388949558138847351e-03
1.000000000000000000e+00 1.088159997016191483e-02
0.000000000000000000e+00 4.116944968700408936e-02
0.000000000000000000e+00 1.926506124436855316e-02
0.000000000000000000e+00 5.306127294898033142e-02
0.000000000000000000e+00 2.008956968784332275e-01
0.000000000000000000e+00 2.764064073562622070e-01
0.000000000000000000e+00 4.236366748809814453e-01
0.000000000000000000e+00 3.913142085075378418e-01
0.000000000000000000e+00 3.831889927387237549e-01
0.000000000000000000e+00 4.526222646236419678e-01
0.000000000000000000e+00 4.126251339912414551e-01
0.000000000000000000e+00 4.210740923881530762e-01
0.000000000000000000e+00 4.106748104095458984e-01
0.000000000000000000e+00 4.400448203086853027e-01
