0.000000000000000000e+00 2.709350883960723877e-01
0.000000000000000000e+00 2.737307846546173096e-01
0.000000000000000000e+00 2.866998612880706787e-01
0.000000000000000000e+00 2.765863835811614990e-01
0.000000000000000000e+00 2.830728292465209961e-01
0.000000000000000000e+00 2.699380815029144287e-01
0.000000000000000000e+00 2.674762904644012451e-01
0.000000000000000000e+00 2.863068580627441406e-01
0.000000000000000000e+00 2.837461829185485840e-01
0.000000000000000000e+00 2.731321156024932861e-01
0.000000000000000000e+00 2.894337773323059082e-01
0.000000000000000000e+00 2.854984402656555176e-01
0.000000000000000000e+00 2.748792469501495361e-01
0.000000000000000000e+00 2.770535647869110107e-01
0.000000000000000000e+00 2.784079611301422119e-01
0.000000000000000000e+00 2.572380602359771729e-01
0.000000000000000000e+00 2.799843251705169678e-01
0.000000000000000000e+00 2.672494649887084961e-01
0.000000000000000000e+00 2.647663354873657227e-01
0.000000000000000000e+00 2.866571247577667236e-01
0.000000000000000000e+00 2.802712321281433105e-01
0.000000000000000000e+00 2.876790761947631836e-01
0.000000000000000000e+00 2.787310183048248291e-01
0.000000000000000000e+00 2.886089980602264404e-01
0.000000000000000000e+00 2.705259621143341064e-01
1.000000000000000000e+00 2.812785208225250244e-01
1.000000000000000000e+00 2.851612269878387451e-01
1.000000000000000000e+00 2.710247039794921875e-01
1.000000000000000000e+00 2.539889216423034668e-01
1.000000000000000000e+00 2.235984206199645996e-01
1.000000000000000000e+00 1.970640420913696289e-01
0.000000000000000000e+00 1.517269909381866455e-01
0.000000000000000000e+00 1.196496859192848206e-01
0.000000000000000000e+00 8.406890183687210083e-02
0.000000000000000000e+00 7.183093577623367310e-02
0.000000000000000000e+00 5.556680262088775635e-02
0.000000000000000000e+00 4.744242876768112183e-02
0.000000000000000000e+00 3.967057168483734131e-02
0.000000000000000000e+00 3.120241500437259674e-02
0.000000000000000000e+00 2.788173034787178040e-02
0.000000000000000000e+00 2.224785275757312775e-02
0.000000000000000000e+00 2.061418630182743073e-02
0.000000000000000000e+00 1.906705461442470551e-02
0.000000000000000000e+00 1.762510836124420166e-02
0.000000000000000000e+00 1.763845607638359070e-02
0.000000000000000000e+00 6.049013230949640274e-03
0.000000000000000000e+00 5.222446285188198090e-03
0.000000000000000000e+00 4.298655316233634949e-03
0.000000000000000000e+00 3.007016610354185104e-03
0.000000000000000000e+00 2.017144113779067993e-03
0.000000000000000000e+00 1.365202246233820915e-03
0.000000000000000000e+00 1.036413479596376419e-03
0.000000000000000000e+00 9.376651723869144917e-04
0.000000000000000000e+00 8.667797083035111427e-04
0.000000000000000000e+00 8.476012735627591610e-04
0.000000000000000000e+00 8.297026506625115871e-04
0.000000000000000000e+00 8.069463656283915043e-04
0.000000000000000000e+00 7.961391238495707512e-04
0.000000000000000000e+00 7.800406892783939838e-04
0.000000000000000000e+00 7.537969504483044147e-04
0.000000000000000000e+00 7.283172453753650188e-04
0.000000000000000000e+00 6.968024536035954952e-04
0.000000000000000000e+00 6.830299389548599720e-04
0.000000000000000000e+00 6.854808889329433441e-04
0.000000000000000000e+00 6.867523770779371262e-04
0.000000000000000000e+00 6.845372263342142105e-04
0.000000000000000000e+00 6.951625691726803780e-04
0.000000000000000000e+00 7.068830891512334347e-04
0.000000000000000000e+00 6.867497577331960201e-04
0.000000000000000000e+00 6.665529799647629261e-04
0.000000000000000000e+00 6.660656654275953770e-04
0.000000000000000000e+00 6.862423615530133247e-04
0.000000000000000000e+00 6.804817239753901958e-04
0.000000000000000000e+00 6.705795531161129475e-04
0.000000000000000000e+00 6.729862070642411709e-04
0.000000000000000000e+00 6.593990256078541279e-04
0.000000000000000000e+00 6.545184878632426262e-04
0.000000000000000000e+00 6.407461478374898434e-04
0.000000000000000000e+00 6.487790378741919994e-04
0.000000000000000000e+00 6.534723215736448765e-04
0.000000000000000000e+00 6.606095703318715096e-04
0.000000000000000000e+00 6.619131308980286121e-04
0.000000000000000000e+00 6.656654877588152885e-04
0.000000000000000000e+00 6.697103381156921387e-04
0.000000000000000000e+00 6.611969438381493092e-04
0.000000000000000000e+00 6.693265167996287346e-04
0.000000000000000000e+00 6.870862562209367752e-04
0.000000000000000000e+00 6.974412826821208000e-04
0.000000000000000000e+00 6.993635324761271477e-04
0.000000000000000000e+00 6.858948618173599243e-04
0.000000000000000000e+00 1.980982348322868347e-02
0.000000000000000000e+00 3.010524995625019073e-02
0.000000000000000000e+00 4.095275327563285828e-02
0.000000000000000000e+00 5.020515248179435730e-02
0.000000000000000000e+00 4.563160613179206848e-02
0.000000000000000000e+00 3.594011068344116211e-02
0.000000000000000000e+00 2.770681120455265045e-02
0.000000000000000000e+00 1.947090402245521545e-02
0.000000000000000000e+00 1.490167994052171707e-02
0.000000000000000000e+00 1.322175748646259308e-02
0.000000000000000000e+00 1.260473765432834625e-02
0.000000000000000000e+00 1.188605092465877533e-02
0.000000000000000000e+00 1.151355914771556854e-02
0.000000000000000000e+00 1.051148027181625366e-02
0.000000000000000000e+00 9.428862482309341431e-03
0.000000000000000000e+00 8.462659083306789398e-03
0.000000000000000000e+00 7.790408562868833542e-03
0.000000000000000000e+00 7.567282766103744507e-03
0.000000000000000000e+00 7.716141641139984131e-03
0.000000000000000000e+00 7.857695221900939941e-03
0.000000000000000000e+00 8.241556584835052490e-03
0.000000000000000000e+00 8.735964074730873108e-03
0.000000000000000000e+00 9.170077741146087646e-03
0.000000000000000000e+00 9.808848612010478973e-03
0.000000000000000000e+00 1.011191401630640030e-02
0.000000000000000000e+00 1.092998404055833817e-02
0.000000000000000000e+00 1.202968694269657135e-02
0.000000000000000000e+00 1.267485227435827255e-02
0.000000000000000000e+00 1.375625468790531158e-02
0.000000000000000000e+00 1.417927630245685577e-02
0.000000000000000000e+00 1.441995985805988312e-02
0.000000000000000000e+00 1.562946848571300507e-02
0.000000000000000000e+00 1.594905927777290344e-02
0.000000000000000000e+00 1.661737821996212006e-02
0.000000000000000000e+00 1.728110387921333313e-02
0.000000000000000000e+00 1.835728622972965240e-02
0.000000000000000000e+00 1.863101497292518616e-02
0.000000000000000000e+00 1.908601820468902588e-02
0.000000000000000000e+00 2.003809437155723572e-02
0.000000000000000000e+00 2.172688767313957214e-02
0.000000000000000000e+00 2.398579008877277374e-02
0.000000000000000000e+00 2.616658248007297516e-02
0.000000000000000000e+00 2.711183205246925354e-02
0.000000000000000000e+00 2.626721374690532684e-02
0.000000000000000000e+00 2.732613869011402130e-02
0.000000000000000000e+00 9.421727061271667480e-02
0.000000000000000000e+00 6.536184251308441162e-02
0.000000000000000000e+00 5.059190467000007629e-02
0.000000000000000000e+00 4.065811261534690857e-02
0.000000000000000000e+00 3.570774197578430176e-02
0.000000000000000000e+00 2.953958138823509216e-02
0.000000000000000000e+00 2.697111293673515320e-02
0.000000000000000000e+00 2.398108504712581635e-02
0.000000000000000000e+00 2.176293171942234039e-02
0.000000000000000000e+00 1.872149482369422913e-02
0.000000000000000000e+00 1.640663295984268188e-02
0.000000000000000000e+00 1.429418940097093582e-02
0.000000000000000000e+00 1.186761632561683655e-02
0.000000000000000000e+00 1.065256632864475250e-02
0.000000000000000000e+00 9.277545846998691559e-03
0.000000000000000000e+00 8.412865921854972839e-03
0.000000000000000000e+00 6.717173848301172256e-03
0.000000000000000000e+00 5.401279311627149582e-03
0.000000000000000000e+00 4.265106283128261566e-03
0.000000000000000000e+00 3.267067484557628632e-03
0.000000000000000000e+00 2.702479017898440361e-03
0.000000000000000000e+00 2.352636307477951050e-03
0.000000000000000000e+00 2.063190331682562828e-03
0.000000000000000000e+00 1.759970327839255333e-03
0.000000000000000000e+00 1.485626795329153538e-03
0.000000000000000000e+00 1.407914096489548683e-03
0.000000000000000000e+00 1.368816941976547241e-03
0.000000000000000000e+00 1.347964163869619370e-03
0.000000000000000000e+00 1.345265074633061886e-03
0.000000000000000000e+00 1.333254971541464329e-03
0.000000000000000000e+00 1.319955219514667988e-03
0.000000000000000000e+00 1.313566113822162151e-03
0.000000000000000000e+00 1.283830497413873672e-03
0.000000000000000000e+00 1.241157064214348793e-03
0.000000000000000000e+00 1.223914907313883305e-03
0.000000000000000000e+00 1.195977325551211834e-03
0.000000000000000000e+00 1.194879645481705666e-03
0.000000000000000000e+00 1.189926988445222378e-03
0.000000000000000000e+00 1.165657653473317623e-03
0.000000000000000000e+00 1.144572510384023190e-03
0.000000000000000000e+00 1.168072922155261040e-03
0.000000000000000000e+00 1.179057755507528782e-03
0.000000000000000000e+00 1.187569461762905121e-03
0.000000000000000000e+00 1.193346455693244934e-03
0.000000000000000000e+00 1.204873318783938885e-03
0.000000000000000000e+00 7.348883897066116333e-03
0.000000000000000000e+00 6.604211870580911636e-03
0.000000000000000000e+00 6.175988819450139999e-03
0.000000000000000000e+00 6.027368362993001938e-03
0.000000000000000000e+00 5.955460015684366226e-03
0.000000000000000000e+00 5.070523358881473541e-03
0.000000000000000000e+00 4.394887480884790421e-03
0.000000000000000000e+00 3.961777314543724060e-03
0.000000000000000000e+00 3.656867425888776779e-03
0.000000000000000000e+00 3.404169809073209763e-03
0.000000000000000000e+00 3.232226241379976273e-03
0.000000000000000000e+00 3.120253095403313637e-03
0.000000000000000000e+00 3.080307738855481148e-03
0.000000000000000000e+00 3.072267863899469376e-03
0.000000000000000000e+00 3.120029112324118614e-03
0.000000000000000000e+00 3.166269743815064430e-03
0.000000000000000000e+00 3.233023919165134430e-03
0.000000000000000000e+00 3.307534847408533096e-03
0.000000000000000000e+00 3.460490377619862556e-03
0.000000000000000000e+00 3.509988542646169662e-03
0.000000000000000000e+00 3.607207210734486580e-03
0.000000000000000000e+00 3.676574910059571266e-03
0.000000000000000000e+00 3.770036855712532997e-03
0.000000000000000000e+00 3.799374215304851532e-03
0.000000000000000000e+00 3.819812322035431862e-03
0.000000000000000000e+00 3.888412145897746086e-03
0.000000000000000000e+00 4.030402284115552902e-03
0.000000000000000000e+00 4.092479124665260315e-03
0.000000000000000000e+00 4.112664610147476196e-03
0.000000000000000000e+00 4.095898941159248352e-03
0.000000000000000000e+00 4.090234637260437012e-03
0.000000000000000000e+00 4.122180864214897156e-03
0.000000000000000000e+00 4.148817621171474457e-03
0.000000000000000000e+00 4.262759815901517868e-03
0.000000000000000000e+00 4.337276332080364227e-03
0.000000000000000000e+00 4.393277224153280258e-03
0.000000000000000000e+00 4.508808255195617676e-03
0.000000000000000000e+00 4.411654546856880188e-03
0.000000000000000000e+00 4.199447575956583023e-03
0.000000000000000000e+00 4.211170598864555359e-03
0.000000000000000000e+00 4.358860664069652557e-03
0.000000000000000000e+00 4.364629741758108139e-03
0.000000000000000000e+00 4.297283943742513657e-03
0.000000000000000000e+00 4.243226721882820129e-03
0.000000000000000000e+00 4.269355442374944687e-03
0.000000000000000000e+00 1.297333743423223495e-03
0.000000000000000000e+00 1.606972422450780869e-03
0.000000000000000000e+00 1.992484088987112045e-03
0.000000000000000000e+00 2.394531620666384697e-03
0.000000000000000000e+00 2.266244729980826378e-03
0.000000000000000000e+00 1.800670637749135494e-03
0.000000000000000000e+00 1.488929498009383678e-03
0.000000000000000000e+00 1.332105719484388828e-03
0.000000000000000000e+00 1.257526804693043232e-03
0.000000000000000000e+00 1.186988200061023235e-03
0.000000000000000000e+00 1.126776798628270626e-03
0.000000000000000000e+00 1.001849770545959473e-03
0.000000000000000000e+00 7.884665392339229584e-04
0.000000000000000000e+00 7.113015162758529186e-04
0.000000000000000000e+00 6.560022593475878239e-04
0.000000000000000000e+00 6.492516258731484413e-04
0.000000000000000000e+00 6.574076833203434944e-04
0.000000000000000000e+00 6.704054540023207664e-04
0.000000000000000000e+00 7.134522311389446259e-04
0.000000000000000000e+00 7.806449430063366890e-04
0.000000000000000000e+00 8.576256805099546909e-04
0.000000000000000000e+00 9.757575462572276592e-04
0.000000000000000000e+00 1.085903029888868332e-03
0.000000000000000000e+00 1.309258863329887390e-03
0.000000000000000000e+00 1.486839028075337410e-03
0.000000000000000000e+00 1.598364324308931828e-03
0.000000000000000000e+00 1.741238986141979694e-03
0.000000000000000000e+00 1.844178186729550362e-03
0.000000000000000000e+00 1.982710324227809906e-03
0.000000000000000000e+00 2.064863685518503189e-03
0.000000000000000000e+00 2.125123050063848495e-03
0.000000000000000000e+00 2.281799912452697754e-03
0.000000000000000000e+00 2.346597146242856979e-03
0.000000000000000000e+00 2.485056407749652863e-03
0.000000000000000000e+00 2.569513628259301186e-03
0.000000000000000000e+00 2.534324070438742638e-03
0.000000000000000000e+00 2.580290660262107849e-03
0.000000000000000000e+00 2.541872672736644745e-03
0.000000000000000000e+00 2.443812089040875435e-03
0.000000000000000000e+00 2.442338503897190094e-03
0.000000000000000000e+00 2.247294411063194275e-03
0.000000000000000000e+00 2.389096422120928764e-03
0.000000000000000000e+00 2.389968140050768852e-03
0.000000000000000000e+00 2.399466233327984810e-03
0.000000000000000000e+00 2.257195301353931427e-03
0.000000000000000000e+00 8.794094920158386230e-01
0.000000000000000000e+00 8.691971898078918457e-01
0.000000000000000000e+00 8.321389555931091309e-01
0.000000000000000000e+00 8.831175565719604492e-01
0.000000000000000000e+00 8.272490501403808594e-01
0.000000000000000000e+00 8.317053914070129395e-01
0.000000000000000000e+00 8.426725268363952637e-01
0.000000000000000000e+00 8.514991998672485352e-01
0.000000000000000000e+00 8.815783858299255371e-01
0.000000000000000000e+00 8.241514563560485840e-01
0.000000000000000000e+00 8.259690999984741211e-01
0.000000000000000000e+00 8.183469772338867188e-01
0.000000000000000000e+00 7.893733978271484375e-01
0.000000000000000000e+00 7.972117662429809570e-01
0.000000000000000000e+00 7.880220413208007812e-01
0.000000000000000000e+00 8.133284449577331543e-01
0.000000000000000000e+00 8.709099292755126953e-01
0.000000000000000000e+00 8.163551688194274902e-01
0.000000000000000000e+00 8.233135342597961426e-01
0.000000000000000000e+00 7.824407219886779785e-01
0.000000000000000000e+00 8.449538350105285645e-01
0.000000000000000000e+00 8.902875185012817383e-01
0.000000000000000000e+00 7.532984614372253418e-01
0.000000000000000000e+00 8.740130662918090820e-01
0.000000000000000000e+00 8.716988563537597656e-01
0.000000000000000000e+00 8.616733551025390625e-01
0.000000000000000000e+00 8.284258842468261719e-01
0.000000000000000000e+00 8.345147371292114258e-01
0.000000000000000000e+00 8.479793071746826172e-01
0.000000000000000000e+00 8.380459547042846680e-01
0.000000000000000000e+00 8.710525631904602051e-01
0.000000000000000000e+00 8.182340264320373535e-01
0.000000000000000000e+00 8.593435883522033691e-01
0.000000000000000000e+00 8.368696570396423340e-01
0.000000000000000000e+00 8.238919377326965332e-01
0.000000000000000000e+00 8.723296523094177246e-01
0.000000000000000000e+00 8.688338994979858398e-01
0.000000000000000000e+00 8.452838659286499023e-01
0.000000000000000000e+00 8.466666340827941895e-01
0.000000000000000000e+00 8.507524728775024414e-01
0.000000000000000000e+00 8.737565279006958008e-01
0.000000000000000000e+00 8.633596897125244141e-01
0.000000000000000000e+00 8.045166134834289551e-01
0.000000000000000000e+00 7.949678897857666016e-01
0.000000000000000000e+00 7.826058864593505859e-01
0.000000000000000000e+00 6.149531602859497070e-01
1.000000000000000000e+00 6.679523587226867676e-01
0.000000000000000000e+00 6.566054224967956543e-01
0.000000000000000000e+00 7.103410959243774414e-01
0.000000000000000000e+00 7.245602607727050781e-01
0.000000000000000000e+00 7.694952487945556641e-01
0.000000000000000000e+00 7.754912972450256348e-01
0.000000000000000000e+00 8.031913638114929199e-01
0.000000000000000000e+00 7.558016777038574219e-01
0.000000000000000000e+00 6.135371923446655273e-01
0.000000000000000000e+00 6.992113590240478516e-01
0.000000000000000000e+00 5.635897517204284668e-01
0.000000000000000000e+00 5.241515040397644043e-01
0.000000000000000000e+00 5.549479722976684570e-01
0.000000000000000000e+00 5.125363469123840332e-01
0.000000000000000000e+00 4.453402161598205566e-01
0.000000000000000000e+00 3.559452891349792480e-01
0.000000000000000000e+00 3.837746679782867432e-01
0.000000000000000000e+00 2.823207378387451172e-01
0.000000000000000000e+00 2.596783339977264404e-01
0.000000000000000000e+00 2.044709920883178711e-01
0.000000000000000000e+00 1.704196631908416748e-01
0.000000000000000000e+00 1.539329886436462402e-01
0.000000000000000000e+00 1.299449056386947632e-01
0.000000000000000000e+00 1.124107986688613892e-01
0.000000000000000000e+00 1.087271645665168762e-01
0.000000000000000000e+00 9.614218026399612427e-02
0.000000000000000000e+00 1.040572747588157654e-01
0.000000000000000000e+00 9.112840890884399414e-02
0.000000000000000000e+00 8.022855967283248901e-02
0.000000000000000000e+00 7.210930436849594116e-02
0.000000000000000000e+00 6.530927866697311401e-02
0.000000000000000000e+00 6.072412803769111633e-02
0.000000000000000000e+00 5.737550184130668640e-02
0.000000000000000000e+00 5.056828632950782776e-02
0.000000000000000000e+00 4.694636538624763489e-02
0.000000000000000000e+00 4.064729809761047363e-02
0.000000000000000000e+00 3.606655076146125793e-02
0.000000000000000000e+00 3.206812217831611633e-02
0.000000000000000000e+00 3.048366867005825043e-02
0.000000000000000000e+00 2.829326130449771881e-02
0.000000000000000000e+00 2.654841914772987366e-02
0.000000000000000000e+00 2.506384812295436859e-02
0.000000000000000000e+00 2.434610389173030853e-02
0.000000000000000000e+00 2.348093129694461823e-02
