0.000000000000000000e+00 8.804978728294372559e-01
0.000000000000000000e+00 8.673530220985412598e-01
0.000000000000000000e+00 8.723668456077575684e-01
0.000000000000000000e+00 8.690645098686218262e-01
0.000000000000000000e+00 8.572496771812438965e-01
0.000000000000000000e+00 8.621126413345336914e-01
0.000000000000000000e+00 8.787068128585815430e-01
0.000000000000000000e+00 8.723416328430175781e-01
0.000000000000000000e+00 8.768768310546875000e-01
0.000000000000000000e+00 8.601178526878356934e-01
0.000000000000000000e+00 8.652783632278442383e-01
0.000000000000000000e+00 8.806534409523010254e-01
0.000000000000000000e+00 8.894945383071899414e-01
0.000000000000000000e+00 8.396102190017700195e-01
0.000000000000000000e+00 8.441803455352783203e-01
0.000000000000000000e+00 8.680195808410644531e-01
0.000000000000000000e+00 8.418822884559631348e-01
0.000000000000000000e+00 8.672053217887878418e-01
0.000000000000000000e+00 8.225912451744079590e-01
0.000000000000000000e+00 8.563812375068664551e-01
0.000000000000000000e+00 8.482372760772705078e-01
0.000000000000000000e+00 8.761718869209289551e-01
0.000000000000000000e+00 8.432639241218566895e-01
1.000000000000000000e+00 8.796291351318359375e-01
1.000000000000000000e+00 8.860909342765808105e-01
1.000000000000000000e+00 8.783722519874572754e-01
1.000000000000000000e+00 8.816387057304382324e-01
1.000000000000000000e+00 8.725684881210327148e-01
1.000000000000000000e+00 7.890525460243225098e-01
1.000000000000000000e+00 7.868891358375549316e-01
1.000000000000000000e+00 6.506994366645812988e-01
0.000000000000000000e+00 5.330784916877746582e-01
0.000000000000000000e+00 3.853495121002197266e-01
0.000000000000000000e+00 2.556255161762237549e-01
0.000000000000000000e+00 1.989957690238952637e-01
0.000000000000000000e+00 1.650151014328002930e-01
0.000000000000000000e+00 1.069430857896804810e-01
0.000000000000000000e+00 8.175740391016006470e-02
0.000000000000000000e+00 4.822022467851638794e-02
0.000000000000000000e+00 5.821693688631057739e-02
0.000000000000000000e+00 3.826693817973136902e-02
0.000000000000000000e+00 2.529122680425643921e-02
0.000000000000000000e+00 2.552101947367191315e-02
0.000000000000000000e+00 2.257836423814296722e-02
0.000000000000000000e+00 1.435192953795194626e-02
0.000000000000000000e+00 1.397604588419198990e-02
0.000000000000000000e+00 1.184981502592563629e-02
0.000000000000000000e+00 9.824748151004314423e-03
0.000000000000000000e+00 1.055046357214450836e-02
0.000000000000000000e+00 9.137264452874660492e-03
0.000000000000000000e+00 8.898569270968437195e-03
0.000000000000000000e+00 7.260925136506557465e-03
0.000000000000000000e+00 8.593001402914524078e-03
0.000000000000000000e+00 1.031010039150714874e-02
0.000000000000000000e+00 8.980764076113700867e-03
0.000000000000000000e+00 8.485487662255764008e-03
0.000000000000000000e+00 1.118823420256376266e-02
0.000000000000000000e+00 1.853938773274421692e-02
0.000000000000000000e+00 2.704479359090328217e-02
0.000000000000000000e+00 8.607882261276245117e-02
0.000000000000000000e+00 1.466359198093414307e-01
0.000000000000000000e+00 2.143058031797409058e-01
0.000000000000000000e+00 3.160944581031799316e-01
0.000000000000000000e+00 3.648755252361297607e-01
0.000000000000000000e+00 3.840808272361755371e-01
0.000000000000000000e+00 3.829195499420166016e-01
0.000000000000000000e+00 4.272464513778686523e-01
0.000000000000000000e+00 3.775795698165893555e-01
0.000000000000000000e+00 4.461427032947540283e-01
0.000000000000000000e+00 4.147278070449829102e-01
0.000000000000000000e+00 4.200391173362731934e-01
0.000000000000000000e+00 4.531538784503936768e-01
0.000000000000000000e+00 3.687587976455688477e-01
0.000000000000000000e+00 3.676566183567047119e-01
0.000000000000000000e+00 3.025034964084625244e-01
0.000000000000000000e+00 8.550563454627990723e-01
0.000000000000000000e+00 8.194041848182678223e-01
0.000000000000000000e+00 8.330934047698974609e-01
0.000000000000000000e+00 8.521098494529724121e-01
0.000000000000000000e+00 8.579848408699035645e-01
0.000000000000000000e+00 8.862051367759704590e-01
0.000000000000000000e+00 8.376964926719665527e-01
0.000000000000000000e+00 8.405110836029052734e-01
0.000000000000000000e+00 8.738024234771728516e-01
0.000000000000000000e+00 8.558733463287353516e-01
0.000000000000000000e+00 8.575385808944702148e-01
0.000000000000000000e+00 8.453354835510253906e-01
0.000000000000000000e+00 8.439688086509704590e-01
0.000000000000000000e+00 8.730522990226745605e-01
0.000000000000000000e+00 8.498214483261108398e-01
1.000000000000000000e+00 8.626513481140136719e-01
1.000000000000000000e+00 8.363354206085205078e-01
1.000000000000000000e+00 8.997141122817993164e-01
1.000000000000000000e+00 9.061966538429260254e-01
0.000000000000000000e+00 9.265162944793701172e-01
0.000000000000000000e+00 9.041417241096496582e-01
0.000000000000000000e+00 9.207985997200012207e-01
0.000000000000000000e+00 8.997964262962341309e-01
0.000000000000000000e+00 7.567225694656372070e-01
0.000000000000000000e+00 6.428966522216796875e-01
0.000000000000000000e+00 5.405224561691284180e-01
0.000000000000000000e+00 3.312780857086181641e-01
0.000000000000000000e+00 1.658948808908462524e-01
0.000000000000000000e+00 3.837529197335243225e-02
0.000000000000000000e+00 3.662712499499320984e-02
0.000000000000000000e+00 1.871697977185249329e-02
0.000000000000000000e+00 1.589736342430114746e-02
1.000000000000000000e+00 7.999841123819351196e-03
1.000000000000000000e+00 5.765106994658708572e-03
0.000000000000000000e+00 3.283287165686488152e-03
0.000000000000000000e+00 2.674994990229606628e-03
0.000000000000000000e+00 2.564155263826251030e-03
0.000000000000000000e+00 2.327523427084088326e-03
0.000000000000000000e+00 2.062271349132061005e-03
0.000000000000000000e+00 1.909110811538994312e-03
0.000000000000000000e+00 2.471136860549449921e-03
0.000000000000000000e+00 2.714931266382336617e-03
0.000000000000000000e+00 2.581128850579261780e-03
0.000000000000000000e+00 2.792530227452516556e-03
0.000000000000000000e+00 4.220799542963504791e-03
0.000000000000000000e+00 3.901321208104491234e-03
0.000000000000000000e+00 4.814733285456895828e-03
0.000000000000000000e+00 3.818330122157931328e-03
0.000000000000000000e+00 5.646837875247001648e-03
0.000000000000000000e+00 9.585719555616378784e-03
0.000000000000000000e+00 1.428451202809810638e-02
0.000000000000000000e+00 4.084774479269981384e-02
0.000000000000000000e+00 5.384346097707748413e-02
0.000000000000000000e+00 8.878068625926971436e-02
0.000000000000000000e+00 7.832260429859161377e-02
0.000000000000000000e+00 8.653771132230758667e-02
0.000000000000000000e+00 9.037149697542190552e-02
0.000000000000000000e+00 1.110380887985229492e-01
0.000000000000000000e+00 1.478070914745330811e-01
0.000000000000000000e+00 1.628311425447463989e-01
0.000000000000000000e+00 2.020526230335235596e-01
0.000000000000000000e+00 2.563264966011047363e-01
0.000000000000000000e+00 2.834790945053100586e-01
0.000000000000000000e+00 3.003562390804290771e-01
0.000000000000000000e+00 3.049032092094421387e-01
0.000000000000000000e+00 3.218647837638854980e-01
0.000000000000000000e+00 3.308597803115844727e-01
0.000000000000000000e+00 3.477572798728942871e-01
0.000000000000000000e+00 4.052617251873016357e-01
0.000000000000000000e+00 4.215725660324096680e-01
0.000000000000000000e+00 4.830509126186370850e-01
0.000000000000000000e+00 4.909551441669464111e-01
0.000000000000000000e+00 5.368564724922180176e-01
0.000000000000000000e+00 5.614715814590454102e-01
0.000000000000000000e+00 5.703898072242736816e-01
1.000000000000000000e+00 7.848588824272155762e-01
1.000000000000000000e+00 8.085726499557495117e-01
1.000000000000000000e+00 8.558464646339416504e-01
1.000000000000000000e+00 8.291141390800476074e-01
1.000000000000000000e+00 7.710913419723510742e-01
0.000000000000000000e+00 8.428831100463867188e-01
0.000000000000000000e+00 8.177032470703125000e-01
0.000000000000000000e+00 8.384105563163757324e-01
0.000000000000000000e+00 8.427397012710571289e-01
0.000000000000000000e+00 8.701291680335998535e-01
0.000000000000000000e+00 8.414088487625122070e-01
0.000000000000000000e+00 7.954674959182739258e-01
0.000000000000000000e+00 8.061856031417846680e-01
0.000000000000000000e+00 8.502388000488281250e-01
0.000000000000000000e+00 7.867987751960754395e-01
0.000000000000000000e+00 8.028501868247985840e-01
0.000000000000000000e+00 8.528508543968200684e-01
0.000000000000000000e+00 8.138862848281860352e-01
0.000000000000000000e+00 8.262035250663757324e-01
0.000000000000000000e+00 8.725775480270385742e-01
0.000000000000000000e+00 8.702711462974548340e-01
0.000000000000000000e+00 8.866556882858276367e-01
0.000000000000000000e+00 8.770024180412292480e-01
0.000000000000000000e+00 8.992088437080383301e-01
0.000000000000000000e+00 9.227601885795593262e-01
0.000000000000000000e+00 9.221860170364379883e-01
1.000000000000000000e+00 9.175255894660949707e-01
1.000000000000000000e+00 9.235977530479431152e-01
0.000000000000000000e+00 9.052415490150451660e-01
0.000000000000000000e+00 9.152879714965820312e-01
0.000000000000000000e+00 8.984687924385070801e-01
0.000000000000000000e+00 8.800240159034729004e-01
0.000000000000000000e+00 8.885879516601562500e-01
0.000000000000000000e+00 7.914499640464782715e-01
0.000000000000000000e+00 7.903913259506225586e-01
0.000000000000000000e+00 8.032598495483398438e-01
0.000000000000000000e+00 7.222344875335693359e-01
0.000000000000000000e+00 7.438374161720275879e-01
0.000000000000000000e+00 6.883415579795837402e-01
0.000000000000000000e+00 6.608038544654846191e-01
0.000000000000000000e+00 6.891453266143798828e-01
0.000000000000000000e+00 6.136864423751831055e-01
0.000000000000000000e+00 5.102078318595886230e-01
0.000000000000000000e+00 4.977234303951263428e-01
0.000000000000000000e+00 4.072487056255340576e-01
0.000000000000000000e+00 3.995084464550018311e-01
0.000000000000000000e+00 4.767735302448272705e-01
0.000000000000000000e+00 4.299044311046600342e-01
0.000000000000000000e+00 4.202532470226287842e-01
0.000000000000000000e+00 3.300651609897613525e-01
0.000000000000000000e+00 3.285540938377380371e-01
0.000000000000000000e+00 3.175449669361114502e-01
0.000000000000000000e+00 3.506724834442138672e-01
0.000000000000000000e+00 4.876556098461151123e-01
0.000000000000000000e+00 4.728606343269348145e-01
0.000000000000000000e+00 5.558212399482727051e-01
0.000000000000000000e+00 5.198341012001037598e-01
0.000000000000000000e+00 5.142488479614257812e-01
0.000000000000000000e+00 5.423601269721984863e-01
0.000000000000000000e+00 5.556161999702453613e-01
0.000000000000000000e+00 5.578930974006652832e-01
0.000000000000000000e+00 5.842564105987548828e-01
0.000000000000000000e+00 6.524432897567749023e-01
0.000000000000000000e+00 7.455120086669921875e-01
0.000000000000000000e+00 7.263960838317871094e-01
0.000000000000000000e+00 7.732554674148559570e-01
0.000000000000000000e+00 8.215171694755554199e-01
0.000000000000000000e+00 8.275164365768432617e-01
0.000000000000000000e+00 7.792158722877502441e-01
0.000000000000000000e+00 8.047691583633422852e-01
0.000000000000000000e+00 8.238408565521240234e-01
0.000000000000000000e+00 8.045330643653869629e-01
0.000000000000000000e+00 8.421848416328430176e-01
0.000000000000000000e+00 7.905173301696777344e-01
0.000000000000000000e+00 7.909985184669494629e-01
1.000000000000000000e+00 7.999747395515441895e-01
0.000000000000000000e+00 8.358598351478576660e-01
0.000000000000000000e+00 6.824335455894470215e-01
0.000000000000000000e+00 6.414977312088012695e-01
0.000000000000000000e+00 6.488621830940246582e-01
0.000000000000000000e+00 4.254460334777832031e-01
0.000000000000000000e+00 4.119333028793334961e-01
0.000000000000000000e+00 3.023382127285003662e-01
0.000000000000000000e+00 2.401920109987258911e-01
0.000000000000000000e+00 1.260134726762771606e-01
0.000000000000000000e+00 9.920635074377059937e-02
0.000000000000000000e+00 1.627731919288635254e-01
0.000000000000000000e+00 5.294037237763404846e-02
0.000000000000000000e+00 4.506132751703262329e-02
0.000000000000000000e+00 2.583038434386253357e-02
0.000000000000000000e+00 2.237754687666893005e-02
0.000000000000000000e+00 2.768195979297161102e-02
0.000000000000000000e+00 2.560790441930294037e-02
0.000000000000000000e+00 2.358595281839370728e-02
0.000000000000000000e+00 3.710121661424636841e-02
0.000000000000000000e+00 4.124071821570396423e-02
0.000000000000000000e+00 3.820880502462387085e-02
0.000000000000000000e+00 4.213086888194084167e-02
0.000000000000000000e+00 3.680603206157684326e-02
0.000000000000000000e+00 2.747857756912708282e-02
0.000000000000000000e+00 2.230994030833244324e-02
0.000000000000000000e+00 2.329142950475215912e-02
0.000000000000000000e+00 2.288405969738960266e-02
0.000000000000000000e+00 1.996993459761142731e-02
0.000000000000000000e+00 2.958534844219684601e-02
0.000000000000000000e+00 3.209609910845756531e-02
0.000000000000000000e+00 2.553094737231731415e-02
0.000000000000000000e+00 2.772606164216995239e-02
0.000000000000000000e+00 2.469923533499240875e-02
0.000000000000000000e+00 2.725647017359733582e-02
0.000000000000000000e+00 1.951898820698261261e-02
0.000000000000000000e+00 1.888030581176280975e-02
0.000000000000000000e+00 1.439072657376527786e-02
0.000000000000000000e+00 1.360000390559434891e-02
0.000000000000000000e+00 1.511134859174489975e-02
0.000000000000000000e+00 1.273915357887744904e-02
0.000000000000000000e+00 1.310965511947870255e-02
0.000000000000000000e+00 1.424793992191553116e-02
0.000000000000000000e+00 1.665134727954864502e-02
0.000000000000000000e+00 1.705094240605831146e-02
0.000000000000000000e+00 1.951436139643192291e-02
0.000000000000000000e+00 2.548306994140148163e-02
0.000000000000000000e+00 3.549039363861083984e-02
0.000000000000000000e+00 4.750106856226921082e-02
0.000000000000000000e+00 6.338150054216384888e-02
0.000000000000000000e+00 1.184144988656044006e-01
0.000000000000000000e+00 1.480974406003952026e-01
0.000000000000000000e+00 2.079394012689590454e-01
0.000000000000000000e+00 1.730270981788635254e-01
0.000000000000000000e+00 2.003022730350494385e-01
0.000000000000000000e+00 1.715978085994720459e-01
0.000000000000000000e+00 1.711957901716232300e-01
0.000000000000000000e+00 2.598651051521301270e-01
0.000000000000000000e+00 2.548425197601318359e-01
0.000000000000000000e+00 2.682611346244812012e-01
0.000000000000000000e+00 2.958239912986755371e-01
0.000000000000000000e+00 3.607858717441558838e-01
0.000000000000000000e+00 3.851133286952972412e-01
0.000000000000000000e+00 3.849895894527435303e-01
0.000000000000000000e+00 3.721025884151458740e-01
0.000000000000000000e+00 3.597511947154998779e-01
0.000000000000000000e+00 3.049223423004150391e-01
1.000000000000000000e+00 2.515803277492523193e-01
1.000000000000000000e+00 2.613767385482788086e-01
0.000000000000000000e+00 2.326893657445907593e-01
0.000000000000000000e+00 1.870294809341430664e-01
0.000000000000000000e+00 2.145688980817794800e-01
0.000000000000000000e+00 1.837664246559143066e-01
0.000000000000000000e+00 1.610981971025466919e-01
0.000000000000000000e+00 1.435838788747787476e-01
0.000000000000000000e+00 5.297238230705261230e-01
0.000000000000000000e+00 5.525085330009460449e-01
0.000000000000000000e+00 4.638821780681610107e-01
0.000000000000000000e+00 4.106624722480773926e-01
0.000000000000000000e+00 2.886766493320465088e-01
0.000000000000000000e+00 2.932367622852325439e-01
0.000000000000000000e+00 2.053083628416061401e-01
0.000000000000000000e+00 1.874827742576599121e-01
0.000000000000000000e+00 1.506885439157485962e-01
0.000000000000000000e+00 1.199396476149559021e-01
0.000000000000000000e+00 1.107616275548934937e-01
0.000000000000000000e+00 9.839338809251785278e-02
0.000000000000000000e+00 7.957912981510162354e-02
0.000000000000000000e+00 6.266074627637863159e-02
0.000000000000000000e+00 4.503201693296432495e-02
0.000000000000000000e+00 3.971590101718902588e-02
0.000000000000000000e+00 4.676325991749763489e-02
0.000000000000000000e+00 3.872338682413101196e-02
0.000000000000000000e+00 3.416969999670982361e-02
0.000000000000000000e+00 4.262552037835121155e-02
0.000000000000000000e+00 3.367849811911582947e-02
0.000000000000000000e+00 3.169011697173118591e-02
0.000000000000000000e+00 3.939409554004669189e-02
0.000000000000000000e+00 3.020454384386539459e-02
0.000000000000000000e+00 3.050952404737472534e-02
0.000000000000000000e+00 4.117084294557571411e-02
0.000000000000000000e+00 4.368367046117782593e-02
0.000000000000000000e+00 7.006030529737472534e-02
0.000000000000000000e+00 6.784594058990478516e-02
0.000000000000000000e+00 5.858809500932693481e-02
0.000000000000000000e+00 6.395350396633148193e-02
0.000000000000000000e+00 6.269794702529907227e-02
0.000000000000000000e+00 6.845110654830932617e-02
0.000000000000000000e+00 7.431317120790481567e-02
0.000000000000000000e+00 7.946608215570449829e-02
0.000000000000000000e+00 6.364849209785461426e-02
0.000000000000000000e+00 5.483569204807281494e-02
0.000000000000000000e+00 4.865400865674018860e-02
0.000000000000000000e+00 4.122963175177574158e-02
0.000000000000000000e+00 5.642177909612655640e-02
0.000000000000000000e+00 5.886306241154670715e-02
0.000000000000000000e+00 5.389572679996490479e-02
0.000000000000000000e+00 5.489178374409675598e-02
0.000000000000000000e+00 3.752395883202552795e-02
0.000000000000000000e+00 3.324154764413833618e-02
0.000000000000000000e+00 3.709931671619415283e-02
0.000000000000000000e+00 3.007917106151580811e-02
0.000000000000000000e+00 4.344083368778228760e-02
0.000000000000000000e+00 7.308101654052734375e-02
0.000000000000000000e+00 9.407932311296463013e-02
0.000000000000000000e+00 1.544887572526931763e-01
0.000000000000000000e+00 2.341054230928421021e-01
0.000000000000000000e+00 2.200520783662796021e-01
0.000000000000000000e+00 3.125533461570739746e-01
0.000000000000000000e+00 2.993845045566558838e-01
0.000000000000000000e+00 3.161636888980865479e-01
0.000000000000000000e+00 3.357790410518646240e-01
0.000000000000000000e+00 3.363448083400726318e-01
0.000000000000000000e+00 3.517538905143737793e-01
0.000000000000000000e+00 3.702091574668884277e-01
0.000000000000000000e+00 3.601553440093994141e-01
0.000000000000000000e+00 4.452443420886993408e-01
0.000000000000000000e+00 4.302683472633361816e-01
0.000000000000000000e+00 4.000495076179504395e-01
0.000000000000000000e+00 3.736934363842010498e-01
0.000000000000000000e+00 3.109726905822753906e-01
0.000000000000000000e+00 3.520872890949249268e-01
0.000000000000000000e+00 2.858124971389770508e-01
0.000000000000000000e+00 2.735704779624938965e-01
0.000000000000000000e+00 2.537910938262939453e-01
0.000000000000000000e+00 2.610160708427429199e-01
0.000000000000000000e+00 2.031716704368591309e-01
0.000000000000000000e+00 1.478922069072723389e-01
0.000000000000000000e+00 1.213195323944091797e-01
0.000000000000000000e+00 9.305347502231597900e-02
0.000000000000000000e+00 1.921444237232208252e-01
0.000000000000000000e+00 9.040918201208114624e-02
0.000000000000000000e+00 6.150225177407264709e-02
0.000000000000000000e+00 5.393018946051597595e-02
0.000000000000000000e+00 4.552201926708221436e-02
0.000000000000000000e+00 3.204329311847686768e-02
0.000000000000000000e+00 2.990086562931537628e-02
0.000000000000000000e+00 2.420725487172603607e-02
0.000000000000000000e+00 2.806134521961212158e-02
0.000000000000000000e+00 2.295513637363910675e-02
0.000000000000000000e+00 2.060871943831443787e-02
0.000000000000000000e+00 2.239331230521202087e-02
0.000000000000000000e+00 2.836635336279869080e-02
0.000000000000000000e+00 2.771668508648872375e-02
0.000000000000000000e+00 2.798679284751415253e-02
0.000000000000000000e+00 2.807676605880260468e-02
0.000000000000000000e+00 2.915372513234615326e-02
0.000000000000000000e+00 3.065396472811698914e-02
0.000000000000000000e+00 3.062166646122932434e-02
0.000000000000000000e+00 4.516252130270004272e-02
0.000000000000000000e+00 4.386651143431663513e-02
0.000000000000000000e+00 5.261095613241195679e-02
0.000000000000000000e+00 6.502432376146316528e-02
0.000000000000000000e+00 7.940978556871414185e-02
0.000000000000000000e+00 9.073176980018615723e-02
0.000000000000000000e+00 1.000860780477523804e-01
0.000000000000000000e+00 1.135571226477622986e-01
0.000000000000000000e+00 1.185548603534698486e-01
0.000000000000000000e+00 1.090816333889961243e-01
0.000000000000000000e+00 9.682206809520721436e-02
0.000000000000000000e+00 9.123300760984420776e-02
0.000000000000000000e+00 8.431410789489746094e-02
0.000000000000000000e+00 8.797754347324371338e-02
0.000000000000000000e+00 8.274196833372116089e-02
0.000000000000000000e+00 8.676772564649581909e-02
0.000000000000000000e+00 8.285900950431823730e-02
0.000000000000000000e+00 9.225282818078994751e-02
0.000000000000000000e+00 8.041071891784667969e-02
0.000000000000000000e+00 8.133281767368316650e-02
0.000000000000000000e+00 7.542698830366134644e-02
0.000000000000000000e+00 8.003874868154525757e-02
0.000000000000000000e+00 7.942697405815124512e-02
0.000000000000000000e+00 6.863383948802947998e-02
0.000000000000000000e+00 5.890974402427673340e-02
0.000000000000000000e+00 5.362730473279953003e-02
0.000000000000000000e+00 5.852180346846580505e-02
0.000000000000000000e+00 5.516526103019714355e-02
0.000000000000000000e+00 6.070715561509132385e-02
0.000000000000000000e+00 8.824326097965240479e-02
0.000000000000000000e+00 8.525311201810836792e-02
0.000000000000000000e+00 1.021142825484275818e-01
0.000000000000000000e+00 1.276900470256805420e-01
0.000000000000000000e+00 1.519111096858978271e-01
0.000000000000000000e+00 1.697298586368560791e-01
0.000000000000000000e+00 1.961055397987365723e-01
0.000000000000000000e+00 1.929788738489151001e-01
0.000000000000000000e+00 2.050815522670745850e-01
0.000000000000000000e+00 2.404425591230392456e-01
0.000000000000000000e+00 2.964501082897186279e-01
0.000000000000000000e+00 3.411064445972442627e-01
0.000000000000000000e+00 4.002425074577331543e-01
0.000000000000000000e+00 4.419258832931518555e-01
0.000000000000000000e+00 4.044596552848815918e-01
0.000000000000000000e+00 4.222657978534698486e-01
0.000000000000000000e+00 4.131726622581481934e-01
0.000000000000000000e+00 4.464696645736694336e-01
0.000000000000000000e+00 4.479516744613647461e-01
1.000000000000000000e+00 4.637063741683959961e-01
0.000000000000000000e+00 4.641498327255249023e-01
0.000000000000000000e+00 4.244197905063629150e-01
0.000000000000000000e+00 4.084602892398834229e-01
0.000000000000000000e+00 3.825782537460327148e-01
0.000000000000000000e+00 3.041476309299468994e-01
0.000000000000000000e+00 3.261492252349853516e-01
0.000000000000000000e+00 2.631759941577911377e-01
1.000000000000000000e+00 7.866230607032775879e-01
1.000000000000000000e+00 8.178283572196960449e-01
1.000000000000000000e+00 8.524910211563110352e-01
1.000000000000000000e+00 8.595809936523437500e-01
0.000000000000000000e+00 7.998925447463989258e-01
0.000000000000000000e+00 7.756256461143493652e-01
0.000000000000000000e+00 7.625321745872497559e-01
0.000000000000000000e+00 6.191874742507934570e-01
0.000000000000000000e+00 5.100681781768798828e-01
0.000000000000000000e+00 4.345940053462982178e-01
0.000000000000000000e+00 3.718473315238952637e-01
0.000000000000000000e+00 3.392789661884307861e-01
0.000000000000000000e+00 3.041358590126037598e-01
0.000000000000000000e+00 1.401024311780929565e-01
0.000000000000000000e+00 1.034663096070289612e-01
0.000000000000000000e+00 8.577259629964828491e-02
0.000000000000000000e+00 6.147742271423339844e-02
0.000000000000000000e+00 4.111391305923461914e-02
0.000000000000000000e+00 2.573492005467414856e-02
0.000000000000000000e+00 1.753616333007812500e-02
0.000000000000000000e+00 8.740433491766452789e-03
0.000000000000000000e+00 8.740565739572048187e-03
0.000000000000000000e+00 1.035776920616626740e-02
0.000000000000000000e+00 4.979457706212997437e-03
0.000000000000000000e+00 4.325920250266790390e-03
0.000000000000000000e+00 3.006094601005315781e-03
0.000000000000000000e+00 3.630313090980052948e-03
0.000000000000000000e+00 3.177134552970528603e-03
0.000000000000000000e+00 4.452263005077838898e-03
0.000000000000000000e+00 4.528261721134185791e-03
0.000000000000000000e+00 1.069061644375324249e-02
0.000000000000000000e+00 1.138597633689641953e-02
0.000000000000000000e+00 1.248390879482030869e-02
0.000000000000000000e+00 2.181029878556728363e-02
0.000000000000000000e+00 2.186119183897972107e-02
0.000000000000000000e+00 2.221493795514106750e-02
0.000000000000000000e+00 2.823731303215026855e-02
0.000000000000000000e+00 2.227342128753662109e-02
0.000000000000000000e+00 2.724128961563110352e-02
0.000000000000000000e+00 1.629239507019519806e-02
0.000000000000000000e+00 2.713260054588317871e-02
0.000000000000000000e+00 2.588582038879394531e-02
0.000000000000000000e+00 2.250219881534576416e-02
0.000000000000000000e+00 1.403114106506109238e-02
0.000000000000000000e+00 8.705127984285354614e-03
0.000000000000000000e+00 1.036985963582992554e-02
0.000000000000000000e+00 1.370422914624214172e-02
0.000000000000000000e+00 1.407411694526672363e-02
0.000000000000000000e+00 3.331826627254486084e-02
0.000000000000000000e+00 3.446175158023834229e-02
0.000000000000000000e+00 5.696306750178337097e-02
0.000000000000000000e+00 1.013782396912574768e-01
0.000000000000000000e+00 1.218504905700683594e-01
0.000000000000000000e+00 1.766206026077270508e-01
0.000000000000000000e+00 2.477828115224838257e-01
0.000000000000000000e+00 2.488396018743515015e-01
0.000000000000000000e+00 2.648659646511077881e-01
0.000000000000000000e+00 2.823001742362976074e-01
0.000000000000000000e+00 3.628073036670684814e-01
0.000000000000000000e+00 3.918329775333404541e-01
0.000000000000000000e+00 4.058829247951507568e-01
0.000000000000000000e+00 4.479496479034423828e-01
0.000000000000000000e+00 5.036996006965637207e-01
0.000000000000000000e+00 5.040318369865417480e-01
0.000000000000000000e+00 5.045855641365051270e-01
0.000000000000000000e+00 4.653565287590026855e-01
0.000000000000000000e+00 4.841865897178649902e-01
0.000000000000000000e+00 4.700481593608856201e-01
0.000000000000000000e+00 4.358955621719360352e-01
0.000000000000000000e+00 4.308851361274719238e-01
0.000000000000000000e+00 3.883082270622253418e-01
0.000000000000000000e+00 3.664206266403198242e-01
0.000000000000000000e+00 3.284037709236145020e-01
0.000000000000000000e+00 2.653079032897949219e-01
0.000000000000000000e+00 2.592604160308837891e-01
0.000000000000000000e+00 6.859403252601623535e-01
0.000000000000000000e+00 4.521198868751525879e-01
0.000000000000000000e+00 3.119910955429077148e-01
0.000000000000000000e+00 2.225138098001480103e-01
0.000000000000000000e+00 3.284827172756195068e-01
0.000000000000000000e+00 2.636391222476959229e-01
0.000000000000000000e+00 1.952237188816070557e-01
0.000000000000000000e+00 2.111754417419433594e-01
0.000000000000000000e+00 2.112616747617721558e-01
0.000000000000000000e+00 1.110674366354942322e-01
0.000000000000000000e+00 9.619817137718200684e-02
0.000000000000000000e+00 1.156162694096565247e-01
0.000000000000000000e+00 6.948959082365036011e-02
0.000000000000000000e+00 8.753650635480880737e-02
0.000000000000000000e+00 1.130414605140686035e-01
0.000000000000000000e+00 1.004042774438858032e-01
0.000000000000000000e+00 7.447823137044906616e-02
0.000000000000000000e+00 5.558523535728454590e-02
0.000000000000000000e+00 8.334190398454666138e-02
0.000000000000000000e+00 4.425268620252609253e-02
0.000000000000000000e+00 5.396399646997451782e-02
0.000000000000000000e+00 7.287372648715972900e-02
0.000000000000000000e+00 1.078209429979324341e-01
0.000000000000000000e+00 5.096801742911338806e-02
0.000000000000000000e+00 6.304901838302612305e-02
0.000000000000000000e+00 4.302689433097839355e-02
0.000000000000000000e+00 4.572809115052223206e-02
0.000000000000000000e+00 5.934846773743629456e-02
0.000000000000000000e+00 4.290356487035751343e-02
0.000000000000000000e+00 4.564192891120910645e-02
0.000000000000000000e+00 3.596271574497222900e-02
0.000000000000000000e+00 3.141915053129196167e-02
0.000000000000000000e+00 3.516677021980285645e-02
0.000000000000000000e+00 4.848535358905792236e-02
0.000000000000000000e+00 4.000414535403251648e-02
0.000000000000000000e+00 2.078417874872684479e-02
0.000000000000000000e+00 1.946775428950786591e-02
0.000000000000000000e+00 2.315159514546394348e-02
0.000000000000000000e+00 1.584096625447273254e-02
0.000000000000000000e+00 1.063401345163583755e-02
0.000000000000000000e+00 9.213169105350971222e-03
0.000000000000000000e+00 7.015345152467489243e-03
0.000000000000000000e+00 8.354878053069114685e-03
0.000000000000000000e+00 1.018202025443315506e-02
0.000000000000000000e+00 9.847493842244148254e-03
0.000000000000000000e+00 4.901401232928037643e-03
0.000000000000000000e+00 3.042872296646237373e-03
0.000000000000000000e+00 3.250412875786423683e-03
0.000000000000000000e+00 2.481818664819002151e-03
0.000000000000000000e+00 4.383247811347246170e-03
0.000000000000000000e+00 9.516024962067604065e-03
0.000000000000000000e+00 2.181737497448921204e-02
0.000000000000000000e+00 3.404181450605392456e-02
0.000000000000000000e+00 4.719896242022514343e-02
0.000000000000000000e+00 7.502447813749313354e-02
0.000000000000000000e+00 6.193625554442405701e-02
0.000000000000000000e+00 4.345434159040451050e-02
0.000000000000000000e+00 7.361000776290893555e-02
0.000000000000000000e+00 9.016052633523941040e-02
0.000000000000000000e+00 1.382192522287368774e-01
1.000000000000000000e+00 1.300225704908370972e-01
1.000000000000000000e+00 1.842357665300369263e-01
0.000000000000000000e+00 2.061944156885147095e-01
0.000000000000000000e+00 1.945737749338150024e-01
0.000000000000000000e+00 1.766944676637649536e-01
0.000000000000000000e+00 2.183558940887451172e-01
0.000000000000000000e+00 3.045871853828430176e-01
0.000000000000000000e+00 3.329056203365325928e-01
0.000000000000000000e+00 4.117086529731750488e-01
0.000000000000000000e+00 2.981309890747070312e-01
0.000000000000000000e+00 2.731446027755737305e-01
0.000000000000000000e+00 2.571697533130645752e-01
0.000000000000000000e+00 2.119523733854293823e-01
0.000000000000000000e+00 2.003130018711090088e-01
0.000000000000000000e+00 1.640499383211135864e-01
