0.000000000000000000e+00 9.899160265922546387e-01
0.000000000000000000e+00 9.919880628585815430e-01
0.000000000000000000e+00 9.923756718635559082e-01
0.000000000000000000e+00 9.910666346549987793e-01
0.000000000000000000e+00 9.883530735969543457e-01
0.000000000000000000e+00 9.901716113090515137e-01
0.000000000000000000e+00 9.882664084434509277e-01
0.000000000000000000e+00 9.901651740074157715e-01
0.000000000000000000e+00 9.889628291130065918e-01
0.000000000000000000e+00 9.876108765602111816e-01
0.000000000000000000e+00 9.861010909080505371e-01
0.000000000000000000e+00 9.882619976997375488e-01
0.000000000000000000e+00 9.872679114341735840e-01
0.000000000000000000e+00 9.907450675964355469e-01
0.000000000000000000e+00 9.921762347221374512e-01
0.000000000000000000e+00 9.917776584625244141e-01
1.000000000000000000e+00 9.905117154121398926e-01
1.000000000000000000e+00 9.923547506332397461e-01
1.000000000000000000e+00 9.926510453224182129e-01
0.000000000000000000e+00 9.918432831764221191e-01
0.000000000000000000e+00 9.920893907546997070e-01
0.000000000000000000e+00 9.949114918708801270e-01
1.000000000000000000e+00 9.933634996414184570e-01
1.000000000000000000e+00 9.944242835044860840e-01
1.000000000000000000e+00 9.942184686660766602e-01
1.000000000000000000e+00 9.939268231391906738e-01
1.000000000000000000e+00 9.941253662109375000e-01
1.000000000000000000e+00 9.925096035003662109e-01
1.000000000000000000e+00 9.896451234817504883e-01
1.000000000000000000e+00 9.921466708183288574e-01
1.000000000000000000e+00 9.869526624679565430e-01
1.000000000000000000e+00 9.807729721069335938e-01
0.000000000000000000e+00 9.669671058654785156e-01
0.000000000000000000e+00 9.244169592857360840e-01
0.000000000000000000e+00 7.966427803039550781e-01
0.000000000000000000e+00 7.384122610092163086e-01
0.000000000000000000e+00 4.838564693927764893e-01
0.000000000000000000e+00 2.509108483791351318e-01
0.000000000000000000e+00 2.651491165161132812e-01
0.000000000000000000e+00 8.978293091058731079e-02
0.000000000000000000e+00 4.611015319824218750e-02
0.000000000000000000e+00 3.867411613464355469e-02
0.000000000000000000e+00 1.591461896896362305e-02
0.000000000000000000e+00 8.741036057472229004e-03
0.000000000000000000e+00 3.101956564933061600e-03
0.000000000000000000e+00 1.917736371979117393e-03
0.000000000000000000e+00 1.445834757760167122e-03
0.000000000000000000e+00 1.235223142430186272e-03
0.000000000000000000e+00 1.674455008469521999e-03
0.000000000000000000e+00 1.585666090250015259e-03
0.000000000000000000e+00 1.297359820455312729e-03
0.000000000000000000e+00 1.127014053054153919e-03
0.000000000000000000e+00 2.353031421080231667e-03
0.000000000000000000e+00 4.549229051917791367e-03
0.000000000000000000e+00 6.876723375171422958e-03
1.000000000000000000e+00 1.213647518306970596e-02
1.000000000000000000e+00 1.232560630887746811e-02
0.000000000000000000e+00 3.474171459674835205e-02
0.000000000000000000e+00 6.506782770156860352e-02
0.000000000000000000e+00 1.036823615431785583e-01
0.000000000000000000e+00 1.410008221864700317e-01
1.000000000000000000e+00 1.070335134863853455e-01
1.000000000000000000e+00 1.721772402524948120e-01
1.000000000000000000e+00 3.070305287837982178e-01
1.000000000000000000e+00 3.819986581802368164e-01
1.000000000000000000e+00 3.910311460494995117e-01
1.000000000000000000e+00 7.074415683746337891e-01
1.000000000000000000e+00 6.235260963439941406e-01
1.000000000000000000e+00 7.571665644645690918e-01
1.000000000000000000e+00 6.436493992805480957e-01
0.000000000000000000e+00 7.041723132133483887e-01
0.000000000000000000e+00 6.673486828804016113e-01
0.000000000000000000e+00 5.991570949554443359e-01
0.000000000000000000e+00 4.197429716587066650e-01
0.000000000000000000e+00 3.168356120586395264e-01
0.000000000000000000e+00 9.563698768615722656e-01
0.000000000000000000e+00 9.698255658149719238e-01
0.000000000000000000e+00 9.493744373321533203e-01
0.000000000000000000e+00 9.243350028991699219e-01
0.000000000000000000e+00 9.276943206787109375e-01
0.000000000000000000e+00 9.131076931953430176e-01
0.000000000000000000e+00 9.209015369415283203e-01
0.000000000000000000e+00 9.129381775856018066e-01
0.000000000000000000e+00 8.662744164466857910e-01
0.000000000000000000e+00 8.826832175254821777e-01
0.000000000000000000e+00 7.799286246299743652e-01
0.000000000000000000e+00 7.258330583572387695e-01
0.000000000000000000e+00 6.457767486572265625e-01
0.000000000000000000e+00 6.834937930107116699e-01
1.000000000000000000e+00 5.170152783393859863e-01
1.000000000000000000e+00 4.435551762580871582e-01
1.000000000000000000e+00 4.501048624515533447e-01
1.000000000000000000e+00 4.013943076133728027e-01
1.000000000000000000e+00 5.923433303833007812e-01
1.000000000000000000e+00 6.913464069366455078e-01
0.000000000000000000e+00 5.326415300369262695e-01
1.000000000000000000e+00 7.126098275184631348e-01
1.000000000000000000e+00 7.415326833724975586e-01
1.000000000000000000e+00 6.957599520683288574e-01
0.000000000000000000e+00 7.708500623703002930e-01
1.000000000000000000e+00 6.107103824615478516e-01
1.000000000000000000e+00 4.894546270370483398e-01
1.000000000000000000e+00 4.406284987926483154e-01
1.000000000000000000e+00 3.399048447608947754e-01
0.000000000000000000e+00 3.644033372402191162e-01
1.000000000000000000e+00 3.085614740848541260e-01
1.000000000000000000e+00 2.604462206363677979e-01
1.000000000000000000e+00 2.288385480642318726e-01
1.000000000000000000e+00 1.659992188215255737e-01
1.000000000000000000e+00 1.245629936456680298e-01
0.000000000000000000e+00 1.098148301243782043e-01
0.000000000000000000e+00 8.544681221246719360e-02
0.000000000000000000e+00 7.077039033174514771e-02
0.000000000000000000e+00 5.665871873497962952e-02
0.000000000000000000e+00 7.053537666797637939e-02
0.000000000000000000e+00 5.910696461796760559e-02
0.000000000000000000e+00 6.353193521499633789e-02
0.000000000000000000e+00 7.308445125818252563e-02
0.000000000000000000e+00 6.855390220880508423e-02
0.000000000000000000e+00 5.345117300748825073e-02
0.000000000000000000e+00 4.703131690621376038e-02
0.000000000000000000e+00 3.792679309844970703e-02
0.000000000000000000e+00 4.074809700250625610e-02
0.000000000000000000e+00 4.071246832609176636e-02
0.000000000000000000e+00 4.055789858102798462e-02
0.000000000000000000e+00 4.161607846617698669e-02
0.000000000000000000e+00 3.782947733998298645e-02
0.000000000000000000e+00 4.900014773011207581e-02
0.000000000000000000e+00 4.520976915955543518e-02
0.000000000000000000e+00 4.043733328580856323e-02
0.000000000000000000e+00 3.946641087532043457e-02
0.000000000000000000e+00 3.327269852161407471e-02
0.000000000000000000e+00 2.856631390750408173e-02
0.000000000000000000e+00 2.493277564644813538e-02
0.000000000000000000e+00 2.818641811609268188e-02
0.000000000000000000e+00 2.482831478118896484e-02
0.000000000000000000e+00 2.831958420574665070e-02
0.000000000000000000e+00 3.146889060735702515e-02
0.000000000000000000e+00 2.359633520245552063e-02
0.000000000000000000e+00 2.426961436867713928e-02
0.000000000000000000e+00 2.812780439853668213e-02
0.000000000000000000e+00 3.171500936150550842e-02
0.000000000000000000e+00 3.640475869178771973e-02
0.000000000000000000e+00 3.452816605567932129e-02
0.000000000000000000e+00 3.321726620197296143e-02
0.000000000000000000e+00 3.811591863632202148e-02
0.000000000000000000e+00 3.059932962059974670e-02
0.000000000000000000e+00 3.719790652394294739e-02
0.000000000000000000e+00 3.395873680710792542e-02
0.000000000000000000e+00 3.651810437440872192e-02
1.000000000000000000e+00 9.607328176498413086e-01
1.000000000000000000e+00 8.691092729568481445e-01
1.000000000000000000e+00 6.685779690742492676e-01
1.000000000000000000e+00 3.795611560344696045e-01
1.000000000000000000e+00 1.066047996282577515e-01
1.000000000000000000e+00 2.666930854320526123e-02
0.000000000000000000e+00 1.323012728244066238e-02
0.000000000000000000e+00 5.407238379120826721e-03
0.000000000000000000e+00 4.204732831567525864e-03
0.000000000000000000e+00 1.889616833068430424e-03
0.000000000000000000e+00 1.800601254217326641e-03
0.000000000000000000e+00 1.580021227709949017e-03
0.000000000000000000e+00 1.129276701249182224e-03
0.000000000000000000e+00 8.720355108380317688e-04
0.000000000000000000e+00 7.719862624071538448e-04
0.000000000000000000e+00 7.901509525254368782e-04
0.000000000000000000e+00 4.484038800001144409e-04
0.000000000000000000e+00 5.024310667067766190e-04
0.000000000000000000e+00 5.706775700673460960e-04
0.000000000000000000e+00 4.821867623832076788e-04
0.000000000000000000e+00 6.843741866759955883e-04
0.000000000000000000e+00 1.071443432010710239e-03
0.000000000000000000e+00 9.242257801815867424e-04
0.000000000000000000e+00 1.017829752527177334e-03
1.000000000000000000e+00 8.688382222317159176e-04
1.000000000000000000e+00 8.099604747258126736e-04
1.000000000000000000e+00 7.570108282379806042e-04
1.000000000000000000e+00 8.105615270324051380e-04
1.000000000000000000e+00 6.642956868745386600e-04
0.000000000000000000e+00 8.169190841726958752e-04
0.000000000000000000e+00 1.060062553733587265e-03
0.000000000000000000e+00 1.097689615562558174e-03
1.000000000000000000e+00 1.423208625055849552e-03
1.000000000000000000e+00 2.031287644058465958e-03
0.000000000000000000e+00 1.686822040937840939e-03
0.000000000000000000e+00 1.450797310099005699e-03
0.000000000000000000e+00 1.369547913782298565e-03
0.000000000000000000e+00 1.215894473716616631e-03
0.000000000000000000e+00 1.367911114357411861e-03
0.000000000000000000e+00 2.044620458036661148e-03
0.000000000000000000e+00 1.748528098687529564e-03
0.000000000000000000e+00 1.475781318731606007e-03
0.000000000000000000e+00 1.686340430751442909e-03
0.000000000000000000e+00 1.137932296842336655e-03
0.000000000000000000e+00 7.640717667527496815e-04
0.000000000000000000e+00 7.028362015262246132e-04
0.000000000000000000e+00 6.814568187110126019e-04
0.000000000000000000e+00 9.124776697717607021e-04
0.000000000000000000e+00 8.874281193129718304e-04
0.000000000000000000e+00 7.152651087380945683e-04
0.000000000000000000e+00 7.435597362928092480e-04
0.000000000000000000e+00 5.685973446816205978e-04
0.000000000000000000e+00 6.817094399593770504e-04
0.000000000000000000e+00 9.694946347735822201e-04
0.000000000000000000e+00 9.661295916885137558e-04
0.000000000000000000e+00 8.569876663386821747e-04
0.000000000000000000e+00 5.929179023951292038e-04
0.000000000000000000e+00 8.238875889219343662e-04
0.000000000000000000e+00 7.341995369642972946e-04
0.000000000000000000e+00 1.048713573254644871e-03
0.000000000000000000e+00 6.691562593914568424e-04
0.000000000000000000e+00 7.238041725941002369e-04
0.000000000000000000e+00 7.646959857083857059e-04
0.000000000000000000e+00 1.177559955976903439e-03
0.000000000000000000e+00 1.193834701552987099e-03
0.000000000000000000e+00 1.099027809686958790e-03
0.000000000000000000e+00 1.479122904129326344e-03
0.000000000000000000e+00 1.508211717009544373e-03
0.000000000000000000e+00 2.234141342341899872e-03
0.000000000000000000e+00 2.066454151645302773e-03
0.000000000000000000e+00 1.957805128768086433e-03
0.000000000000000000e+00 1.650719437748193741e-03
0.000000000000000000e+00 1.646564458496868610e-03
0.000000000000000000e+00 1.990847056731581688e-03
0.000000000000000000e+00 1.755504054017364979e-03
1.000000000000000000e+00 9.857853055000305176e-01
1.000000000000000000e+00 9.856374859809875488e-01
1.000000000000000000e+00 9.825114607810974121e-01
1.000000000000000000e+00 9.761307239532470703e-01
1.000000000000000000e+00 9.678372144699096680e-01
0.000000000000000000e+00 9.283970594406127930e-01
0.000000000000000000e+00 9.319143295288085938e-01
0.000000000000000000e+00 8.324958682060241699e-01
0.000000000000000000e+00 7.921473383903503418e-01
0.000000000000000000e+00 5.855972766876220703e-01
0.000000000000000000e+00 6.900241374969482422e-01
0.000000000000000000e+00 4.241873621940612793e-01
0.000000000000000000e+00 3.443341553211212158e-01
0.000000000000000000e+00 2.485066652297973633e-01
0.000000000000000000e+00 1.570819616317749023e-01
0.000000000000000000e+00 9.015236794948577881e-02
0.000000000000000000e+00 7.070991396903991699e-02
0.000000000000000000e+00 3.148470073938369751e-02
0.000000000000000000e+00 3.569114580750465393e-02
0.000000000000000000e+00 3.362255170941352844e-02
0.000000000000000000e+00 4.637220874428749084e-02
0.000000000000000000e+00 4.571706429123878479e-02
1.000000000000000000e+00 3.746851533651351929e-02
0.000000000000000000e+00 3.750154376029968262e-02
0.000000000000000000e+00 2.385537885129451752e-02
0.000000000000000000e+00 1.640589535236358643e-02
0.000000000000000000e+00 1.879182830452919006e-02
0.000000000000000000e+00 1.828642748296260834e-02
0.000000000000000000e+00 2.972061187028884888e-02
0.000000000000000000e+00 3.282654657959938049e-02
0.000000000000000000e+00 3.355892375111579895e-02
0.000000000000000000e+00 2.579588443040847778e-02
0.000000000000000000e+00 3.312803059816360474e-02
0.000000000000000000e+00 6.644821166992187500e-02
0.000000000000000000e+00 3.885843232274055481e-02
0.000000000000000000e+00 2.523861266672611237e-02
0.000000000000000000e+00 2.624436095356941223e-02
0.000000000000000000e+00 2.440221048891544342e-02
0.000000000000000000e+00 2.167335338890552521e-02
0.000000000000000000e+00 2.977553196251392365e-02
0.000000000000000000e+00 2.530988864600658417e-02
0.000000000000000000e+00 2.086094953119754791e-02
0.000000000000000000e+00 1.959707774221897125e-02
0.000000000000000000e+00 1.656069234013557434e-02
0.000000000000000000e+00 1.391861960291862488e-02
0.000000000000000000e+00 1.300053484737873077e-02
0.000000000000000000e+00 3.329934179782867432e-02
0.000000000000000000e+00 3.579213842749595642e-02
0.000000000000000000e+00 5.823766812682151794e-02
0.000000000000000000e+00 1.576820760965347290e-01
0.000000000000000000e+00 2.839851975440979004e-01
0.000000000000000000e+00 4.704689383506774902e-01
0.000000000000000000e+00 7.006481885910034180e-01
0.000000000000000000e+00 6.377671360969543457e-01
0.000000000000000000e+00 7.032572031021118164e-01
0.000000000000000000e+00 5.311266183853149414e-01
1.000000000000000000e+00 4.724550843238830566e-01
0.000000000000000000e+00 7.441921234130859375e-01
0.000000000000000000e+00 7.401769757270812988e-01
1.000000000000000000e+00 7.377563118934631348e-01
1.000000000000000000e+00 7.933890819549560547e-01
0.000000000000000000e+00 8.504120111465454102e-01
0.000000000000000000e+00 8.754080533981323242e-01
0.000000000000000000e+00 8.748933076858520508e-01
0.000000000000000000e+00 8.552529215812683105e-01
0.000000000000000000e+00 8.008867502212524414e-01
1.000000000000000000e+00 6.885682940483093262e-01
1.000000000000000000e+00 5.906666517257690430e-01
1.000000000000000000e+00 3.254135549068450928e-01
1.000000000000000000e+00 1.716153621673583984e-01
0.000000000000000000e+00 6.021904945373535156e-02
0.000000000000000000e+00 3.956956416368484497e-02
0.000000000000000000e+00 1.665956340730190277e-02
0.000000000000000000e+00 1.167498715221881866e-02
0.000000000000000000e+00 7.954940199851989746e-03
0.000000000000000000e+00 9.631795287132263184e-01
0.000000000000000000e+00 9.177322983741760254e-01
1.000000000000000000e+00 8.296914696693420410e-01
0.000000000000000000e+00 6.320264935493469238e-01
0.000000000000000000e+00 4.497282207012176514e-01
0.000000000000000000e+00 2.751874029636383057e-01
0.000000000000000000e+00 1.863630861043930054e-01
0.000000000000000000e+00 3.162873089313507080e-01
0.000000000000000000e+00 1.121937707066535950e-01
0.000000000000000000e+00 1.211591362953186035e-01
0.000000000000000000e+00 9.579233080148696899e-02
0.000000000000000000e+00 6.684628874063491821e-02
0.000000000000000000e+00 6.763206422328948975e-02
0.000000000000000000e+00 6.518433988094329834e-02
0.000000000000000000e+00 4.787753894925117493e-02
0.000000000000000000e+00 3.752635419368743896e-02
1.000000000000000000e+00 6.312496960163116455e-02
0.000000000000000000e+00 6.317833811044692993e-02
0.000000000000000000e+00 1.019823923707008362e-01
0.000000000000000000e+00 7.906074821949005127e-02
0.000000000000000000e+00 1.725212782621383667e-01
0.000000000000000000e+00 3.060019910335540771e-01
0.000000000000000000e+00 3.405353724956512451e-01
0.000000000000000000e+00 3.580304086208343506e-01
0.000000000000000000e+00 3.840598762035369873e-01
0.000000000000000000e+00 2.956225872039794922e-01
0.000000000000000000e+00 3.276008069515228271e-01
0.000000000000000000e+00 5.902023315429687500e-01
0.000000000000000000e+00 3.103449046611785889e-01
0.000000000000000000e+00 5.650627017021179199e-01
0.000000000000000000e+00 4.154171347618103027e-01
0.000000000000000000e+00 3.957818746566772461e-01
0.000000000000000000e+00 4.411943256855010986e-01
0.000000000000000000e+00 3.120653331279754639e-01
0.000000000000000000e+00 3.538567125797271729e-01
0.000000000000000000e+00 1.634088754653930664e-01
0.000000000000000000e+00 1.026428565382957458e-01
0.000000000000000000e+00 7.106564193964004517e-02
0.000000000000000000e+00 8.848176151514053345e-02
0.000000000000000000e+00 6.602732092142105103e-02
0.000000000000000000e+00 5.926540866494178772e-02
0.000000000000000000e+00 1.113117709755897522e-01
0.000000000000000000e+00 1.323789805173873901e-01
0.000000000000000000e+00 8.063841611146926880e-02
0.000000000000000000e+00 5.042945966124534607e-02
0.000000000000000000e+00 9.680722653865814209e-02
0.000000000000000000e+00 9.986943751573562622e-02
0.000000000000000000e+00 1.288863718509674072e-01
0.000000000000000000e+00 2.889419496059417725e-01
0.000000000000000000e+00 3.771173059940338135e-01
0.000000000000000000e+00 4.974005222320556641e-01
0.000000000000000000e+00 6.041927337646484375e-01
0.000000000000000000e+00 8.420643210411071777e-01
0.000000000000000000e+00 8.900509476661682129e-01
0.000000000000000000e+00 9.248471856117248535e-01
0.000000000000000000e+00 8.865057229995727539e-01
0.000000000000000000e+00 9.093487858772277832e-01
0.000000000000000000e+00 9.529721736907958984e-01
0.000000000000000000e+00 8.629509210586547852e-01
0.000000000000000000e+00 8.784022331237792969e-01
0.000000000000000000e+00 8.375672698020935059e-01
0.000000000000000000e+00 8.425467014312744141e-01
0.000000000000000000e+00 9.078907966613769531e-01
0.000000000000000000e+00 8.265253305435180664e-01
0.000000000000000000e+00 8.195080161094665527e-01
0.000000000000000000e+00 7.441121935844421387e-01
1.000000000000000000e+00 5.524976849555969238e-01
1.000000000000000000e+00 5.573779940605163574e-01
1.000000000000000000e+00 6.874493360519409180e-01
1.000000000000000000e+00 6.380761265754699707e-01
1.000000000000000000e+00 6.344405412673950195e-01
1.000000000000000000e+00 3.776378333568572998e-01
1.000000000000000000e+00 3.500743806362152100e-01
0.000000000000000000e+00 2.419645190238952637e-01
1.000000000000000000e+00 2.525534927845001221e-01
1.000000000000000000e+00 1.755784004926681519e-01
1.000000000000000000e+00 8.434116840362548828e-02
1.000000000000000000e+00 6.515620648860931396e-02
0.000000000000000000e+00 4.312447085976600647e-02
0.000000000000000000e+00 2.840498648583889008e-02
0.000000000000000000e+00 1.586452871561050415e-02
0.000000000000000000e+00 1.608292572200298309e-02
0.000000000000000000e+00 1.208756770938634872e-02
0.000000000000000000e+00 9.075427427887916565e-03
0.000000000000000000e+00 1.825557649135589600e-02
0.000000000000000000e+00 1.134163048118352890e-02
0.000000000000000000e+00 1.696036756038665771e-02
0.000000000000000000e+00 1.800023764371871948e-02
0.000000000000000000e+00 1.818893477320671082e-02
0.000000000000000000e+00 3.844024613499641418e-02
0.000000000000000000e+00 3.363249450922012329e-02
0.000000000000000000e+00 6.418143957853317261e-02
0.000000000000000000e+00 6.418181210756301880e-02
0.000000000000000000e+00 6.227845698595046997e-02
0.000000000000000000e+00 7.567983120679855347e-02
0.000000000000000000e+00 1.157861202955245972e-01
0.000000000000000000e+00 9.596163779497146606e-02
0.000000000000000000e+00 1.631127446889877319e-01
0.000000000000000000e+00 8.093343675136566162e-02
0.000000000000000000e+00 8.936550468206405640e-02
0.000000000000000000e+00 7.251317054033279419e-02
0.000000000000000000e+00 7.000698149204254150e-02
0.000000000000000000e+00 4.962294548749923706e-02
0.000000000000000000e+00 4.084096103906631470e-02
0.000000000000000000e+00 2.486813627183437347e-02
0.000000000000000000e+00 1.856488734483718872e-02
0.000000000000000000e+00 1.835811138153076172e-02
0.000000000000000000e+00 1.606898941099643707e-02
0.000000000000000000e+00 1.440899167209863663e-02
0.000000000000000000e+00 9.374483488500118256e-03
0.000000000000000000e+00 1.341303344815969467e-02
0.000000000000000000e+00 1.257178373634815216e-02
0.000000000000000000e+00 1.466282736510038376e-02
0.000000000000000000e+00 1.338835805654525757e-02
0.000000000000000000e+00 1.250143814831972122e-02
0.000000000000000000e+00 1.277091726660728455e-02
0.000000000000000000e+00 1.078996621072292328e-02
0.000000000000000000e+00 1.183387916535139084e-02
0.000000000000000000e+00 1.092393044382333755e-02
0.000000000000000000e+00 9.486434981226921082e-03
0.000000000000000000e+00 1.391315553337335587e-02
0.000000000000000000e+00 1.732387207448482513e-02
0.000000000000000000e+00 2.070111781358718872e-02
0.000000000000000000e+00 3.804229944944381714e-02
0.000000000000000000e+00 6.178557127714157104e-02
0.000000000000000000e+00 9.913559257984161377e-02
0.000000000000000000e+00 1.185723394155502319e-01
0.000000000000000000e+00 2.139323204755783081e-01
0.000000000000000000e+00 1.860650032758712769e-01
0.000000000000000000e+00 3.191025555133819580e-01
1.000000000000000000e+00 3.087191283702850342e-01
1.000000000000000000e+00 3.601054847240447998e-01
1.000000000000000000e+00 4.760592579841613770e-01
0.000000000000000000e+00 5.466478466987609863e-01
1.000000000000000000e+00 5.646467804908752441e-01
1.000000000000000000e+00 6.419384479522705078e-01
1.000000000000000000e+00 7.199407815933227539e-01
1.000000000000000000e+00 7.200666666030883789e-01
1.000000000000000000e+00 7.084342241287231445e-01
0.000000000000000000e+00 5.966188907623291016e-01
0.000000000000000000e+00 5.172268748283386230e-01
1.000000000000000000e+00 4.225823581218719482e-01
1.000000000000000000e+00 3.147165179252624512e-01
1.000000000000000000e+00 2.159409523010253906e-01
1.000000000000000000e+00 2.531464993953704834e-01
0.000000000000000000e+00 1.228801086544990540e-01
0.000000000000000000e+00 1.383305341005325317e-01
0.000000000000000000e+00 8.913155645132064819e-02
0.000000000000000000e+00 8.802007883787155151e-02
0.000000000000000000e+00 1.184176802635192871e-01
1.000000000000000000e+00 9.903799295425415039e-01
1.000000000000000000e+00 9.875102043151855469e-01
1.000000000000000000e+00 9.865871071815490723e-01
1.000000000000000000e+00 9.820075631141662598e-01
1.000000000000000000e+00 9.777308702468872070e-01
1.000000000000000000e+00 9.267160892486572266e-01
1.000000000000000000e+00 8.664336800575256348e-01
0.000000000000000000e+00 8.544934988021850586e-01
0.000000000000000000e+00 8.260368108749389648e-01
0.000000000000000000e+00 5.621547102928161621e-01
0.000000000000000000e+00 4.814445972442626953e-01
0.000000000000000000e+00 3.909128308296203613e-01
0.000000000000000000e+00 2.408396899700164795e-01
0.000000000000000000e+00 1.423370093107223511e-01
0.000000000000000000e+00 1.141338869929313660e-01
0.000000000000000000e+00 1.092875525355339050e-01
1.000000000000000000e+00 6.874678283929824829e-02
0.000000000000000000e+00 4.786206036806106567e-02
0.000000000000000000e+00 6.164009869098663330e-02
0.000000000000000000e+00 5.118591338396072388e-02
0.000000000000000000e+00 6.706525385379791260e-02
0.000000000000000000e+00 7.066100090742111206e-02
0.000000000000000000e+00 1.214035823941230774e-01
0.000000000000000000e+00 1.318423748016357422e-01
0.000000000000000000e+00 1.265073120594024658e-01
0.000000000000000000e+00 1.508868187665939331e-01
0.000000000000000000e+00 2.036629468202590942e-01
0.000000000000000000e+00 9.330759942531585693e-02
0.000000000000000000e+00 1.282806098461151123e-01
0.000000000000000000e+00 1.681778281927108765e-01
0.000000000000000000e+00 2.000504434108734131e-01
0.000000000000000000e+00 2.034950107336044312e-01
0.000000000000000000e+00 2.261296510696411133e-01
0.000000000000000000e+00 1.251492351293563843e-01
0.000000000000000000e+00 1.785029470920562744e-01
0.000000000000000000e+00 1.075006872415542603e-01
0.000000000000000000e+00 1.070678085088729858e-01
0.000000000000000000e+00 9.857695549726486206e-02
0.000000000000000000e+00 1.750123351812362671e-01
0.000000000000000000e+00 1.627419441938400269e-01
0.000000000000000000e+00 1.630892604589462280e-01
0.000000000000000000e+00 9.718315303325653076e-02
0.000000000000000000e+00 1.523055136203765869e-01
0.000000000000000000e+00 8.562149107456207275e-02
0.000000000000000000e+00 5.122163519263267517e-02
0.000000000000000000e+00 4.084751009941101074e-02
0.000000000000000000e+00 8.109701424837112427e-02
0.000000000000000000e+00 1.249292269349098206e-01
0.000000000000000000e+00 2.672025859355926514e-01
0.000000000000000000e+00 3.283581435680389404e-01
0.000000000000000000e+00 4.252314865589141846e-01
0.000000000000000000e+00 4.383719563484191895e-01
0.000000000000000000e+00 5.574981570243835449e-01
0.000000000000000000e+00 7.025988698005676270e-01
0.000000000000000000e+00 8.193591237068176270e-01
1.000000000000000000e+00 8.001781105995178223e-01
1.000000000000000000e+00 8.216388225555419922e-01
1.000000000000000000e+00 8.067531585693359375e-01
1.000000000000000000e+00 8.607424497604370117e-01
1.000000000000000000e+00 8.143526911735534668e-01
1.000000000000000000e+00 7.886718511581420898e-01
0.000000000000000000e+00 7.712249159812927246e-01
0.000000000000000000e+00 7.657064795494079590e-01
0.000000000000000000e+00 6.665183305740356445e-01
0.000000000000000000e+00 5.847992897033691406e-01
0.000000000000000000e+00 5.083264112472534180e-01
0.000000000000000000e+00 4.646092951297760010e-01
0.000000000000000000e+00 5.291982889175415039e-01
0.000000000000000000e+00 4.533497691154479980e-01
0.000000000000000000e+00 3.075329363346099854e-01
0.000000000000000000e+00 1.600951999425888062e-01
0.000000000000000000e+00 1.240882501006126404e-01
0.000000000000000000e+00 1.398549973964691162e-01
0.000000000000000000e+00 2.778453193604946136e-02
0.000000000000000000e+00 2.686497382819652557e-02
0.000000000000000000e+00 2.099590003490447998e-01
0.000000000000000000e+00 2.013600021600723267e-01
0.000000000000000000e+00 2.286151647567749023e-01
0.000000000000000000e+00 2.582226693630218506e-01
0.000000000000000000e+00 2.364152222871780396e-01
0.000000000000000000e+00 2.700260579586029053e-01
0.000000000000000000e+00 1.915466487407684326e-01
0.000000000000000000e+00 1.920935511589050293e-01
0.000000000000000000e+00 1.641792804002761841e-01
0.000000000000000000e+00 1.435486674308776855e-01
0.000000000000000000e+00 1.488214731216430664e-01
0.000000000000000000e+00 1.462666988372802734e-01
0.000000000000000000e+00 9.213648736476898193e-02
0.000000000000000000e+00 8.907730132341384888e-02
0.000000000000000000e+00 7.332976907491683960e-02
0.000000000000000000e+00 8.145350962877273560e-02
0.000000000000000000e+00 9.055215120315551758e-02
0.000000000000000000e+00 7.617846876382827759e-02
0.000000000000000000e+00 8.401329070329666138e-02
0.000000000000000000e+00 1.068451628088951111e-01
0.000000000000000000e+00 1.267703026533126831e-01
1.000000000000000000e+00 1.514608561992645264e-01
1.000000000000000000e+00 3.232402801513671875e-01
1.000000000000000000e+00 4.627743661403656006e-01
0.000000000000000000e+00 5.444682836532592773e-01
0.000000000000000000e+00 4.749257564544677734e-01
0.000000000000000000e+00 5.362088084220886230e-01
0.000000000000000000e+00 4.324074089527130127e-01
0.000000000000000000e+00 4.851113259792327881e-01
0.000000000000000000e+00 5.896043181419372559e-01
0.000000000000000000e+00 3.319862484931945801e-01
0.000000000000000000e+00 2.403209060430526733e-01
0.000000000000000000e+00 3.322145640850067139e-01
0.000000000000000000e+00 4.749108254909515381e-01
0.000000000000000000e+00 2.439192384481430054e-01
0.000000000000000000e+00 1.662475168704986572e-01
0.000000000000000000e+00 1.767368465662002563e-01
0.000000000000000000e+00 2.756979763507843018e-01
0.000000000000000000e+00 3.068673014640808105e-01
0.000000000000000000e+00 1.957057416439056396e-01
0.000000000000000000e+00 1.550665795803070068e-01
0.000000000000000000e+00 9.368075430393218994e-02
0.000000000000000000e+00 2.158572822809219360e-01
0.000000000000000000e+00 1.197320595383644104e-01
0.000000000000000000e+00 6.523932516574859619e-02
0.000000000000000000e+00 4.761821404099464417e-02
0.000000000000000000e+00 4.657252132892608643e-02
0.000000000000000000e+00 5.645941570401191711e-02
1.000000000000000000e+00 5.948358774185180664e-02
0.000000000000000000e+00 6.873036175966262817e-02
0.000000000000000000e+00 6.576782464981079102e-02
0.000000000000000000e+00 9.217979758977890015e-02
0.000000000000000000e+00 8.460659533739089966e-02
1.000000000000000000e+00 2.277605235576629639e-01
1.000000000000000000e+00 3.832342624664306641e-01
1.000000000000000000e+00 3.030194342136383057e-01
0.000000000000000000e+00 2.627503871917724609e-01
0.000000000000000000e+00 1.465100795030593872e-01
0.000000000000000000e+00 1.145415008068084717e-01
1.000000000000000000e+00 1.042091399431228638e-01
1.000000000000000000e+00 8.706144243478775024e-02
1.000000000000000000e+00 9.139095246791839600e-02
1.000000000000000000e+00 1.060482561588287354e-01
1.000000000000000000e+00 1.072794348001480103e-01
1.000000000000000000e+00 1.928701698780059814e-01
0.000000000000000000e+00 3.335123956203460693e-01
0.000000000000000000e+00 4.546573460102081299e-01
0.000000000000000000e+00 6.230759024620056152e-01
0.000000000000000000e+00 4.102401137351989746e-01
0.000000000000000000e+00 7.040345072746276855e-01
0.000000000000000000e+00 5.192480683326721191e-01
0.000000000000000000e+00 3.886820673942565918e-01
0.000000000000000000e+00 2.848246693611145020e-01
0.000000000000000000e+00 3.325313925743103027e-01
0.000000000000000000e+00 2.664147317409515381e-01
