0.000000000000000000e+00 2.037787735462188721e-01
0.000000000000000000e+00 1.987407505512237549e-01
0.000000000000000000e+00 2.078606188297271729e-01
0.000000000000000000e+00 2.127898931503295898e-01
0.000000000000000000e+00 2.116079032421112061e-01
0.000000000000000000e+00 2.041384428739547729e-01
0.000000000000000000e+00 2.099266201257705688e-01
0.000000000000000000e+00 2.055308818817138672e-01
0.000000000000000000e+00 2.115090340375900269e-01
0.000000000000000000e+00 2.089870274066925049e-01
0.000000000000000000e+00 2.111161649227142334e-01
0.000000000000000000e+00 2.062601596117019653e-01
0.000000000000000000e+00 2.042433619499206543e-01
0.000000000000000000e+00 2.150090932846069336e-01
0.000000000000000000e+00 2.047686427831649780e-01
0.000000000000000000e+00 2.094228863716125488e-01
0.000000000000000000e+00 1.996708363294601440e-01
0.000000000000000000e+00 2.019684910774230957e-01
0.000000000000000000e+00 2.027967125177383423e-01
0.000000000000000000e+00 2.047975659370422363e-01
0.000000000000000000e+00 2.081834673881530762e-01
0.000000000000000000e+00 2.102147936820983887e-01
0.000000000000000000e+00 2.068362534046173096e-01
0.000000000000000000e+00 2.078025788068771362e-01
0.000000000000000000e+00 2.042992711067199707e-01
1.000000000000000000e+00 2.038079351186752319e-01
1.000000000000000000e+00 2.029952853918075562e-01
1.000000000000000000e+00 2.139314264059066772e-01
1.000000000000000000e+00 2.021399438381195068e-01
1.000000000000000000e+00 2.044938355684280396e-01
1.000000000000000000e+00 1.942315250635147095e-01
0.000000000000000000e+00 1.876551210880279541e-01
0.000000000000000000e+00 1.810575723648071289e-01
0.000000000000000000e+00 1.846228539943695068e-01
0.000000000000000000e+00 1.694041937589645386e-01
0.000000000000000000e+00 1.639900952577590942e-01
0.000000000000000000e+00 1.571471095085144043e-01
0.000000000000000000e+00 1.428044885396957397e-01
0.000000000000000000e+00 1.344560980796813965e-01
0.000000000000000000e+00 1.298101097345352173e-01
0.000000000000000000e+00 1.145074665546417236e-01
0.000000000000000000e+00 1.040779724717140198e-01
0.000000000000000000e+00 9.436783939599990845e-02
0.000000000000000000e+00 8.402869850397109985e-02
0.000000000000000000e+00 7.759115099906921387e-02
0.000000000000000000e+00 6.840310059487819672e-03
0.000000000000000000e+00 6.199141964316368103e-03
0.000000000000000000e+00 5.999519955366849899e-03
0.000000000000000000e+00 5.199532490223646164e-03
0.000000000000000000e+00 4.510796628892421722e-03
0.000000000000000000e+00 4.184725228697061539e-03
0.000000000000000000e+00 4.419418983161449432e-03
0.000000000000000000e+00 4.017224069684743881e-03
0.000000000000000000e+00 3.933134954422712326e-03
0.000000000000000000e+00 3.974388819187879562e-03
0.000000000000000000e+00 3.953743260353803635e-03
0.000000000000000000e+00 4.203541204333305359e-03
0.000000000000000000e+00 3.881210461258888245e-03
0.000000000000000000e+00 4.000627901405096054e-03
0.000000000000000000e+00 3.593208268284797668e-03
0.000000000000000000e+00 3.769947215914726257e-03
0.000000000000000000e+00 4.560533910989761353e-03
0.000000000000000000e+00 3.952941391617059708e-03
0.000000000000000000e+00 3.878044197335839272e-03
0.000000000000000000e+00 3.955251537263393402e-03
0.000000000000000000e+00 3.710415447130799294e-03
0.000000000000000000e+00 3.996013198047876358e-03
0.000000000000000000e+00 4.069772548973560333e-03
0.000000000000000000e+00 4.065947141498327255e-03
0.000000000000000000e+00 4.171412903815507889e-03
0.000000000000000000e+00 4.074932076036930084e-03
0.000000000000000000e+00 4.221458919346332550e-03
0.000000000000000000e+00 4.153205547481775284e-03
0.000000000000000000e+00 3.892862237989902496e-03
0.000000000000000000e+00 4.220488946884870529e-03
0.000000000000000000e+00 4.129935987293720245e-03
0.000000000000000000e+00 4.340557847172021866e-03
0.000000000000000000e+00 4.090590402483940125e-03
0.000000000000000000e+00 4.537391010671854019e-03
0.000000000000000000e+00 4.128279164433479309e-03
0.000000000000000000e+00 4.338988102972507477e-03
0.000000000000000000e+00 3.841319121420383453e-03
0.000000000000000000e+00 4.149038344621658325e-03
0.000000000000000000e+00 4.556245636194944382e-03
0.000000000000000000e+00 4.593329504132270813e-03
0.000000000000000000e+00 4.858360160142183304e-03
0.000000000000000000e+00 4.799139685928821564e-03
0.000000000000000000e+00 4.771885462105274200e-03
0.000000000000000000e+00 4.809533711522817612e-03
0.000000000000000000e+00 5.524135660380125046e-03
0.000000000000000000e+00 1.154517475515604019e-02
0.000000000000000000e+00 1.023485045880079269e-02
0.000000000000000000e+00 9.268919937312602997e-03
0.000000000000000000e+00 8.675624616444110870e-03
0.000000000000000000e+00 8.203212171792984009e-03
0.000000000000000000e+00 8.067809045314788818e-03
0.000000000000000000e+00 7.379619870334863663e-03
0.000000000000000000e+00 7.064985577017068863e-03
0.000000000000000000e+00 7.066454272717237473e-03
0.000000000000000000e+00 7.184119429439306259e-03
0.000000000000000000e+00 7.128833327442407608e-03
0.000000000000000000e+00 7.162806112319231033e-03
0.000000000000000000e+00 7.140154950320720673e-03
0.000000000000000000e+00 7.691951934248209000e-03
0.000000000000000000e+00 7.782075088471174240e-03
0.000000000000000000e+00 7.809024769812822342e-03
0.000000000000000000e+00 7.219573017209768295e-03
0.000000000000000000e+00 7.750310003757476807e-03
0.000000000000000000e+00 8.984015323221683502e-03
0.000000000000000000e+00 8.281327784061431885e-03
0.000000000000000000e+00 8.667750284075737000e-03
0.000000000000000000e+00 7.946292869746685028e-03
0.000000000000000000e+00 8.599206805229187012e-03
0.000000000000000000e+00 8.817837573587894440e-03
0.000000000000000000e+00 8.982639759778976440e-03
0.000000000000000000e+00 8.459210395812988281e-03
0.000000000000000000e+00 9.069497697055339813e-03
0.000000000000000000e+00 9.345227852463722229e-03
0.000000000000000000e+00 9.864133782684803009e-03
0.000000000000000000e+00 9.717281907796859741e-03
0.000000000000000000e+00 8.377672173082828522e-03
0.000000000000000000e+00 9.678078815340995789e-03
0.000000000000000000e+00 9.517971426248550415e-03
0.000000000000000000e+00 9.702421724796295166e-03
0.000000000000000000e+00 1.035473495721817017e-02
0.000000000000000000e+00 9.815664030611515045e-03
0.000000000000000000e+00 9.560179896652698517e-03
0.000000000000000000e+00 1.068854797631502151e-02
0.000000000000000000e+00 1.087937690317630768e-02
0.000000000000000000e+00 1.157122477889060974e-02
0.000000000000000000e+00 1.060650590807199478e-02
0.000000000000000000e+00 1.033929549157619476e-02
0.000000000000000000e+00 1.127200759947299957e-02
0.000000000000000000e+00 1.165144518017768860e-02
0.000000000000000000e+00 1.094908919185400009e-02
0.000000000000000000e+00 7.687898725271224976e-02
0.000000000000000000e+00 6.799253076314926147e-02
0.000000000000000000e+00 5.323688685894012451e-02
0.000000000000000000e+00 4.581217467784881592e-02
0.000000000000000000e+00 3.869663923978805542e-02
0.000000000000000000e+00 3.242151811718940735e-02
0.000000000000000000e+00 2.732216566801071167e-02
0.000000000000000000e+00 2.400681190192699432e-02
0.000000000000000000e+00 2.005904726684093475e-02
0.000000000000000000e+00 1.629548333585262299e-02
0.000000000000000000e+00 1.353261992335319519e-02
0.000000000000000000e+00 1.176157034933567047e-02
0.000000000000000000e+00 1.039088331162929535e-02
0.000000000000000000e+00 9.104254655539989471e-03
0.000000000000000000e+00 7.557076867669820786e-03
0.000000000000000000e+00 6.971511989831924438e-03
0.000000000000000000e+00 6.144285667687654495e-03
0.000000000000000000e+00 6.159410811960697174e-03
0.000000000000000000e+00 4.900662228465080261e-03
0.000000000000000000e+00 5.117886699736118317e-03
0.000000000000000000e+00 4.938289988785982132e-03
0.000000000000000000e+00 5.224170628935098648e-03
0.000000000000000000e+00 4.682389087975025177e-03
0.000000000000000000e+00 4.655147437006235123e-03
0.000000000000000000e+00 4.748797509819269180e-03
0.000000000000000000e+00 4.792277701199054718e-03
0.000000000000000000e+00 4.581110551953315735e-03
0.000000000000000000e+00 4.610664211213588715e-03
0.000000000000000000e+00 4.707568325102329254e-03
0.000000000000000000e+00 4.653017967939376831e-03
0.000000000000000000e+00 4.576543811708688736e-03
0.000000000000000000e+00 4.572607576847076416e-03
0.000000000000000000e+00 4.764873068779706955e-03
0.000000000000000000e+00 4.815453197807073593e-03
0.000000000000000000e+00 5.130653735250234604e-03
0.000000000000000000e+00 4.945945926010608673e-03
0.000000000000000000e+00 5.087815225124359131e-03
0.000000000000000000e+00 4.980769008398056030e-03
0.000000000000000000e+00 5.781921092420816422e-03
0.000000000000000000e+00 5.339625291526317596e-03
0.000000000000000000e+00 5.601275712251663208e-03
0.000000000000000000e+00 5.478456150740385056e-03
0.000000000000000000e+00 6.742501165717840195e-03
0.000000000000000000e+00 7.297425065189599991e-03
0.000000000000000000e+00 6.902079097926616669e-03
0.000000000000000000e+00 2.841854281723499298e-02
0.000000000000000000e+00 2.339603006839752197e-02
0.000000000000000000e+00 1.949147880077362061e-02
0.000000000000000000e+00 1.667461544275283813e-02
0.000000000000000000e+00 1.501895207911729813e-02
0.000000000000000000e+00 1.305300090461969376e-02
0.000000000000000000e+00 1.174528710544109344e-02
0.000000000000000000e+00 1.166890934109687805e-02
0.000000000000000000e+00 1.148142758756875992e-02
0.000000000000000000e+00 1.037204265594482422e-02
0.000000000000000000e+00 1.045848056674003601e-02
0.000000000000000000e+00 1.118319761008024216e-02
0.000000000000000000e+00 1.042568590492010117e-02
0.000000000000000000e+00 9.322026744484901428e-03
0.000000000000000000e+00 1.107045821845531464e-02
0.000000000000000000e+00 1.196869648993015289e-02
0.000000000000000000e+00 1.150366384536027908e-02
0.000000000000000000e+00 1.076171547174453735e-02
0.000000000000000000e+00 1.106678415089845657e-02
0.000000000000000000e+00 1.276408974081277847e-02
0.000000000000000000e+00 1.251130737364292145e-02
0.000000000000000000e+00 1.272563729435205460e-02
0.000000000000000000e+00 1.223310735076665878e-02
0.000000000000000000e+00 1.296349614858627319e-02
0.000000000000000000e+00 1.114118751138448715e-02
0.000000000000000000e+00 1.390914525836706161e-02
0.000000000000000000e+00 1.474733650684356689e-02
0.000000000000000000e+00 1.414086204022169113e-02
0.000000000000000000e+00 1.746752671897411346e-02
0.000000000000000000e+00 1.634658314287662506e-02
0.000000000000000000e+00 1.537208817899227142e-02
0.000000000000000000e+00 1.491891592741012573e-02
0.000000000000000000e+00 1.495483890175819397e-02
0.000000000000000000e+00 1.515773870050907135e-02
0.000000000000000000e+00 1.656156964600086212e-02
0.000000000000000000e+00 1.708527840673923492e-02
0.000000000000000000e+00 1.664013043045997620e-02
0.000000000000000000e+00 1.815298758447170258e-02
0.000000000000000000e+00 1.687431521713733673e-02
0.000000000000000000e+00 1.611969247460365295e-02
0.000000000000000000e+00 1.674731820821762085e-02
0.000000000000000000e+00 1.447639614343643188e-02
0.000000000000000000e+00 1.661067828536033630e-02
0.000000000000000000e+00 1.633119396865367889e-02
0.000000000000000000e+00 1.449086144566535950e-02
0.000000000000000000e+00 1.259373966604471207e-02
0.000000000000000000e+00 1.153516676276922226e-02
0.000000000000000000e+00 1.119914371520280838e-02
0.000000000000000000e+00 8.920475840568542480e-03
0.000000000000000000e+00 8.465263992547988892e-03
0.000000000000000000e+00 8.244963362812995911e-03
0.000000000000000000e+00 7.432765327394008636e-03
0.000000000000000000e+00 7.481763605028390884e-03
0.000000000000000000e+00 7.630437146872282028e-03
0.000000000000000000e+00 7.405130658298730850e-03
0.000000000000000000e+00 7.264655083417892456e-03
0.000000000000000000e+00 8.199345320463180542e-03
0.000000000000000000e+00 8.286745287477970123e-03
0.000000000000000000e+00 7.799214217811822891e-03
0.000000000000000000e+00 8.313203230500221252e-03
0.000000000000000000e+00 7.707060314714908600e-03
0.000000000000000000e+00 8.918289095163345337e-03
0.000000000000000000e+00 8.802987635135650635e-03
0.000000000000000000e+00 9.192178025841712952e-03
0.000000000000000000e+00 9.213034994900226593e-03
0.000000000000000000e+00 9.160948917269706726e-03
0.000000000000000000e+00 9.600755758583545685e-03
0.000000000000000000e+00 9.259562939405441284e-03
0.000000000000000000e+00 8.998945355415344238e-03
0.000000000000000000e+00 9.279347024857997894e-03
0.000000000000000000e+00 1.061866804957389832e-02
0.000000000000000000e+00 9.593632072210311890e-03
0.000000000000000000e+00 1.080329343676567078e-02
0.000000000000000000e+00 1.059514377266168594e-02
0.000000000000000000e+00 1.095283869653940201e-02
0.000000000000000000e+00 1.064541190862655640e-02
0.000000000000000000e+00 1.111200638115406036e-02
0.000000000000000000e+00 1.248577795922756195e-02
0.000000000000000000e+00 1.168353576213121414e-02
0.000000000000000000e+00 1.265495363622903824e-02
0.000000000000000000e+00 1.234438270330429077e-02
0.000000000000000000e+00 1.351494714617729187e-02
0.000000000000000000e+00 1.295232865959405899e-02
0.000000000000000000e+00 1.301935687661170959e-02
0.000000000000000000e+00 1.227547880262136459e-02
0.000000000000000000e+00 1.234831847250461578e-02
0.000000000000000000e+00 1.237927190959453583e-02
0.000000000000000000e+00 1.310514658689498901e-02
0.000000000000000000e+00 1.322462689131498337e-02
0.000000000000000000e+00 1.413985155522823334e-02
0.000000000000000000e+00 7.931913733482360840e-01
0.000000000000000000e+00 7.789862155914306641e-01
0.000000000000000000e+00 7.857464551925659180e-01
0.000000000000000000e+00 7.902410626411437988e-01
0.000000000000000000e+00 7.905933260917663574e-01
0.000000000000000000e+00 8.051371574401855469e-01
0.000000000000000000e+00 7.698418498039245605e-01
0.000000000000000000e+00 7.907565236091613770e-01
0.000000000000000000e+00 7.798178195953369141e-01
0.000000000000000000e+00 7.773560285568237305e-01
0.000000000000000000e+00 8.116499781608581543e-01
0.000000000000000000e+00 7.958396077156066895e-01
0.000000000000000000e+00 7.904674410820007324e-01
0.000000000000000000e+00 7.797843217849731445e-01
0.000000000000000000e+00 8.073176741600036621e-01
0.000000000000000000e+00 8.251219987869262695e-01
0.000000000000000000e+00 8.406746387481689453e-01
0.000000000000000000e+00 8.187029957771301270e-01
0.000000000000000000e+00 8.076174855232238770e-01
0.000000000000000000e+00 8.121185302734375000e-01
0.000000000000000000e+00 8.237715363502502441e-01
0.000000000000000000e+00 8.374848365783691406e-01
0.000000000000000000e+00 8.300238847732543945e-01
0.000000000000000000e+00 8.366319537162780762e-01
0.000000000000000000e+00 8.398852944374084473e-01
0.000000000000000000e+00 8.174670338630676270e-01
0.000000000000000000e+00 8.453717827796936035e-01
0.000000000000000000e+00 8.719831705093383789e-01
0.000000000000000000e+00 8.523961901664733887e-01
0.000000000000000000e+00 8.493473529815673828e-01
0.000000000000000000e+00 8.565004467964172363e-01
0.000000000000000000e+00 8.342860937118530273e-01
0.000000000000000000e+00 8.427445888519287109e-01
0.000000000000000000e+00 8.598830699920654297e-01
0.000000000000000000e+00 8.599243760108947754e-01
0.000000000000000000e+00 8.640616536140441895e-01
0.000000000000000000e+00 8.711471557617187500e-01
0.000000000000000000e+00 8.764607906341552734e-01
0.000000000000000000e+00 8.659276366233825684e-01
0.000000000000000000e+00 8.720998167991638184e-01
0.000000000000000000e+00 8.769511580467224121e-01
0.000000000000000000e+00 8.597342967987060547e-01
0.000000000000000000e+00 8.602392673492431641e-01
0.000000000000000000e+00 8.642050027847290039e-01
0.000000000000000000e+00 8.661945462226867676e-01
0.000000000000000000e+00 1.561954617500305176e-02
1.000000000000000000e+00 1.529972907155752182e-02
0.000000000000000000e+00 1.336201746016740799e-02
0.000000000000000000e+00 1.299109123647212982e-02
0.000000000000000000e+00 8.689855225384235382e-03
0.000000000000000000e+00 8.692024275660514832e-03
0.000000000000000000e+00 7.064785342663526535e-03
0.000000000000000000e+00 4.702691454440355301e-03
0.000000000000000000e+00 4.298400133848190308e-03
0.000000000000000000e+00 3.039450151845812798e-03
0.000000000000000000e+00 3.058383706957101822e-03
0.000000000000000000e+00 2.578390063717961311e-03
0.000000000000000000e+00 2.599039813503623009e-03
0.000000000000000000e+00 1.996911363676190376e-03
0.000000000000000000e+00 1.570573076605796814e-03
0.000000000000000000e+00 1.582806929945945740e-03
0.000000000000000000e+00 1.180261839181184769e-03
0.000000000000000000e+00 9.650955325923860073e-04
0.000000000000000000e+00 9.708992438390851021e-04
0.000000000000000000e+00 8.818288333714008331e-04
0.000000000000000000e+00 7.264892337843775749e-04
0.000000000000000000e+00 5.610082880593836308e-04
0.000000000000000000e+00 4.862431087531149387e-04
0.000000000000000000e+00 4.424432117957621813e-04
0.000000000000000000e+00 4.027203249279409647e-04
0.000000000000000000e+00 3.356416709721088409e-04
0.000000000000000000e+00 3.113980055786669254e-04
0.000000000000000000e+00 3.098893794231116772e-04
0.000000000000000000e+00 2.378302160650491714e-04
0.000000000000000000e+00 2.790560538414865732e-04
0.000000000000000000e+00 1.887508406070992351e-04
0.000000000000000000e+00 2.316029422217980027e-04
0.000000000000000000e+00 2.443282864987850189e-04
0.000000000000000000e+00 2.465767902322113514e-04
0.000000000000000000e+00 2.522162976674735546e-04
0.000000000000000000e+00 1.997358049266040325e-04
0.000000000000000000e+00 2.482786076143383980e-04
0.000000000000000000e+00 2.092744107358157635e-04
0.000000000000000000e+00 2.268806420033797622e-04
0.000000000000000000e+00 2.229144010925665498e-04
0.000000000000000000e+00 2.569917414803057909e-04
0.000000000000000000e+00 1.976757775992155075e-04
0.000000000000000000e+00 2.180586016038432717e-04
0.000000000000000000e+00 2.523076836951076984e-04
0.000000000000000000e+00 2.483790158294141293e-04
