0.000000000000000000e+00 2.235905528068542480e-01
0.000000000000000000e+00 2.531739473342895508e-01
0.000000000000000000e+00 2.459572106599807739e-01
0.000000000000000000e+00 2.560279369354248047e-01
0.000000000000000000e+00 2.556479275226593018e-01
0.000000000000000000e+00 2.505246996879577637e-01
0.000000000000000000e+00 2.611467242240905762e-01
0.000000000000000000e+00 2.636232972145080566e-01
0.000000000000000000e+00 2.607649862766265869e-01
0.000000000000000000e+00 2.634823918342590332e-01
0.000000000000000000e+00 2.723791301250457764e-01
0.000000000000000000e+00 2.733765542507171631e-01
0.000000000000000000e+00 2.639578580856323242e-01
0.000000000000000000e+00 2.610984742641448975e-01
0.000000000000000000e+00 2.683708667755126953e-01
0.000000000000000000e+00 2.716607749462127686e-01
0.000000000000000000e+00 2.667875289916992188e-01
0.000000000000000000e+00 2.701894342899322510e-01
0.000000000000000000e+00 2.595867216587066650e-01
0.000000000000000000e+00 2.645702064037322998e-01
0.000000000000000000e+00 2.695373296737670898e-01
0.000000000000000000e+00 2.667487263679504395e-01
0.000000000000000000e+00 2.667343914508819580e-01
0.000000000000000000e+00 2.697106599807739258e-01
0.000000000000000000e+00 2.645525932312011719e-01
1.000000000000000000e+00 2.585512995719909668e-01
1.000000000000000000e+00 2.745987176895141602e-01
1.000000000000000000e+00 2.625401914119720459e-01
1.000000000000000000e+00 2.533375918865203857e-01
1.000000000000000000e+00 2.468679100275039673e-01
1.000000000000000000e+00 2.488579750061035156e-01
0.000000000000000000e+00 2.339673638343811035e-01
0.000000000000000000e+00 2.260329276323318481e-01
0.000000000000000000e+00 2.036900669336318970e-01
0.000000000000000000e+00 1.892778128385543823e-01
0.000000000000000000e+00 1.748833358287811279e-01
0.000000000000000000e+00 1.652773022651672363e-01
0.000000000000000000e+00 1.506200879812240601e-01
0.000000000000000000e+00 1.407335400581359863e-01
0.000000000000000000e+00 1.321974992752075195e-01
0.000000000000000000e+00 1.213749349117279053e-01
0.000000000000000000e+00 1.092878803610801697e-01
0.000000000000000000e+00 1.045310795307159424e-01
0.000000000000000000e+00 9.593469649553298950e-02
0.000000000000000000e+00 8.896475285291671753e-02
0.000000000000000000e+00 9.620630880817770958e-04
0.000000000000000000e+00 9.394496446475386620e-04
0.000000000000000000e+00 7.602937985211610794e-04
0.000000000000000000e+00 7.440523477271199226e-04
0.000000000000000000e+00 5.811841692775487900e-04
0.000000000000000000e+00 5.567374755628407001e-04
0.000000000000000000e+00 5.340852076187729836e-04
0.000000000000000000e+00 5.396524211391806602e-04
0.000000000000000000e+00 4.753723915200680494e-04
0.000000000000000000e+00 5.471920594573020935e-04
0.000000000000000000e+00 5.291336565278470516e-04
0.000000000000000000e+00 5.559510900638997555e-04
0.000000000000000000e+00 4.968867870047688484e-04
0.000000000000000000e+00 4.491968429647386074e-04
0.000000000000000000e+00 4.621163243427872658e-04
0.000000000000000000e+00 4.658347752410918474e-04
0.000000000000000000e+00 4.453313013073056936e-04
0.000000000000000000e+00 5.081485142000019550e-04
0.000000000000000000e+00 4.754222463816404343e-04
0.000000000000000000e+00 4.971763119101524353e-04
0.000000000000000000e+00 5.497523816302418709e-04
0.000000000000000000e+00 5.172012024559080601e-04
0.000000000000000000e+00 5.244128406047821045e-04
0.000000000000000000e+00 5.052775959484279156e-04
0.000000000000000000e+00 5.191481905058026314e-04
0.000000000000000000e+00 5.320316995494067669e-04
0.000000000000000000e+00 4.881725471932440996e-04
0.000000000000000000e+00 4.596865328494459391e-04
0.000000000000000000e+00 5.031648324802517891e-04
0.000000000000000000e+00 5.051856278441846371e-04
0.000000000000000000e+00 4.744264879263937473e-04
0.000000000000000000e+00 5.079228430986404419e-04
0.000000000000000000e+00 4.459780757315456867e-04
0.000000000000000000e+00 4.898977349512279034e-04
0.000000000000000000e+00 4.818740708287805319e-04
0.000000000000000000e+00 4.428442625794559717e-04
0.000000000000000000e+00 5.869177985005080700e-04
0.000000000000000000e+00 4.571361350826919079e-04
0.000000000000000000e+00 5.169175565242767334e-04
0.000000000000000000e+00 4.837082233279943466e-04
0.000000000000000000e+00 5.009510205127298832e-04
0.000000000000000000e+00 5.643137264996767044e-04
0.000000000000000000e+00 5.055948859080672264e-04
0.000000000000000000e+00 5.183449829928576946e-04
0.000000000000000000e+00 5.752147408202290535e-04
0.000000000000000000e+00 1.068791281431913376e-02
0.000000000000000000e+00 9.034189395606517792e-03
0.000000000000000000e+00 6.998948752880096436e-03
0.000000000000000000e+00 5.497183185070753098e-03
0.000000000000000000e+00 5.111728329211473465e-03
0.000000000000000000e+00 4.313825629651546478e-03
0.000000000000000000e+00 4.110167268663644791e-03
0.000000000000000000e+00 3.298276802524924278e-03
0.000000000000000000e+00 3.168229945003986359e-03
0.000000000000000000e+00 3.130734665319323540e-03
0.000000000000000000e+00 3.239820012822747231e-03
0.000000000000000000e+00 3.174966666847467422e-03
0.000000000000000000e+00 3.288637846708297729e-03
0.000000000000000000e+00 3.070169594138860703e-03
0.000000000000000000e+00 3.165611997246742249e-03
0.000000000000000000e+00 3.383266972377896309e-03
0.000000000000000000e+00 2.998596755787730217e-03
0.000000000000000000e+00 3.165645059198141098e-03
0.000000000000000000e+00 3.381836460903286934e-03
0.000000000000000000e+00 3.128743963316082954e-03
0.000000000000000000e+00 3.424091730266809464e-03
0.000000000000000000e+00 3.570486791431903839e-03
0.000000000000000000e+00 3.634794848039746284e-03
0.000000000000000000e+00 3.911769948899745941e-03
0.000000000000000000e+00 3.724011359736323357e-03
0.000000000000000000e+00 3.951811231672763824e-03
0.000000000000000000e+00 4.128853324800729752e-03
0.000000000000000000e+00 4.064877983182668686e-03
0.000000000000000000e+00 3.949570935219526291e-03
0.000000000000000000e+00 4.551879130303859711e-03
0.000000000000000000e+00 4.594947677105665207e-03
0.000000000000000000e+00 4.631159827113151550e-03
0.000000000000000000e+00 4.786005243659019470e-03
0.000000000000000000e+00 4.967142362147569656e-03
0.000000000000000000e+00 4.732199013233184814e-03
0.000000000000000000e+00 5.213219206780195236e-03
0.000000000000000000e+00 4.595060832798480988e-03
0.000000000000000000e+00 5.406195297837257385e-03
0.000000000000000000e+00 4.928643349558115005e-03
0.000000000000000000e+00 5.400483030825853348e-03
0.000000000000000000e+00 5.810401868075132370e-03
0.000000000000000000e+00 5.821543280035257339e-03
0.000000000000000000e+00 5.975048523396253586e-03
0.000000000000000000e+00 5.975317675620317459e-03
0.000000000000000000e+00 5.335274152457714081e-03
0.000000000000000000e+00 4.631605371832847595e-02
0.000000000000000000e+00 3.754943236708641052e-02
0.000000000000000000e+00 2.894284203648567200e-02
0.000000000000000000e+00 2.405769005417823792e-02
0.000000000000000000e+00 2.170069515705108643e-02
0.000000000000000000e+00 1.811183989048004150e-02
0.000000000000000000e+00 1.598514989018440247e-02
0.000000000000000000e+00 1.298428792506456375e-02
0.000000000000000000e+00 1.203989796340465546e-02
0.000000000000000000e+00 1.083111669868230820e-02
0.000000000000000000e+00 8.618758060038089752e-03
0.000000000000000000e+00 8.923049084842205048e-03
0.000000000000000000e+00 7.680885028094053268e-03
0.000000000000000000e+00 7.368559949100017548e-03
0.000000000000000000e+00 6.860950496047735214e-03
0.000000000000000000e+00 6.481615360826253891e-03
0.000000000000000000e+00 5.800551734864711761e-03
0.000000000000000000e+00 5.857261363416910172e-03
0.000000000000000000e+00 5.806709174066781998e-03
0.000000000000000000e+00 5.700472276657819748e-03
0.000000000000000000e+00 5.411284510046243668e-03
0.000000000000000000e+00 5.264089442789554596e-03
0.000000000000000000e+00 5.517018027603626251e-03
0.000000000000000000e+00 5.599698051810264587e-03
0.000000000000000000e+00 5.867287982255220413e-03
0.000000000000000000e+00 5.252319853752851486e-03
0.000000000000000000e+00 5.959910806268453598e-03
0.000000000000000000e+00 5.379735492169857025e-03
0.000000000000000000e+00 5.797415506094694138e-03
0.000000000000000000e+00 6.100787781178951263e-03
0.000000000000000000e+00 5.998373962938785553e-03
0.000000000000000000e+00 5.589068867266178131e-03
0.000000000000000000e+00 6.003550719469785690e-03
0.000000000000000000e+00 6.429792847484350204e-03
0.000000000000000000e+00 6.121423095464706421e-03
0.000000000000000000e+00 6.952059455215930939e-03
0.000000000000000000e+00 6.664323620498180389e-03
0.000000000000000000e+00 7.465390954166650772e-03
0.000000000000000000e+00 7.551156915724277496e-03
0.000000000000000000e+00 8.921951986849308014e-03
0.000000000000000000e+00 7.826389744877815247e-03
0.000000000000000000e+00 8.947543799877166748e-03
0.000000000000000000e+00 9.315177798271179199e-03
0.000000000000000000e+00 8.159802295267581940e-03
0.000000000000000000e+00 9.483034722506999969e-03
0.000000000000000000e+00 6.480426993221044540e-03
0.000000000000000000e+00 5.102683790028095245e-03
0.000000000000000000e+00 4.239835310727357864e-03
0.000000000000000000e+00 3.901769872754812241e-03
0.000000000000000000e+00 3.792253788560628891e-03
0.000000000000000000e+00 2.840884262695908546e-03
0.000000000000000000e+00 3.202826017513871193e-03
0.000000000000000000e+00 2.702238736674189568e-03
0.000000000000000000e+00 2.629459602758288383e-03
0.000000000000000000e+00 2.581727923825383186e-03
0.000000000000000000e+00 2.766703721135854721e-03
0.000000000000000000e+00 2.671872265636920929e-03
0.000000000000000000e+00 2.775250002741813660e-03
0.000000000000000000e+00 2.671807538717985153e-03
0.000000000000000000e+00 2.959104022011160851e-03
0.000000000000000000e+00 2.750327810645103455e-03
0.000000000000000000e+00 2.812310587614774704e-03
0.000000000000000000e+00 2.906649373471736908e-03
0.000000000000000000e+00 3.397495253011584282e-03
0.000000000000000000e+00 3.018019720911979675e-03
0.000000000000000000e+00 3.138714237138628960e-03
0.000000000000000000e+00 3.538946853950619698e-03
0.000000000000000000e+00 3.475047182291746140e-03
0.000000000000000000e+00 3.432845463976264000e-03
0.000000000000000000e+00 3.442188957706093788e-03
0.000000000000000000e+00 3.484152723103761673e-03
0.000000000000000000e+00 3.598902840167284012e-03
0.000000000000000000e+00 4.050377290695905685e-03
0.000000000000000000e+00 4.148650448769330978e-03
0.000000000000000000e+00 4.171080421656370163e-03
0.000000000000000000e+00 3.933641128242015839e-03
0.000000000000000000e+00 3.833264578133821487e-03
0.000000000000000000e+00 3.645183285698294640e-03
0.000000000000000000e+00 4.105450585484504700e-03
0.000000000000000000e+00 4.022019915282726288e-03
0.000000000000000000e+00 3.976099658757448196e-03
0.000000000000000000e+00 4.620276857167482376e-03
0.000000000000000000e+00 4.165247082710266113e-03
0.000000000000000000e+00 3.791913157328963280e-03
0.000000000000000000e+00 4.077094141393899918e-03
0.000000000000000000e+00 3.968213684856891632e-03
0.000000000000000000e+00 3.915243782103061676e-03
0.000000000000000000e+00 3.996588289737701416e-03
0.000000000000000000e+00 3.629982005804777145e-03
0.000000000000000000e+00 3.761914791539311409e-03
0.000000000000000000e+00 2.074486576020717621e-02
0.000000000000000000e+00 2.041188254952430725e-02
0.000000000000000000e+00 1.651732809841632843e-02
0.000000000000000000e+00 1.548611652106046677e-02
0.000000000000000000e+00 1.365792006254196167e-02
0.000000000000000000e+00 1.213141717016696930e-02
0.000000000000000000e+00 1.152426470071077347e-02
0.000000000000000000e+00 1.161107234656810760e-02
0.000000000000000000e+00 1.147611904889345169e-02
0.000000000000000000e+00 1.054198481142520905e-02
0.000000000000000000e+00 1.121232006698846817e-02
0.000000000000000000e+00 1.119812484830617905e-02
0.000000000000000000e+00 1.142127811908721924e-02
0.000000000000000000e+00 1.111073233187198639e-02
0.000000000000000000e+00 1.144266687333583832e-02
0.000000000000000000e+00 1.133831031620502472e-02
0.000000000000000000e+00 1.295621879398822784e-02
0.000000000000000000e+00 1.173313893377780914e-02
0.000000000000000000e+00 1.137437205761671066e-02
0.000000000000000000e+00 1.199143752455711365e-02
0.000000000000000000e+00 1.275542192161083221e-02
0.000000000000000000e+00 1.211142074316740036e-02
0.000000000000000000e+00 1.178497634828090668e-02
0.000000000000000000e+00 1.176093332469463348e-02
0.000000000000000000e+00 1.186109893023967743e-02
0.000000000000000000e+00 1.238268148154020309e-02
0.000000000000000000e+00 1.256177201867103577e-02
0.000000000000000000e+00 1.295027509331703186e-02
0.000000000000000000e+00 1.282312814146280289e-02
0.000000000000000000e+00 1.279935520142316818e-02
0.000000000000000000e+00 1.378659624606370926e-02
0.000000000000000000e+00 1.322328858077526093e-02
0.000000000000000000e+00 1.392082497477531433e-02
0.000000000000000000e+00 1.346601918339729309e-02
0.000000000000000000e+00 1.388938352465629578e-02
0.000000000000000000e+00 1.434067636728286743e-02
0.000000000000000000e+00 1.458937022835016251e-02
0.000000000000000000e+00 1.451363693922758102e-02
0.000000000000000000e+00 1.407065708190202713e-02
0.000000000000000000e+00 1.433424744755029678e-02
0.000000000000000000e+00 1.470736414194107056e-02
0.000000000000000000e+00 1.453812699764966965e-02
0.000000000000000000e+00 1.444620266556739807e-02
0.000000000000000000e+00 1.421778090298175812e-02
0.000000000000000000e+00 1.392699312418699265e-02
0.000000000000000000e+00 7.149474024772644043e-01
0.000000000000000000e+00 7.152924537658691406e-01
0.000000000000000000e+00 7.170219421386718750e-01
0.000000000000000000e+00 7.169331908226013184e-01
0.000000000000000000e+00 6.942340731620788574e-01
0.000000000000000000e+00 7.305397987365722656e-01
0.000000000000000000e+00 6.953625679016113281e-01
0.000000000000000000e+00 6.920729279518127441e-01
0.000000000000000000e+00 6.953531503677368164e-01
0.000000000000000000e+00 7.243883013725280762e-01
0.000000000000000000e+00 6.728253364562988281e-01
0.000000000000000000e+00 6.426585316658020020e-01
0.000000000000000000e+00 6.709040999412536621e-01
0.000000000000000000e+00 6.991332173347473145e-01
0.000000000000000000e+00 6.661416292190551758e-01
0.000000000000000000e+00 6.900194287300109863e-01
0.000000000000000000e+00 6.573055386543273926e-01
0.000000000000000000e+00 6.801891922950744629e-01
0.000000000000000000e+00 6.777768135070800781e-01
0.000000000000000000e+00 6.644974350929260254e-01
0.000000000000000000e+00 6.711888313293457031e-01
0.000000000000000000e+00 6.767477393150329590e-01
0.000000000000000000e+00 7.060298323631286621e-01
0.000000000000000000e+00 6.944037675857543945e-01
0.000000000000000000e+00 7.163438200950622559e-01
0.000000000000000000e+00 7.559872865676879883e-01
0.000000000000000000e+00 7.469662427902221680e-01
0.000000000000000000e+00 7.549765110015869141e-01
0.000000000000000000e+00 7.228446602821350098e-01
0.000000000000000000e+00 7.300229668617248535e-01
0.000000000000000000e+00 7.165541052818298340e-01
0.000000000000000000e+00 7.391640543937683105e-01
0.000000000000000000e+00 7.533509731292724609e-01
0.000000000000000000e+00 7.475938796997070312e-01
0.000000000000000000e+00 7.447052001953125000e-01
0.000000000000000000e+00 7.694609761238098145e-01
0.000000000000000000e+00 7.422538399696350098e-01
0.000000000000000000e+00 7.593693137168884277e-01
0.000000000000000000e+00 7.656760811805725098e-01
0.000000000000000000e+00 7.771272659301757812e-01
0.000000000000000000e+00 7.713703513145446777e-01
0.000000000000000000e+00 7.730285525321960449e-01
0.000000000000000000e+00 7.317196130752563477e-01
0.000000000000000000e+00 7.283221483230590820e-01
0.000000000000000000e+00 7.445560693740844727e-01
0.000000000000000000e+00 3.562238300219178200e-03
1.000000000000000000e+00 3.794280812144279480e-03
0.000000000000000000e+00 3.630920080468058586e-03
0.000000000000000000e+00 3.084042342379689217e-03
0.000000000000000000e+00 2.715079812332987785e-03
0.000000000000000000e+00 1.899504801258444786e-03
0.000000000000000000e+00 1.425008871592581272e-03
0.000000000000000000e+00 1.267739338800311089e-03
0.000000000000000000e+00 1.341509399935603142e-03
0.000000000000000000e+00 9.262167732231318951e-04
0.000000000000000000e+00 8.269302197732031345e-04
0.000000000000000000e+00 8.126457687467336655e-04
0.000000000000000000e+00 5.949209444224834442e-04
0.000000000000000000e+00 5.098155234009027481e-04
0.000000000000000000e+00 4.215103981550782919e-04
0.000000000000000000e+00 4.590432799886912107e-04
0.000000000000000000e+00 3.332114138174802065e-04
0.000000000000000000e+00 4.410411638673394918e-04
0.000000000000000000e+00 2.915918303187936544e-04
0.000000000000000000e+00 3.122190828435122967e-04
0.000000000000000000e+00 2.688973327167332172e-04
0.000000000000000000e+00 1.595634385012090206e-04
0.000000000000000000e+00 1.744967448757961392e-04
0.000000000000000000e+00 1.505418622400611639e-04
0.000000000000000000e+00 1.364129129797220230e-04
0.000000000000000000e+00 1.527169224573299289e-04
0.000000000000000000e+00 1.129309457610361278e-04
0.000000000000000000e+00 1.006263628369197249e-04
0.000000000000000000e+00 9.462661546422168612e-05
0.000000000000000000e+00 8.258271554950624704e-05
0.000000000000000000e+00 8.402103412663564086e-05
0.000000000000000000e+00 8.305277151521295309e-05
0.000000000000000000e+00 7.154710328904911876e-05
0.000000000000000000e+00 7.597529474878683686e-05
0.000000000000000000e+00 6.313484482234343886e-05
0.000000000000000000e+00 6.571131234522908926e-05
0.000000000000000000e+00 6.468053470598533750e-05
0.000000000000000000e+00 5.814879841636866331e-05
0.000000000000000000e+00 6.486132042482495308e-05
0.000000000000000000e+00 6.162021600175648928e-05
0.000000000000000000e+00 5.269567191135138273e-05
0.000000000000000000e+00 5.515634984476491809e-05
0.000000000000000000e+00 6.228805432328954339e-05
0.000000000000000000e+00 6.405908789020031691e-05
0.000000000000000000e+00 5.951518687652423978e-05
