0.000000000000000000e+00 9.750921726226806641e-01
0.000000000000000000e+00 9.798025488853454590e-01
0.000000000000000000e+00 9.725900888442993164e-01
0.000000000000000000e+00 9.701742529869079590e-01
0.000000000000000000e+00 9.736064672470092773e-01
0.000000000000000000e+00 9.702868461608886719e-01
0.000000000000000000e+00 9.733338952064514160e-01
0.000000000000000000e+00 9.737783670425415039e-01
0.000000000000000000e+00 9.773599505424499512e-01
0.000000000000000000e+00 9.691849946975708008e-01
0.000000000000000000e+00 9.676905870437622070e-01
0.000000000000000000e+00 9.695987701416015625e-01
0.000000000000000000e+00 9.619405269622802734e-01
0.000000000000000000e+00 9.671965837478637695e-01
0.000000000000000000e+00 9.757568240165710449e-01
0.000000000000000000e+00 9.761621952056884766e-01
0.000000000000000000e+00 9.690616726875305176e-01
0.000000000000000000e+00 9.707875251770019531e-01
0.000000000000000000e+00 9.795713424682617188e-01
0.000000000000000000e+00 9.799889326095581055e-01
0.000000000000000000e+00 9.790913462638854980e-01
0.000000000000000000e+00 9.782852530479431152e-01
0.000000000000000000e+00 9.872990250587463379e-01
1.000000000000000000e+00 9.896873831748962402e-01
1.000000000000000000e+00 9.819984436035156250e-01
1.000000000000000000e+00 9.898104667663574219e-01
1.000000000000000000e+00 9.809588789939880371e-01
1.000000000000000000e+00 9.761817455291748047e-01
1.000000000000000000e+00 9.514642953872680664e-01
1.000000000000000000e+00 8.828433752059936523e-01
1.000000000000000000e+00 8.468253016471862793e-01
0.000000000000000000e+00 6.157190203666687012e-01
0.000000000000000000e+00 4.503084123134613037e-01
0.000000000000000000e+00 4.289172887802124023e-01
0.000000000000000000e+00 3.012399077415466309e-01
0.000000000000000000e+00 2.467879354953765869e-01
0.000000000000000000e+00 2.105122804641723633e-01
0.000000000000000000e+00 1.355877667665481567e-01
0.000000000000000000e+00 1.591610461473464966e-01
0.000000000000000000e+00 1.130508705973625183e-01
0.000000000000000000e+00 6.396479159593582153e-02
0.000000000000000000e+00 5.348384007811546326e-02
0.000000000000000000e+00 3.248509392142295837e-02
0.000000000000000000e+00 2.009776979684829712e-02
0.000000000000000000e+00 1.300208829343318939e-02
0.000000000000000000e+00 8.191151544451713562e-03
0.000000000000000000e+00 5.154319107532501221e-03
0.000000000000000000e+00 3.897341201081871986e-03
0.000000000000000000e+00 3.998188767582178116e-03
0.000000000000000000e+00 3.359805326908826828e-03
0.000000000000000000e+00 3.520051483064889908e-03
0.000000000000000000e+00 3.576118731871247292e-03
0.000000000000000000e+00 4.706603009253740311e-03
0.000000000000000000e+00 5.542713217437267303e-03
0.000000000000000000e+00 7.202071603387594223e-03
0.000000000000000000e+00 9.860139340162277222e-03
0.000000000000000000e+00 1.431901659816503525e-02
0.000000000000000000e+00 2.503458037972450256e-02
0.000000000000000000e+00 6.034908071160316467e-02
0.000000000000000000e+00 1.074302121996879578e-01
0.000000000000000000e+00 1.461718827486038208e-01
0.000000000000000000e+00 1.982787251472473145e-01
0.000000000000000000e+00 2.379416972398757935e-01
0.000000000000000000e+00 3.264362514019012451e-01
0.000000000000000000e+00 3.323519229888916016e-01
0.000000000000000000e+00 3.370633125305175781e-01
0.000000000000000000e+00 3.987184166908264160e-01
0.000000000000000000e+00 4.169466495513916016e-01
0.000000000000000000e+00 4.632694423198699951e-01
0.000000000000000000e+00 4.583087265491485596e-01
0.000000000000000000e+00 4.867147803306579590e-01
0.000000000000000000e+00 5.026168823242187500e-01
0.000000000000000000e+00 4.481931924819946289e-01
0.000000000000000000e+00 4.353013932704925537e-01
0.000000000000000000e+00 3.609272539615631104e-01
0.000000000000000000e+00 9.177351593971252441e-01
0.000000000000000000e+00 9.089646935462951660e-01
0.000000000000000000e+00 8.971137404441833496e-01
0.000000000000000000e+00 8.961992859840393066e-01
0.000000000000000000e+00 8.978659510612487793e-01
0.000000000000000000e+00 9.156250953674316406e-01
0.000000000000000000e+00 8.985688090324401855e-01
0.000000000000000000e+00 9.080944657325744629e-01
0.000000000000000000e+00 9.078094959259033203e-01
0.000000000000000000e+00 8.707690834999084473e-01
0.000000000000000000e+00 8.753252029418945312e-01
0.000000000000000000e+00 8.937150835990905762e-01
0.000000000000000000e+00 8.705573678016662598e-01
0.000000000000000000e+00 8.468639850616455078e-01
0.000000000000000000e+00 7.727864980697631836e-01
1.000000000000000000e+00 7.448867559432983398e-01
1.000000000000000000e+00 6.911011338233947754e-01
1.000000000000000000e+00 7.778424024581909180e-01
1.000000000000000000e+00 6.737444996833801270e-01
0.000000000000000000e+00 6.929554343223571777e-01
0.000000000000000000e+00 6.679880619049072266e-01
0.000000000000000000e+00 5.249411463737487793e-01
0.000000000000000000e+00 5.160412192344665527e-01
0.000000000000000000e+00 3.608293831348419189e-01
0.000000000000000000e+00 3.478033542633056641e-01
0.000000000000000000e+00 3.348909318447113037e-01
0.000000000000000000e+00 2.471566349267959595e-01
0.000000000000000000e+00 2.247182875871658325e-01
0.000000000000000000e+00 1.272388100624084473e-01
0.000000000000000000e+00 8.289163559675216675e-02
0.000000000000000000e+00 5.883563682436943054e-02
0.000000000000000000e+00 3.704049065709114075e-02
1.000000000000000000e+00 3.267063945531845093e-02
1.000000000000000000e+00 2.783596515655517578e-02
0.000000000000000000e+00 2.867435663938522339e-02
0.000000000000000000e+00 2.964364923536777496e-02
0.000000000000000000e+00 2.950266934931278229e-02
0.000000000000000000e+00 4.468238353729248047e-02
0.000000000000000000e+00 4.222731292247772217e-02
0.000000000000000000e+00 5.341688916087150574e-02
0.000000000000000000e+00 5.291486904025077820e-02
0.000000000000000000e+00 5.501790344715118408e-02
0.000000000000000000e+00 5.487296730279922485e-02
0.000000000000000000e+00 5.228314548730850220e-02
0.000000000000000000e+00 6.336488574743270874e-02
0.000000000000000000e+00 6.293877959251403809e-02
0.000000000000000000e+00 5.750522762537002563e-02
0.000000000000000000e+00 4.975997284054756165e-02
0.000000000000000000e+00 6.245498731732368469e-02
0.000000000000000000e+00 8.042436093091964722e-02
0.000000000000000000e+00 1.326156258583068848e-01
0.000000000000000000e+00 1.526500880718231201e-01
0.000000000000000000e+00 1.551875919103622437e-01
0.000000000000000000e+00 2.060892581939697266e-01
0.000000000000000000e+00 1.876613050699234009e-01
0.000000000000000000e+00 2.008478343486785889e-01
0.000000000000000000e+00 1.717888861894607544e-01
0.000000000000000000e+00 2.544987499713897705e-01
0.000000000000000000e+00 2.534660696983337402e-01
0.000000000000000000e+00 2.880475819110870361e-01
0.000000000000000000e+00 3.358277082443237305e-01
0.000000000000000000e+00 3.573060929775238037e-01
0.000000000000000000e+00 3.688936829566955566e-01
0.000000000000000000e+00 3.483738899230957031e-01
0.000000000000000000e+00 3.634977042675018311e-01
0.000000000000000000e+00 3.684353530406951904e-01
0.000000000000000000e+00 3.521790206432342529e-01
0.000000000000000000e+00 3.488950431346893311e-01
0.000000000000000000e+00 3.591067194938659668e-01
0.000000000000000000e+00 4.075625836849212646e-01
0.000000000000000000e+00 4.098001718521118164e-01
0.000000000000000000e+00 4.148209989070892334e-01
0.000000000000000000e+00 4.242908954620361328e-01
0.000000000000000000e+00 4.415822327136993408e-01
0.000000000000000000e+00 4.533227086067199707e-01
1.000000000000000000e+00 6.254910230636596680e-01
1.000000000000000000e+00 4.407287836074829102e-01
1.000000000000000000e+00 5.319474339485168457e-01
1.000000000000000000e+00 6.384183764457702637e-01
1.000000000000000000e+00 5.885980129241943359e-01
0.000000000000000000e+00 4.430321455001831055e-01
0.000000000000000000e+00 6.214078664779663086e-01
0.000000000000000000e+00 5.510697364807128906e-01
0.000000000000000000e+00 6.865976452827453613e-01
0.000000000000000000e+00 5.679168105125427246e-01
0.000000000000000000e+00 6.242430210113525391e-01
0.000000000000000000e+00 5.495687127113342285e-01
0.000000000000000000e+00 6.649643778800964355e-01
0.000000000000000000e+00 6.805253028869628906e-01
0.000000000000000000e+00 5.962951779365539551e-01
0.000000000000000000e+00 6.293510794639587402e-01
0.000000000000000000e+00 7.031292915344238281e-01
0.000000000000000000e+00 7.251017689704895020e-01
0.000000000000000000e+00 6.041755080223083496e-01
0.000000000000000000e+00 7.396976947784423828e-01
0.000000000000000000e+00 7.648050785064697266e-01
0.000000000000000000e+00 6.930918097496032715e-01
0.000000000000000000e+00 6.654282212257385254e-01
0.000000000000000000e+00 7.445389628410339355e-01
0.000000000000000000e+00 7.993908524513244629e-01
0.000000000000000000e+00 7.993601560592651367e-01
1.000000000000000000e+00 7.799257040023803711e-01
1.000000000000000000e+00 7.616811990737915039e-01
0.000000000000000000e+00 7.363508939743041992e-01
0.000000000000000000e+00 7.369413375854492188e-01
0.000000000000000000e+00 7.521352171897888184e-01
0.000000000000000000e+00 7.444019913673400879e-01
0.000000000000000000e+00 7.512577176094055176e-01
0.000000000000000000e+00 7.096305489540100098e-01
0.000000000000000000e+00 6.923683881759643555e-01
0.000000000000000000e+00 7.101405262947082520e-01
0.000000000000000000e+00 6.949183344841003418e-01
0.000000000000000000e+00 6.485438346862792969e-01
0.000000000000000000e+00 6.347326040267944336e-01
0.000000000000000000e+00 6.445652842521667480e-01
0.000000000000000000e+00 6.580280065536499023e-01
0.000000000000000000e+00 5.226318240165710449e-01
0.000000000000000000e+00 5.474257469177246094e-01
0.000000000000000000e+00 5.217539668083190918e-01
0.000000000000000000e+00 4.403243064880371094e-01
0.000000000000000000e+00 3.124633431434631348e-01
0.000000000000000000e+00 3.749613463878631592e-01
0.000000000000000000e+00 3.119565844535827637e-01
0.000000000000000000e+00 2.900076806545257568e-01
0.000000000000000000e+00 2.750461399555206299e-01
0.000000000000000000e+00 2.418667972087860107e-01
0.000000000000000000e+00 2.596008479595184326e-01
0.000000000000000000e+00 2.808792889118194580e-01
0.000000000000000000e+00 2.549241483211517334e-01
0.000000000000000000e+00 2.809011042118072510e-01
0.000000000000000000e+00 2.731847167015075684e-01
0.000000000000000000e+00 3.075640499591827393e-01
0.000000000000000000e+00 2.919260263442993164e-01
0.000000000000000000e+00 3.179145455360412598e-01
0.000000000000000000e+00 3.166370689868927002e-01
0.000000000000000000e+00 3.738461434841156006e-01
0.000000000000000000e+00 4.363645613193511963e-01
0.000000000000000000e+00 4.260678887367248535e-01
0.000000000000000000e+00 4.323196709156036377e-01
0.000000000000000000e+00 4.952887296676635742e-01
0.000000000000000000e+00 4.758999645709991455e-01
0.000000000000000000e+00 5.098068118095397949e-01
0.000000000000000000e+00 5.234091281890869141e-01
0.000000000000000000e+00 4.782851040363311768e-01
0.000000000000000000e+00 5.106771588325500488e-01
0.000000000000000000e+00 5.138779282569885254e-01
0.000000000000000000e+00 5.098400712013244629e-01
0.000000000000000000e+00 5.297195315361022949e-01
0.000000000000000000e+00 4.917620122432708740e-01
0.000000000000000000e+00 4.627882838249206543e-01
1.000000000000000000e+00 8.403393626213073730e-01
0.000000000000000000e+00 8.387201428413391113e-01
0.000000000000000000e+00 7.526732683181762695e-01
0.000000000000000000e+00 7.768530249595642090e-01
0.000000000000000000e+00 6.909689307212829590e-01
0.000000000000000000e+00 6.425598859786987305e-01
0.000000000000000000e+00 5.187634825706481934e-01
0.000000000000000000e+00 5.111641287803649902e-01
0.000000000000000000e+00 4.600154459476470947e-01
0.000000000000000000e+00 3.511025309562683105e-01
0.000000000000000000e+00 2.876728177070617676e-01
0.000000000000000000e+00 3.397220969200134277e-01
0.000000000000000000e+00 2.204806357622146606e-01
0.000000000000000000e+00 1.558822840452194214e-01
0.000000000000000000e+00 1.124579310417175293e-01
0.000000000000000000e+00 8.708147704601287842e-02
0.000000000000000000e+00 5.309641733765602112e-02
0.000000000000000000e+00 4.292225837707519531e-02
0.000000000000000000e+00 2.854325249791145325e-02
0.000000000000000000e+00 2.543930523097515106e-02
0.000000000000000000e+00 2.738187275826931000e-02
0.000000000000000000e+00 2.401128225028514862e-02
0.000000000000000000e+00 2.339033037424087524e-02
0.000000000000000000e+00 2.063525095582008362e-02
0.000000000000000000e+00 1.772331818938255310e-02
0.000000000000000000e+00 1.531634759157896042e-02
0.000000000000000000e+00 1.956801675260066986e-02
0.000000000000000000e+00 1.886316388845443726e-02
0.000000000000000000e+00 2.578878216445446014e-02
0.000000000000000000e+00 3.315614536404609680e-02
0.000000000000000000e+00 4.712159931659698486e-02
0.000000000000000000e+00 4.202449694275856018e-02
0.000000000000000000e+00 5.220447108149528503e-02
0.000000000000000000e+00 5.647877603769302368e-02
0.000000000000000000e+00 5.679466202855110168e-02
0.000000000000000000e+00 5.692761391401290894e-02
0.000000000000000000e+00 4.032330587506294250e-02
0.000000000000000000e+00 3.980963677167892456e-02
0.000000000000000000e+00 2.992416732013225555e-02
0.000000000000000000e+00 3.212837874889373779e-02
0.000000000000000000e+00 3.249488025903701782e-02
0.000000000000000000e+00 2.691070735454559326e-02
0.000000000000000000e+00 3.064948506653308868e-02
0.000000000000000000e+00 2.352588251233100891e-02
0.000000000000000000e+00 1.972500979900360107e-02
0.000000000000000000e+00 1.956232823431491852e-02
0.000000000000000000e+00 2.053553611040115356e-02
0.000000000000000000e+00 2.802741527557373047e-02
0.000000000000000000e+00 4.605470225214958191e-02
0.000000000000000000e+00 5.916283279657363892e-02
0.000000000000000000e+00 8.699700981378555298e-02
0.000000000000000000e+00 1.492432951927185059e-01
0.000000000000000000e+00 1.744685173034667969e-01
0.000000000000000000e+00 1.793732792139053345e-01
0.000000000000000000e+00 1.696241348981857300e-01
0.000000000000000000e+00 1.446861922740936279e-01
0.000000000000000000e+00 1.574809700250625610e-01
0.000000000000000000e+00 2.210998088121414185e-01
0.000000000000000000e+00 2.662146091461181641e-01
0.000000000000000000e+00 3.159761130809783936e-01
0.000000000000000000e+00 3.529735207557678223e-01
0.000000000000000000e+00 3.636713027954101562e-01
0.000000000000000000e+00 3.886719048023223877e-01
0.000000000000000000e+00 4.258287250995635986e-01
0.000000000000000000e+00 3.851601481437683105e-01
0.000000000000000000e+00 4.269397556781768799e-01
0.000000000000000000e+00 3.767473995685577393e-01
1.000000000000000000e+00 3.765604794025421143e-01
1.000000000000000000e+00 3.505062162876129150e-01
0.000000000000000000e+00 3.006764948368072510e-01
0.000000000000000000e+00 2.262942343950271606e-01
0.000000000000000000e+00 2.390833646059036255e-01
0.000000000000000000e+00 2.034523487091064453e-01
0.000000000000000000e+00 1.771625131368637085e-01
0.000000000000000000e+00 1.244734153151512146e-01
0.000000000000000000e+00 6.389998793601989746e-01
0.000000000000000000e+00 5.238904356956481934e-01
0.000000000000000000e+00 4.221686720848083496e-01
0.000000000000000000e+00 4.356413185596466064e-01
0.000000000000000000e+00 3.727822899818420410e-01
0.000000000000000000e+00 2.783732414245605469e-01
0.000000000000000000e+00 3.121789693832397461e-01
0.000000000000000000e+00 1.454208642244338989e-01
0.000000000000000000e+00 1.334103047847747803e-01
0.000000000000000000e+00 9.772545099258422852e-02
0.000000000000000000e+00 7.204657047986984253e-02
0.000000000000000000e+00 6.232596188783645630e-02
0.000000000000000000e+00 4.801242798566818237e-02
0.000000000000000000e+00 3.110455907881259918e-02
0.000000000000000000e+00 2.511223964393138885e-02
0.000000000000000000e+00 2.855125069618225098e-02
0.000000000000000000e+00 2.531796507537364960e-02
0.000000000000000000e+00 2.392699755728244781e-02
0.000000000000000000e+00 2.017158828675746918e-02
0.000000000000000000e+00 2.252381108701229095e-02
0.000000000000000000e+00 2.885081991553306580e-02
0.000000000000000000e+00 2.953376062214374542e-02
0.000000000000000000e+00 3.612403944134712219e-02
0.000000000000000000e+00 3.020364977419376373e-02
0.000000000000000000e+00 4.780092090368270874e-02
0.000000000000000000e+00 4.632359743118286133e-02
0.000000000000000000e+00 7.992959022521972656e-02
0.000000000000000000e+00 7.895696908235549927e-02
0.000000000000000000e+00 7.712019234895706177e-02
0.000000000000000000e+00 9.736450016498565674e-02
0.000000000000000000e+00 9.281068295240402222e-02
0.000000000000000000e+00 9.143560379743576050e-02
0.000000000000000000e+00 1.200804263353347778e-01
0.000000000000000000e+00 1.244461461901664734e-01
0.000000000000000000e+00 1.089330613613128662e-01
0.000000000000000000e+00 1.118420958518981934e-01
0.000000000000000000e+00 9.530554711818695068e-02
0.000000000000000000e+00 9.318481385707855225e-02
0.000000000000000000e+00 7.654418051242828369e-02
0.000000000000000000e+00 7.394205033779144287e-02
0.000000000000000000e+00 7.720219343900680542e-02
0.000000000000000000e+00 9.030122309923171997e-02
0.000000000000000000e+00 6.815464794635772705e-02
0.000000000000000000e+00 7.176139205694198608e-02
0.000000000000000000e+00 5.888613685965538025e-02
0.000000000000000000e+00 3.664727136492729187e-02
0.000000000000000000e+00 4.456944763660430908e-02
0.000000000000000000e+00 5.736192688345909119e-02
0.000000000000000000e+00 7.281462848186492920e-02
0.000000000000000000e+00 9.619787335395812988e-02
0.000000000000000000e+00 1.220124810934066772e-01
0.000000000000000000e+00 2.053790688514709473e-01
0.000000000000000000e+00 1.897794455289840698e-01
0.000000000000000000e+00 2.906223237514495850e-01
0.000000000000000000e+00 2.769700586795806885e-01
0.000000000000000000e+00 2.827898859977722168e-01
0.000000000000000000e+00 3.452675938606262207e-01
0.000000000000000000e+00 3.526349961757659912e-01
0.000000000000000000e+00 3.812897801399230957e-01
0.000000000000000000e+00 3.454888761043548584e-01
0.000000000000000000e+00 4.183268547058105469e-01
0.000000000000000000e+00 4.549130797386169434e-01
0.000000000000000000e+00 5.170245170593261719e-01
0.000000000000000000e+00 5.306239724159240723e-01
0.000000000000000000e+00 4.623193442821502686e-01
0.000000000000000000e+00 4.570271074771881104e-01
0.000000000000000000e+00 4.390509724617004395e-01
0.000000000000000000e+00 4.154837131500244141e-01
0.000000000000000000e+00 4.209606647491455078e-01
0.000000000000000000e+00 4.275238513946533203e-01
0.000000000000000000e+00 3.764567375183105469e-01
0.000000000000000000e+00 4.041302800178527832e-01
0.000000000000000000e+00 3.548231422901153564e-01
0.000000000000000000e+00 2.505446672439575195e-01
0.000000000000000000e+00 2.617066800594329834e-01
0.000000000000000000e+00 4.866519272327423096e-01
0.000000000000000000e+00 3.262475430965423584e-01
0.000000000000000000e+00 2.409088760614395142e-01
0.000000000000000000e+00 1.514356285333633423e-01
0.000000000000000000e+00 9.776682406663894653e-02
0.000000000000000000e+00 8.545164763927459717e-02
0.000000000000000000e+00 7.423903793096542358e-02
0.000000000000000000e+00 7.014521956443786621e-02
0.000000000000000000e+00 5.810035392642021179e-02
0.000000000000000000e+00 5.845366045832633972e-02
0.000000000000000000e+00 5.432862415909767151e-02
0.000000000000000000e+00 6.100100278854370117e-02
0.000000000000000000e+00 6.076992303133010864e-02
0.000000000000000000e+00 6.695999950170516968e-02
0.000000000000000000e+00 1.016791835427284241e-01
0.000000000000000000e+00 8.338787406682968140e-02
0.000000000000000000e+00 1.122699528932571411e-01
0.000000000000000000e+00 1.093163043260574341e-01
0.000000000000000000e+00 8.223764598369598389e-02
0.000000000000000000e+00 1.083524748682975769e-01
0.000000000000000000e+00 1.148763671517372131e-01
0.000000000000000000e+00 1.485464423894882202e-01
0.000000000000000000e+00 1.572960019111633301e-01
0.000000000000000000e+00 1.687514483928680420e-01
0.000000000000000000e+00 1.746734231710433960e-01
0.000000000000000000e+00 2.160246372222900391e-01
0.000000000000000000e+00 1.856130808591842651e-01
0.000000000000000000e+00 2.137364447116851807e-01
0.000000000000000000e+00 1.611093878746032715e-01
0.000000000000000000e+00 1.745269298553466797e-01
0.000000000000000000e+00 1.725713163614273071e-01
0.000000000000000000e+00 1.444830894470214844e-01
0.000000000000000000e+00 1.405536085367202759e-01
0.000000000000000000e+00 1.388044059276580811e-01
0.000000000000000000e+00 1.471087634563446045e-01
0.000000000000000000e+00 1.232074499130249023e-01
0.000000000000000000e+00 1.044423654675483704e-01
0.000000000000000000e+00 1.298520565032958984e-01
0.000000000000000000e+00 1.055633947253227234e-01
0.000000000000000000e+00 1.084828376770019531e-01
0.000000000000000000e+00 1.069892197847366333e-01
0.000000000000000000e+00 9.924095124006271362e-02
0.000000000000000000e+00 7.983166724443435669e-02
0.000000000000000000e+00 8.179636299610137939e-02
0.000000000000000000e+00 7.798555493354797363e-02
0.000000000000000000e+00 8.721604198217391968e-02
0.000000000000000000e+00 7.988621294498443604e-02
0.000000000000000000e+00 1.093136146664619446e-01
0.000000000000000000e+00 1.613707691431045532e-01
0.000000000000000000e+00 1.842516362667083740e-01
0.000000000000000000e+00 1.930053383111953735e-01
0.000000000000000000e+00 3.250737786293029785e-01
0.000000000000000000e+00 3.467315435409545898e-01
0.000000000000000000e+00 3.349531590938568115e-01
0.000000000000000000e+00 3.627076745033264160e-01
0.000000000000000000e+00 3.971374034881591797e-01
0.000000000000000000e+00 4.054159522056579590e-01
0.000000000000000000e+00 4.237495064735412598e-01
0.000000000000000000e+00 4.514383673667907715e-01
0.000000000000000000e+00 4.930710494518280029e-01
0.000000000000000000e+00 4.974929094314575195e-01
0.000000000000000000e+00 5.090840458869934082e-01
0.000000000000000000e+00 5.316594243049621582e-01
0.000000000000000000e+00 5.378850698471069336e-01
0.000000000000000000e+00 5.181620717048645020e-01
0.000000000000000000e+00 5.271524190902709961e-01
0.000000000000000000e+00 5.376982092857360840e-01
1.000000000000000000e+00 5.251628160476684570e-01
0.000000000000000000e+00 4.601383805274963379e-01
0.000000000000000000e+00 4.363431334495544434e-01
0.000000000000000000e+00 3.909545838832855225e-01
0.000000000000000000e+00 3.618262410163879395e-01
0.000000000000000000e+00 3.539860844612121582e-01
0.000000000000000000e+00 2.698446512222290039e-01
0.000000000000000000e+00 2.094941586256027222e-01
1.000000000000000000e+00 9.128222465515136719e-01
1.000000000000000000e+00 9.223323464393615723e-01
1.000000000000000000e+00 9.086264371871948242e-01
1.000000000000000000e+00 8.956500291824340820e-01
0.000000000000000000e+00 8.645045757293701172e-01
0.000000000000000000e+00 8.022544980049133301e-01
0.000000000000000000e+00 7.297396063804626465e-01
0.000000000000000000e+00 6.576851606369018555e-01
0.000000000000000000e+00 4.797130525112152100e-01
0.000000000000000000e+00 3.183751702308654785e-01
0.000000000000000000e+00 3.549050986766815186e-01
0.000000000000000000e+00 2.540116906166076660e-01
0.000000000000000000e+00 1.817972213029861450e-01
0.000000000000000000e+00 1.303826123476028442e-01
0.000000000000000000e+00 7.138317078351974487e-02
0.000000000000000000e+00 9.597720950841903687e-02
0.000000000000000000e+00 7.954458147287368774e-02
0.000000000000000000e+00 6.278989464044570923e-02
0.000000000000000000e+00 4.186176136136054993e-02
0.000000000000000000e+00 2.747085131704807281e-02
0.000000000000000000e+00 2.353174425661563873e-02
0.000000000000000000e+00 1.620504632592201233e-02
0.000000000000000000e+00 1.516890432685613632e-02
0.000000000000000000e+00 9.860847145318984985e-03
0.000000000000000000e+00 8.228098042309284210e-03
0.000000000000000000e+00 7.425357121974229813e-03
0.000000000000000000e+00 5.044932942837476730e-03
0.000000000000000000e+00 5.301776342093944550e-03
0.000000000000000000e+00 7.105730939656496048e-03
0.000000000000000000e+00 8.732619695365428925e-03
0.000000000000000000e+00 1.202190853655338287e-02
0.000000000000000000e+00 1.782148331403732300e-02
0.000000000000000000e+00 2.208428643643856049e-02
0.000000000000000000e+00 2.680939435958862305e-02
0.000000000000000000e+00 3.371580317616462708e-02
0.000000000000000000e+00 5.714028328657150269e-02
0.000000000000000000e+00 3.898308426141738892e-02
0.000000000000000000e+00 6.074152141809463501e-02
0.000000000000000000e+00 6.258583813905715942e-02
0.000000000000000000e+00 8.077155798673629761e-02
0.000000000000000000e+00 7.212744653224945068e-02
0.000000000000000000e+00 8.817729353904724121e-02
0.000000000000000000e+00 6.389334052801132202e-02
0.000000000000000000e+00 5.223922431468963623e-02
0.000000000000000000e+00 4.982142522931098938e-02
0.000000000000000000e+00 4.132811725139617920e-02
0.000000000000000000e+00 4.446623474359512329e-02
0.000000000000000000e+00 4.050799459218978882e-02
0.000000000000000000e+00 5.536872521042823792e-02
0.000000000000000000e+00 7.088229060173034668e-02
0.000000000000000000e+00 8.309105783700942993e-02
0.000000000000000000e+00 7.394605129957199097e-02
0.000000000000000000e+00 1.134384721517562866e-01
0.000000000000000000e+00 1.426201611757278442e-01
0.000000000000000000e+00 1.434763371944427490e-01
0.000000000000000000e+00 1.618538796901702881e-01
0.000000000000000000e+00 1.663640588521957397e-01
0.000000000000000000e+00 2.175792604684829712e-01
0.000000000000000000e+00 2.699717879295349121e-01
0.000000000000000000e+00 2.699436545372009277e-01
0.000000000000000000e+00 2.793789505958557129e-01
0.000000000000000000e+00 3.943940401077270508e-01
0.000000000000000000e+00 4.263112246990203857e-01
0.000000000000000000e+00 4.449473619461059570e-01
0.000000000000000000e+00 4.171594679355621338e-01
0.000000000000000000e+00 4.163037240505218506e-01
0.000000000000000000e+00 4.916397333145141602e-01
0.000000000000000000e+00 4.751833677291870117e-01
0.000000000000000000e+00 5.029423832893371582e-01
0.000000000000000000e+00 4.869889616966247559e-01
0.000000000000000000e+00 4.665334820747375488e-01
0.000000000000000000e+00 4.672760069370269775e-01
0.000000000000000000e+00 3.958387970924377441e-01
0.000000000000000000e+00 2.967761754989624023e-01
0.000000000000000000e+00 2.443329244852066040e-01
0.000000000000000000e+00 8.106599450111389160e-01
0.000000000000000000e+00 7.744997143745422363e-01
0.000000000000000000e+00 6.944648623466491699e-01
0.000000000000000000e+00 6.355974078178405762e-01
0.000000000000000000e+00 5.288966298103332520e-01
0.000000000000000000e+00 5.108966827392578125e-01
0.000000000000000000e+00 3.294512629508972168e-01
0.000000000000000000e+00 3.166612386703491211e-01
0.000000000000000000e+00 2.709359228610992432e-01
0.000000000000000000e+00 2.789148092269897461e-01
0.000000000000000000e+00 1.986660361289978027e-01
0.000000000000000000e+00 1.516406983137130737e-01
0.000000000000000000e+00 1.103312224149703979e-01
0.000000000000000000e+00 8.496282249689102173e-02
0.000000000000000000e+00 9.523505717515945435e-02
0.000000000000000000e+00 4.446714743971824646e-02
0.000000000000000000e+00 4.178526997566223145e-02
0.000000000000000000e+00 4.512070864439010620e-02
0.000000000000000000e+00 3.491202741861343384e-02
0.000000000000000000e+00 4.606729373335838318e-02
0.000000000000000000e+00 4.547062888741493225e-02
0.000000000000000000e+00 5.472413823008537292e-02
0.000000000000000000e+00 7.169912755489349365e-02
0.000000000000000000e+00 7.959736883640289307e-02
0.000000000000000000e+00 7.583250850439071655e-02
0.000000000000000000e+00 7.043436169624328613e-02
0.000000000000000000e+00 8.890557289123535156e-02
0.000000000000000000e+00 9.551937133073806763e-02
0.000000000000000000e+00 8.535391837358474731e-02
0.000000000000000000e+00 9.909967333078384399e-02
0.000000000000000000e+00 1.092818453907966614e-01
0.000000000000000000e+00 9.251348674297332764e-02
0.000000000000000000e+00 9.291966259479522705e-02
0.000000000000000000e+00 9.414071589708328247e-02
0.000000000000000000e+00 8.935066312551498413e-02
0.000000000000000000e+00 7.373183965682983398e-02
0.000000000000000000e+00 6.831608712673187256e-02
0.000000000000000000e+00 8.001794666051864624e-02
0.000000000000000000e+00 6.964474171400070190e-02
0.000000000000000000e+00 4.900545626878738403e-02
0.000000000000000000e+00 3.835825249552726746e-02
0.000000000000000000e+00 3.078304789960384369e-02
0.000000000000000000e+00 4.135667532682418823e-02
0.000000000000000000e+00 4.231406003236770630e-02
0.000000000000000000e+00 2.686315961182117462e-02
0.000000000000000000e+00 2.256968058645725250e-02
0.000000000000000000e+00 1.524813380092382431e-02
0.000000000000000000e+00 1.623000577092170715e-02
0.000000000000000000e+00 1.695847511291503906e-02
0.000000000000000000e+00 1.767266914248466492e-02
0.000000000000000000e+00 2.645158953964710236e-02
0.000000000000000000e+00 4.443594813346862793e-02
0.000000000000000000e+00 4.856930300593376160e-02
0.000000000000000000e+00 6.510062515735626221e-02
0.000000000000000000e+00 8.015244454145431519e-02
0.000000000000000000e+00 8.322841674089431763e-02
0.000000000000000000e+00 6.662499159574508667e-02
0.000000000000000000e+00 7.280587404966354370e-02
0.000000000000000000e+00 1.037332862615585327e-01
0.000000000000000000e+00 9.419981390237808228e-02
1.000000000000000000e+00 1.194138079881668091e-01
1.000000000000000000e+00 1.524835675954818726e-01
0.000000000000000000e+00 1.783702075481414795e-01
0.000000000000000000e+00 1.657507717609405518e-01
0.000000000000000000e+00 1.581884473562240601e-01
0.000000000000000000e+00 2.186028510332107544e-01
0.000000000000000000e+00 2.535758912563323975e-01
0.000000000000000000e+00 3.026144504547119141e-01
0.000000000000000000e+00 3.282857239246368408e-01
0.000000000000000000e+00 3.525862097740173340e-01
0.000000000000000000e+00 3.729310333728790283e-01
0.000000000000000000e+00 3.749030232429504395e-01
0.000000000000000000e+00 3.897084295749664307e-01
0.000000000000000000e+00 3.511487543582916260e-01
0.000000000000000000e+00 3.699488639831542969e-01
