1.000000000000000000e+00 2.143889665603637695e-01
1.000000000000000000e+00 1.784741282463073730e-01
1.000000000000000000e+00 2.451301366090774536e-01
1.000000000000000000e+00 1.868629604578018188e-01
0.000000000000000000e+00 1.952519714832305908e-01
0.000000000000000000e+00 1.845308095216751099e-01
0.000000000000000000e+00 2.109442949295043945e-01
0.000000000000000000e+00 2.081173956394195557e-01
0.000000000000000000e+00 2.115996181964874268e-01
1.000000000000000000e+00 1.939835995435714722e-01
1.000000000000000000e+00 2.044378817081451416e-01
1.000000000000000000e+00 2.376747876405715942e-01
1.000000000000000000e+00 1.729471832513809204e-01
0.000000000000000000e+00 2.173396050930023193e-01
0.000000000000000000e+00 2.190432697534561157e-01
0.000000000000000000e+00 2.072814255952835083e-01
0.000000000000000000e+00 2.119772583246231079e-01
0.000000000000000000e+00 2.328661233186721802e-01
0.000000000000000000e+00 1.912018507719039917e-01
0.000000000000000000e+00 1.815523654222488403e-01
0.000000000000000000e+00 1.869115531444549561e-01
0.000000000000000000e+00 1.386608034372329712e-01
0.000000000000000000e+00 1.719932109117507935e-01
1.000000000000000000e+00 1.669186800718307495e-01
1.000000000000000000e+00 1.705974936485290527e-01
1.000000000000000000e+00 1.687710434198379517e-01
1.000000000000000000e+00 1.621236354112625122e-01
1.000000000000000000e+00 1.259898990392684937e-01
1.000000000000000000e+00 1.368960887193679810e-01
1.000000000000000000e+00 1.214979067444801331e-01
1.000000000000000000e+00 1.031077206134796143e-01
1.000000000000000000e+00 9.097044169902801514e-02
1.000000000000000000e+00 7.468287646770477295e-02
0.000000000000000000e+00 6.109535321593284607e-02
0.000000000000000000e+00 3.911302611231803894e-02
0.000000000000000000e+00 2.921607345342636108e-02
0.000000000000000000e+00 2.386013790965080261e-02
0.000000000000000000e+00 1.318186987191438675e-02
0.000000000000000000e+00 1.158205606043338776e-02
0.000000000000000000e+00 8.614277467131614685e-03
0.000000000000000000e+00 6.559228990226984024e-03
0.000000000000000000e+00 4.040460102260112762e-03
0.000000000000000000e+00 3.861006116494536400e-03
0.000000000000000000e+00 3.277260111644864082e-03
0.000000000000000000e+00 2.621979452669620514e-03
0.000000000000000000e+00 8.736801100894808769e-05
0.000000000000000000e+00 5.744185546063818038e-05
0.000000000000000000e+00 5.509977927431464195e-05
0.000000000000000000e+00 3.496605131658725441e-05
0.000000000000000000e+00 3.004347126989159733e-05
0.000000000000000000e+00 2.990700340887997299e-05
0.000000000000000000e+00 2.105178464262280613e-05
0.000000000000000000e+00 2.078814395645167679e-05
0.000000000000000000e+00 2.274498729093465954e-05
0.000000000000000000e+00 1.682292531768325716e-05
0.000000000000000000e+00 1.571679058542940766e-05
0.000000000000000000e+00 1.703883026493713260e-05
0.000000000000000000e+00 1.685877396084833890e-05
0.000000000000000000e+00 1.837731724663171917e-05
0.000000000000000000e+00 1.918361340358387679e-05
0.000000000000000000e+00 1.821958176151383668e-05
0.000000000000000000e+00 1.751443051034584641e-05
0.000000000000000000e+00 1.618968053662683815e-05
0.000000000000000000e+00 1.711215918476227671e-05
0.000000000000000000e+00 1.662088106968440115e-05
0.000000000000000000e+00 1.844799407990649343e-05
0.000000000000000000e+00 1.753903416101820767e-05
0.000000000000000000e+00 1.793836781871505082e-05
0.000000000000000000e+00 1.614056600374169648e-05
0.000000000000000000e+00 1.798384437279310077e-05
0.000000000000000000e+00 1.627840720175299793e-05
0.000000000000000000e+00 1.395580875396262854e-05
0.000000000000000000e+00 1.565236743772402406e-05
0.000000000000000000e+00 1.854200127127114683e-05
0.000000000000000000e+00 1.874100234999787062e-05
0.000000000000000000e+00 1.969470213225577027e-05
0.000000000000000000e+00 1.826892548706382513e-05
0.000000000000000000e+00 1.918575435411185026e-05
0.000000000000000000e+00 2.021869295276701450e-05
0.000000000000000000e+00 2.362527811783365905e-05
0.000000000000000000e+00 1.951534795807674527e-05
0.000000000000000000e+00 2.441673495923168957e-05
0.000000000000000000e+00 2.005794885917566717e-05
0.000000000000000000e+00 2.797269189613871276e-05
0.000000000000000000e+00 2.599458821350708604e-05
0.000000000000000000e+00 3.050592204090207815e-05
0.000000000000000000e+00 2.779842725431080908e-05
0.000000000000000000e+00 2.984688580909278244e-05
0.000000000000000000e+00 3.598376861191354692e-05
0.000000000000000000e+00 3.802687569987028837e-05
0.000000000000000000e+00 1.457437872886657715e-03
0.000000000000000000e+00 1.162298023700714111e-03
0.000000000000000000e+00 1.241848338395357132e-03
0.000000000000000000e+00 1.003942801617085934e-03
0.000000000000000000e+00 9.311781032010912895e-04
0.000000000000000000e+00 7.952224696055054665e-04
0.000000000000000000e+00 6.507563521154224873e-04
0.000000000000000000e+00 5.951959756202995777e-04
0.000000000000000000e+00 6.208396516740322113e-04
0.000000000000000000e+00 6.683022365905344486e-04
0.000000000000000000e+00 6.305297138169407845e-04
0.000000000000000000e+00 7.205045549198985100e-04
0.000000000000000000e+00 6.791849154978990555e-04
0.000000000000000000e+00 6.822957075200974941e-04
0.000000000000000000e+00 6.878393469378352165e-04
0.000000000000000000e+00 7.173157064244151115e-04
0.000000000000000000e+00 7.765075424686074257e-04
0.000000000000000000e+00 8.907459559850394726e-04
0.000000000000000000e+00 8.987024775706231594e-04
0.000000000000000000e+00 1.126348040997982025e-03
0.000000000000000000e+00 1.232412061654031277e-03
0.000000000000000000e+00 1.374405110254883766e-03
0.000000000000000000e+00 1.267883693799376488e-03
0.000000000000000000e+00 1.431594137102365494e-03
0.000000000000000000e+00 1.483269617892801762e-03
0.000000000000000000e+00 1.393216894939541817e-03
0.000000000000000000e+00 1.648099278099834919e-03
0.000000000000000000e+00 1.755527569912374020e-03
0.000000000000000000e+00 1.943780807778239250e-03
0.000000000000000000e+00 2.006126567721366882e-03
0.000000000000000000e+00 1.822580117732286453e-03
0.000000000000000000e+00 2.219840651378035545e-03
0.000000000000000000e+00 1.948914257809519768e-03
0.000000000000000000e+00 2.349263289943337440e-03
0.000000000000000000e+00 2.269007731229066849e-03
0.000000000000000000e+00 2.420933451503515244e-03
0.000000000000000000e+00 2.904683351516723633e-03
0.000000000000000000e+00 2.850417746230959892e-03
0.000000000000000000e+00 3.470435040071606636e-03
0.000000000000000000e+00 3.343855263665318489e-03
0.000000000000000000e+00 3.810193156823515892e-03
0.000000000000000000e+00 3.516301978379487991e-03
0.000000000000000000e+00 4.134486429393291473e-03
0.000000000000000000e+00 3.703626571223139763e-03
0.000000000000000000e+00 4.283003043383359909e-03
0.000000000000000000e+00 2.411616742610931396e-01
0.000000000000000000e+00 1.893845051527023315e-01
0.000000000000000000e+00 1.258881837129592896e-01
0.000000000000000000e+00 8.448283374309539795e-02
0.000000000000000000e+00 5.919532105326652527e-02
0.000000000000000000e+00 3.936388343572616577e-02
0.000000000000000000e+00 2.586218714714050293e-02
0.000000000000000000e+00 1.585299894213676453e-02
0.000000000000000000e+00 1.043179724365472794e-02
0.000000000000000000e+00 6.205719895660877228e-03
0.000000000000000000e+00 3.430614247918128967e-03
0.000000000000000000e+00 2.148809144273400307e-03
0.000000000000000000e+00 1.478178775869309902e-03
0.000000000000000000e+00 9.109023376367986202e-04
0.000000000000000000e+00 5.699812318198382854e-04
0.000000000000000000e+00 3.447105118539184332e-04
0.000000000000000000e+00 1.915600296342745423e-04
0.000000000000000000e+00 1.201899940497241914e-04
0.000000000000000000e+00 9.252112067770212889e-05
0.000000000000000000e+00 7.261151040438562632e-05
0.000000000000000000e+00 5.430505552794784307e-05
0.000000000000000000e+00 5.779681305284611881e-05
0.000000000000000000e+00 5.371685983845964074e-05
0.000000000000000000e+00 4.444602382136508822e-05
0.000000000000000000e+00 3.747077789739705622e-05
0.000000000000000000e+00 3.717248910106718540e-05
0.000000000000000000e+00 3.177408507326617837e-05
0.000000000000000000e+00 3.616761750890873373e-05
0.000000000000000000e+00 3.320814721519127488e-05
0.000000000000000000e+00 3.339303293614648283e-05
0.000000000000000000e+00 3.426682451390661299e-05
0.000000000000000000e+00 3.527528679114766419e-05
0.000000000000000000e+00 3.768694296013563871e-05
0.000000000000000000e+00 3.645030301413498819e-05
0.000000000000000000e+00 3.873694367939606309e-05
0.000000000000000000e+00 4.492092193686403334e-05
0.000000000000000000e+00 5.200957093620672822e-05
0.000000000000000000e+00 5.481159678311087191e-05
0.000000000000000000e+00 5.486336885951459408e-05
0.000000000000000000e+00 6.623733497690409422e-05
0.000000000000000000e+00 6.358212704071775079e-05
0.000000000000000000e+00 7.686683966312557459e-05
0.000000000000000000e+00 8.029631135286763310e-05
0.000000000000000000e+00 7.951066072564572096e-05
0.000000000000000000e+00 9.690457955002784729e-05
0.000000000000000000e+00 5.238183657638728619e-04
0.000000000000000000e+00 4.998318036086857319e-04
0.000000000000000000e+00 3.870871732942759991e-04
0.000000000000000000e+00 2.934528456535190344e-04
0.000000000000000000e+00 2.684288483578711748e-04
0.000000000000000000e+00 2.896657970268279314e-04
0.000000000000000000e+00 2.496548986528068781e-04
0.000000000000000000e+00 2.401129895588383079e-04
0.000000000000000000e+00 2.252872072858735919e-04
0.000000000000000000e+00 2.507357567083090544e-04
0.000000000000000000e+00 2.362245431868359447e-04
0.000000000000000000e+00 2.352470328332856297e-04
0.000000000000000000e+00 2.613594697322696447e-04
0.000000000000000000e+00 2.260141918668523431e-04
0.000000000000000000e+00 2.686858933884650469e-04
0.000000000000000000e+00 2.607968926895409822e-04
0.000000000000000000e+00 2.521381538826972246e-04
0.000000000000000000e+00 2.729989646468311548e-04
0.000000000000000000e+00 2.816221676766872406e-04
0.000000000000000000e+00 3.043030155822634697e-04
0.000000000000000000e+00 2.768311533145606518e-04
0.000000000000000000e+00 2.998143609147518873e-04
0.000000000000000000e+00 2.517564571462571621e-04
0.000000000000000000e+00 2.737349714152514935e-04
0.000000000000000000e+00 2.774425956886261702e-04
0.000000000000000000e+00 2.908413298428058624e-04
0.000000000000000000e+00 3.123438218608498573e-04
0.000000000000000000e+00 3.085230418946594000e-04
0.000000000000000000e+00 2.943500585388392210e-04
0.000000000000000000e+00 3.101799520663917065e-04
0.000000000000000000e+00 2.615815901663154364e-04
0.000000000000000000e+00 2.983905433211475611e-04
0.000000000000000000e+00 2.947952016256749630e-04
0.000000000000000000e+00 3.231020818930119276e-04
0.000000000000000000e+00 2.996529219672083855e-04
0.000000000000000000e+00 3.032421518582850695e-04
0.000000000000000000e+00 3.231378213968127966e-04
0.000000000000000000e+00 3.011855296790599823e-04
0.000000000000000000e+00 3.434302925597876310e-04
0.000000000000000000e+00 3.055749402847141027e-04
0.000000000000000000e+00 3.264628758188337088e-04
0.000000000000000000e+00 3.158738836646080017e-04
0.000000000000000000e+00 3.115836298093199730e-04
0.000000000000000000e+00 3.014386165887117386e-04
0.000000000000000000e+00 3.068790829274803400e-04
0.000000000000000000e+00 9.820191189646720886e-04
0.000000000000000000e+00 7.718969136476516724e-04
0.000000000000000000e+00 6.817971589043736458e-04
0.000000000000000000e+00 4.816286091227084398e-04
0.000000000000000000e+00 4.547528806142508984e-04
0.000000000000000000e+00 3.434766258578747511e-04
0.000000000000000000e+00 3.346804005559533834e-04
0.000000000000000000e+00 3.277073556091636419e-04
0.000000000000000000e+00 3.184224478900432587e-04
0.000000000000000000e+00 3.390532801859080791e-04
0.000000000000000000e+00 3.327419399283826351e-04
0.000000000000000000e+00 2.913878415711224079e-04
0.000000000000000000e+00 2.631851239129900932e-04
0.000000000000000000e+00 3.307427978143095970e-04
0.000000000000000000e+00 3.857448464259505272e-04
0.000000000000000000e+00 3.640147624537348747e-04
0.000000000000000000e+00 3.650441067293286324e-04
0.000000000000000000e+00 4.679313860833644867e-04
0.000000000000000000e+00 4.560828092508018017e-04
0.000000000000000000e+00 5.031377077102661133e-04
0.000000000000000000e+00 5.215110140852630138e-04
0.000000000000000000e+00 4.720089200418442488e-04
0.000000000000000000e+00 5.152649246156215668e-04
0.000000000000000000e+00 4.975742776878178120e-04
0.000000000000000000e+00 4.720457945950329304e-04
0.000000000000000000e+00 6.260686204768717289e-04
0.000000000000000000e+00 5.641386378556489944e-04
0.000000000000000000e+00 5.823067040182650089e-04
0.000000000000000000e+00 5.702374037355184555e-04
0.000000000000000000e+00 6.093523115850985050e-04
0.000000000000000000e+00 6.551922415383160114e-04
0.000000000000000000e+00 6.123672355897724628e-04
0.000000000000000000e+00 8.274824358522891998e-04
0.000000000000000000e+00 9.457947453483939171e-04
0.000000000000000000e+00 8.087414898909628391e-04
0.000000000000000000e+00 8.554868400096893311e-04
0.000000000000000000e+00 8.551596547476947308e-04
0.000000000000000000e+00 9.990885155275464058e-04
0.000000000000000000e+00 8.650948293507099152e-04
0.000000000000000000e+00 7.798315491527318954e-04
0.000000000000000000e+00 7.143050315789878368e-04
0.000000000000000000e+00 6.915322737768292427e-04
0.000000000000000000e+00 9.211417636834084988e-04
0.000000000000000000e+00 8.984130690805613995e-04
0.000000000000000000e+00 1.206230605021119118e-03
0.000000000000000000e+00 9.381572604179382324e-01
0.000000000000000000e+00 9.380124807357788086e-01
0.000000000000000000e+00 9.418551921844482422e-01
0.000000000000000000e+00 9.408362507820129395e-01
0.000000000000000000e+00 9.438973069190979004e-01
0.000000000000000000e+00 9.400594234466552734e-01
0.000000000000000000e+00 9.440109729766845703e-01
0.000000000000000000e+00 9.437614083290100098e-01
0.000000000000000000e+00 9.406196475028991699e-01
0.000000000000000000e+00 9.450096487998962402e-01
0.000000000000000000e+00 9.437240958213806152e-01
0.000000000000000000e+00 9.423124790191650391e-01
0.000000000000000000e+00 9.450074434280395508e-01
0.000000000000000000e+00 9.413287639617919922e-01
0.000000000000000000e+00 9.446684718132019043e-01
0.000000000000000000e+00 9.439112544059753418e-01
0.000000000000000000e+00 9.444199204444885254e-01
0.000000000000000000e+00 9.478098154067993164e-01
0.000000000000000000e+00 9.433811902999877930e-01
0.000000000000000000e+00 9.443205595016479492e-01
0.000000000000000000e+00 9.446803927421569824e-01
0.000000000000000000e+00 9.418860673904418945e-01
0.000000000000000000e+00 9.497985839843750000e-01
0.000000000000000000e+00 9.481310844421386719e-01
0.000000000000000000e+00 9.455096721649169922e-01
0.000000000000000000e+00 9.482352733612060547e-01
0.000000000000000000e+00 9.450503587722778320e-01
0.000000000000000000e+00 9.499246478080749512e-01
1.000000000000000000e+00 9.462841153144836426e-01
1.000000000000000000e+00 9.477869272232055664e-01
1.000000000000000000e+00 9.468710422515869141e-01
1.000000000000000000e+00 9.489185810089111328e-01
0.000000000000000000e+00 9.477644562721252441e-01
0.000000000000000000e+00 9.473035931587219238e-01
0.000000000000000000e+00 9.476639032363891602e-01
0.000000000000000000e+00 9.455053806304931641e-01
0.000000000000000000e+00 9.446787834167480469e-01
0.000000000000000000e+00 9.436711668968200684e-01
0.000000000000000000e+00 9.447740316390991211e-01
0.000000000000000000e+00 9.436234831809997559e-01
0.000000000000000000e+00 9.390947818756103516e-01
0.000000000000000000e+00 9.416474699974060059e-01
0.000000000000000000e+00 9.388580918312072754e-01
0.000000000000000000e+00 9.360598325729370117e-01
0.000000000000000000e+00 9.397312998771667480e-01
1.000000000000000000e+00 7.545640468597412109e-01
1.000000000000000000e+00 7.440413832664489746e-01
1.000000000000000000e+00 7.233411669731140137e-01
1.000000000000000000e+00 7.092048525810241699e-01
1.000000000000000000e+00 6.907354593276977539e-01
0.000000000000000000e+00 6.534253358840942383e-01
0.000000000000000000e+00 6.088670492172241211e-01
0.000000000000000000e+00 5.648925900459289551e-01
0.000000000000000000e+00 5.434880852699279785e-01
0.000000000000000000e+00 4.946026206016540527e-01
0.000000000000000000e+00 4.635832905769348145e-01
0.000000000000000000e+00 4.392006993293762207e-01
0.000000000000000000e+00 4.045585095882415771e-01
0.000000000000000000e+00 3.925397098064422607e-01
0.000000000000000000e+00 3.368124663829803467e-01
0.000000000000000000e+00 3.408557176589965820e-01
1.000000000000000000e+00 3.111367523670196533e-01
1.000000000000000000e+00 2.764737010002136230e-01
0.000000000000000000e+00 2.744357287883758545e-01
0.000000000000000000e+00 2.296715974807739258e-01
0.000000000000000000e+00 1.986872553825378418e-01
0.000000000000000000e+00 1.698432713747024536e-01
0.000000000000000000e+00 1.791356652975082397e-01
0.000000000000000000e+00 1.547715216875076294e-01
0.000000000000000000e+00 1.475117504596710205e-01
1.000000000000000000e+00 1.411554217338562012e-01
1.000000000000000000e+00 1.182134076952934265e-01
1.000000000000000000e+00 1.129350513219833374e-01
1.000000000000000000e+00 9.956633299589157104e-02
0.000000000000000000e+00 8.382906019687652588e-02
0.000000000000000000e+00 7.421936094760894775e-02
0.000000000000000000e+00 7.342046499252319336e-02
0.000000000000000000e+00 6.239947304129600525e-02
0.000000000000000000e+00 5.658152326941490173e-02
0.000000000000000000e+00 5.217146500945091248e-02
0.000000000000000000e+00 4.725584387779235840e-02
0.000000000000000000e+00 4.386631026864051819e-02
0.000000000000000000e+00 4.298723116517066956e-02
0.000000000000000000e+00 3.403987735509872437e-02
0.000000000000000000e+00 3.241267055273056030e-02
0.000000000000000000e+00 3.139869123697280884e-02
0.000000000000000000e+00 3.009258396923542023e-02
0.000000000000000000e+00 2.808685787022113800e-02
0.000000000000000000e+00 2.406697161495685577e-02
0.000000000000000000e+00 2.241633646190166473e-02
