1.000000000000000000e+00 5.606553554534912109e-01
1.000000000000000000e+00 6.033477187156677246e-01
1.000000000000000000e+00 5.699908733367919922e-01
1.000000000000000000e+00 6.092028021812438965e-01
0.000000000000000000e+00 5.105556249618530273e-01
0.000000000000000000e+00 5.744372606277465820e-01
0.000000000000000000e+00 5.943605899810791016e-01
0.000000000000000000e+00 5.744938254356384277e-01
0.000000000000000000e+00 5.693464875221252441e-01
1.000000000000000000e+00 5.709556937217712402e-01
1.000000000000000000e+00 5.568519830703735352e-01
1.000000000000000000e+00 5.366146564483642578e-01
1.000000000000000000e+00 5.107470154762268066e-01
0.000000000000000000e+00 5.425053834915161133e-01
0.000000000000000000e+00 5.174426436424255371e-01
0.000000000000000000e+00 5.354692339897155762e-01
0.000000000000000000e+00 5.514182448387145996e-01
0.000000000000000000e+00 4.808278977870941162e-01
0.000000000000000000e+00 5.474007129669189453e-01
0.000000000000000000e+00 5.466344356536865234e-01
0.000000000000000000e+00 5.049132704734802246e-01
0.000000000000000000e+00 5.082185268402099609e-01
0.000000000000000000e+00 4.896299242973327637e-01
1.000000000000000000e+00 4.910087883472442627e-01
1.000000000000000000e+00 4.996970295906066895e-01
1.000000000000000000e+00 5.077244639396667480e-01
1.000000000000000000e+00 4.800780415534973145e-01
1.000000000000000000e+00 4.862238466739654541e-01
1.000000000000000000e+00 4.737607538700103760e-01
1.000000000000000000e+00 4.095853865146636963e-01
1.000000000000000000e+00 3.798581361770629883e-01
1.000000000000000000e+00 3.337666988372802734e-01
1.000000000000000000e+00 2.856965065002441406e-01
0.000000000000000000e+00 2.387928068637847900e-01
0.000000000000000000e+00 2.222039997577667236e-01
0.000000000000000000e+00 1.763210743665695190e-01
0.000000000000000000e+00 1.218898668885231018e-01
0.000000000000000000e+00 1.153607442975044250e-01
0.000000000000000000e+00 7.054658979177474976e-02
0.000000000000000000e+00 7.379861176013946533e-02
0.000000000000000000e+00 4.856020212173461914e-02
0.000000000000000000e+00 3.778966516256332397e-02
0.000000000000000000e+00 3.057907335460186005e-02
0.000000000000000000e+00 2.474664896726608276e-02
0.000000000000000000e+00 1.649213396012783051e-02
0.000000000000000000e+00 2.427934668958187103e-03
0.000000000000000000e+00 2.104475162923336029e-03
0.000000000000000000e+00 1.975716790184378624e-03
0.000000000000000000e+00 1.484064385294914246e-03
0.000000000000000000e+00 1.383526483550667763e-03
0.000000000000000000e+00 1.255787094123661518e-03
0.000000000000000000e+00 1.380391418933868408e-03
0.000000000000000000e+00 1.075175590813159943e-03
0.000000000000000000e+00 1.014737179502844810e-03
0.000000000000000000e+00 9.915172122418880463e-04
0.000000000000000000e+00 9.249318391084671021e-04
0.000000000000000000e+00 1.027073827572166920e-03
0.000000000000000000e+00 1.092501683160662651e-03
0.000000000000000000e+00 1.067981706000864506e-03
0.000000000000000000e+00 8.131837239488959312e-04
0.000000000000000000e+00 1.065401593223214149e-03
0.000000000000000000e+00 9.227843838743865490e-04
0.000000000000000000e+00 1.042970106936991215e-03
0.000000000000000000e+00 8.661852916702628136e-04
0.000000000000000000e+00 9.340334217995405197e-04
0.000000000000000000e+00 9.562733466736972332e-04
0.000000000000000000e+00 9.419646230526268482e-04
0.000000000000000000e+00 9.629470878280699253e-04
0.000000000000000000e+00 9.814584627747535706e-04
0.000000000000000000e+00 9.728488512337207794e-04
0.000000000000000000e+00 9.485784103162586689e-04
0.000000000000000000e+00 8.529912447556853294e-04
0.000000000000000000e+00 1.026447745971381664e-03
0.000000000000000000e+00 9.049471700564026833e-04
0.000000000000000000e+00 8.878916269168257713e-04
0.000000000000000000e+00 8.822043891996145248e-04
0.000000000000000000e+00 9.975282009690999985e-04
0.000000000000000000e+00 9.386828751303255558e-04
0.000000000000000000e+00 1.037325710058212280e-03
0.000000000000000000e+00 9.576000156812369823e-04
0.000000000000000000e+00 9.291755268350243568e-04
0.000000000000000000e+00 8.782456861808896065e-04
0.000000000000000000e+00 9.078108705580234528e-04
0.000000000000000000e+00 9.951607789844274521e-04
0.000000000000000000e+00 9.702736278995871544e-04
0.000000000000000000e+00 9.129780810326337814e-04
0.000000000000000000e+00 1.045880489982664585e-03
0.000000000000000000e+00 9.749931632541120052e-04
0.000000000000000000e+00 1.141027431003749371e-03
0.000000000000000000e+00 1.271144836209714413e-03
0.000000000000000000e+00 1.897259056568145752e-02
0.000000000000000000e+00 1.387714315205812454e-02
0.000000000000000000e+00 1.241309475153684616e-02
0.000000000000000000e+00 1.075238827615976334e-02
0.000000000000000000e+00 9.193915873765945435e-03
0.000000000000000000e+00 7.112132851034402847e-03
0.000000000000000000e+00 5.763516295701265335e-03
0.000000000000000000e+00 5.915181245654821396e-03
0.000000000000000000e+00 4.843425936996936798e-03
0.000000000000000000e+00 4.850182682275772095e-03
0.000000000000000000e+00 5.391492974013090134e-03
0.000000000000000000e+00 5.082874558866024017e-03
0.000000000000000000e+00 4.804761148989200592e-03
0.000000000000000000e+00 5.015675909817218781e-03
0.000000000000000000e+00 5.227115470916032791e-03
0.000000000000000000e+00 5.571235436946153641e-03
0.000000000000000000e+00 5.834990646690130234e-03
0.000000000000000000e+00 5.555830895900726318e-03
0.000000000000000000e+00 6.372250616550445557e-03
0.000000000000000000e+00 7.324272301048040390e-03
0.000000000000000000e+00 8.043609559535980225e-03
0.000000000000000000e+00 7.928278297185897827e-03
0.000000000000000000e+00 8.303184993565082550e-03
0.000000000000000000e+00 8.560070767998695374e-03
0.000000000000000000e+00 9.158746339380741119e-03
0.000000000000000000e+00 9.360659867525100708e-03
0.000000000000000000e+00 9.913801215589046478e-03
0.000000000000000000e+00 1.088791899383068085e-02
0.000000000000000000e+00 1.148994266986846924e-02
0.000000000000000000e+00 1.221036352217197418e-02
0.000000000000000000e+00 1.180402841418981552e-02
0.000000000000000000e+00 1.199287269264459610e-02
0.000000000000000000e+00 1.024786662310361862e-02
0.000000000000000000e+00 1.249642949551343918e-02
0.000000000000000000e+00 1.284121256321668625e-02
0.000000000000000000e+00 1.233100611716508865e-02
0.000000000000000000e+00 1.418555621057748795e-02
0.000000000000000000e+00 1.575734466314315796e-02
0.000000000000000000e+00 1.509536150842905045e-02
0.000000000000000000e+00 1.571982912719249725e-02
0.000000000000000000e+00 1.560446526855230331e-02
0.000000000000000000e+00 1.727591268718242645e-02
0.000000000000000000e+00 1.776757836341857910e-02
0.000000000000000000e+00 2.019363828003406525e-02
0.000000000000000000e+00 1.821353100240230560e-02
0.000000000000000000e+00 4.640906751155853271e-01
0.000000000000000000e+00 3.839693665504455566e-01
0.000000000000000000e+00 3.457257449626922607e-01
0.000000000000000000e+00 2.823313474655151367e-01
0.000000000000000000e+00 2.213362306356430054e-01
0.000000000000000000e+00 1.876911222934722900e-01
0.000000000000000000e+00 1.344247758388519287e-01
0.000000000000000000e+00 1.129573434591293335e-01
0.000000000000000000e+00 6.702480465173721313e-02
0.000000000000000000e+00 5.511208623647689819e-02
0.000000000000000000e+00 3.844664618372917175e-02
0.000000000000000000e+00 2.873125113546848297e-02
0.000000000000000000e+00 2.160310931503772736e-02
0.000000000000000000e+00 1.754747889935970306e-02
0.000000000000000000e+00 1.202447991818189621e-02
0.000000000000000000e+00 9.031155146658420563e-03
0.000000000000000000e+00 4.736105911433696747e-03
0.000000000000000000e+00 4.219380673021078110e-03
0.000000000000000000e+00 3.018570598214864731e-03
0.000000000000000000e+00 2.582877408713102341e-03
0.000000000000000000e+00 2.284232759848237038e-03
0.000000000000000000e+00 2.026937669143080711e-03
0.000000000000000000e+00 1.918726949952542782e-03
0.000000000000000000e+00 1.651577767916023731e-03
0.000000000000000000e+00 1.749432063661515713e-03
0.000000000000000000e+00 1.420659944415092468e-03
0.000000000000000000e+00 1.365003874525427818e-03
0.000000000000000000e+00 1.582366181537508965e-03
0.000000000000000000e+00 1.475239056162536144e-03
0.000000000000000000e+00 1.429562224075198174e-03
0.000000000000000000e+00 1.473927521146833897e-03
0.000000000000000000e+00 1.442113891243934631e-03
0.000000000000000000e+00 1.403703587129712105e-03
0.000000000000000000e+00 1.592104905284941196e-03
0.000000000000000000e+00 1.320191542617976665e-03
0.000000000000000000e+00 1.327694160863757133e-03
0.000000000000000000e+00 1.410136930644512177e-03
0.000000000000000000e+00 1.528637367300689220e-03
0.000000000000000000e+00 1.465863548219203949e-03
0.000000000000000000e+00 1.685762545093894005e-03
0.000000000000000000e+00 1.600039424374699593e-03
0.000000000000000000e+00 1.665179384872317314e-03
0.000000000000000000e+00 1.631447114050388336e-03
0.000000000000000000e+00 1.883872551843523979e-03
0.000000000000000000e+00 1.788117107935249805e-03
0.000000000000000000e+00 8.111504837870597839e-03
0.000000000000000000e+00 6.490135565400123596e-03
0.000000000000000000e+00 5.410170182585716248e-03
0.000000000000000000e+00 4.986299201846122742e-03
0.000000000000000000e+00 3.613507840782403946e-03
0.000000000000000000e+00 3.169898642227053642e-03
0.000000000000000000e+00 2.700775396078824997e-03
0.000000000000000000e+00 2.515143016353249550e-03
0.000000000000000000e+00 2.810409758239984512e-03
0.000000000000000000e+00 2.596470061689615250e-03
0.000000000000000000e+00 2.494257641956210136e-03
0.000000000000000000e+00 2.853022422641515732e-03
0.000000000000000000e+00 2.389896428212523460e-03
0.000000000000000000e+00 2.059216843917965889e-03
0.000000000000000000e+00 2.632135758176445961e-03
0.000000000000000000e+00 2.726027276366949081e-03
0.000000000000000000e+00 2.345128450542688370e-03
0.000000000000000000e+00 2.797034103423357010e-03
0.000000000000000000e+00 2.931118244305253029e-03
0.000000000000000000e+00 2.996323630213737488e-03
0.000000000000000000e+00 3.260200377553701401e-03
0.000000000000000000e+00 3.075108164921402931e-03
0.000000000000000000e+00 2.863921457901597023e-03
0.000000000000000000e+00 3.038827562704682350e-03
0.000000000000000000e+00 3.146040486171841621e-03
0.000000000000000000e+00 2.965535968542098999e-03
0.000000000000000000e+00 3.824254730716347694e-03
0.000000000000000000e+00 3.602668177336454391e-03
0.000000000000000000e+00 4.033586941659450531e-03
0.000000000000000000e+00 3.278961405158042908e-03
0.000000000000000000e+00 3.988637588918209076e-03
0.000000000000000000e+00 3.116753185167908669e-03
0.000000000000000000e+00 3.814577125012874603e-03
0.000000000000000000e+00 3.281193785369396210e-03
0.000000000000000000e+00 3.793974407017230988e-03
0.000000000000000000e+00 3.639726899564266205e-03
0.000000000000000000e+00 3.758799517527222633e-03
0.000000000000000000e+00 4.302689805626869202e-03
0.000000000000000000e+00 3.780291415750980377e-03
0.000000000000000000e+00 3.446766873821616173e-03
0.000000000000000000e+00 3.403482493013143539e-03
0.000000000000000000e+00 3.864572849124670029e-03
0.000000000000000000e+00 3.209834918379783630e-03
0.000000000000000000e+00 3.429307369515299797e-03
0.000000000000000000e+00 2.712599467486143112e-03
0.000000000000000000e+00 3.736470825970172882e-03
0.000000000000000000e+00 3.722175490111112595e-03
0.000000000000000000e+00 2.453477354720234871e-03
0.000000000000000000e+00 2.069441834464669228e-03
0.000000000000000000e+00 1.672845683060586452e-03
0.000000000000000000e+00 1.224481035023927689e-03
0.000000000000000000e+00 1.261487370356917381e-03
0.000000000000000000e+00 1.216504955664277077e-03
0.000000000000000000e+00 1.147229457274079323e-03
0.000000000000000000e+00 1.099664019420742989e-03
0.000000000000000000e+00 1.109565957449376583e-03
0.000000000000000000e+00 1.112479134462773800e-03
0.000000000000000000e+00 1.044515287503600121e-03
0.000000000000000000e+00 1.038731075823307037e-03
0.000000000000000000e+00 9.747847216203808784e-04
0.000000000000000000e+00 1.108144177123904228e-03
0.000000000000000000e+00 1.274197595193982124e-03
0.000000000000000000e+00 1.404597423970699310e-03
0.000000000000000000e+00 1.446006936021149158e-03
0.000000000000000000e+00 1.572261564433574677e-03
0.000000000000000000e+00 1.481503015384078026e-03
0.000000000000000000e+00 1.539358869194984436e-03
0.000000000000000000e+00 1.558415126055479050e-03
0.000000000000000000e+00 1.607984071597456932e-03
0.000000000000000000e+00 1.661711838096380234e-03
0.000000000000000000e+00 1.822556834667921066e-03
0.000000000000000000e+00 2.002006629481911659e-03
0.000000000000000000e+00 2.079814206808805466e-03
0.000000000000000000e+00 2.186389639973640442e-03
0.000000000000000000e+00 2.322749234735965729e-03
0.000000000000000000e+00 2.512139733880758286e-03
0.000000000000000000e+00 2.638400997966527939e-03
0.000000000000000000e+00 2.928548492491245270e-03
0.000000000000000000e+00 3.118647262454032898e-03
0.000000000000000000e+00 3.211478237062692642e-03
0.000000000000000000e+00 2.891571028158068657e-03
0.000000000000000000e+00 2.971583278849720955e-03
0.000000000000000000e+00 3.737699473276734352e-03
0.000000000000000000e+00 3.416001331061124802e-03
0.000000000000000000e+00 3.448374103754758835e-03
0.000000000000000000e+00 3.594600129872560501e-03
0.000000000000000000e+00 3.597018774598836899e-03
0.000000000000000000e+00 3.864877857267856598e-03
0.000000000000000000e+00 3.755806013941764832e-03
0.000000000000000000e+00 4.208727739751338959e-03
0.000000000000000000e+00 9.056988358497619629e-01
0.000000000000000000e+00 9.015737175941467285e-01
0.000000000000000000e+00 9.057151675224304199e-01
0.000000000000000000e+00 9.031724333763122559e-01
0.000000000000000000e+00 9.031512737274169922e-01
0.000000000000000000e+00 9.031814932823181152e-01
0.000000000000000000e+00 8.996414542198181152e-01
0.000000000000000000e+00 8.984764218330383301e-01
0.000000000000000000e+00 8.994461297988891602e-01
0.000000000000000000e+00 8.999582529067993164e-01
0.000000000000000000e+00 8.989157676696777344e-01
0.000000000000000000e+00 9.016599059104919434e-01
0.000000000000000000e+00 9.000957608222961426e-01
0.000000000000000000e+00 9.003525376319885254e-01
0.000000000000000000e+00 9.003179669380187988e-01
0.000000000000000000e+00 9.016228318214416504e-01
0.000000000000000000e+00 8.993849158287048340e-01
0.000000000000000000e+00 9.007936716079711914e-01
0.000000000000000000e+00 9.000561833381652832e-01
0.000000000000000000e+00 9.025806188583374023e-01
0.000000000000000000e+00 9.018083810806274414e-01
0.000000000000000000e+00 9.042971134185791016e-01
0.000000000000000000e+00 9.018825292587280273e-01
0.000000000000000000e+00 9.024752974510192871e-01
0.000000000000000000e+00 9.042146205902099609e-01
0.000000000000000000e+00 9.021728634834289551e-01
0.000000000000000000e+00 9.035137891769409180e-01
0.000000000000000000e+00 9.028207659721374512e-01
1.000000000000000000e+00 9.024705290794372559e-01
1.000000000000000000e+00 9.026334881782531738e-01
1.000000000000000000e+00 9.016427993774414062e-01
1.000000000000000000e+00 8.993093967437744141e-01
0.000000000000000000e+00 9.007262587547302246e-01
0.000000000000000000e+00 9.004399180412292480e-01
0.000000000000000000e+00 8.974359035491943359e-01
0.000000000000000000e+00 8.949288129806518555e-01
0.000000000000000000e+00 8.929498195648193359e-01
0.000000000000000000e+00 8.906630873680114746e-01
0.000000000000000000e+00 8.871178030967712402e-01
0.000000000000000000e+00 8.858830928802490234e-01
0.000000000000000000e+00 8.795533180236816406e-01
0.000000000000000000e+00 8.751724958419799805e-01
0.000000000000000000e+00 8.779648542404174805e-01
0.000000000000000000e+00 8.622447252273559570e-01
0.000000000000000000e+00 8.739379644393920898e-01
1.000000000000000000e+00 4.836831688880920410e-01
1.000000000000000000e+00 4.240559935569763184e-01
1.000000000000000000e+00 4.134003221988677979e-01
1.000000000000000000e+00 3.830733597278594971e-01
1.000000000000000000e+00 3.476497232913970947e-01
0.000000000000000000e+00 3.380757570266723633e-01
0.000000000000000000e+00 2.742477357387542725e-01
0.000000000000000000e+00 2.471885979175567627e-01
0.000000000000000000e+00 2.613793611526489258e-01
0.000000000000000000e+00 2.013606131076812744e-01
0.000000000000000000e+00 1.655590832233428955e-01
0.000000000000000000e+00 1.523799151182174683e-01
0.000000000000000000e+00 1.159194931387901306e-01
0.000000000000000000e+00 1.040356010198593140e-01
0.000000000000000000e+00 7.845360040664672852e-02
0.000000000000000000e+00 7.616335898637771606e-02
1.000000000000000000e+00 6.016567349433898926e-02
1.000000000000000000e+00 6.117837876081466675e-02
0.000000000000000000e+00 5.980644002556800842e-02
0.000000000000000000e+00 4.055323079228401184e-02
0.000000000000000000e+00 3.672311827540397644e-02
0.000000000000000000e+00 3.011898882687091827e-02
0.000000000000000000e+00 2.161113359034061432e-02
0.000000000000000000e+00 1.802117377519607544e-02
0.000000000000000000e+00 1.478849817067384720e-02
1.000000000000000000e+00 1.248517818748950958e-02
1.000000000000000000e+00 1.112272124737501144e-02
1.000000000000000000e+00 8.903806097805500031e-03
1.000000000000000000e+00 7.522138301283121109e-03
0.000000000000000000e+00 6.752226036041975021e-03
0.000000000000000000e+00 6.206775549799203873e-03
0.000000000000000000e+00 5.079788621515035629e-03
0.000000000000000000e+00 4.849120043218135834e-03
0.000000000000000000e+00 4.554173909127712250e-03
0.000000000000000000e+00 4.617935046553611755e-03
0.000000000000000000e+00 3.889727173373103142e-03
0.000000000000000000e+00 3.709067357704043388e-03
0.000000000000000000e+00 4.030295182019472122e-03
0.000000000000000000e+00 3.330444451421499252e-03
0.000000000000000000e+00 2.992059104144573212e-03
0.000000000000000000e+00 2.812182297930121422e-03
0.000000000000000000e+00 2.614032244309782982e-03
0.000000000000000000e+00 2.980661345645785332e-03
0.000000000000000000e+00 2.749922452494502068e-03
0.000000000000000000e+00 3.064920194447040558e-03
