0.000000000000000000e+00 9.715331792831420898e-01
0.000000000000000000e+00 9.695063233375549316e-01
0.000000000000000000e+00 9.702520370483398438e-01
0.000000000000000000e+00 9.580736160278320312e-01
0.000000000000000000e+00 9.552087783813476562e-01
0.000000000000000000e+00 9.477022290229797363e-01
0.000000000000000000e+00 9.491118192672729492e-01
0.000000000000000000e+00 9.498862624168395996e-01
0.000000000000000000e+00 9.457188248634338379e-01
0.000000000000000000e+00 9.608949422836303711e-01
0.000000000000000000e+00 9.618816971778869629e-01
0.000000000000000000e+00 9.614840745925903320e-01
0.000000000000000000e+00 9.634512066841125488e-01
0.000000000000000000e+00 9.705231189727783203e-01
0.000000000000000000e+00 9.652373790740966797e-01
0.000000000000000000e+00 9.562509059906005859e-01
0.000000000000000000e+00 9.686979055404663086e-01
0.000000000000000000e+00 9.732905030250549316e-01
0.000000000000000000e+00 9.727783203125000000e-01
0.000000000000000000e+00 9.745015501976013184e-01
0.000000000000000000e+00 9.824621677398681641e-01
0.000000000000000000e+00 9.832072257995605469e-01
0.000000000000000000e+00 9.829262495040893555e-01
1.000000000000000000e+00 9.831697940826416016e-01
1.000000000000000000e+00 9.846010804176330566e-01
1.000000000000000000e+00 9.842079281806945801e-01
1.000000000000000000e+00 9.808911681175231934e-01
1.000000000000000000e+00 9.666306376457214355e-01
1.000000000000000000e+00 9.462745189666748047e-01
1.000000000000000000e+00 9.168361425399780273e-01
1.000000000000000000e+00 8.596640825271606445e-01
0.000000000000000000e+00 8.043500781059265137e-01
0.000000000000000000e+00 5.803837180137634277e-01
0.000000000000000000e+00 4.525994062423706055e-01
0.000000000000000000e+00 3.795436322689056396e-01
0.000000000000000000e+00 3.101896941661834717e-01
0.000000000000000000e+00 2.370213717222213745e-01
0.000000000000000000e+00 2.320172339677810669e-01
0.000000000000000000e+00 1.595535874366760254e-01
0.000000000000000000e+00 1.105860769748687744e-01
0.000000000000000000e+00 1.048713773488998413e-01
0.000000000000000000e+00 7.390150427818298340e-02
0.000000000000000000e+00 6.648270785808563232e-02
0.000000000000000000e+00 3.162208944559097290e-02
0.000000000000000000e+00 2.016464620828628540e-02
0.000000000000000000e+00 7.612422574311494827e-03
0.000000000000000000e+00 6.105444859713315964e-03
0.000000000000000000e+00 4.204453434795141220e-03
0.000000000000000000e+00 3.750936826691031456e-03
0.000000000000000000e+00 3.299730131402611732e-03
0.000000000000000000e+00 3.585068974643945694e-03
0.000000000000000000e+00 3.920394927263259888e-03
0.000000000000000000e+00 5.008454434573650360e-03
0.000000000000000000e+00 6.296987645328044891e-03
0.000000000000000000e+00 7.284938823431730270e-03
0.000000000000000000e+00 9.448840282857418060e-03
0.000000000000000000e+00 1.882590912282466888e-02
0.000000000000000000e+00 3.191178664565086365e-02
0.000000000000000000e+00 6.814190745353698730e-02
0.000000000000000000e+00 1.008701696991920471e-01
0.000000000000000000e+00 1.368643194437026978e-01
0.000000000000000000e+00 1.595407575368881226e-01
0.000000000000000000e+00 2.279616147279739380e-01
0.000000000000000000e+00 2.816485464572906494e-01
0.000000000000000000e+00 2.778053879737854004e-01
0.000000000000000000e+00 3.262165486812591553e-01
0.000000000000000000e+00 4.535718262195587158e-01
0.000000000000000000e+00 4.723855853080749512e-01
0.000000000000000000e+00 5.209659337997436523e-01
0.000000000000000000e+00 5.720515847206115723e-01
0.000000000000000000e+00 6.359122991561889648e-01
0.000000000000000000e+00 5.459278225898742676e-01
0.000000000000000000e+00 4.630720615386962891e-01
0.000000000000000000e+00 2.953854501247406006e-01
0.000000000000000000e+00 2.366239279508590698e-01
0.000000000000000000e+00 9.236630201339721680e-01
0.000000000000000000e+00 9.208880662918090820e-01
0.000000000000000000e+00 9.241940379142761230e-01
0.000000000000000000e+00 9.200483560562133789e-01
0.000000000000000000e+00 9.071744084358215332e-01
0.000000000000000000e+00 9.169707298278808594e-01
0.000000000000000000e+00 8.820800781250000000e-01
0.000000000000000000e+00 9.042310118675231934e-01
0.000000000000000000e+00 9.219227433204650879e-01
0.000000000000000000e+00 9.012883305549621582e-01
0.000000000000000000e+00 8.982543945312500000e-01
0.000000000000000000e+00 8.942675590515136719e-01
0.000000000000000000e+00 8.500456213951110840e-01
0.000000000000000000e+00 8.436089754104614258e-01
0.000000000000000000e+00 7.608259320259094238e-01
1.000000000000000000e+00 7.934142947196960449e-01
1.000000000000000000e+00 7.443498373031616211e-01
1.000000000000000000e+00 7.049612998962402344e-01
1.000000000000000000e+00 6.894696950912475586e-01
0.000000000000000000e+00 6.264927983283996582e-01
0.000000000000000000e+00 5.147834420204162598e-01
0.000000000000000000e+00 4.893368780612945557e-01
0.000000000000000000e+00 3.573351800441741943e-01
0.000000000000000000e+00 2.951014041900634766e-01
0.000000000000000000e+00 1.727850288152694702e-01
0.000000000000000000e+00 1.021668910980224609e-01
0.000000000000000000e+00 9.779155999422073364e-02
0.000000000000000000e+00 6.434884667396545410e-02
0.000000000000000000e+00 6.099796667695045471e-02
0.000000000000000000e+00 4.393731430172920227e-02
0.000000000000000000e+00 2.880109474062919617e-02
0.000000000000000000e+00 2.590819634497165680e-02
1.000000000000000000e+00 1.443523634225130081e-02
1.000000000000000000e+00 1.217930577695369720e-02
0.000000000000000000e+00 8.673984557390213013e-03
0.000000000000000000e+00 7.026578765362501144e-03
0.000000000000000000e+00 7.764344569295644760e-03
0.000000000000000000e+00 1.001224294304847717e-02
0.000000000000000000e+00 1.106635015457868576e-02
0.000000000000000000e+00 1.041203737258911133e-02
0.000000000000000000e+00 1.241306588053703308e-02
0.000000000000000000e+00 1.338673196732997894e-02
0.000000000000000000e+00 1.729233004152774811e-02
0.000000000000000000e+00 2.147020585834980011e-02
0.000000000000000000e+00 2.404384501278400421e-02
0.000000000000000000e+00 2.863249182701110840e-02
0.000000000000000000e+00 3.129609674215316772e-02
0.000000000000000000e+00 3.664098307490348816e-02
0.000000000000000000e+00 4.160915315151214600e-02
0.000000000000000000e+00 5.460008606314659119e-02
0.000000000000000000e+00 8.086331933736801147e-02
0.000000000000000000e+00 1.266065537929534912e-01
0.000000000000000000e+00 1.271041333675384521e-01
0.000000000000000000e+00 1.648524999618530273e-01
0.000000000000000000e+00 1.656233668327331543e-01
0.000000000000000000e+00 1.762048900127410889e-01
0.000000000000000000e+00 1.995467394590377808e-01
0.000000000000000000e+00 2.085022628307342529e-01
0.000000000000000000e+00 1.961773335933685303e-01
0.000000000000000000e+00 1.964326053857803345e-01
0.000000000000000000e+00 1.987944990396499634e-01
0.000000000000000000e+00 2.082548588514328003e-01
0.000000000000000000e+00 1.764836758375167847e-01
0.000000000000000000e+00 1.839638501405715942e-01
0.000000000000000000e+00 1.773872077465057373e-01
0.000000000000000000e+00 2.088484317064285278e-01
0.000000000000000000e+00 2.653194665908813477e-01
0.000000000000000000e+00 2.608654201030731201e-01
0.000000000000000000e+00 2.913415729999542236e-01
0.000000000000000000e+00 3.028583824634552002e-01
0.000000000000000000e+00 3.993888795375823975e-01
0.000000000000000000e+00 3.871305882930755615e-01
0.000000000000000000e+00 4.738162159919738770e-01
0.000000000000000000e+00 4.709466397762298584e-01
0.000000000000000000e+00 4.493511617183685303e-01
1.000000000000000000e+00 3.717833757400512695e-01
1.000000000000000000e+00 4.577059745788574219e-01
1.000000000000000000e+00 4.483640491962432861e-01
1.000000000000000000e+00 3.035406172275543213e-01
1.000000000000000000e+00 1.819385290145874023e-01
0.000000000000000000e+00 5.553982034325599670e-02
0.000000000000000000e+00 2.486715465784072876e-02
0.000000000000000000e+00 9.348014369606971741e-03
0.000000000000000000e+00 5.616509355604648590e-03
0.000000000000000000e+00 2.952069742605090141e-03
0.000000000000000000e+00 2.074019983410835266e-03
0.000000000000000000e+00 1.657148124650120735e-03
0.000000000000000000e+00 6.166955572552978992e-04
0.000000000000000000e+00 5.138927954249083996e-04
0.000000000000000000e+00 2.864479611162096262e-04
0.000000000000000000e+00 1.758287107804790139e-04
0.000000000000000000e+00 1.677181280683726072e-04
0.000000000000000000e+00 9.295887866755947471e-05
0.000000000000000000e+00 8.077692473307251930e-05
0.000000000000000000e+00 5.836669515701942146e-05
0.000000000000000000e+00 3.989346441812813282e-05
0.000000000000000000e+00 5.256192162050865591e-05
0.000000000000000000e+00 3.132582060061395168e-05
0.000000000000000000e+00 2.417510040686465800e-05
0.000000000000000000e+00 1.950440855580382049e-05
0.000000000000000000e+00 1.155473819380858913e-05
1.000000000000000000e+00 1.321872605331009254e-05
1.000000000000000000e+00 9.408686310052871704e-06
0.000000000000000000e+00 1.069191057467833161e-05
0.000000000000000000e+00 1.213012819789582863e-05
0.000000000000000000e+00 1.976143539650365710e-05
0.000000000000000000e+00 2.055819095403421670e-05
0.000000000000000000e+00 2.811936610669363290e-05
0.000000000000000000e+00 5.234747732174582779e-05
0.000000000000000000e+00 5.066104131401516497e-05
0.000000000000000000e+00 6.751224282197654247e-05
0.000000000000000000e+00 5.456158760352991521e-05
0.000000000000000000e+00 7.545968401245772839e-05
0.000000000000000000e+00 7.973837637109681964e-05
0.000000000000000000e+00 8.757186151342466474e-05
0.000000000000000000e+00 9.684693941380828619e-05
0.000000000000000000e+00 1.425378286512568593e-04
0.000000000000000000e+00 1.099289656849578023e-04
0.000000000000000000e+00 9.033326205099001527e-05
0.000000000000000000e+00 7.150719466153532267e-05
0.000000000000000000e+00 5.347500700736418366e-05
0.000000000000000000e+00 8.158574200933799148e-05
0.000000000000000000e+00 7.362264295807108283e-05
0.000000000000000000e+00 9.418001718586310744e-05
0.000000000000000000e+00 6.154122820589691401e-05
0.000000000000000000e+00 6.123342609498649836e-05
0.000000000000000000e+00 4.763774632010608912e-05
0.000000000000000000e+00 5.131208672537468374e-05
0.000000000000000000e+00 7.877167809056118131e-05
0.000000000000000000e+00 6.482335447799414396e-05
0.000000000000000000e+00 5.694961146218702197e-05
0.000000000000000000e+00 3.721331449924036860e-05
0.000000000000000000e+00 5.658053123624995351e-05
0.000000000000000000e+00 3.647777339210733771e-05
0.000000000000000000e+00 6.320037937257438898e-05
0.000000000000000000e+00 4.832213744521141052e-05
0.000000000000000000e+00 3.949836900574155152e-05
0.000000000000000000e+00 5.528330802917480469e-05
0.000000000000000000e+00 6.541365291923284531e-05
0.000000000000000000e+00 6.540916365338489413e-05
0.000000000000000000e+00 6.785082223359495401e-05
0.000000000000000000e+00 1.023861259454861283e-04
0.000000000000000000e+00 1.639851834625005722e-04
0.000000000000000000e+00 1.788049848983064294e-04
0.000000000000000000e+00 2.015249920077621937e-04
0.000000000000000000e+00 1.994020421989262104e-04
0.000000000000000000e+00 2.190298400819301605e-04
0.000000000000000000e+00 2.236640284536406398e-04
0.000000000000000000e+00 1.865433441707864404e-04
0.000000000000000000e+00 2.250583638669922948e-04
1.000000000000000000e+00 6.972113251686096191e-01
0.000000000000000000e+00 7.939990758895874023e-01
0.000000000000000000e+00 7.657544016838073730e-01
0.000000000000000000e+00 7.681736350059509277e-01
0.000000000000000000e+00 6.750360727310180664e-01
0.000000000000000000e+00 6.543589234352111816e-01
0.000000000000000000e+00 5.918765068054199219e-01
0.000000000000000000e+00 5.360949635505676270e-01
0.000000000000000000e+00 5.966795682907104492e-01
0.000000000000000000e+00 5.586156845092773438e-01
0.000000000000000000e+00 5.566008687019348145e-01
0.000000000000000000e+00 3.545752167701721191e-01
0.000000000000000000e+00 3.149760365486145020e-01
0.000000000000000000e+00 2.976457774639129639e-01
0.000000000000000000e+00 2.137128710746765137e-01
0.000000000000000000e+00 1.494288891553878784e-01
0.000000000000000000e+00 1.348472982645034790e-01
0.000000000000000000e+00 1.022640317678451538e-01
0.000000000000000000e+00 1.168726161122322083e-01
0.000000000000000000e+00 8.547634631395339966e-02
0.000000000000000000e+00 8.092456310987472534e-02
0.000000000000000000e+00 7.181961834430694580e-02
0.000000000000000000e+00 6.277710199356079102e-02
0.000000000000000000e+00 5.929280817508697510e-02
0.000000000000000000e+00 5.789994448423385620e-02
0.000000000000000000e+00 3.493551164865493774e-02
0.000000000000000000e+00 3.783326223492622375e-02
0.000000000000000000e+00 4.475064575672149658e-02
0.000000000000000000e+00 5.606418848037719727e-02
0.000000000000000000e+00 5.691438913345336914e-02
0.000000000000000000e+00 5.119549855589866638e-02
0.000000000000000000e+00 6.483288854360580444e-02
0.000000000000000000e+00 7.117354869842529297e-02
0.000000000000000000e+00 7.341180741786956787e-02
0.000000000000000000e+00 6.132721900939941406e-02
0.000000000000000000e+00 5.440665036439895630e-02
0.000000000000000000e+00 7.814640551805496216e-02
0.000000000000000000e+00 5.472240224480628967e-02
0.000000000000000000e+00 5.165549740195274353e-02
0.000000000000000000e+00 5.377514660358428955e-02
0.000000000000000000e+00 5.255944281816482544e-02
0.000000000000000000e+00 5.037279054522514343e-02
0.000000000000000000e+00 3.466059267520904541e-02
0.000000000000000000e+00 3.657633811235427856e-02
0.000000000000000000e+00 2.544727921485900879e-02
0.000000000000000000e+00 3.374376147985458374e-02
0.000000000000000000e+00 3.143360093235969543e-02
0.000000000000000000e+00 3.241207450628280640e-02
0.000000000000000000e+00 3.772941976785659790e-02
0.000000000000000000e+00 3.642398864030838013e-02
0.000000000000000000e+00 7.215604186058044434e-02
0.000000000000000000e+00 8.705389499664306641e-02
0.000000000000000000e+00 1.001496762037277222e-01
0.000000000000000000e+00 1.224887818098068237e-01
0.000000000000000000e+00 1.288639903068542480e-01
0.000000000000000000e+00 1.059265360236167908e-01
0.000000000000000000e+00 1.072944402694702148e-01
0.000000000000000000e+00 1.366741508245468140e-01
0.000000000000000000e+00 2.193486839532852173e-01
0.000000000000000000e+00 2.218278944492340088e-01
0.000000000000000000e+00 2.490070164203643799e-01
0.000000000000000000e+00 2.740547358989715576e-01
0.000000000000000000e+00 3.167726397514343262e-01
0.000000000000000000e+00 2.985522449016571045e-01
0.000000000000000000e+00 3.082305192947387695e-01
0.000000000000000000e+00 3.179976344108581543e-01
0.000000000000000000e+00 3.308371007442474365e-01
1.000000000000000000e+00 3.093234896659851074e-01
1.000000000000000000e+00 2.724043726921081543e-01
0.000000000000000000e+00 2.961792051792144775e-01
0.000000000000000000e+00 2.396275699138641357e-01
0.000000000000000000e+00 2.428390830755233765e-01
0.000000000000000000e+00 2.378803193569183350e-01
0.000000000000000000e+00 2.324724942445755005e-01
0.000000000000000000e+00 2.083821445703506470e-01
0.000000000000000000e+00 6.619664430618286133e-01
0.000000000000000000e+00 5.324042439460754395e-01
0.000000000000000000e+00 4.630598425865173340e-01
0.000000000000000000e+00 4.876021444797515869e-01
0.000000000000000000e+00 4.099002182483673096e-01
0.000000000000000000e+00 3.917952179908752441e-01
0.000000000000000000e+00 4.211998581886291504e-01
0.000000000000000000e+00 3.463536500930786133e-01
0.000000000000000000e+00 2.949835658073425293e-01
0.000000000000000000e+00 2.165480703115463257e-01
0.000000000000000000e+00 1.555748730897903442e-01
0.000000000000000000e+00 1.115411594510078430e-01
0.000000000000000000e+00 1.213956698775291443e-01
0.000000000000000000e+00 1.038083285093307495e-01
0.000000000000000000e+00 6.019554287195205688e-02
0.000000000000000000e+00 6.953082233667373657e-02
0.000000000000000000e+00 4.488234594464302063e-02
0.000000000000000000e+00 5.524566024541854858e-02
0.000000000000000000e+00 4.745103046298027039e-02
0.000000000000000000e+00 3.870367258787155151e-02
0.000000000000000000e+00 3.077287599444389343e-02
0.000000000000000000e+00 4.117561504244804382e-02
0.000000000000000000e+00 4.059879854321479797e-02
0.000000000000000000e+00 5.315740779042243958e-02
0.000000000000000000e+00 5.390065908432006836e-02
0.000000000000000000e+00 6.444799154996871948e-02
0.000000000000000000e+00 1.209807544946670532e-01
0.000000000000000000e+00 8.856241405010223389e-02
0.000000000000000000e+00 8.560038357973098755e-02
0.000000000000000000e+00 8.079710602760314941e-02
0.000000000000000000e+00 9.722308814525604248e-02
0.000000000000000000e+00 8.473680913448333740e-02
0.000000000000000000e+00 1.072053685784339905e-01
0.000000000000000000e+00 9.842444211244583130e-02
0.000000000000000000e+00 8.727768808603286743e-02
0.000000000000000000e+00 1.201796382665634155e-01
0.000000000000000000e+00 8.593964576721191406e-02
0.000000000000000000e+00 7.616079598665237427e-02
0.000000000000000000e+00 6.185743212699890137e-02
0.000000000000000000e+00 9.490327537059783936e-02
0.000000000000000000e+00 7.104692608118057251e-02
0.000000000000000000e+00 5.939684435725212097e-02
0.000000000000000000e+00 5.794591829180717468e-02
0.000000000000000000e+00 3.738736733794212341e-02
0.000000000000000000e+00 3.409948199987411499e-02
0.000000000000000000e+00 3.338700160384178162e-02
0.000000000000000000e+00 4.282280057668685913e-02
0.000000000000000000e+00 6.043493002653121948e-02
0.000000000000000000e+00 5.929540842771530151e-02
0.000000000000000000e+00 1.028193980455398560e-01
0.000000000000000000e+00 1.399959325790405273e-01
0.000000000000000000e+00 1.662624627351760864e-01
0.000000000000000000e+00 2.806663215160369873e-01
0.000000000000000000e+00 2.506779134273529053e-01
0.000000000000000000e+00 2.374471276998519897e-01
0.000000000000000000e+00 3.040023744106292725e-01
0.000000000000000000e+00 3.785812258720397949e-01
0.000000000000000000e+00 4.570296704769134521e-01
0.000000000000000000e+00 4.261058270931243896e-01
0.000000000000000000e+00 3.992191851139068604e-01
0.000000000000000000e+00 5.640352964401245117e-01
0.000000000000000000e+00 5.367059111595153809e-01
0.000000000000000000e+00 5.700912475585937500e-01
0.000000000000000000e+00 5.574663281440734863e-01
0.000000000000000000e+00 5.422878265380859375e-01
0.000000000000000000e+00 5.256782770156860352e-01
0.000000000000000000e+00 5.155904293060302734e-01
0.000000000000000000e+00 4.955302774906158447e-01
0.000000000000000000e+00 4.294286966323852539e-01
0.000000000000000000e+00 4.157264530658721924e-01
0.000000000000000000e+00 3.437126576900482178e-01
0.000000000000000000e+00 3.210654854774475098e-01
0.000000000000000000e+00 2.327549904584884644e-01
0.000000000000000000e+00 1.148555204272270203e-01
0.000000000000000000e+00 1.048129200935363770e-01
0.000000000000000000e+00 2.811553478240966797e-01
0.000000000000000000e+00 1.271528750658035278e-01
0.000000000000000000e+00 1.225640326738357544e-01
0.000000000000000000e+00 7.733437418937683105e-02
0.000000000000000000e+00 5.803376436233520508e-02
0.000000000000000000e+00 5.308841168880462646e-02
0.000000000000000000e+00 4.384599998593330383e-02
0.000000000000000000e+00 3.158589079976081848e-02
0.000000000000000000e+00 2.210352569818496704e-02
0.000000000000000000e+00 1.983746699988842010e-02
0.000000000000000000e+00 1.480384636670351028e-02
0.000000000000000000e+00 1.802696101367473602e-02
0.000000000000000000e+00 1.593090780079364777e-02
0.000000000000000000e+00 1.620326749980449677e-02
0.000000000000000000e+00 1.965839415788650513e-02
0.000000000000000000e+00 2.272253297269344330e-02
0.000000000000000000e+00 3.019533120095729828e-02
0.000000000000000000e+00 2.600893378257751465e-02
0.000000000000000000e+00 3.140333667397499084e-02
0.000000000000000000e+00 3.608003631234169006e-02
0.000000000000000000e+00 5.458431318402290344e-02
0.000000000000000000e+00 5.079840123653411865e-02
0.000000000000000000e+00 6.928161531686782837e-02
0.000000000000000000e+00 7.529816031455993652e-02
0.000000000000000000e+00 6.329905986785888672e-02
0.000000000000000000e+00 7.526899874210357666e-02
0.000000000000000000e+00 8.163154125213623047e-02
0.000000000000000000e+00 7.619149237871170044e-02
0.000000000000000000e+00 7.019476592540740967e-02
0.000000000000000000e+00 5.508008971810340881e-02
0.000000000000000000e+00 5.218732357025146484e-02
0.000000000000000000e+00 5.548735707998275757e-02
0.000000000000000000e+00 4.338878765702247620e-02
0.000000000000000000e+00 4.871885105967521667e-02
0.000000000000000000e+00 4.375533014535903931e-02
0.000000000000000000e+00 3.789684921503067017e-02
0.000000000000000000e+00 4.135056957602500916e-02
0.000000000000000000e+00 4.217763617634773254e-02
0.000000000000000000e+00 3.295462951064109802e-02
0.000000000000000000e+00 3.431589528918266296e-02
0.000000000000000000e+00 3.748646378517150879e-02
0.000000000000000000e+00 3.699093684554100037e-02
0.000000000000000000e+00 2.526685222983360291e-02
0.000000000000000000e+00 2.941229194402694702e-02
0.000000000000000000e+00 2.422558143734931946e-02
0.000000000000000000e+00 2.197573333978652954e-02
0.000000000000000000e+00 3.184122592210769653e-02
0.000000000000000000e+00 2.976541034877300262e-02
0.000000000000000000e+00 4.961461573839187622e-02
0.000000000000000000e+00 6.713367998600006104e-02
0.000000000000000000e+00 8.248259127140045166e-02
0.000000000000000000e+00 9.218842536211013794e-02
0.000000000000000000e+00 1.153328418731689453e-01
0.000000000000000000e+00 1.352714002132415771e-01
0.000000000000000000e+00 1.601801514625549316e-01
0.000000000000000000e+00 1.728680431842803955e-01
0.000000000000000000e+00 1.851713061332702637e-01
0.000000000000000000e+00 1.951724886894226074e-01
0.000000000000000000e+00 2.369325608015060425e-01
0.000000000000000000e+00 2.752568125724792480e-01
0.000000000000000000e+00 2.916603684425354004e-01
0.000000000000000000e+00 3.078493177890777588e-01
0.000000000000000000e+00 3.494508564472198486e-01
0.000000000000000000e+00 3.559497296810150146e-01
0.000000000000000000e+00 3.552317619323730469e-01
0.000000000000000000e+00 3.828960061073303223e-01
0.000000000000000000e+00 3.627120256423950195e-01
1.000000000000000000e+00 3.682294785976409912e-01
0.000000000000000000e+00 3.640659451484680176e-01
0.000000000000000000e+00 3.560301959514617920e-01
0.000000000000000000e+00 3.406957983970642090e-01
0.000000000000000000e+00 2.912113666534423828e-01
0.000000000000000000e+00 2.899217605590820312e-01
0.000000000000000000e+00 2.545306682586669922e-01
0.000000000000000000e+00 2.236180752515792847e-01
1.000000000000000000e+00 9.390855431556701660e-01
1.000000000000000000e+00 9.445121288299560547e-01
1.000000000000000000e+00 9.549590945243835449e-01
1.000000000000000000e+00 9.266724586486816406e-01
0.000000000000000000e+00 9.085286855697631836e-01
0.000000000000000000e+00 7.974139451980590820e-01
0.000000000000000000e+00 6.333123445510864258e-01
0.000000000000000000e+00 5.396846532821655273e-01
0.000000000000000000e+00 2.835189402103424072e-01
0.000000000000000000e+00 1.608952581882476807e-01
0.000000000000000000e+00 1.498335152864456177e-01
0.000000000000000000e+00 9.069639444351196289e-02
0.000000000000000000e+00 5.684416368603706360e-02
0.000000000000000000e+00 4.012303426861763000e-02
0.000000000000000000e+00 2.437381073832511902e-02
0.000000000000000000e+00 1.891386881470680237e-02
0.000000000000000000e+00 1.322582084685564041e-02
0.000000000000000000e+00 1.148847583681344986e-02
0.000000000000000000e+00 6.521028932183980942e-03
0.000000000000000000e+00 5.553610157221555710e-03
0.000000000000000000e+00 4.398191347718238831e-03
0.000000000000000000e+00 4.355292301625013351e-03
0.000000000000000000e+00 5.966173950582742691e-03
0.000000000000000000e+00 4.746305756270885468e-03
0.000000000000000000e+00 5.309718661010265350e-03
0.000000000000000000e+00 4.923823289573192596e-03
0.000000000000000000e+00 5.619953852146863937e-03
0.000000000000000000e+00 6.098932120949029922e-03
0.000000000000000000e+00 6.549926940351724625e-03
0.000000000000000000e+00 8.098034188151359558e-03
0.000000000000000000e+00 1.146636437624692917e-02
0.000000000000000000e+00 1.130265463143587112e-02
0.000000000000000000e+00 1.464843004941940308e-02
0.000000000000000000e+00 2.270491793751716614e-02
0.000000000000000000e+00 2.157449163496494293e-02
0.000000000000000000e+00 2.473636902868747711e-02
0.000000000000000000e+00 2.923912368714809418e-02
0.000000000000000000e+00 3.501775115728378296e-02
0.000000000000000000e+00 4.381239414215087891e-02
0.000000000000000000e+00 4.876755923032760620e-02
0.000000000000000000e+00 5.039163678884506226e-02
0.000000000000000000e+00 4.289372637867927551e-02
0.000000000000000000e+00 4.175714403390884399e-02
0.000000000000000000e+00 2.894473075866699219e-02
0.000000000000000000e+00 2.308032661676406860e-02
0.000000000000000000e+00 2.508718706667423248e-02
0.000000000000000000e+00 2.785477600991725922e-02
0.000000000000000000e+00 2.845974266529083252e-02
0.000000000000000000e+00 3.576514497399330139e-02
0.000000000000000000e+00 5.925991386175155640e-02
0.000000000000000000e+00 5.602379515767097473e-02
0.000000000000000000e+00 7.566975802183151245e-02
0.000000000000000000e+00 1.216158196330070496e-01
0.000000000000000000e+00 1.000173762440681458e-01
0.000000000000000000e+00 1.658356189727783203e-01
0.000000000000000000e+00 1.329671591520309448e-01
0.000000000000000000e+00 1.993992924690246582e-01
0.000000000000000000e+00 2.513912320137023926e-01
0.000000000000000000e+00 2.770281732082366943e-01
0.000000000000000000e+00 3.885928988456726074e-01
0.000000000000000000e+00 4.554159045219421387e-01
0.000000000000000000e+00 5.347684621810913086e-01
0.000000000000000000e+00 5.876282453536987305e-01
0.000000000000000000e+00 6.108788847923278809e-01
0.000000000000000000e+00 6.070557236671447754e-01
0.000000000000000000e+00 5.707285404205322266e-01
0.000000000000000000e+00 5.933240652084350586e-01
0.000000000000000000e+00 5.787907838821411133e-01
0.000000000000000000e+00 5.324355363845825195e-01
0.000000000000000000e+00 5.066143870353698730e-01
0.000000000000000000e+00 4.918782711029052734e-01
0.000000000000000000e+00 4.209877252578735352e-01
0.000000000000000000e+00 4.097161889076232910e-01
0.000000000000000000e+00 3.410043120384216309e-01
0.000000000000000000e+00 2.998391091823577881e-01
0.000000000000000000e+00 7.889663577079772949e-01
0.000000000000000000e+00 5.974648594856262207e-01
0.000000000000000000e+00 5.296897888183593750e-01
0.000000000000000000e+00 5.737716555595397949e-01
0.000000000000000000e+00 4.050813913345336914e-01
0.000000000000000000e+00 3.538852632045745850e-01
0.000000000000000000e+00 3.361423909664154053e-01
0.000000000000000000e+00 1.074706763029098511e-01
0.000000000000000000e+00 2.060264945030212402e-01
0.000000000000000000e+00 1.439697891473770142e-01
0.000000000000000000e+00 9.130156040191650391e-02
0.000000000000000000e+00 5.740721523761749268e-02
0.000000000000000000e+00 4.740695282816886902e-02
0.000000000000000000e+00 8.122424781322479248e-02
0.000000000000000000e+00 5.964419618248939514e-02
0.000000000000000000e+00 2.723778970539569855e-02
0.000000000000000000e+00 2.437981776893138885e-02
0.000000000000000000e+00 1.796784251928329468e-02
0.000000000000000000e+00 2.569176070392131805e-02
0.000000000000000000e+00 2.323504723608493805e-02
0.000000000000000000e+00 2.520214766263961792e-02
0.000000000000000000e+00 4.919846355915069580e-02
0.000000000000000000e+00 1.190898865461349487e-01
0.000000000000000000e+00 1.188723966479301453e-01
0.000000000000000000e+00 6.248201802372932434e-02
0.000000000000000000e+00 5.142389610409736633e-02
0.000000000000000000e+00 4.522039741277694702e-02
0.000000000000000000e+00 7.007566094398498535e-02
0.000000000000000000e+00 7.301022857427597046e-02
0.000000000000000000e+00 4.481782764196395874e-02
0.000000000000000000e+00 3.628747165203094482e-02
0.000000000000000000e+00 3.401251882314682007e-02
0.000000000000000000e+00 4.297426342964172363e-02
0.000000000000000000e+00 2.809436619281768799e-02
0.000000000000000000e+00 3.010956197977066040e-02
0.000000000000000000e+00 1.511911395937204361e-02
0.000000000000000000e+00 1.089193020015954971e-02
0.000000000000000000e+00 8.943899534642696381e-03
0.000000000000000000e+00 9.002449922263622284e-03
0.000000000000000000e+00 6.809334270656108856e-03
0.000000000000000000e+00 5.499031860381364822e-03
0.000000000000000000e+00 3.313277615234255791e-03
0.000000000000000000e+00 3.667351789772510529e-03
0.000000000000000000e+00 4.441182129085063934e-03
0.000000000000000000e+00 2.849261974915862083e-03
0.000000000000000000e+00 1.880012219771742821e-03
0.000000000000000000e+00 1.362661365419626236e-03
0.000000000000000000e+00 9.970335522666573524e-04
0.000000000000000000e+00 9.931835811585187912e-04
0.000000000000000000e+00 1.568181440234184265e-03
0.000000000000000000e+00 2.477154368534684181e-03
0.000000000000000000e+00 6.587558891624212265e-03
0.000000000000000000e+00 8.443319238722324371e-03
0.000000000000000000e+00 1.555419526994228363e-02
0.000000000000000000e+00 3.281820565462112427e-02
0.000000000000000000e+00 3.847008198499679565e-02
0.000000000000000000e+00 2.228399738669395447e-02
0.000000000000000000e+00 2.842024900019168854e-02
0.000000000000000000e+00 3.131026774644851685e-02
0.000000000000000000e+00 3.639272600412368774e-02
1.000000000000000000e+00 6.491377204656600952e-02
1.000000000000000000e+00 7.302995026111602783e-02
0.000000000000000000e+00 8.451324701309204102e-02
0.000000000000000000e+00 1.221840828657150269e-01
0.000000000000000000e+00 1.725140362977981567e-01
0.000000000000000000e+00 2.324461489915847778e-01
0.000000000000000000e+00 4.165587127208709717e-01
0.000000000000000000e+00 4.243938922882080078e-01
0.000000000000000000e+00 5.172624588012695312e-01
0.000000000000000000e+00 5.622317194938659668e-01
0.000000000000000000e+00 5.491040945053100586e-01
0.000000000000000000e+00 5.078325271606445312e-01
0.000000000000000000e+00 3.898795545101165771e-01
0.000000000000000000e+00 3.668129146099090576e-01
0.000000000000000000e+00 3.573314547538757324e-01
