0.000000000000000000e+00 9.988203644752502441e-01
0.000000000000000000e+00 9.988353848457336426e-01
0.000000000000000000e+00 9.986709356307983398e-01
0.000000000000000000e+00 9.986796975135803223e-01
0.000000000000000000e+00 9.987136125564575195e-01
0.000000000000000000e+00 9.984555244445800781e-01
0.000000000000000000e+00 9.986798167228698730e-01
0.000000000000000000e+00 9.984633922576904297e-01
0.000000000000000000e+00 9.987101554870605469e-01
0.000000000000000000e+00 9.987972974777221680e-01
0.000000000000000000e+00 9.988971948623657227e-01
0.000000000000000000e+00 9.987561702728271484e-01
0.000000000000000000e+00 9.986145496368408203e-01
0.000000000000000000e+00 9.986489415168762207e-01
0.000000000000000000e+00 9.989693164825439453e-01
0.000000000000000000e+00 9.988443851470947266e-01
1.000000000000000000e+00 9.987240433692932129e-01
1.000000000000000000e+00 9.986685514450073242e-01
1.000000000000000000e+00 9.989663362503051758e-01
0.000000000000000000e+00 9.988191723823547363e-01
0.000000000000000000e+00 9.990177154541015625e-01
0.000000000000000000e+00 9.989739656448364258e-01
1.000000000000000000e+00 9.991673231124877930e-01
1.000000000000000000e+00 9.990190267562866211e-01
1.000000000000000000e+00 9.989936947822570801e-01
1.000000000000000000e+00 9.991310238838195801e-01
1.000000000000000000e+00 9.989072084426879883e-01
1.000000000000000000e+00 9.984323382377624512e-01
1.000000000000000000e+00 9.979220032691955566e-01
1.000000000000000000e+00 9.967917799949645996e-01
1.000000000000000000e+00 9.938839077949523926e-01
1.000000000000000000e+00 9.853854775428771973e-01
0.000000000000000000e+00 9.515583515167236328e-01
0.000000000000000000e+00 8.693763613700866699e-01
0.000000000000000000e+00 7.703848481178283691e-01
0.000000000000000000e+00 5.219714045524597168e-01
0.000000000000000000e+00 3.523003458976745605e-01
0.000000000000000000e+00 3.023271858692169189e-01
0.000000000000000000e+00 2.274529784917831421e-01
0.000000000000000000e+00 1.123531535267829895e-01
0.000000000000000000e+00 1.183047145605087280e-01
0.000000000000000000e+00 7.212278246879577637e-02
0.000000000000000000e+00 5.380219221115112305e-02
0.000000000000000000e+00 3.000611066818237305e-02
0.000000000000000000e+00 2.055700868368148804e-02
0.000000000000000000e+00 1.207657065242528915e-02
0.000000000000000000e+00 1.044732425361871719e-02
0.000000000000000000e+00 1.053356844931840897e-02
0.000000000000000000e+00 1.002320926636457443e-02
0.000000000000000000e+00 1.247367262840270996e-02
0.000000000000000000e+00 1.307916454970836639e-02
0.000000000000000000e+00 1.470981817692518234e-02
0.000000000000000000e+00 2.268391661345958710e-02
0.000000000000000000e+00 3.016381151974201202e-02
0.000000000000000000e+00 5.125556141138076782e-02
1.000000000000000000e+00 4.782498627901077271e-02
1.000000000000000000e+00 7.544144988059997559e-02
0.000000000000000000e+00 1.189149916172027588e-01
0.000000000000000000e+00 1.931843906641006470e-01
0.000000000000000000e+00 3.197882771492004395e-01
0.000000000000000000e+00 4.043191373348236084e-01
1.000000000000000000e+00 3.840562105178833008e-01
1.000000000000000000e+00 4.807997941970825195e-01
1.000000000000000000e+00 6.326903104782104492e-01
1.000000000000000000e+00 7.072300314903259277e-01
1.000000000000000000e+00 6.621330976486206055e-01
1.000000000000000000e+00 7.487511634826660156e-01
1.000000000000000000e+00 7.544530034065246582e-01
1.000000000000000000e+00 7.503316402435302734e-01
1.000000000000000000e+00 7.416378855705261230e-01
0.000000000000000000e+00 7.394045591354370117e-01
0.000000000000000000e+00 7.245810627937316895e-01
0.000000000000000000e+00 5.857946872711181641e-01
0.000000000000000000e+00 4.937048256397247314e-01
0.000000000000000000e+00 4.277929067611694336e-01
0.000000000000000000e+00 9.690440297126770020e-01
0.000000000000000000e+00 9.757120013236999512e-01
0.000000000000000000e+00 9.767245054244995117e-01
0.000000000000000000e+00 9.754081964492797852e-01
0.000000000000000000e+00 9.700697064399719238e-01
0.000000000000000000e+00 9.666069149971008301e-01
0.000000000000000000e+00 9.669299125671386719e-01
0.000000000000000000e+00 9.692487716674804688e-01
0.000000000000000000e+00 9.549130797386169434e-01
0.000000000000000000e+00 9.588686823844909668e-01
0.000000000000000000e+00 9.537828564643859863e-01
0.000000000000000000e+00 9.457888603210449219e-01
0.000000000000000000e+00 9.347571730613708496e-01
0.000000000000000000e+00 9.140257835388183594e-01
1.000000000000000000e+00 8.571070432662963867e-01
1.000000000000000000e+00 8.684940934181213379e-01
1.000000000000000000e+00 8.636724948883056641e-01
1.000000000000000000e+00 8.341773748397827148e-01
1.000000000000000000e+00 9.030366539955139160e-01
1.000000000000000000e+00 9.068424105644226074e-01
0.000000000000000000e+00 9.136842489242553711e-01
1.000000000000000000e+00 9.016791582107543945e-01
1.000000000000000000e+00 8.831244111061096191e-01
1.000000000000000000e+00 8.574679493904113770e-01
0.000000000000000000e+00 8.507007956504821777e-01
1.000000000000000000e+00 7.289045453071594238e-01
1.000000000000000000e+00 7.216136455535888672e-01
1.000000000000000000e+00 6.078857183456420898e-01
1.000000000000000000e+00 4.846278131008148193e-01
0.000000000000000000e+00 4.740600287914276123e-01
1.000000000000000000e+00 3.654661178588867188e-01
1.000000000000000000e+00 3.188464939594268799e-01
1.000000000000000000e+00 2.826839387416839600e-01
1.000000000000000000e+00 2.178399711847305298e-01
1.000000000000000000e+00 1.480782926082611084e-01
0.000000000000000000e+00 1.061952710151672363e-01
0.000000000000000000e+00 1.108942180871963501e-01
0.000000000000000000e+00 9.508240967988967896e-02
0.000000000000000000e+00 8.160813152790069580e-02
0.000000000000000000e+00 5.266834795475006104e-02
0.000000000000000000e+00 5.562339723110198975e-02
0.000000000000000000e+00 6.474172323942184448e-02
0.000000000000000000e+00 6.991454958915710449e-02
0.000000000000000000e+00 5.126024037599563599e-02
0.000000000000000000e+00 4.034605994820594788e-02
0.000000000000000000e+00 2.809653989970684052e-02
0.000000000000000000e+00 2.424424886703491211e-02
0.000000000000000000e+00 2.093700319528579712e-02
0.000000000000000000e+00 2.215422131121158600e-02
0.000000000000000000e+00 2.194237895309925079e-02
0.000000000000000000e+00 2.722447738051414490e-02
0.000000000000000000e+00 2.868872135877609253e-02
0.000000000000000000e+00 3.362036123871803284e-02
0.000000000000000000e+00 3.693461045622825623e-02
0.000000000000000000e+00 3.061595745384693146e-02
0.000000000000000000e+00 2.791761234402656555e-02
0.000000000000000000e+00 2.738903090357780457e-02
0.000000000000000000e+00 2.215013094246387482e-02
0.000000000000000000e+00 2.084153145551681519e-02
0.000000000000000000e+00 2.298742346465587616e-02
0.000000000000000000e+00 2.402259968221187592e-02
0.000000000000000000e+00 3.122867271304130554e-02
0.000000000000000000e+00 2.806959860026836395e-02
0.000000000000000000e+00 2.446323446929454803e-02
0.000000000000000000e+00 2.785757370293140411e-02
0.000000000000000000e+00 3.136699646711349487e-02
0.000000000000000000e+00 3.683099150657653809e-02
0.000000000000000000e+00 3.986034914851188660e-02
0.000000000000000000e+00 4.630704224109649658e-02
0.000000000000000000e+00 4.711676016449928284e-02
0.000000000000000000e+00 5.414185300469398499e-02
0.000000000000000000e+00 5.273293331265449524e-02
0.000000000000000000e+00 5.182338878512382507e-02
0.000000000000000000e+00 5.931115895509719849e-02
0.000000000000000000e+00 5.798307433724403381e-02
1.000000000000000000e+00 4.803420901298522949e-01
1.000000000000000000e+00 4.338652789592742920e-01
1.000000000000000000e+00 2.640962600708007812e-01
1.000000000000000000e+00 1.809949576854705811e-01
1.000000000000000000e+00 1.165382117033004761e-01
1.000000000000000000e+00 6.455532461404800415e-02
0.000000000000000000e+00 2.550309151411056519e-02
0.000000000000000000e+00 2.341756038367748260e-02
0.000000000000000000e+00 1.195708569139242172e-02
0.000000000000000000e+00 7.190777454525232315e-03
0.000000000000000000e+00 6.599758751690387726e-03
0.000000000000000000e+00 4.616591613739728928e-03
0.000000000000000000e+00 4.206597805023193359e-03
0.000000000000000000e+00 3.102871123701334000e-03
0.000000000000000000e+00 2.956222742795944214e-03
0.000000000000000000e+00 1.802323851734399796e-03
0.000000000000000000e+00 1.458883984014391899e-03
0.000000000000000000e+00 1.354376436211168766e-03
0.000000000000000000e+00 1.260225893929600716e-03
0.000000000000000000e+00 8.077690727077424526e-04
0.000000000000000000e+00 9.957810398191213608e-04
0.000000000000000000e+00 9.696613997220993042e-04
0.000000000000000000e+00 9.243310196325182915e-04
0.000000000000000000e+00 9.805074660107493401e-04
1.000000000000000000e+00 8.962251595221459866e-04
1.000000000000000000e+00 7.571013411507010460e-04
1.000000000000000000e+00 5.331752472557127476e-04
1.000000000000000000e+00 5.246303626336157322e-04
1.000000000000000000e+00 7.442689966410398483e-04
0.000000000000000000e+00 6.831975770182907581e-04
0.000000000000000000e+00 1.014309586025774479e-03
0.000000000000000000e+00 9.874776005744934082e-04
1.000000000000000000e+00 9.848694317042827606e-04
1.000000000000000000e+00 9.919707663357257843e-04
0.000000000000000000e+00 9.344923309981822968e-04
0.000000000000000000e+00 7.642570999450981617e-04
0.000000000000000000e+00 8.551388164050877094e-04
0.000000000000000000e+00 1.007721177302300930e-03
0.000000000000000000e+00 7.878303295001387596e-04
0.000000000000000000e+00 1.008455525152385235e-03
0.000000000000000000e+00 9.451043442822992802e-04
0.000000000000000000e+00 9.217707556672394276e-04
0.000000000000000000e+00 8.026979630813002586e-04
0.000000000000000000e+00 6.172612775117158890e-04
0.000000000000000000e+00 4.684566520154476166e-04
0.000000000000000000e+00 4.497422487474977970e-04
0.000000000000000000e+00 5.826697451993823051e-04
0.000000000000000000e+00 4.815569845959544182e-04
0.000000000000000000e+00 5.942694842815399170e-04
0.000000000000000000e+00 5.292730638757348061e-04
0.000000000000000000e+00 5.370735889300704002e-04
0.000000000000000000e+00 3.763157874345779419e-04
0.000000000000000000e+00 4.664086154662072659e-04
0.000000000000000000e+00 5.318601033650338650e-04
0.000000000000000000e+00 8.237820584326982498e-04
0.000000000000000000e+00 8.430767920799553394e-04
0.000000000000000000e+00 6.111238617449998856e-04
0.000000000000000000e+00 6.577649037353694439e-04
0.000000000000000000e+00 7.808900554664433002e-04
0.000000000000000000e+00 7.455020095221698284e-04
0.000000000000000000e+00 8.612357778474688530e-04
0.000000000000000000e+00 8.598890271969139576e-04
0.000000000000000000e+00 1.123487367294728756e-03
0.000000000000000000e+00 1.044075121171772480e-03
0.000000000000000000e+00 1.358305336907505989e-03
0.000000000000000000e+00 1.320637995377182961e-03
0.000000000000000000e+00 1.572768320329487324e-03
0.000000000000000000e+00 2.169909654185175896e-03
0.000000000000000000e+00 2.527087694033980370e-03
0.000000000000000000e+00 2.583903493359684944e-03
0.000000000000000000e+00 3.419953165575861931e-03
0.000000000000000000e+00 2.866962226107716560e-03
0.000000000000000000e+00 2.783505944535136223e-03
0.000000000000000000e+00 2.573219127953052521e-03
0.000000000000000000e+00 3.363073570653796196e-03
1.000000000000000000e+00 8.262797594070434570e-01
1.000000000000000000e+00 8.332597017288208008e-01
1.000000000000000000e+00 8.151918649673461914e-01
1.000000000000000000e+00 8.379295468330383301e-01
1.000000000000000000e+00 8.416010737419128418e-01
0.000000000000000000e+00 8.084427118301391602e-01
0.000000000000000000e+00 7.370698451995849609e-01
0.000000000000000000e+00 6.306263208389282227e-01
0.000000000000000000e+00 6.435140967369079590e-01
0.000000000000000000e+00 5.413146615028381348e-01
0.000000000000000000e+00 4.873087108135223389e-01
0.000000000000000000e+00 3.802204430103302002e-01
0.000000000000000000e+00 3.079080581665039062e-01
0.000000000000000000e+00 1.510639935731887817e-01
0.000000000000000000e+00 1.026500910520553589e-01
0.000000000000000000e+00 1.057729572057723999e-01
0.000000000000000000e+00 6.742843985557556152e-02
0.000000000000000000e+00 9.752121567726135254e-02
0.000000000000000000e+00 6.927023828029632568e-02
0.000000000000000000e+00 6.296712160110473633e-02
0.000000000000000000e+00 7.678296416997909546e-02
0.000000000000000000e+00 1.035162582993507385e-01
1.000000000000000000e+00 1.363883316516876221e-01
0.000000000000000000e+00 1.169309020042419434e-01
0.000000000000000000e+00 7.664358615875244141e-02
0.000000000000000000e+00 6.434962153434753418e-02
0.000000000000000000e+00 4.534487053751945496e-02
0.000000000000000000e+00 3.627500310540199280e-02
0.000000000000000000e+00 3.647711127996444702e-02
0.000000000000000000e+00 4.385543242096900940e-02
0.000000000000000000e+00 6.460527330636978149e-02
0.000000000000000000e+00 5.354399979114532471e-02
0.000000000000000000e+00 3.740155324339866638e-02
0.000000000000000000e+00 5.707056447863578796e-02
0.000000000000000000e+00 6.027552857995033264e-02
0.000000000000000000e+00 3.089250065386295319e-02
0.000000000000000000e+00 2.354902401566505432e-02
0.000000000000000000e+00 1.876090280711650848e-02
0.000000000000000000e+00 1.151207089424133301e-02
0.000000000000000000e+00 1.962684839963912964e-02
0.000000000000000000e+00 1.337290927767753601e-02
0.000000000000000000e+00 9.367485530674457550e-03
0.000000000000000000e+00 9.928648360073566437e-03
0.000000000000000000e+00 1.553932856768369675e-02
0.000000000000000000e+00 1.885447837412357330e-02
0.000000000000000000e+00 2.737440168857574463e-02
0.000000000000000000e+00 4.934335127472877502e-02
0.000000000000000000e+00 1.066656708717346191e-01
0.000000000000000000e+00 1.710603535175323486e-01
0.000000000000000000e+00 1.838638186454772949e-01
0.000000000000000000e+00 3.248101174831390381e-01
0.000000000000000000e+00 4.921805262565612793e-01
0.000000000000000000e+00 6.799852252006530762e-01
0.000000000000000000e+00 6.797008514404296875e-01
0.000000000000000000e+00 5.805993676185607910e-01
0.000000000000000000e+00 5.559768676757812500e-01
1.000000000000000000e+00 5.482348203659057617e-01
0.000000000000000000e+00 5.926700234413146973e-01
0.000000000000000000e+00 6.128980517387390137e-01
1.000000000000000000e+00 7.175900936126708984e-01
1.000000000000000000e+00 7.793601155281066895e-01
0.000000000000000000e+00 7.887231707572937012e-01
0.000000000000000000e+00 7.636200189590454102e-01
0.000000000000000000e+00 7.537531256675720215e-01
0.000000000000000000e+00 7.740688920021057129e-01
0.000000000000000000e+00 7.233421206474304199e-01
1.000000000000000000e+00 7.468617558479309082e-01
1.000000000000000000e+00 5.565966367721557617e-01
1.000000000000000000e+00 4.872537851333618164e-01
1.000000000000000000e+00 3.689326643943786621e-01
0.000000000000000000e+00 3.504588305950164795e-01
0.000000000000000000e+00 2.148926258087158203e-01
0.000000000000000000e+00 1.240696012973785400e-01
0.000000000000000000e+00 7.078326493501663208e-02
0.000000000000000000e+00 4.076938703656196594e-02
0.000000000000000000e+00 8.746882081031799316e-01
0.000000000000000000e+00 7.727232575416564941e-01
1.000000000000000000e+00 7.325628995895385742e-01
0.000000000000000000e+00 6.503811478614807129e-01
0.000000000000000000e+00 4.925292134284973145e-01
0.000000000000000000e+00 5.582572221755981445e-01
0.000000000000000000e+00 3.812328279018402100e-01
0.000000000000000000e+00 3.217603564262390137e-01
0.000000000000000000e+00 2.602567672729492188e-01
0.000000000000000000e+00 1.873502582311630249e-01
0.000000000000000000e+00 1.710156053304672241e-01
0.000000000000000000e+00 1.229653954505920410e-01
0.000000000000000000e+00 8.919241279363632202e-02
0.000000000000000000e+00 9.105553478002548218e-02
0.000000000000000000e+00 6.447929143905639648e-02
0.000000000000000000e+00 6.322485953569412231e-02
1.000000000000000000e+00 6.854073703289031982e-02
0.000000000000000000e+00 5.168222263455390930e-02
0.000000000000000000e+00 7.794685661792755127e-02
0.000000000000000000e+00 9.359550476074218750e-02
0.000000000000000000e+00 1.273068487644195557e-01
0.000000000000000000e+00 2.107583284378051758e-01
0.000000000000000000e+00 2.428387403488159180e-01
0.000000000000000000e+00 2.917347550392150879e-01
0.000000000000000000e+00 2.693189680576324463e-01
0.000000000000000000e+00 2.006939202547073364e-01
0.000000000000000000e+00 2.763297855854034424e-01
0.000000000000000000e+00 2.339050322771072388e-01
0.000000000000000000e+00 3.224024176597595215e-01
0.000000000000000000e+00 2.904024422168731689e-01
0.000000000000000000e+00 3.000892996788024902e-01
0.000000000000000000e+00 2.717563509941101074e-01
0.000000000000000000e+00 2.330221682786941528e-01
0.000000000000000000e+00 2.276057451963424683e-01
0.000000000000000000e+00 2.440178692340850830e-01
0.000000000000000000e+00 1.953139007091522217e-01
0.000000000000000000e+00 1.208078637719154358e-01
0.000000000000000000e+00 9.922216087579727173e-02
0.000000000000000000e+00 8.925770968198776245e-02
0.000000000000000000e+00 9.516139328479766846e-02
0.000000000000000000e+00 1.109666824340820312e-01
0.000000000000000000e+00 1.187758222222328186e-01
0.000000000000000000e+00 1.238037422299385071e-01
0.000000000000000000e+00 1.188597828149795532e-01
0.000000000000000000e+00 1.112118661403656006e-01
0.000000000000000000e+00 1.038023158907890320e-01
0.000000000000000000e+00 1.091553047299385071e-01
0.000000000000000000e+00 1.786777675151824951e-01
0.000000000000000000e+00 2.057997435331344604e-01
0.000000000000000000e+00 4.002458453178405762e-01
0.000000000000000000e+00 5.496476292610168457e-01
0.000000000000000000e+00 7.230422496795654297e-01
0.000000000000000000e+00 8.098611235618591309e-01
0.000000000000000000e+00 9.104644656181335449e-01
0.000000000000000000e+00 9.301773309707641602e-01
0.000000000000000000e+00 9.366484880447387695e-01
0.000000000000000000e+00 9.463548064231872559e-01
0.000000000000000000e+00 9.450423717498779297e-01
0.000000000000000000e+00 9.269119501113891602e-01
0.000000000000000000e+00 9.014460444450378418e-01
0.000000000000000000e+00 9.277195334434509277e-01
0.000000000000000000e+00 9.221457839012145996e-01
0.000000000000000000e+00 9.045215845108032227e-01
0.000000000000000000e+00 9.249634146690368652e-01
0.000000000000000000e+00 9.335910677909851074e-01
0.000000000000000000e+00 9.176654815673828125e-01
1.000000000000000000e+00 9.332950711250305176e-01
1.000000000000000000e+00 9.121389389038085938e-01
1.000000000000000000e+00 8.937646746635437012e-01
1.000000000000000000e+00 9.205784201622009277e-01
1.000000000000000000e+00 8.593329191207885742e-01
1.000000000000000000e+00 8.224692940711975098e-01
1.000000000000000000e+00 5.809187889099121094e-01
0.000000000000000000e+00 4.355094134807586670e-01
1.000000000000000000e+00 3.799754381179809570e-01
1.000000000000000000e+00 1.489363312721252441e-01
1.000000000000000000e+00 8.757456392049789429e-02
1.000000000000000000e+00 5.642436072230339050e-02
0.000000000000000000e+00 4.220438376069068909e-02
0.000000000000000000e+00 2.308105863630771637e-02
0.000000000000000000e+00 1.782798580825328827e-02
0.000000000000000000e+00 1.522799860686063766e-02
0.000000000000000000e+00 8.765915408730506897e-03
0.000000000000000000e+00 8.159752003848552704e-03
0.000000000000000000e+00 7.027290761470794678e-03
0.000000000000000000e+00 1.217414904385805130e-02
0.000000000000000000e+00 1.197863649576902390e-02
0.000000000000000000e+00 1.413942594081163406e-02
0.000000000000000000e+00 2.254815213382244110e-02
0.000000000000000000e+00 2.862313762307167053e-02
0.000000000000000000e+00 3.054077550768852234e-02
0.000000000000000000e+00 4.593773558735847473e-02
0.000000000000000000e+00 5.490345880389213562e-02
0.000000000000000000e+00 5.598669126629829407e-02
0.000000000000000000e+00 8.580229431390762329e-02
0.000000000000000000e+00 1.165393367409706116e-01
0.000000000000000000e+00 1.551369279623031616e-01
0.000000000000000000e+00 1.899180710315704346e-01
0.000000000000000000e+00 1.682561188936233521e-01
0.000000000000000000e+00 1.373957097530364990e-01
0.000000000000000000e+00 1.229210719466209412e-01
0.000000000000000000e+00 1.163570508360862732e-01
0.000000000000000000e+00 7.408703863620758057e-02
0.000000000000000000e+00 5.268496647477149963e-02
0.000000000000000000e+00 4.576243460178375244e-02
0.000000000000000000e+00 3.169186413288116455e-02
0.000000000000000000e+00 3.340944647789001465e-02
0.000000000000000000e+00 2.361063100397586823e-02
0.000000000000000000e+00 2.980372123420238495e-02
0.000000000000000000e+00 2.663859911262989044e-02
0.000000000000000000e+00 3.196116536855697632e-02
0.000000000000000000e+00 4.109647125005722046e-02
0.000000000000000000e+00 3.098859265446662903e-02
0.000000000000000000e+00 3.152427449822425842e-02
0.000000000000000000e+00 3.710042685270309448e-02
0.000000000000000000e+00 4.999788478016853333e-02
0.000000000000000000e+00 3.840887174010276794e-02
0.000000000000000000e+00 3.143412992358207703e-02
0.000000000000000000e+00 4.210515692830085754e-02
0.000000000000000000e+00 3.683387115597724915e-02
0.000000000000000000e+00 4.555279389023780823e-02
0.000000000000000000e+00 6.411857157945632935e-02
0.000000000000000000e+00 8.283142745494842529e-02
0.000000000000000000e+00 1.234010532498359680e-01
0.000000000000000000e+00 1.555380523204803467e-01
0.000000000000000000e+00 2.026184499263763428e-01
0.000000000000000000e+00 1.963049173355102539e-01
0.000000000000000000e+00 3.556011915206909180e-01
0.000000000000000000e+00 3.427893519401550293e-01
0.000000000000000000e+00 3.482351899147033691e-01
1.000000000000000000e+00 4.549190998077392578e-01
1.000000000000000000e+00 3.920164108276367188e-01
1.000000000000000000e+00 3.619263768196105957e-01
0.000000000000000000e+00 4.724179208278656006e-01
1.000000000000000000e+00 6.602418422698974609e-01
1.000000000000000000e+00 6.786314249038696289e-01
1.000000000000000000e+00 6.456885933876037598e-01
1.000000000000000000e+00 6.203877925872802734e-01
1.000000000000000000e+00 5.023248791694641113e-01
0.000000000000000000e+00 3.933525383472442627e-01
0.000000000000000000e+00 2.653563916683197021e-01
1.000000000000000000e+00 2.064029425382614136e-01
1.000000000000000000e+00 1.862560659646987915e-01
1.000000000000000000e+00 1.726830601692199707e-01
1.000000000000000000e+00 6.396878510713577271e-02
0.000000000000000000e+00 6.402820348739624023e-02
0.000000000000000000e+00 4.577363654971122742e-02
0.000000000000000000e+00 2.641170285642147064e-02
0.000000000000000000e+00 2.568395435810089111e-02
0.000000000000000000e+00 1.613680832087993622e-02
1.000000000000000000e+00 8.262503743171691895e-01
1.000000000000000000e+00 8.236252069473266602e-01
1.000000000000000000e+00 8.683503270149230957e-01
1.000000000000000000e+00 8.546832203865051270e-01
1.000000000000000000e+00 8.576845526695251465e-01
1.000000000000000000e+00 7.749320268630981445e-01
1.000000000000000000e+00 7.735096812248229980e-01
0.000000000000000000e+00 7.359939813613891602e-01
0.000000000000000000e+00 6.363117098808288574e-01
0.000000000000000000e+00 6.172696352005004883e-01
0.000000000000000000e+00 5.653441548347473145e-01
0.000000000000000000e+00 5.409766435623168945e-01
0.000000000000000000e+00 4.971080124378204346e-01
0.000000000000000000e+00 2.344912141561508179e-01
0.000000000000000000e+00 1.659072786569595337e-01
0.000000000000000000e+00 1.735258251428604126e-01
1.000000000000000000e+00 9.378258883953094482e-02
0.000000000000000000e+00 8.748245984315872192e-02
0.000000000000000000e+00 6.991811841726303101e-02
0.000000000000000000e+00 6.066760793328285217e-02
0.000000000000000000e+00 8.228908479213714600e-02
0.000000000000000000e+00 7.530958205461502075e-02
0.000000000000000000e+00 7.591941207647323608e-02
0.000000000000000000e+00 7.022640854120254517e-02
0.000000000000000000e+00 7.360104471445083618e-02
0.000000000000000000e+00 8.501384407281875610e-02
0.000000000000000000e+00 6.701418012380599976e-02
0.000000000000000000e+00 8.245011419057846069e-02
0.000000000000000000e+00 1.101515740156173706e-01
0.000000000000000000e+00 1.156363934278488159e-01
0.000000000000000000e+00 1.923869699239730835e-01
0.000000000000000000e+00 2.144426256418228149e-01
0.000000000000000000e+00 1.324381977319717407e-01
0.000000000000000000e+00 1.164628043770790100e-01
0.000000000000000000e+00 1.607335805892944336e-01
0.000000000000000000e+00 1.344535052776336670e-01
0.000000000000000000e+00 8.845089375972747803e-02
0.000000000000000000e+00 1.053520292043685913e-01
0.000000000000000000e+00 1.274650245904922485e-01
0.000000000000000000e+00 1.464544981718063354e-01
0.000000000000000000e+00 1.636903285980224609e-01
0.000000000000000000e+00 1.453972458839416504e-01
0.000000000000000000e+00 1.317327022552490234e-01
0.000000000000000000e+00 8.504696935415267944e-02
0.000000000000000000e+00 6.946030259132385254e-02
0.000000000000000000e+00 5.828860029578208923e-02
0.000000000000000000e+00 8.279064297676086426e-02
0.000000000000000000e+00 1.429807543754577637e-01
0.000000000000000000e+00 2.520355880260467529e-01
0.000000000000000000e+00 2.602788805961608887e-01
0.000000000000000000e+00 3.734483718872070312e-01
0.000000000000000000e+00 4.702227711677551270e-01
0.000000000000000000e+00 5.901417136192321777e-01
0.000000000000000000e+00 6.707549691200256348e-01
0.000000000000000000e+00 7.750259637832641602e-01
1.000000000000000000e+00 7.976830601692199707e-01
1.000000000000000000e+00 7.426913380622863770e-01
1.000000000000000000e+00 7.720509171485900879e-01
1.000000000000000000e+00 7.540314793586730957e-01
1.000000000000000000e+00 8.102359771728515625e-01
1.000000000000000000e+00 8.208100199699401855e-01
0.000000000000000000e+00 8.068237900733947754e-01
0.000000000000000000e+00 8.160665631294250488e-01
0.000000000000000000e+00 8.260394930839538574e-01
0.000000000000000000e+00 7.517189383506774902e-01
0.000000000000000000e+00 7.226545810699462891e-01
0.000000000000000000e+00 6.271502971649169922e-01
0.000000000000000000e+00 5.095493197441101074e-01
0.000000000000000000e+00 6.073305010795593262e-01
0.000000000000000000e+00 3.239628970623016357e-01
0.000000000000000000e+00 2.146766781806945801e-01
0.000000000000000000e+00 1.305955350399017334e-01
0.000000000000000000e+00 8.478789776563644409e-02
0.000000000000000000e+00 2.705509029328823090e-02
0.000000000000000000e+00 1.543841045349836349e-02
0.000000000000000000e+00 8.355676531791687012e-01
0.000000000000000000e+00 8.239926099777221680e-01
0.000000000000000000e+00 7.966230511665344238e-01
0.000000000000000000e+00 7.804217934608459473e-01
0.000000000000000000e+00 8.058285117149353027e-01
0.000000000000000000e+00 6.733741164207458496e-01
0.000000000000000000e+00 4.871773719787597656e-01
0.000000000000000000e+00 3.612101078033447266e-01
0.000000000000000000e+00 2.868706881999969482e-01
0.000000000000000000e+00 2.543461024761199951e-01
0.000000000000000000e+00 2.425671666860580444e-01
0.000000000000000000e+00 2.054538577795028687e-01
0.000000000000000000e+00 2.287962138652801514e-01
0.000000000000000000e+00 1.301527619361877441e-01
0.000000000000000000e+00 2.346637547016143799e-01
0.000000000000000000e+00 1.480915546417236328e-01
0.000000000000000000e+00 1.801116466522216797e-01
0.000000000000000000e+00 1.530816107988357544e-01
0.000000000000000000e+00 2.636013627052307129e-01
0.000000000000000000e+00 1.744535267353057861e-01
0.000000000000000000e+00 2.426912635564804077e-01
1.000000000000000000e+00 3.639151453971862793e-01
1.000000000000000000e+00 6.929389834403991699e-01
1.000000000000000000e+00 7.226036787033081055e-01
0.000000000000000000e+00 7.520990371704101562e-01
0.000000000000000000e+00 5.986304879188537598e-01
0.000000000000000000e+00 6.344429850578308105e-01
0.000000000000000000e+00 6.568571329116821289e-01
0.000000000000000000e+00 5.579500794410705566e-01
0.000000000000000000e+00 5.698439478874206543e-01
0.000000000000000000e+00 5.789806246757507324e-01
0.000000000000000000e+00 4.872604608535766602e-01
0.000000000000000000e+00 3.834303915500640869e-01
0.000000000000000000e+00 4.575897753238677979e-01
0.000000000000000000e+00 2.573832571506500244e-01
0.000000000000000000e+00 2.633237540721893311e-01
0.000000000000000000e+00 1.584254801273345947e-01
0.000000000000000000e+00 1.348021924495697021e-01
0.000000000000000000e+00 1.664122194051742554e-01
0.000000000000000000e+00 9.359126538038253784e-02
0.000000000000000000e+00 8.221818506717681885e-02
0.000000000000000000e+00 7.195847481489181519e-02
0.000000000000000000e+00 6.820147484540939331e-02
0.000000000000000000e+00 5.567505583167076111e-02
0.000000000000000000e+00 4.407224804162979126e-02
0.000000000000000000e+00 3.129195794463157654e-02
0.000000000000000000e+00 3.678404912352561951e-02
0.000000000000000000e+00 2.958548627793788910e-02
1.000000000000000000e+00 2.945945039391517639e-02
0.000000000000000000e+00 3.717558458447456360e-02
0.000000000000000000e+00 5.485867708921432495e-02
0.000000000000000000e+00 1.159163191914558411e-01
0.000000000000000000e+00 1.318022161722183228e-01
1.000000000000000000e+00 2.889445722103118896e-01
1.000000000000000000e+00 3.718042075634002686e-01
1.000000000000000000e+00 4.841936826705932617e-01
0.000000000000000000e+00 4.467708170413970947e-01
0.000000000000000000e+00 3.719074130058288574e-01
0.000000000000000000e+00 4.741185009479522705e-01
1.000000000000000000e+00 5.929265618324279785e-01
1.000000000000000000e+00 5.561404228210449219e-01
1.000000000000000000e+00 4.911026656627655029e-01
1.000000000000000000e+00 6.821939945220947266e-01
1.000000000000000000e+00 6.379153132438659668e-01
1.000000000000000000e+00 6.806062459945678711e-01
0.000000000000000000e+00 7.492852210998535156e-01
0.000000000000000000e+00 7.859951853752136230e-01
0.000000000000000000e+00 8.821032643318176270e-01
0.000000000000000000e+00 8.643703460693359375e-01
0.000000000000000000e+00 8.136649131774902344e-01
0.000000000000000000e+00 7.948527932167053223e-01
0.000000000000000000e+00 6.818821430206298828e-01
0.000000000000000000e+00 6.604686975479125977e-01
0.000000000000000000e+00 5.705081820487976074e-01
0.000000000000000000e+00 5.349776744842529297e-01
