0.000000000000000000e+00 1.153839156031608582e-01
0.000000000000000000e+00 1.185228750109672546e-01
0.000000000000000000e+00 1.162839010357856750e-01
0.000000000000000000e+00 1.157272085547447205e-01
0.000000000000000000e+00 1.222754567861557007e-01
0.000000000000000000e+00 1.239943280816078186e-01
0.000000000000000000e+00 1.205904856324195862e-01
0.000000000000000000e+00 1.123150363564491272e-01
0.000000000000000000e+00 1.209670230746269226e-01
0.000000000000000000e+00 1.306441724300384521e-01
0.000000000000000000e+00 1.187341585755348206e-01
0.000000000000000000e+00 1.215502098202705383e-01
0.000000000000000000e+00 1.218655332922935486e-01
0.000000000000000000e+00 1.317224651575088501e-01
0.000000000000000000e+00 1.240975931286811829e-01
0.000000000000000000e+00 1.213641539216041565e-01
0.000000000000000000e+00 1.281798481941223145e-01
0.000000000000000000e+00 1.294345408678054810e-01
0.000000000000000000e+00 1.136034503579139709e-01
0.000000000000000000e+00 1.183383464813232422e-01
0.000000000000000000e+00 1.187869906425476074e-01
0.000000000000000000e+00 1.243643164634704590e-01
0.000000000000000000e+00 1.234770193696022034e-01
0.000000000000000000e+00 1.218013316392898560e-01
0.000000000000000000e+00 1.238580271601676941e-01
1.000000000000000000e+00 1.189811080694198608e-01
1.000000000000000000e+00 1.133358255028724670e-01
1.000000000000000000e+00 1.124036386609077454e-01
1.000000000000000000e+00 1.110100895166397095e-01
1.000000000000000000e+00 1.082650944590568542e-01
1.000000000000000000e+00 9.288267046213150024e-02
0.000000000000000000e+00 8.248907327651977539e-02
0.000000000000000000e+00 7.993184775114059448e-02
0.000000000000000000e+00 7.167093455791473389e-02
0.000000000000000000e+00 6.117513030767440796e-02
0.000000000000000000e+00 5.479344353079795837e-02
0.000000000000000000e+00 5.219589546322822571e-02
0.000000000000000000e+00 4.326779022812843323e-02
0.000000000000000000e+00 4.332173615694046021e-02
0.000000000000000000e+00 3.601247072219848633e-02
0.000000000000000000e+00 3.271551430225372314e-02
0.000000000000000000e+00 3.145206347107887268e-02
0.000000000000000000e+00 2.824433147907257080e-02
0.000000000000000000e+00 2.767877653241157532e-02
0.000000000000000000e+00 2.431220933794975281e-02
0.000000000000000000e+00 4.668499241233803332e-05
0.000000000000000000e+00 3.155449667247012258e-05
0.000000000000000000e+00 2.281598426634445786e-05
0.000000000000000000e+00 1.445268117095110938e-05
0.000000000000000000e+00 8.818390597298275679e-06
0.000000000000000000e+00 8.196157978090923280e-06
0.000000000000000000e+00 5.139861968928016722e-06
0.000000000000000000e+00 5.344930741557618603e-06
0.000000000000000000e+00 5.543464794754981995e-06
0.000000000000000000e+00 5.009997494198614731e-06
0.000000000000000000e+00 5.121493813931010664e-06
0.000000000000000000e+00 6.046358066669199616e-06
0.000000000000000000e+00 5.317562226991867647e-06
0.000000000000000000e+00 5.715594397770473734e-06
0.000000000000000000e+00 5.127006261318456382e-06
0.000000000000000000e+00 6.049875992175657302e-06
0.000000000000000000e+00 4.461004209588281810e-06
0.000000000000000000e+00 5.158561634743819013e-06
0.000000000000000000e+00 4.772729880642145872e-06
0.000000000000000000e+00 6.113576546340482309e-06
0.000000000000000000e+00 5.910233085160143673e-06
0.000000000000000000e+00 4.412426278577186167e-06
0.000000000000000000e+00 5.802341092930873856e-06
0.000000000000000000e+00 4.781312782142776996e-06
0.000000000000000000e+00 5.510101345862494782e-06
0.000000000000000000e+00 5.567900643654866144e-06
0.000000000000000000e+00 5.293432877806480974e-06
0.000000000000000000e+00 6.379638307407731190e-06
0.000000000000000000e+00 5.919653631281107664e-06
0.000000000000000000e+00 5.761080956290243194e-06
0.000000000000000000e+00 5.914112534810556099e-06
0.000000000000000000e+00 7.403431482089217752e-06
0.000000000000000000e+00 7.553871910204179585e-06
0.000000000000000000e+00 7.018313226581085473e-06
0.000000000000000000e+00 6.407967248378554359e-06
0.000000000000000000e+00 7.483595254598185420e-06
0.000000000000000000e+00 8.648233233543578535e-06
0.000000000000000000e+00 8.739308213989716023e-06
0.000000000000000000e+00 1.023555796564323828e-05
0.000000000000000000e+00 1.038536720443516970e-05
0.000000000000000000e+00 1.010909727483522147e-05
0.000000000000000000e+00 1.194820015371078625e-05
0.000000000000000000e+00 1.030295607051812112e-05
0.000000000000000000e+00 1.484119911765446886e-05
0.000000000000000000e+00 1.415127826476236805e-05
0.000000000000000000e+00 5.481137428432703018e-03
0.000000000000000000e+00 4.583050496876239777e-03
0.000000000000000000e+00 3.339773742482066154e-03
0.000000000000000000e+00 3.120716195553541183e-03
0.000000000000000000e+00 2.180712064728140831e-03
0.000000000000000000e+00 2.119537442922592163e-03
0.000000000000000000e+00 1.478659571148455143e-03
0.000000000000000000e+00 1.165521680377423763e-03
0.000000000000000000e+00 1.116252387873828411e-03
0.000000000000000000e+00 1.176238758489489555e-03
0.000000000000000000e+00 1.143430010415613651e-03
0.000000000000000000e+00 1.086025033146142960e-03
0.000000000000000000e+00 1.055216183885931969e-03
0.000000000000000000e+00 1.048563164658844471e-03
0.000000000000000000e+00 1.146586495451629162e-03
0.000000000000000000e+00 1.128169824369251728e-03
0.000000000000000000e+00 1.225259853526949883e-03
0.000000000000000000e+00 1.231910311616957188e-03
0.000000000000000000e+00 1.357259228825569153e-03
0.000000000000000000e+00 1.281912205740809441e-03
0.000000000000000000e+00 1.399894827045500278e-03
0.000000000000000000e+00 1.763952546752989292e-03
0.000000000000000000e+00 1.686639967374503613e-03
0.000000000000000000e+00 1.608471036888659000e-03
0.000000000000000000e+00 1.555575290694832802e-03
0.000000000000000000e+00 1.679051900282502174e-03
0.000000000000000000e+00 1.720079570077359676e-03
0.000000000000000000e+00 1.952447462826967239e-03
0.000000000000000000e+00 2.061399165540933609e-03
0.000000000000000000e+00 2.180770970880985260e-03
0.000000000000000000e+00 2.223795279860496521e-03
0.000000000000000000e+00 2.031578682363033295e-03
0.000000000000000000e+00 2.552367513999342918e-03
0.000000000000000000e+00 2.427967032417654991e-03
0.000000000000000000e+00 2.648295834660530090e-03
0.000000000000000000e+00 2.826229436323046684e-03
0.000000000000000000e+00 3.013324458152055740e-03
0.000000000000000000e+00 3.159558167681097984e-03
0.000000000000000000e+00 3.393905004486441612e-03
0.000000000000000000e+00 3.219053614884614944e-03
0.000000000000000000e+00 3.097519977018237114e-03
0.000000000000000000e+00 3.220865735784173012e-03
0.000000000000000000e+00 3.414793871343135834e-03
0.000000000000000000e+00 3.570235799998044968e-03
0.000000000000000000e+00 3.721003420650959015e-03
0.000000000000000000e+00 2.269553020596504211e-02
0.000000000000000000e+00 1.505972817540168762e-02
0.000000000000000000e+00 1.042561139911413193e-02
0.000000000000000000e+00 7.950459606945514679e-03
0.000000000000000000e+00 5.901295691728591919e-03
0.000000000000000000e+00 5.516685545444488525e-03
0.000000000000000000e+00 4.296019207686185837e-03
0.000000000000000000e+00 3.438526997342705727e-03
0.000000000000000000e+00 2.801341237500309944e-03
0.000000000000000000e+00 2.449644263833761215e-03
0.000000000000000000e+00 1.947264769114553928e-03
0.000000000000000000e+00 1.731961616314947605e-03
0.000000000000000000e+00 1.495589734986424446e-03
0.000000000000000000e+00 1.378772780299186707e-03
0.000000000000000000e+00 1.090856385417282581e-03
0.000000000000000000e+00 9.269100846722722054e-04
0.000000000000000000e+00 7.855454459786415100e-04
0.000000000000000000e+00 6.693319301120936871e-04
0.000000000000000000e+00 6.773081258870661259e-04
0.000000000000000000e+00 5.765411187894642353e-04
0.000000000000000000e+00 5.654047126881778240e-04
0.000000000000000000e+00 5.689377430826425552e-04
0.000000000000000000e+00 5.418636137619614601e-04
0.000000000000000000e+00 5.626174388453364372e-04
0.000000000000000000e+00 5.594447720795869827e-04
0.000000000000000000e+00 5.298697506077587605e-04
0.000000000000000000e+00 5.347695550881326199e-04
0.000000000000000000e+00 5.598336574621498585e-04
0.000000000000000000e+00 6.019687280058860779e-04
0.000000000000000000e+00 5.614354158751666546e-04
0.000000000000000000e+00 6.256498163565993309e-04
0.000000000000000000e+00 5.887970328330993652e-04
0.000000000000000000e+00 6.465245387516915798e-04
0.000000000000000000e+00 6.424824823625385761e-04
0.000000000000000000e+00 6.020651198923587799e-04
0.000000000000000000e+00 7.071336731314659119e-04
0.000000000000000000e+00 8.350810967385768890e-04
0.000000000000000000e+00 9.052084642462432384e-04
0.000000000000000000e+00 9.378077229484915733e-04
0.000000000000000000e+00 1.025036559440195560e-03
0.000000000000000000e+00 1.109997276216745377e-03
0.000000000000000000e+00 1.038960530422627926e-03
0.000000000000000000e+00 1.163655659183859825e-03
0.000000000000000000e+00 1.252545043826103210e-03
0.000000000000000000e+00 1.460419269278645515e-03
0.000000000000000000e+00 2.227805525762960315e-04
0.000000000000000000e+00 2.139191637979820371e-04
0.000000000000000000e+00 1.443651271983981133e-04
0.000000000000000000e+00 1.568735751789063215e-04
0.000000000000000000e+00 1.443811052013188601e-04
0.000000000000000000e+00 1.229087647516280413e-04
0.000000000000000000e+00 1.079615103662945330e-04
0.000000000000000000e+00 1.235482195625081658e-04
0.000000000000000000e+00 1.223831786774098873e-04
0.000000000000000000e+00 1.350374368485063314e-04
0.000000000000000000e+00 1.244247687282040715e-04
0.000000000000000000e+00 9.473152022110298276e-05
0.000000000000000000e+00 1.273847447009757161e-04
0.000000000000000000e+00 1.020904310280457139e-04
0.000000000000000000e+00 1.068993879016488791e-04
0.000000000000000000e+00 1.219093755935318768e-04
0.000000000000000000e+00 1.102360038203187287e-04
0.000000000000000000e+00 1.346180652035400271e-04
0.000000000000000000e+00 1.445342786610126495e-04
0.000000000000000000e+00 1.208002140629105270e-04
0.000000000000000000e+00 1.300311996601521969e-04
0.000000000000000000e+00 1.474186865380033851e-04
0.000000000000000000e+00 1.445633533876389265e-04
0.000000000000000000e+00 1.179692480945959687e-04
0.000000000000000000e+00 1.343469775747507811e-04
0.000000000000000000e+00 1.257336261915042996e-04
0.000000000000000000e+00 1.344674528809264302e-04
0.000000000000000000e+00 1.563058904139325023e-04
0.000000000000000000e+00 1.356397260678932071e-04
0.000000000000000000e+00 1.667724718572571874e-04
0.000000000000000000e+00 1.398774038534611464e-04
0.000000000000000000e+00 1.593251945450901985e-04
0.000000000000000000e+00 1.636286033317446709e-04
0.000000000000000000e+00 1.607630401849746704e-04
0.000000000000000000e+00 1.439373736502602696e-04
0.000000000000000000e+00 1.558811054565012455e-04
0.000000000000000000e+00 1.510754955234006047e-04
0.000000000000000000e+00 1.372739789076149464e-04
0.000000000000000000e+00 1.683389709796756506e-04
0.000000000000000000e+00 1.620797993382439017e-04
0.000000000000000000e+00 1.434210134902969003e-04
0.000000000000000000e+00 1.365011266898363829e-04
0.000000000000000000e+00 1.400390319759026170e-04
0.000000000000000000e+00 1.403182541253045201e-04
0.000000000000000000e+00 1.637887471588328481e-04
0.000000000000000000e+00 3.645268036052584648e-03
0.000000000000000000e+00 2.860863227397203445e-03
0.000000000000000000e+00 2.353174611926078796e-03
0.000000000000000000e+00 1.920487266033887863e-03
0.000000000000000000e+00 1.684188726358115673e-03
0.000000000000000000e+00 1.428708899766206741e-03
0.000000000000000000e+00 1.252429909072816372e-03
0.000000000000000000e+00 1.051951549015939236e-03
0.000000000000000000e+00 1.308782724663615227e-03
0.000000000000000000e+00 1.248378772288560867e-03
0.000000000000000000e+00 1.192618045024573803e-03
0.000000000000000000e+00 1.378225395455956459e-03
0.000000000000000000e+00 1.497730496339499950e-03
0.000000000000000000e+00 1.404137350618839264e-03
0.000000000000000000e+00 1.386009738780558109e-03
0.000000000000000000e+00 1.575981616042554379e-03
0.000000000000000000e+00 2.032306743785738945e-03
0.000000000000000000e+00 1.926032360643148422e-03
0.000000000000000000e+00 1.721687498502433300e-03
0.000000000000000000e+00 2.144079655408859253e-03
0.000000000000000000e+00 2.271567471325397491e-03
0.000000000000000000e+00 2.162325195968151093e-03
0.000000000000000000e+00 2.160820411518216133e-03
0.000000000000000000e+00 2.490853890776634216e-03
0.000000000000000000e+00 2.554087201133370399e-03
0.000000000000000000e+00 3.181796986609697342e-03
0.000000000000000000e+00 3.034827066585421562e-03
0.000000000000000000e+00 2.928793197497725487e-03
0.000000000000000000e+00 3.112294012680649757e-03
0.000000000000000000e+00 3.683963790535926819e-03
0.000000000000000000e+00 3.754436504095792770e-03
0.000000000000000000e+00 4.189184401184320450e-03
0.000000000000000000e+00 4.369638860225677490e-03
0.000000000000000000e+00 4.406041000038385391e-03
0.000000000000000000e+00 4.232642240822315216e-03
0.000000000000000000e+00 5.359260831028223038e-03
0.000000000000000000e+00 5.792220123112201691e-03
0.000000000000000000e+00 5.228600930422544479e-03
0.000000000000000000e+00 5.497988779097795486e-03
0.000000000000000000e+00 4.802166949957609177e-03
0.000000000000000000e+00 4.909405950456857681e-03
0.000000000000000000e+00 5.993417464196681976e-03
0.000000000000000000e+00 5.332910921424627304e-03
0.000000000000000000e+00 5.716822575777769089e-03
0.000000000000000000e+00 5.207021255046129227e-03
0.000000000000000000e+00 8.864869475364685059e-01
0.000000000000000000e+00 9.025164842605590820e-01
0.000000000000000000e+00 9.041590690612792969e-01
0.000000000000000000e+00 9.066551923751831055e-01
0.000000000000000000e+00 9.086622595787048340e-01
0.000000000000000000e+00 9.133487939834594727e-01
0.000000000000000000e+00 9.124909639358520508e-01
0.000000000000000000e+00 9.146570563316345215e-01
0.000000000000000000e+00 9.097025990486145020e-01
0.000000000000000000e+00 9.070522785186767578e-01
0.000000000000000000e+00 9.087564349174499512e-01
0.000000000000000000e+00 9.076406359672546387e-01
0.000000000000000000e+00 9.033983945846557617e-01
0.000000000000000000e+00 9.093918800354003906e-01
0.000000000000000000e+00 9.119598269462585449e-01
0.000000000000000000e+00 9.142456650733947754e-01
0.000000000000000000e+00 9.180796742439270020e-01
0.000000000000000000e+00 9.199452400207519531e-01
0.000000000000000000e+00 9.196764230728149414e-01
0.000000000000000000e+00 9.278571605682373047e-01
0.000000000000000000e+00 9.229829311370849609e-01
0.000000000000000000e+00 9.313222765922546387e-01
0.000000000000000000e+00 9.303834438323974609e-01
0.000000000000000000e+00 9.355025887489318848e-01
0.000000000000000000e+00 9.337481856346130371e-01
0.000000000000000000e+00 9.296191334724426270e-01
0.000000000000000000e+00 9.314945936203002930e-01
0.000000000000000000e+00 9.293536543846130371e-01
0.000000000000000000e+00 9.314210414886474609e-01
0.000000000000000000e+00 9.378513693809509277e-01
0.000000000000000000e+00 9.361919760704040527e-01
0.000000000000000000e+00 9.328172206878662109e-01
0.000000000000000000e+00 9.387187957763671875e-01
0.000000000000000000e+00 9.358576536178588867e-01
0.000000000000000000e+00 9.346401095390319824e-01
0.000000000000000000e+00 9.332195520401000977e-01
0.000000000000000000e+00 9.342253208160400391e-01
0.000000000000000000e+00 9.346080422401428223e-01
0.000000000000000000e+00 9.229013919830322266e-01
0.000000000000000000e+00 9.200378656387329102e-01
0.000000000000000000e+00 9.022720456123352051e-01
0.000000000000000000e+00 8.974863290786743164e-01
0.000000000000000000e+00 8.851152658462524414e-01
0.000000000000000000e+00 8.594669699668884277e-01
0.000000000000000000e+00 8.450317382812500000e-01
0.000000000000000000e+00 5.657829642295837402e-01
1.000000000000000000e+00 5.455499291419982910e-01
0.000000000000000000e+00 5.292885303497314453e-01
0.000000000000000000e+00 5.012494921684265137e-01
0.000000000000000000e+00 4.798488318920135498e-01
0.000000000000000000e+00 4.504474401473999023e-01
0.000000000000000000e+00 4.279435575008392334e-01
0.000000000000000000e+00 4.129722714424133301e-01
0.000000000000000000e+00 3.863856494426727295e-01
0.000000000000000000e+00 3.634177148342132568e-01
0.000000000000000000e+00 3.351475596427917480e-01
0.000000000000000000e+00 3.153918385505676270e-01
0.000000000000000000e+00 3.101721107959747314e-01
0.000000000000000000e+00 2.769467830657958984e-01
0.000000000000000000e+00 2.566123604774475098e-01
0.000000000000000000e+00 2.418005913496017456e-01
0.000000000000000000e+00 2.272977232933044434e-01
0.000000000000000000e+00 1.940218955278396606e-01
0.000000000000000000e+00 1.805270314216613770e-01
0.000000000000000000e+00 1.584441661834716797e-01
0.000000000000000000e+00 1.543511599302291870e-01
0.000000000000000000e+00 1.430944204330444336e-01
0.000000000000000000e+00 1.236728429794311523e-01
0.000000000000000000e+00 1.259960383176803589e-01
0.000000000000000000e+00 1.094751060009002686e-01
0.000000000000000000e+00 1.014997139573097229e-01
0.000000000000000000e+00 9.064105898141860962e-02
0.000000000000000000e+00 8.866333216428756714e-02
0.000000000000000000e+00 8.931702375411987305e-02
0.000000000000000000e+00 7.465987652540206909e-02
0.000000000000000000e+00 6.507780402898788452e-02
0.000000000000000000e+00 5.540410056710243225e-02
0.000000000000000000e+00 5.710377916693687439e-02
0.000000000000000000e+00 4.620573669672012329e-02
0.000000000000000000e+00 4.347401484847068787e-02
0.000000000000000000e+00 4.383953288197517395e-02
0.000000000000000000e+00 3.702027723193168640e-02
0.000000000000000000e+00 3.425200283527374268e-02
0.000000000000000000e+00 3.429458662867546082e-02
0.000000000000000000e+00 3.408126160502433777e-02
0.000000000000000000e+00 3.075964562594890594e-02
0.000000000000000000e+00 2.957747131586074829e-02
0.000000000000000000e+00 2.918628230690956116e-02
0.000000000000000000e+00 3.184921666979789734e-02
0.000000000000000000e+00 3.230897337198257446e-02
