0.000000000000000000e+00 7.103569507598876953e-01
0.000000000000000000e+00 6.365969777107238770e-01
0.000000000000000000e+00 6.524009108543395996e-01
0.000000000000000000e+00 6.309317946434020996e-01
0.000000000000000000e+00 6.669885516166687012e-01
0.000000000000000000e+00 6.062207221984863281e-01
0.000000000000000000e+00 6.460657119750976562e-01
0.000000000000000000e+00 5.788452625274658203e-01
0.000000000000000000e+00 6.373462080955505371e-01
0.000000000000000000e+00 6.406614184379577637e-01
0.000000000000000000e+00 6.197311878204345703e-01
0.000000000000000000e+00 6.409962177276611328e-01
0.000000000000000000e+00 5.835554003715515137e-01
0.000000000000000000e+00 6.102414131164550781e-01
0.000000000000000000e+00 6.533480286598205566e-01
0.000000000000000000e+00 5.913900136947631836e-01
1.000000000000000000e+00 5.073016285896301270e-01
1.000000000000000000e+00 6.620246171951293945e-01
1.000000000000000000e+00 5.987565517425537109e-01
0.000000000000000000e+00 6.480908393859863281e-01
0.000000000000000000e+00 5.781232714653015137e-01
0.000000000000000000e+00 6.034651994705200195e-01
1.000000000000000000e+00 6.540936231613159180e-01
1.000000000000000000e+00 6.138084530830383301e-01
1.000000000000000000e+00 6.504262089729309082e-01
1.000000000000000000e+00 7.755652070045471191e-01
1.000000000000000000e+00 7.244712710380554199e-01
1.000000000000000000e+00 8.186711668968200684e-01
1.000000000000000000e+00 8.770732879638671875e-01
1.000000000000000000e+00 9.074681401252746582e-01
1.000000000000000000e+00 9.144619107246398926e-01
1.000000000000000000e+00 8.819314241409301758e-01
0.000000000000000000e+00 8.574578762054443359e-01
0.000000000000000000e+00 8.416860699653625488e-01
0.000000000000000000e+00 7.359254360198974609e-01
0.000000000000000000e+00 5.794299840927124023e-01
0.000000000000000000e+00 4.084588587284088135e-01
0.000000000000000000e+00 3.174677789211273193e-01
0.000000000000000000e+00 2.250153869390487671e-01
0.000000000000000000e+00 1.770696192979812622e-01
0.000000000000000000e+00 1.562296599149703979e-01
0.000000000000000000e+00 9.664814174175262451e-02
0.000000000000000000e+00 7.593832910060882568e-02
0.000000000000000000e+00 6.186462938785552979e-02
0.000000000000000000e+00 5.200397595763206482e-02
0.000000000000000000e+00 4.623586311936378479e-02
0.000000000000000000e+00 4.218209534883499146e-02
0.000000000000000000e+00 4.345160350203514099e-02
0.000000000000000000e+00 5.607227608561515808e-02
0.000000000000000000e+00 5.379514396190643311e-02
0.000000000000000000e+00 5.698790773749351501e-02
0.000000000000000000e+00 7.089401036500930786e-02
0.000000000000000000e+00 8.704935014247894287e-02
0.000000000000000000e+00 9.620469808578491211e-02
0.000000000000000000e+00 9.619172662496566772e-02
1.000000000000000000e+00 1.098061129450798035e-01
1.000000000000000000e+00 1.539291292428970337e-01
0.000000000000000000e+00 2.342535853385925293e-01
0.000000000000000000e+00 2.294895052909851074e-01
0.000000000000000000e+00 2.644864022731781006e-01
0.000000000000000000e+00 3.908241093158721924e-01
1.000000000000000000e+00 4.121697545051574707e-01
1.000000000000000000e+00 4.115001857280731201e-01
1.000000000000000000e+00 5.436115264892578125e-01
1.000000000000000000e+00 5.971941351890563965e-01
1.000000000000000000e+00 5.050351023674011230e-01
1.000000000000000000e+00 5.603330135345458984e-01
1.000000000000000000e+00 5.708206295967102051e-01
1.000000000000000000e+00 6.211583614349365234e-01
1.000000000000000000e+00 7.135080099105834961e-01
0.000000000000000000e+00 7.415556311607360840e-01
0.000000000000000000e+00 6.878273487091064453e-01
0.000000000000000000e+00 6.830367445945739746e-01
0.000000000000000000e+00 5.979827642440795898e-01
0.000000000000000000e+00 5.330686569213867188e-01
0.000000000000000000e+00 7.269331216812133789e-01
0.000000000000000000e+00 7.373323440551757812e-01
0.000000000000000000e+00 6.491227149963378906e-01
0.000000000000000000e+00 7.188688516616821289e-01
0.000000000000000000e+00 6.463923454284667969e-01
0.000000000000000000e+00 6.367989778518676758e-01
0.000000000000000000e+00 6.355355381965637207e-01
0.000000000000000000e+00 6.541846990585327148e-01
0.000000000000000000e+00 6.191671490669250488e-01
0.000000000000000000e+00 7.248575091361999512e-01
0.000000000000000000e+00 6.672294139862060547e-01
0.000000000000000000e+00 6.610619425773620605e-01
0.000000000000000000e+00 6.035153269767761230e-01
0.000000000000000000e+00 6.704919338226318359e-01
1.000000000000000000e+00 7.017030119895935059e-01
1.000000000000000000e+00 6.829711794853210449e-01
1.000000000000000000e+00 6.240336298942565918e-01
1.000000000000000000e+00 8.173883557319641113e-01
1.000000000000000000e+00 8.009654283523559570e-01
1.000000000000000000e+00 8.804399371147155762e-01
0.000000000000000000e+00 9.268323779106140137e-01
1.000000000000000000e+00 9.454053044319152832e-01
1.000000000000000000e+00 9.463514685630798340e-01
1.000000000000000000e+00 9.385896921157836914e-01
0.000000000000000000e+00 9.104319214820861816e-01
1.000000000000000000e+00 8.721589446067810059e-01
1.000000000000000000e+00 6.838492751121520996e-01
1.000000000000000000e+00 6.939560174942016602e-01
1.000000000000000000e+00 5.586132407188415527e-01
0.000000000000000000e+00 5.744132995605468750e-01
1.000000000000000000e+00 3.382602930068969727e-01
1.000000000000000000e+00 2.220476418733596802e-01
1.000000000000000000e+00 1.545390486717224121e-01
1.000000000000000000e+00 9.849040210247039795e-02
1.000000000000000000e+00 8.925433456897735596e-02
0.000000000000000000e+00 8.459723740816116333e-02
0.000000000000000000e+00 9.406308829784393311e-02
0.000000000000000000e+00 8.746813237667083740e-02
0.000000000000000000e+00 1.023957580327987671e-01
0.000000000000000000e+00 1.053066179156303406e-01
0.000000000000000000e+00 1.205188855528831482e-01
0.000000000000000000e+00 1.253507137298583984e-01
0.000000000000000000e+00 1.309402436017990112e-01
0.000000000000000000e+00 1.415020823478698730e-01
0.000000000000000000e+00 1.650147736072540283e-01
0.000000000000000000e+00 1.556293368339538574e-01
0.000000000000000000e+00 1.407774835824966431e-01
0.000000000000000000e+00 1.247528046369552612e-01
0.000000000000000000e+00 1.409011781215667725e-01
0.000000000000000000e+00 1.569322347640991211e-01
0.000000000000000000e+00 2.315911054611206055e-01
0.000000000000000000e+00 3.250554203987121582e-01
0.000000000000000000e+00 3.962142169475555420e-01
0.000000000000000000e+00 4.371126592159271240e-01
0.000000000000000000e+00 4.155909121036529541e-01
0.000000000000000000e+00 4.398605525493621826e-01
0.000000000000000000e+00 4.488642811775207520e-01
0.000000000000000000e+00 4.539333283901214600e-01
0.000000000000000000e+00 4.481100738048553467e-01
0.000000000000000000e+00 4.402753114700317383e-01
0.000000000000000000e+00 4.227178692817687988e-01
0.000000000000000000e+00 4.310528039932250977e-01
0.000000000000000000e+00 4.771052300930023193e-01
0.000000000000000000e+00 4.889903962612152100e-01
0.000000000000000000e+00 4.601106345653533936e-01
0.000000000000000000e+00 4.478991329669952393e-01
0.000000000000000000e+00 4.794201552867889404e-01
0.000000000000000000e+00 3.929753303527832031e-01
0.000000000000000000e+00 4.412405788898468018e-01
0.000000000000000000e+00 4.542174637317657471e-01
0.000000000000000000e+00 4.115744233131408691e-01
0.000000000000000000e+00 4.597199857234954834e-01
0.000000000000000000e+00 4.441116452217102051e-01
0.000000000000000000e+00 4.369250535964965820e-01
0.000000000000000000e+00 4.122824966907501221e-01
1.000000000000000000e+00 5.537793636322021484e-01
1.000000000000000000e+00 6.756401658058166504e-01
1.000000000000000000e+00 6.902710199356079102e-01
1.000000000000000000e+00 6.955081224441528320e-01
1.000000000000000000e+00 6.134814620018005371e-01
1.000000000000000000e+00 6.156919002532958984e-01
0.000000000000000000e+00 6.677158474922180176e-01
0.000000000000000000e+00 5.828718543052673340e-01
0.000000000000000000e+00 6.292008757591247559e-01
0.000000000000000000e+00 6.508135795593261719e-01
0.000000000000000000e+00 6.618816256523132324e-01
0.000000000000000000e+00 6.149641275405883789e-01
0.000000000000000000e+00 6.168559193611145020e-01
0.000000000000000000e+00 6.854191422462463379e-01
0.000000000000000000e+00 6.700018048286437988e-01
0.000000000000000000e+00 6.397312879562377930e-01
0.000000000000000000e+00 6.488274335861206055e-01
0.000000000000000000e+00 6.783553957939147949e-01
0.000000000000000000e+00 6.949167847633361816e-01
0.000000000000000000e+00 7.193421125411987305e-01
0.000000000000000000e+00 7.723043560981750488e-01
0.000000000000000000e+00 7.782487869262695312e-01
0.000000000000000000e+00 7.870718836784362793e-01
0.000000000000000000e+00 7.904582023620605469e-01
1.000000000000000000e+00 8.475056886672973633e-01
1.000000000000000000e+00 8.752090334892272949e-01
1.000000000000000000e+00 8.635003566741943359e-01
1.000000000000000000e+00 8.790853619575500488e-01
1.000000000000000000e+00 9.032664299011230469e-01
0.000000000000000000e+00 9.101110100746154785e-01
0.000000000000000000e+00 9.253097176551818848e-01
0.000000000000000000e+00 9.253709316253662109e-01
1.000000000000000000e+00 8.891064524650573730e-01
1.000000000000000000e+00 8.633669614791870117e-01
0.000000000000000000e+00 8.117752075195312500e-01
0.000000000000000000e+00 7.926119565963745117e-01
0.000000000000000000e+00 7.543429732322692871e-01
0.000000000000000000e+00 6.931843757629394531e-01
0.000000000000000000e+00 6.626290678977966309e-01
0.000000000000000000e+00 6.898053884506225586e-01
0.000000000000000000e+00 5.479717850685119629e-01
0.000000000000000000e+00 4.872885942459106445e-01
0.000000000000000000e+00 4.886656105518341064e-01
0.000000000000000000e+00 3.671795725822448730e-01
0.000000000000000000e+00 3.247687816619873047e-01
0.000000000000000000e+00 2.807911038398742676e-01
0.000000000000000000e+00 3.214999139308929443e-01
0.000000000000000000e+00 3.224514424800872803e-01
0.000000000000000000e+00 3.418020904064178467e-01
0.000000000000000000e+00 2.534864842891693115e-01
0.000000000000000000e+00 2.804469764232635498e-01
0.000000000000000000e+00 2.969288825988769531e-01
0.000000000000000000e+00 2.861333191394805908e-01
0.000000000000000000e+00 3.499872088432312012e-01
0.000000000000000000e+00 3.696965873241424561e-01
0.000000000000000000e+00 2.907618582248687744e-01
0.000000000000000000e+00 2.455203682184219360e-01
0.000000000000000000e+00 2.793080806732177734e-01
0.000000000000000000e+00 2.551663815975189209e-01
0.000000000000000000e+00 3.081973493099212646e-01
0.000000000000000000e+00 3.454269170761108398e-01
0.000000000000000000e+00 4.528356194496154785e-01
0.000000000000000000e+00 4.386518597602844238e-01
0.000000000000000000e+00 5.407617092132568359e-01
0.000000000000000000e+00 4.422131180763244629e-01
0.000000000000000000e+00 3.408053219318389893e-01
0.000000000000000000e+00 4.151464998722076416e-01
0.000000000000000000e+00 4.633797407150268555e-01
0.000000000000000000e+00 4.047795236110687256e-01
0.000000000000000000e+00 4.589223563671112061e-01
0.000000000000000000e+00 3.874496519565582275e-01
0.000000000000000000e+00 4.522625803947448730e-01
0.000000000000000000e+00 2.566571235656738281e-01
0.000000000000000000e+00 1.953452825546264648e-01
0.000000000000000000e+00 1.789244711399078369e-01
1.000000000000000000e+00 8.869237303733825684e-01
1.000000000000000000e+00 8.489812612533569336e-01
1.000000000000000000e+00 8.475237488746643066e-01
1.000000000000000000e+00 8.299992084503173828e-01
1.000000000000000000e+00 8.388724327087402344e-01
0.000000000000000000e+00 7.733367085456848145e-01
0.000000000000000000e+00 6.475508213043212891e-01
0.000000000000000000e+00 6.692442893981933594e-01
0.000000000000000000e+00 4.967466294765472412e-01
0.000000000000000000e+00 3.981524705886840820e-01
0.000000000000000000e+00 3.041618168354034424e-01
0.000000000000000000e+00 2.929569780826568604e-01
0.000000000000000000e+00 2.148963361978530884e-01
0.000000000000000000e+00 1.305695176124572754e-01
0.000000000000000000e+00 1.060396209359169006e-01
0.000000000000000000e+00 7.461984455585479736e-02
0.000000000000000000e+00 7.442568987607955933e-02
0.000000000000000000e+00 6.559910625219345093e-02
0.000000000000000000e+00 6.199985370039939880e-02
0.000000000000000000e+00 7.095031440258026123e-02
0.000000000000000000e+00 8.456026017665863037e-02
0.000000000000000000e+00 8.561473339796066284e-02
1.000000000000000000e+00 8.815866708755493164e-02
0.000000000000000000e+00 9.342002868652343750e-02
0.000000000000000000e+00 7.832752913236618042e-02
0.000000000000000000e+00 7.682087272405624390e-02
0.000000000000000000e+00 7.823067903518676758e-02
0.000000000000000000e+00 5.794227495789527893e-02
0.000000000000000000e+00 7.541420310735702515e-02
0.000000000000000000e+00 9.919857233762741089e-02
0.000000000000000000e+00 1.105148568749427795e-01
0.000000000000000000e+00 1.062471419572830200e-01
0.000000000000000000e+00 1.153023838996887207e-01
0.000000000000000000e+00 1.054277941584587097e-01
0.000000000000000000e+00 1.034099012613296509e-01
0.000000000000000000e+00 8.881761133670806885e-02
0.000000000000000000e+00 7.305238395929336548e-02
0.000000000000000000e+00 6.306765228509902954e-02
0.000000000000000000e+00 6.597641110420227051e-02
0.000000000000000000e+00 6.122372299432754517e-02
0.000000000000000000e+00 5.628200620412826538e-02
0.000000000000000000e+00 5.667104199528694153e-02
0.000000000000000000e+00 6.388016790151596069e-02
0.000000000000000000e+00 8.076836913824081421e-02
0.000000000000000000e+00 7.485349476337432861e-02
0.000000000000000000e+00 8.296506851911544800e-02
0.000000000000000000e+00 1.272953450679779053e-01
0.000000000000000000e+00 1.781198978424072266e-01
0.000000000000000000e+00 2.528498470783233643e-01
0.000000000000000000e+00 3.176778554916381836e-01
0.000000000000000000e+00 4.526269733905792236e-01
0.000000000000000000e+00 6.439250707626342773e-01
0.000000000000000000e+00 7.025011181831359863e-01
0.000000000000000000e+00 7.498375773429870605e-01
0.000000000000000000e+00 6.965742707252502441e-01
0.000000000000000000e+00 6.089130640029907227e-01
1.000000000000000000e+00 6.579909324645996094e-01
0.000000000000000000e+00 6.898786425590515137e-01
0.000000000000000000e+00 7.741988301277160645e-01
1.000000000000000000e+00 8.354836106300354004e-01
1.000000000000000000e+00 8.386172652244567871e-01
0.000000000000000000e+00 8.737511038780212402e-01
0.000000000000000000e+00 8.652984499931335449e-01
0.000000000000000000e+00 8.600206375122070312e-01
0.000000000000000000e+00 8.668915033340454102e-01
0.000000000000000000e+00 8.095506429672241211e-01
1.000000000000000000e+00 8.064833879470825195e-01
1.000000000000000000e+00 7.433197498321533203e-01
1.000000000000000000e+00 7.443236708641052246e-01
1.000000000000000000e+00 6.989146471023559570e-01
0.000000000000000000e+00 6.413518786430358887e-01
0.000000000000000000e+00 6.231135725975036621e-01
0.000000000000000000e+00 5.516518354415893555e-01
0.000000000000000000e+00 5.220807194709777832e-01
0.000000000000000000e+00 4.730694890022277832e-01
0.000000000000000000e+00 6.399143934249877930e-01
0.000000000000000000e+00 4.371891617774963379e-01
1.000000000000000000e+00 4.078585207462310791e-01
0.000000000000000000e+00 3.698891103267669678e-01
0.000000000000000000e+00 3.362580537796020508e-01
0.000000000000000000e+00 3.204161822795867920e-01
0.000000000000000000e+00 2.447130531072616577e-01
0.000000000000000000e+00 2.606508135795593262e-01
0.000000000000000000e+00 1.653417348861694336e-01
0.000000000000000000e+00 1.287872791290283203e-01
0.000000000000000000e+00 1.040928587317466736e-01
0.000000000000000000e+00 1.170873492956161499e-01
0.000000000000000000e+00 9.324081987142562866e-02
0.000000000000000000e+00 8.175944536924362183e-02
0.000000000000000000e+00 6.712846457958221436e-02
0.000000000000000000e+00 6.446316093206405640e-02
1.000000000000000000e+00 6.332543492317199707e-02
0.000000000000000000e+00 8.174489438533782959e-02
0.000000000000000000e+00 6.351936608552932739e-02
0.000000000000000000e+00 1.651094853878021240e-01
0.000000000000000000e+00 1.877770423889160156e-01
0.000000000000000000e+00 2.542953789234161377e-01
0.000000000000000000e+00 3.180494904518127441e-01
0.000000000000000000e+00 2.330253571271896362e-01
0.000000000000000000e+00 2.127890437841415405e-01
0.000000000000000000e+00 1.921312212944030762e-01
0.000000000000000000e+00 1.718235164880752563e-01
0.000000000000000000e+00 1.570915430784225464e-01
0.000000000000000000e+00 1.908971667289733887e-01
0.000000000000000000e+00 1.344722062349319458e-01
0.000000000000000000e+00 1.187754571437835693e-01
0.000000000000000000e+00 1.458391398191452026e-01
0.000000000000000000e+00 2.027090489864349365e-01
0.000000000000000000e+00 1.667143851518630981e-01
0.000000000000000000e+00 1.507232934236526489e-01
0.000000000000000000e+00 1.021148934960365295e-01
0.000000000000000000e+00 9.145624935626983643e-02
0.000000000000000000e+00 9.274912625551223755e-02
0.000000000000000000e+00 8.122332394123077393e-02
0.000000000000000000e+00 1.009117364883422852e-01
0.000000000000000000e+00 9.241023659706115723e-02
0.000000000000000000e+00 1.025350391864776611e-01
0.000000000000000000e+00 1.273543536663055420e-01
0.000000000000000000e+00 9.545466303825378418e-02
0.000000000000000000e+00 9.217765927314758301e-02
0.000000000000000000e+00 9.400659054517745972e-02
0.000000000000000000e+00 1.510801762342453003e-01
0.000000000000000000e+00 1.767735481262207031e-01
0.000000000000000000e+00 3.432699143886566162e-01
0.000000000000000000e+00 5.217979550361633301e-01
0.000000000000000000e+00 6.235971450805664062e-01
0.000000000000000000e+00 6.788176894187927246e-01
0.000000000000000000e+00 8.110043406486511230e-01
0.000000000000000000e+00 8.651188015937805176e-01
0.000000000000000000e+00 8.557666540145874023e-01
0.000000000000000000e+00 8.712629079818725586e-01
0.000000000000000000e+00 9.009650349617004395e-01
0.000000000000000000e+00 8.955715894699096680e-01
0.000000000000000000e+00 8.283279538154602051e-01
0.000000000000000000e+00 8.556832671165466309e-01
0.000000000000000000e+00 8.307064771652221680e-01
0.000000000000000000e+00 7.700068354606628418e-01
0.000000000000000000e+00 6.512514948844909668e-01
0.000000000000000000e+00 6.731843352317810059e-01
0.000000000000000000e+00 5.755622982978820801e-01
0.000000000000000000e+00 4.405684769153594971e-01
1.000000000000000000e+00 4.099998772144317627e-01
1.000000000000000000e+00 3.282465934753417969e-01
1.000000000000000000e+00 3.210248649120330811e-01
1.000000000000000000e+00 2.767677009105682373e-01
1.000000000000000000e+00 2.471343576908111572e-01
1.000000000000000000e+00 1.877152025699615479e-01
1.000000000000000000e+00 1.351698338985443115e-01
0.000000000000000000e+00 8.196828514337539673e-02
1.000000000000000000e+00 7.251162081956863403e-02
1.000000000000000000e+00 6.541274487972259521e-02
1.000000000000000000e+00 3.904124349355697632e-02
1.000000000000000000e+00 3.369544073939323425e-02
0.000000000000000000e+00 2.428093738853931427e-02
0.000000000000000000e+00 2.614737860858440399e-02
0.000000000000000000e+00 1.942125894129276276e-02
0.000000000000000000e+00 1.660151220858097076e-02
0.000000000000000000e+00 1.861834712326526642e-02
0.000000000000000000e+00 1.724039390683174133e-02
0.000000000000000000e+00 1.657029427587985992e-02
0.000000000000000000e+00 2.078739739954471588e-02
0.000000000000000000e+00 2.181212976574897766e-02
0.000000000000000000e+00 3.551109135150909424e-02
0.000000000000000000e+00 2.644926123321056366e-02
0.000000000000000000e+00 3.463907539844512939e-02
0.000000000000000000e+00 4.637125879526138306e-02
0.000000000000000000e+00 6.379115581512451172e-02
0.000000000000000000e+00 7.859494537115097046e-02
0.000000000000000000e+00 9.722949564456939697e-02
0.000000000000000000e+00 9.642248600721359253e-02
0.000000000000000000e+00 1.386726498603820801e-01
0.000000000000000000e+00 9.492227435111999512e-02
0.000000000000000000e+00 1.473655253648757935e-01
0.000000000000000000e+00 1.306580007076263428e-01
0.000000000000000000e+00 7.050715386867523193e-02
0.000000000000000000e+00 5.684661865234375000e-02
0.000000000000000000e+00 4.188508167862892151e-02
0.000000000000000000e+00 4.781744629144668579e-02
0.000000000000000000e+00 3.642323613166809082e-02
0.000000000000000000e+00 2.894294075667858124e-02
0.000000000000000000e+00 3.300663083791732788e-02
0.000000000000000000e+00 2.990485727787017822e-02
0.000000000000000000e+00 2.152021229267120361e-02
0.000000000000000000e+00 1.954412646591663361e-02
0.000000000000000000e+00 2.136839367449283600e-02
0.000000000000000000e+00 1.501384563744068146e-02
0.000000000000000000e+00 2.277125418186187744e-02
0.000000000000000000e+00 2.331636101007461548e-02
0.000000000000000000e+00 2.472322992980480194e-02
0.000000000000000000e+00 2.437520772218704224e-02
0.000000000000000000e+00 2.526658773422241211e-02
0.000000000000000000e+00 2.324209176003932953e-02
0.000000000000000000e+00 2.501666732132434845e-02
0.000000000000000000e+00 2.613182924687862396e-02
0.000000000000000000e+00 2.850300073623657227e-02
0.000000000000000000e+00 4.304350912570953369e-02
0.000000000000000000e+00 5.188489705324172974e-02
0.000000000000000000e+00 9.590031206607818604e-02
0.000000000000000000e+00 1.577314287424087524e-01
0.000000000000000000e+00 2.493145167827606201e-01
0.000000000000000000e+00 3.240987062454223633e-01
0.000000000000000000e+00 3.628748357295989990e-01
0.000000000000000000e+00 4.693422317504882812e-01
0.000000000000000000e+00 5.546104311943054199e-01
0.000000000000000000e+00 5.516245365142822266e-01
1.000000000000000000e+00 6.776955127716064453e-01
1.000000000000000000e+00 6.494954824447631836e-01
1.000000000000000000e+00 6.750223636627197266e-01
0.000000000000000000e+00 7.146645188331604004e-01
1.000000000000000000e+00 7.984353303909301758e-01
1.000000000000000000e+00 8.294063806533813477e-01
1.000000000000000000e+00 8.434569835662841797e-01
1.000000000000000000e+00 8.666732907295227051e-01
1.000000000000000000e+00 8.546509742736816406e-01
0.000000000000000000e+00 8.442681431770324707e-01
0.000000000000000000e+00 8.387251496315002441e-01
1.000000000000000000e+00 8.276543617248535156e-01
1.000000000000000000e+00 7.606751322746276855e-01
1.000000000000000000e+00 7.336682677268981934e-01
1.000000000000000000e+00 6.070775389671325684e-01
0.000000000000000000e+00 5.517995953559875488e-01
0.000000000000000000e+00 4.876876473426818848e-01
0.000000000000000000e+00 3.691129982471466064e-01
0.000000000000000000e+00 3.367528319358825684e-01
0.000000000000000000e+00 2.794972956180572510e-01
1.000000000000000000e+00 7.214977741241455078e-01
1.000000000000000000e+00 6.877995133399963379e-01
1.000000000000000000e+00 7.891858220100402832e-01
1.000000000000000000e+00 7.193443775177001953e-01
1.000000000000000000e+00 8.494395613670349121e-01
1.000000000000000000e+00 8.391129374504089355e-01
1.000000000000000000e+00 8.099358677864074707e-01
0.000000000000000000e+00 7.523623704910278320e-01
0.000000000000000000e+00 6.520268917083740234e-01
0.000000000000000000e+00 5.885226130485534668e-01
0.000000000000000000e+00 4.933784008026123047e-01
0.000000000000000000e+00 4.359582364559173584e-01
0.000000000000000000e+00 4.039303660392761230e-01
0.000000000000000000e+00 2.475045621395111084e-01
0.000000000000000000e+00 1.887423694133758545e-01
0.000000000000000000e+00 1.134510412812232971e-01
1.000000000000000000e+00 9.345959126949310303e-02
0.000000000000000000e+00 9.141939133405685425e-02
0.000000000000000000e+00 9.377051144838333130e-02
0.000000000000000000e+00 7.274044305086135864e-02
0.000000000000000000e+00 8.831261098384857178e-02
0.000000000000000000e+00 9.688688814640045166e-02
0.000000000000000000e+00 1.186969950795173645e-01
0.000000000000000000e+00 1.361002027988433838e-01
0.000000000000000000e+00 1.153396666049957275e-01
0.000000000000000000e+00 1.052805632352828979e-01
0.000000000000000000e+00 1.117439940571784973e-01
0.000000000000000000e+00 1.128768697381019592e-01
0.000000000000000000e+00 1.072908937931060791e-01
0.000000000000000000e+00 1.360480785369873047e-01
0.000000000000000000e+00 1.711272299289703369e-01
0.000000000000000000e+00 1.708335280418395996e-01
0.000000000000000000e+00 1.572710871696472168e-01
0.000000000000000000e+00 1.688272356986999512e-01
0.000000000000000000e+00 1.639382392168045044e-01
0.000000000000000000e+00 1.590546220541000366e-01
0.000000000000000000e+00 1.552044451236724854e-01
0.000000000000000000e+00 1.351795047521591187e-01
0.000000000000000000e+00 1.405875980854034424e-01
0.000000000000000000e+00 1.819147467613220215e-01
0.000000000000000000e+00 1.683528721332550049e-01
0.000000000000000000e+00 1.500932723283767700e-01
0.000000000000000000e+00 1.288784891366958618e-01
0.000000000000000000e+00 1.175056099891662598e-01
0.000000000000000000e+00 1.155655831098556519e-01
0.000000000000000000e+00 1.135389357805252075e-01
0.000000000000000000e+00 1.379849016666412354e-01
0.000000000000000000e+00 1.793638020753860474e-01
0.000000000000000000e+00 2.562336027622222900e-01
0.000000000000000000e+00 3.555669188499450684e-01
0.000000000000000000e+00 3.793295025825500488e-01
0.000000000000000000e+00 4.885738492012023926e-01
0.000000000000000000e+00 6.612051725387573242e-01
0.000000000000000000e+00 6.748994588851928711e-01
0.000000000000000000e+00 7.015866041183471680e-01
1.000000000000000000e+00 7.763503789901733398e-01
1.000000000000000000e+00 7.111282944679260254e-01
1.000000000000000000e+00 7.236689329147338867e-01
1.000000000000000000e+00 7.451940774917602539e-01
1.000000000000000000e+00 7.774996161460876465e-01
1.000000000000000000e+00 7.735777497291564941e-01
0.000000000000000000e+00 7.914273738861083984e-01
0.000000000000000000e+00 8.112932443618774414e-01
0.000000000000000000e+00 8.037742972373962402e-01
0.000000000000000000e+00 7.869940996170043945e-01
0.000000000000000000e+00 7.270097136497497559e-01
0.000000000000000000e+00 7.256990075111389160e-01
0.000000000000000000e+00 6.372806429862976074e-01
0.000000000000000000e+00 6.003131866455078125e-01
0.000000000000000000e+00 5.047997832298278809e-01
0.000000000000000000e+00 5.016280412673950195e-01
0.000000000000000000e+00 4.431046247482299805e-01
0.000000000000000000e+00 3.791362643241882324e-01
0.000000000000000000e+00 2.683200538158416748e-01
0.000000000000000000e+00 2.147386223077774048e-01
0.000000000000000000e+00 7.159255146980285645e-01
0.000000000000000000e+00 6.746711134910583496e-01
0.000000000000000000e+00 7.036879062652587891e-01
0.000000000000000000e+00 5.559223890304565430e-01
0.000000000000000000e+00 7.042829990386962891e-01
0.000000000000000000e+00 5.459424853324890137e-01
0.000000000000000000e+00 4.698324799537658691e-01
0.000000000000000000e+00 4.172454476356506348e-01
0.000000000000000000e+00 3.720971941947937012e-01
0.000000000000000000e+00 2.429166287183761597e-01
0.000000000000000000e+00 1.951519399881362915e-01
0.000000000000000000e+00 1.895819008350372314e-01
0.000000000000000000e+00 1.389229893684387207e-01
0.000000000000000000e+00 1.311792135238647461e-01
0.000000000000000000e+00 1.406306326389312744e-01
0.000000000000000000e+00 1.155507564544677734e-01
0.000000000000000000e+00 1.142859905958175659e-01
0.000000000000000000e+00 9.717682749032974243e-02
0.000000000000000000e+00 9.986674040555953979e-02
0.000000000000000000e+00 9.944298863410949707e-02
0.000000000000000000e+00 9.974712878465652466e-02
1.000000000000000000e+00 1.092029586434364319e-01
1.000000000000000000e+00 1.413282603025436401e-01
1.000000000000000000e+00 1.416210383176803589e-01
0.000000000000000000e+00 1.396915763616561890e-01
0.000000000000000000e+00 1.456287652254104614e-01
0.000000000000000000e+00 1.574628949165344238e-01
0.000000000000000000e+00 2.265864908695220947e-01
0.000000000000000000e+00 2.525061070919036865e-01
0.000000000000000000e+00 2.380359321832656860e-01
0.000000000000000000e+00 2.472384870052337646e-01
0.000000000000000000e+00 1.965395361185073853e-01
0.000000000000000000e+00 2.233614921569824219e-01
0.000000000000000000e+00 2.541341781616210938e-01
0.000000000000000000e+00 2.163435816764831543e-01
0.000000000000000000e+00 1.701873242855072021e-01
0.000000000000000000e+00 1.535005718469619751e-01
0.000000000000000000e+00 1.654855012893676758e-01
0.000000000000000000e+00 1.470559835433959961e-01
0.000000000000000000e+00 1.402067244052886963e-01
0.000000000000000000e+00 1.395379453897476196e-01
0.000000000000000000e+00 1.452029496431350708e-01
0.000000000000000000e+00 1.476315557956695557e-01
0.000000000000000000e+00 1.448551118373870850e-01
0.000000000000000000e+00 1.281458735466003418e-01
0.000000000000000000e+00 1.151796579360961914e-01
0.000000000000000000e+00 1.172493547201156616e-01
0.000000000000000000e+00 1.105832383036613464e-01
1.000000000000000000e+00 1.077511236071586609e-01
0.000000000000000000e+00 1.152077466249465942e-01
0.000000000000000000e+00 1.354859620332717896e-01
0.000000000000000000e+00 1.922357529401779175e-01
0.000000000000000000e+00 2.268610894680023193e-01
1.000000000000000000e+00 2.933452129364013672e-01
1.000000000000000000e+00 3.283450305461883545e-01
1.000000000000000000e+00 3.097943663597106934e-01
0.000000000000000000e+00 3.194299340248107910e-01
0.000000000000000000e+00 3.436841368675231934e-01
0.000000000000000000e+00 3.126129806041717529e-01
1.000000000000000000e+00 3.272004127502441406e-01
1.000000000000000000e+00 3.867469429969787598e-01
1.000000000000000000e+00 4.610764384269714355e-01
1.000000000000000000e+00 5.465765595436096191e-01
1.000000000000000000e+00 5.242667198181152344e-01
1.000000000000000000e+00 5.000553131103515625e-01
0.000000000000000000e+00 5.677950382232666016e-01
0.000000000000000000e+00 7.417796850204467773e-01
0.000000000000000000e+00 7.494134306907653809e-01
0.000000000000000000e+00 8.121482729911804199e-01
0.000000000000000000e+00 7.936403155326843262e-01
0.000000000000000000e+00 7.734940648078918457e-01
0.000000000000000000e+00 7.659409046173095703e-01
0.000000000000000000e+00 7.186696529388427734e-01
0.000000000000000000e+00 5.730614066123962402e-01
0.000000000000000000e+00 5.386546850204467773e-01
