0.000000000000000000e+00 1.204214468598365784e-01
0.000000000000000000e+00 9.136090427637100220e-02
0.000000000000000000e+00 1.830940097570419312e-01
0.000000000000000000e+00 4.297770932316780090e-02
0.000000000000000000e+00 1.188538819551467896e-01
0.000000000000000000e+00 9.253382682800292969e-02
0.000000000000000000e+00 3.441919013857841492e-02
0.000000000000000000e+00 1.960502751171588898e-02
0.000000000000000000e+00 1.937533728778362274e-02
0.000000000000000000e+00 1.909714564681053162e-02
0.000000000000000000e+00 4.188128281384706497e-03
0.000000000000000000e+00 2.647194080054759979e-03
0.000000000000000000e+00 1.734151132404804230e-02
0.000000000000000000e+00 1.362303923815488815e-02
0.000000000000000000e+00 9.637383744120597839e-03
0.000000000000000000e+00 3.440733300521969795e-03
0.000000000000000000e+00 4.304054658859968185e-03
0.000000000000000000e+00 8.296245709061622620e-03
0.000000000000000000e+00 1.268329750746488571e-02
0.000000000000000000e+00 8.122012019157409668e-03
0.000000000000000000e+00 2.350227348506450653e-02
0.000000000000000000e+00 1.124494336545467377e-02
0.000000000000000000e+00 2.223714999854564667e-02
1.000000000000000000e+00 9.907883405685424805e-02
1.000000000000000000e+00 2.769906073808670044e-02
1.000000000000000000e+00 8.086296170949935913e-02
1.000000000000000000e+00 8.504376560449600220e-02
1.000000000000000000e+00 4.065613821148872375e-02
1.000000000000000000e+00 3.645084425806999207e-02
1.000000000000000000e+00 1.550221443176269531e-02
1.000000000000000000e+00 6.147285457700490952e-03
0.000000000000000000e+00 1.623255317099392414e-03
0.000000000000000000e+00 5.565610481426119804e-04
0.000000000000000000e+00 2.689896500669419765e-04
0.000000000000000000e+00 8.494013309245929122e-05
0.000000000000000000e+00 2.287702518515288830e-04
0.000000000000000000e+00 1.140324238804168999e-04
0.000000000000000000e+00 3.442509114393033087e-05
0.000000000000000000e+00 5.238283483777195215e-05
0.000000000000000000e+00 2.906749614339787513e-05
0.000000000000000000e+00 1.469572544010588899e-05
0.000000000000000000e+00 1.187792076962068677e-05
0.000000000000000000e+00 1.326041729043936357e-05
0.000000000000000000e+00 7.660134542675223202e-06
0.000000000000000000e+00 4.716132480098167434e-06
0.000000000000000000e+00 5.768860319221857935e-06
0.000000000000000000e+00 4.743516456073848531e-06
0.000000000000000000e+00 7.946089681354351342e-06
0.000000000000000000e+00 1.274868009204510599e-05
0.000000000000000000e+00 1.457203507015947253e-05
0.000000000000000000e+00 5.043111741542816162e-05
0.000000000000000000e+00 4.214669388602487743e-05
0.000000000000000000e+00 2.707201347220689058e-04
0.000000000000000000e+00 5.659754388034343719e-04
0.000000000000000000e+00 1.592251355759799480e-03
0.000000000000000000e+00 1.766658853739500046e-03
0.000000000000000000e+00 3.699691034853458405e-03
0.000000000000000000e+00 1.205976027995347977e-02
0.000000000000000000e+00 4.332117363810539246e-02
0.000000000000000000e+00 6.740195304155349731e-02
0.000000000000000000e+00 5.489325523376464844e-02
0.000000000000000000e+00 6.747737526893615723e-02
0.000000000000000000e+00 1.352399885654449463e-01
0.000000000000000000e+00 2.278309315443038940e-01
0.000000000000000000e+00 3.879404962062835693e-01
0.000000000000000000e+00 3.720458149909973145e-01
0.000000000000000000e+00 5.427048802375793457e-01
0.000000000000000000e+00 5.278290510177612305e-01
0.000000000000000000e+00 5.124879479408264160e-01
0.000000000000000000e+00 5.550500154495239258e-01
0.000000000000000000e+00 5.530803799629211426e-01
0.000000000000000000e+00 5.099151730537414551e-01
0.000000000000000000e+00 4.199516475200653076e-01
0.000000000000000000e+00 1.667757630348205566e-01
0.000000000000000000e+00 2.077744007110595703e-01
0.000000000000000000e+00 4.940585792064666748e-01
0.000000000000000000e+00 2.682635486125946045e-01
0.000000000000000000e+00 6.289249062538146973e-01
0.000000000000000000e+00 4.151949584484100342e-01
0.000000000000000000e+00 5.031895637512207031e-01
0.000000000000000000e+00 7.288391590118408203e-01
0.000000000000000000e+00 8.314633369445800781e-01
0.000000000000000000e+00 8.101302385330200195e-01
0.000000000000000000e+00 7.922931909561157227e-01
0.000000000000000000e+00 6.071230769157409668e-01
0.000000000000000000e+00 7.599812150001525879e-01
0.000000000000000000e+00 6.704854965209960938e-01
0.000000000000000000e+00 8.138098716735839844e-01
0.000000000000000000e+00 9.219552278518676758e-01
0.000000000000000000e+00 8.605887889862060547e-01
1.000000000000000000e+00 7.120758891105651855e-01
1.000000000000000000e+00 8.588266372680664062e-01
1.000000000000000000e+00 7.661381959915161133e-01
1.000000000000000000e+00 8.323935866355895996e-01
0.000000000000000000e+00 7.584074139595031738e-01
0.000000000000000000e+00 7.232469320297241211e-01
0.000000000000000000e+00 7.272419929504394531e-01
0.000000000000000000e+00 6.689368486404418945e-01
0.000000000000000000e+00 5.781763792037963867e-01
0.000000000000000000e+00 4.700997769832611084e-01
0.000000000000000000e+00 3.865968883037567139e-01
0.000000000000000000e+00 3.223933577537536621e-01
0.000000000000000000e+00 1.763657629489898682e-01
0.000000000000000000e+00 3.634325787425041199e-02
0.000000000000000000e+00 5.063631013035774231e-02
0.000000000000000000e+00 2.486764453351497650e-02
0.000000000000000000e+00 1.726131513714790344e-02
1.000000000000000000e+00 5.493193399161100388e-03
1.000000000000000000e+00 3.443543566390872002e-03
0.000000000000000000e+00 3.584293648600578308e-03
0.000000000000000000e+00 2.693251939490437508e-03
0.000000000000000000e+00 2.552318852394819260e-03
0.000000000000000000e+00 1.642190152779221535e-03
0.000000000000000000e+00 9.076327551156282425e-04
0.000000000000000000e+00 1.248859218321740627e-03
0.000000000000000000e+00 9.456713451072573662e-04
0.000000000000000000e+00 1.029690611176192760e-03
0.000000000000000000e+00 1.199222751893103123e-03
0.000000000000000000e+00 1.564233913086354733e-03
0.000000000000000000e+00 1.797241275198757648e-03
0.000000000000000000e+00 1.247431384399533272e-03
0.000000000000000000e+00 6.255860789678990841e-04
0.000000000000000000e+00 1.084114308468997478e-03
0.000000000000000000e+00 1.337857102043926716e-03
0.000000000000000000e+00 3.088978352025151253e-03
0.000000000000000000e+00 7.461589761078357697e-03
0.000000000000000000e+00 7.657786365598440170e-03
0.000000000000000000e+00 1.376761868596076965e-02
0.000000000000000000e+00 1.936590671539306641e-02
0.000000000000000000e+00 2.279768511652946472e-02
0.000000000000000000e+00 2.086107619106769562e-02
0.000000000000000000e+00 2.372765354812145233e-02
0.000000000000000000e+00 3.498684987425804138e-02
0.000000000000000000e+00 1.185424905270338058e-02
0.000000000000000000e+00 2.493741177022457123e-02
0.000000000000000000e+00 2.617423795163631439e-02
0.000000000000000000e+00 3.654920309782028198e-02
0.000000000000000000e+00 3.693507611751556396e-02
0.000000000000000000e+00 2.743155136704444885e-02
0.000000000000000000e+00 2.905792184174060822e-02
0.000000000000000000e+00 2.979328483343124390e-02
0.000000000000000000e+00 5.550059303641319275e-02
0.000000000000000000e+00 2.868448384106159210e-02
0.000000000000000000e+00 4.278399795293807983e-02
0.000000000000000000e+00 8.286600559949874878e-02
0.000000000000000000e+00 1.048284918069839478e-01
0.000000000000000000e+00 9.178346395492553711e-02
0.000000000000000000e+00 8.062732964754104614e-02
0.000000000000000000e+00 1.317716985940933228e-01
0.000000000000000000e+00 1.948914229869842529e-01
1.000000000000000000e+00 6.978236436843872070e-01
1.000000000000000000e+00 3.483891189098358154e-01
1.000000000000000000e+00 2.668826580047607422e-01
1.000000000000000000e+00 1.452206224203109741e-01
1.000000000000000000e+00 1.960894651710987091e-02
0.000000000000000000e+00 7.789059076458215714e-03
0.000000000000000000e+00 2.507249126210808754e-03
0.000000000000000000e+00 2.317954087629914284e-03
0.000000000000000000e+00 1.155001576989889145e-03
0.000000000000000000e+00 6.074274424463510513e-04
0.000000000000000000e+00 2.421857207082211971e-04
0.000000000000000000e+00 1.661361893638968468e-04
0.000000000000000000e+00 1.629160396987572312e-04
0.000000000000000000e+00 9.132106060860678554e-05
0.000000000000000000e+00 4.395849100546911359e-05
0.000000000000000000e+00 3.190069401171058416e-05
0.000000000000000000e+00 3.908701910404488444e-05
0.000000000000000000e+00 2.741367279668338597e-05
0.000000000000000000e+00 3.238243516534566879e-05
0.000000000000000000e+00 2.566104194556828588e-05
0.000000000000000000e+00 1.743814755172934383e-05
0.000000000000000000e+00 2.576464612502604723e-05
0.000000000000000000e+00 2.493981810403056443e-05
0.000000000000000000e+00 3.157975515932776034e-05
0.000000000000000000e+00 4.973592513124458492e-05
0.000000000000000000e+00 4.445055674295872450e-05
1.000000000000000000e+00 9.094398410525172949e-05
1.000000000000000000e+00 1.435954764019697905e-04
0.000000000000000000e+00 2.494545478839427233e-04
0.000000000000000000e+00 1.091103767976164818e-03
0.000000000000000000e+00 1.633796608075499535e-03
0.000000000000000000e+00 2.431758213788270950e-03
0.000000000000000000e+00 4.861831199377775192e-03
0.000000000000000000e+00 3.851596498861908913e-03
0.000000000000000000e+00 2.623757114633917809e-03
0.000000000000000000e+00 1.443257555365562439e-03
0.000000000000000000e+00 2.303961897268891335e-03
0.000000000000000000e+00 2.073819516226649284e-03
0.000000000000000000e+00 1.191354822367429733e-03
0.000000000000000000e+00 1.204953063279390335e-03
0.000000000000000000e+00 1.350616570562124252e-03
0.000000000000000000e+00 5.797020858153700829e-04
0.000000000000000000e+00 8.113733492791652679e-04
0.000000000000000000e+00 6.067375070415437222e-04
0.000000000000000000e+00 8.654613047838211060e-04
0.000000000000000000e+00 5.927757592871785164e-04
0.000000000000000000e+00 7.075300673022866249e-04
0.000000000000000000e+00 8.437435026280581951e-04
0.000000000000000000e+00 6.565111107192933559e-04
0.000000000000000000e+00 8.645616471767425537e-04
0.000000000000000000e+00 7.163357804529368877e-04
0.000000000000000000e+00 6.091078394092619419e-04
0.000000000000000000e+00 7.159975939430296421e-04
0.000000000000000000e+00 1.864196732640266418e-03
0.000000000000000000e+00 1.322675962001085281e-03
0.000000000000000000e+00 2.071821363642811775e-03
0.000000000000000000e+00 3.090505953878164291e-03
0.000000000000000000e+00 2.287837211042642593e-03
0.000000000000000000e+00 2.628971822559833527e-03
0.000000000000000000e+00 2.469334518536925316e-03
0.000000000000000000e+00 3.906828816980123520e-03
0.000000000000000000e+00 2.807826502248644829e-03
0.000000000000000000e+00 3.005117177963256836e-03
0.000000000000000000e+00 4.167268984019756317e-03
0.000000000000000000e+00 2.668230794370174408e-03
0.000000000000000000e+00 5.300873890519142151e-03
0.000000000000000000e+00 4.125382751226425171e-03
0.000000000000000000e+00 6.587817799299955368e-03
0.000000000000000000e+00 3.765102475881576538e-03
0.000000000000000000e+00 5.716906860470771790e-03
0.000000000000000000e+00 4.195724148303270340e-03
0.000000000000000000e+00 5.314602050930261612e-03
0.000000000000000000e+00 4.704724997282028198e-03
0.000000000000000000e+00 6.537877023220062256e-03
0.000000000000000000e+00 4.852376878261566162e-03
1.000000000000000000e+00 9.817974567413330078e-01
0.000000000000000000e+00 9.669254422187805176e-01
0.000000000000000000e+00 7.918128371238708496e-01
0.000000000000000000e+00 5.538522601127624512e-01
0.000000000000000000e+00 2.675854265689849854e-01
0.000000000000000000e+00 1.428177207708358765e-01
0.000000000000000000e+00 1.222346350550651550e-01
0.000000000000000000e+00 5.702386796474456787e-02
0.000000000000000000e+00 1.659110747277736664e-02
0.000000000000000000e+00 1.086376328021287918e-02
0.000000000000000000e+00 6.853614002466201782e-03
0.000000000000000000e+00 1.197400968521833420e-02
0.000000000000000000e+00 1.566775492392480373e-03
0.000000000000000000e+00 1.654590945690870285e-03
0.000000000000000000e+00 6.008736090734601021e-04
0.000000000000000000e+00 8.021053508855402470e-04
0.000000000000000000e+00 5.444270209409296513e-04
0.000000000000000000e+00 4.609133466146886349e-04
0.000000000000000000e+00 3.340527182444930077e-04
0.000000000000000000e+00 5.751681746914982796e-04
0.000000000000000000e+00 8.312730933539569378e-04
0.000000000000000000e+00 8.432515314780175686e-04
0.000000000000000000e+00 9.617126197554171085e-04
0.000000000000000000e+00 9.033564128912985325e-04
0.000000000000000000e+00 1.282946206629276276e-03
0.000000000000000000e+00 1.233285642229020596e-03
0.000000000000000000e+00 2.494011074304580688e-03
0.000000000000000000e+00 3.163406625390052795e-03
0.000000000000000000e+00 5.342303309589624405e-03
0.000000000000000000e+00 1.090420968830585480e-02
0.000000000000000000e+00 9.666746482253074646e-03
0.000000000000000000e+00 1.113606151193380356e-02
0.000000000000000000e+00 1.371226925402879715e-02
0.000000000000000000e+00 2.022405527532100677e-02
0.000000000000000000e+00 2.738382294774055481e-02
0.000000000000000000e+00 1.977864652872085571e-02
0.000000000000000000e+00 1.548715028911828995e-02
0.000000000000000000e+00 1.853915676474571228e-02
0.000000000000000000e+00 1.042495761066675186e-02
0.000000000000000000e+00 1.789937168359756470e-02
0.000000000000000000e+00 6.603220477700233459e-03
0.000000000000000000e+00 8.827832527458667755e-03
0.000000000000000000e+00 6.781486328691244125e-03
0.000000000000000000e+00 8.213344030082225800e-03
0.000000000000000000e+00 7.341874297708272934e-03
0.000000000000000000e+00 5.865674931555986404e-03
0.000000000000000000e+00 8.749457076191902161e-03
0.000000000000000000e+00 1.265730708837509155e-02
0.000000000000000000e+00 1.644157432019710541e-02
0.000000000000000000e+00 2.869316749274730682e-02
0.000000000000000000e+00 7.245425134897232056e-02
0.000000000000000000e+00 9.713469445705413818e-02
0.000000000000000000e+00 1.145209223031997681e-01
0.000000000000000000e+00 1.536029428243637085e-01
0.000000000000000000e+00 1.079390421509742737e-01
0.000000000000000000e+00 1.343393027782440186e-01
0.000000000000000000e+00 1.041811704635620117e-01
0.000000000000000000e+00 1.414404064416885376e-01
0.000000000000000000e+00 2.131349891424179077e-01
0.000000000000000000e+00 2.177726626396179199e-01
0.000000000000000000e+00 3.578608334064483643e-01
0.000000000000000000e+00 3.012942075729370117e-01
0.000000000000000000e+00 4.525042176246643066e-01
0.000000000000000000e+00 3.462464809417724609e-01
0.000000000000000000e+00 3.810423910617828369e-01
0.000000000000000000e+00 3.574163913726806641e-01
0.000000000000000000e+00 3.481836020946502686e-01
1.000000000000000000e+00 3.201912939548492432e-01
1.000000000000000000e+00 2.244903445243835449e-01
0.000000000000000000e+00 1.393684446811676025e-01
0.000000000000000000e+00 1.470212340354919434e-01
0.000000000000000000e+00 1.017459481954574585e-01
0.000000000000000000e+00 6.139277666807174683e-02
0.000000000000000000e+00 6.703616678714752197e-02
0.000000000000000000e+00 5.520526692271232605e-02
0.000000000000000000e+00 4.964218437671661377e-01
0.000000000000000000e+00 1.333043873310089111e-01
0.000000000000000000e+00 7.186048477888107300e-02
0.000000000000000000e+00 4.763954132795333862e-02
0.000000000000000000e+00 1.609517820179462433e-02
0.000000000000000000e+00 1.208564825356006622e-02
0.000000000000000000e+00 5.713647231459617615e-03
0.000000000000000000e+00 3.310639411211013794e-03
0.000000000000000000e+00 4.268250428140163422e-03
0.000000000000000000e+00 3.241515718400478363e-03
0.000000000000000000e+00 2.657518489286303520e-03
0.000000000000000000e+00 2.675195923075079918e-03
0.000000000000000000e+00 3.907209262251853943e-03
0.000000000000000000e+00 1.218477613292634487e-03
0.000000000000000000e+00 2.335474826395511627e-03
0.000000000000000000e+00 5.234976299107074738e-03
0.000000000000000000e+00 6.992873270064592361e-03
0.000000000000000000e+00 8.793099783360958099e-03
0.000000000000000000e+00 1.549193542450666428e-02
0.000000000000000000e+00 1.913407444953918457e-02
0.000000000000000000e+00 1.727961376309394836e-02
0.000000000000000000e+00 2.246977575123310089e-02
0.000000000000000000e+00 3.773783892393112183e-02
0.000000000000000000e+00 7.839182019233703613e-02
0.000000000000000000e+00 9.108018130064010620e-02
0.000000000000000000e+00 1.342423409223556519e-01
0.000000000000000000e+00 3.329187035560607910e-01
0.000000000000000000e+00 4.046899080276489258e-01
0.000000000000000000e+00 3.782298266887664795e-01
0.000000000000000000e+00 4.541635513305664062e-01
0.000000000000000000e+00 4.167700409889221191e-01
0.000000000000000000e+00 4.401499330997467041e-01
0.000000000000000000e+00 5.133462548255920410e-01
0.000000000000000000e+00 5.058590769767761230e-01
0.000000000000000000e+00 3.378245532512664795e-01
0.000000000000000000e+00 3.659956753253936768e-01
0.000000000000000000e+00 1.624998599290847778e-01
0.000000000000000000e+00 3.085913956165313721e-01
0.000000000000000000e+00 1.710568666458129883e-01
0.000000000000000000e+00 1.016644537448883057e-01
0.000000000000000000e+00 1.379962414503097534e-01
0.000000000000000000e+00 8.312223106622695923e-02
0.000000000000000000e+00 1.409908533096313477e-01
0.000000000000000000e+00 6.790500879287719727e-02
0.000000000000000000e+00 1.415368355810642242e-02
0.000000000000000000e+00 1.928197406232357025e-02
0.000000000000000000e+00 5.503902211785316467e-03
0.000000000000000000e+00 2.037205547094345093e-02
0.000000000000000000e+00 3.099189326167106628e-02
0.000000000000000000e+00 8.033049851655960083e-02
0.000000000000000000e+00 8.826661109924316406e-02
0.000000000000000000e+00 1.835670024156570435e-01
0.000000000000000000e+00 2.199796438217163086e-01
0.000000000000000000e+00 3.300545513629913330e-01
0.000000000000000000e+00 2.923956215381622314e-01
0.000000000000000000e+00 4.100535511970520020e-01
0.000000000000000000e+00 2.780082523822784424e-01
0.000000000000000000e+00 5.174750685691833496e-01
0.000000000000000000e+00 5.937722921371459961e-01
0.000000000000000000e+00 6.062982082366943359e-01
0.000000000000000000e+00 7.569136619567871094e-01
0.000000000000000000e+00 7.971386313438415527e-01
0.000000000000000000e+00 7.044059038162231445e-01
0.000000000000000000e+00 7.272734642028808594e-01
0.000000000000000000e+00 6.508803367614746094e-01
0.000000000000000000e+00 6.220716834068298340e-01
0.000000000000000000e+00 4.985736310482025146e-01
0.000000000000000000e+00 4.166085422039031982e-01
0.000000000000000000e+00 2.621652185916900635e-01
0.000000000000000000e+00 5.760440230369567871e-01
0.000000000000000000e+00 3.132249712944030762e-01
0.000000000000000000e+00 5.321844816207885742e-01
0.000000000000000000e+00 2.674894630908966064e-01
0.000000000000000000e+00 1.615608036518096924e-01
0.000000000000000000e+00 1.798084229230880737e-01
0.000000000000000000e+00 1.128283813595771790e-01
0.000000000000000000e+00 7.591616362333297729e-02
0.000000000000000000e+00 2.455423586070537567e-02
0.000000000000000000e+00 9.401294402778148651e-03
0.000000000000000000e+00 9.600747376680374146e-03
0.000000000000000000e+00 5.227031186223030090e-03
0.000000000000000000e+00 2.797855995595455170e-03
0.000000000000000000e+00 1.921556075103580952e-03
0.000000000000000000e+00 1.453584525734186172e-03
0.000000000000000000e+00 1.044512377120554447e-03
0.000000000000000000e+00 5.447493749670684338e-04
0.000000000000000000e+00 7.360969902947545052e-04
0.000000000000000000e+00 4.386694345157593489e-04
0.000000000000000000e+00 3.442873712629079819e-04
0.000000000000000000e+00 2.588772040326148272e-04
0.000000000000000000e+00 2.697140735108405352e-04
0.000000000000000000e+00 2.745339879766106606e-04
0.000000000000000000e+00 3.446155751589685678e-04
0.000000000000000000e+00 6.013608654029667377e-04
0.000000000000000000e+00 4.304981848690658808e-04
0.000000000000000000e+00 1.165953581221401691e-03
0.000000000000000000e+00 1.661103684455156326e-03
0.000000000000000000e+00 2.013390418142080307e-03
0.000000000000000000e+00 4.271997138857841492e-03
0.000000000000000000e+00 5.368930287659168243e-03
0.000000000000000000e+00 6.390306632965803146e-03
0.000000000000000000e+00 8.692244999110698700e-03
0.000000000000000000e+00 1.244428381323814392e-02
0.000000000000000000e+00 6.798101123422384262e-03
0.000000000000000000e+00 5.225238855928182602e-03
0.000000000000000000e+00 8.819629438221454620e-03
0.000000000000000000e+00 6.310347467660903931e-03
0.000000000000000000e+00 4.733066074550151825e-03
0.000000000000000000e+00 6.358606740832328796e-03
0.000000000000000000e+00 6.287038326263427734e-03
0.000000000000000000e+00 5.066275130957365036e-03
0.000000000000000000e+00 3.672908525913953781e-03
0.000000000000000000e+00 4.709009546786546707e-03
0.000000000000000000e+00 3.322460921481251717e-03
0.000000000000000000e+00 3.506224602460861206e-03
0.000000000000000000e+00 3.004108555614948273e-03
0.000000000000000000e+00 4.118569195270538330e-03
0.000000000000000000e+00 2.467758953571319580e-03
0.000000000000000000e+00 5.139179527759552002e-03
0.000000000000000000e+00 2.958735451102256775e-03
0.000000000000000000e+00 5.729010794311761856e-03
0.000000000000000000e+00 3.932800609618425369e-03
0.000000000000000000e+00 5.661438219249248505e-03
0.000000000000000000e+00 6.969851907342672348e-03
0.000000000000000000e+00 1.469077635556459427e-02
0.000000000000000000e+00 1.438648626208305359e-02
0.000000000000000000e+00 1.375607401132583618e-02
0.000000000000000000e+00 2.194027043879032135e-02
0.000000000000000000e+00 2.418224141001701355e-02
0.000000000000000000e+00 2.329309657216072083e-02
0.000000000000000000e+00 4.595550149679183960e-02
0.000000000000000000e+00 9.477549791336059570e-02
0.000000000000000000e+00 7.771010696887969971e-02
0.000000000000000000e+00 1.013067364692687988e-01
0.000000000000000000e+00 1.163425147533416748e-01
0.000000000000000000e+00 1.834029108285903931e-01
0.000000000000000000e+00 2.936718165874481201e-01
0.000000000000000000e+00 1.795706450939178467e-01
0.000000000000000000e+00 1.086570695042610168e-01
0.000000000000000000e+00 2.759948968887329102e-01
0.000000000000000000e+00 2.686565220355987549e-01
0.000000000000000000e+00 1.834292262792587280e-01
1.000000000000000000e+00 2.590130567550659180e-01
0.000000000000000000e+00 2.135846763849258423e-01
0.000000000000000000e+00 1.687131971120834351e-01
0.000000000000000000e+00 1.990939378738403320e-01
0.000000000000000000e+00 1.651046574115753174e-01
0.000000000000000000e+00 2.174583673477172852e-01
0.000000000000000000e+00 1.161803752183914185e-01
0.000000000000000000e+00 1.524058431386947632e-01
1.000000000000000000e+00 9.954401254653930664e-01
1.000000000000000000e+00 9.912980794906616211e-01
1.000000000000000000e+00 9.883749485015869141e-01
1.000000000000000000e+00 9.898517131805419922e-01
0.000000000000000000e+00 9.889165163040161133e-01
0.000000000000000000e+00 9.787357449531555176e-01
0.000000000000000000e+00 9.418707489967346191e-01
0.000000000000000000e+00 8.966844677925109863e-01
0.000000000000000000e+00 7.366721630096435547e-01
0.000000000000000000e+00 2.865803539752960205e-01
0.000000000000000000e+00 1.059600263833999634e-01
0.000000000000000000e+00 2.166025713086128235e-02
0.000000000000000000e+00 7.534030359238386154e-03
0.000000000000000000e+00 5.838554352521896362e-03
0.000000000000000000e+00 9.776898659765720367e-04
0.000000000000000000e+00 7.696603424847126007e-04
0.000000000000000000e+00 4.471719730645418167e-04
0.000000000000000000e+00 2.805831027217209339e-04
0.000000000000000000e+00 1.624547003302723169e-04
0.000000000000000000e+00 1.847792736953124404e-04
0.000000000000000000e+00 2.216362627223134041e-04
0.000000000000000000e+00 2.260006149299442768e-04
0.000000000000000000e+00 3.118038293905556202e-04
0.000000000000000000e+00 3.367283497937023640e-04
0.000000000000000000e+00 2.254247228847816586e-04
0.000000000000000000e+00 3.598963085096329451e-04
0.000000000000000000e+00 3.891571541316807270e-04
0.000000000000000000e+00 7.705814205110073090e-04
0.000000000000000000e+00 8.795609464868903160e-04
0.000000000000000000e+00 1.362427254207432270e-03
0.000000000000000000e+00 1.792115042917430401e-03
0.000000000000000000e+00 6.695083342492580414e-03
0.000000000000000000e+00 4.430291708558797836e-03
0.000000000000000000e+00 6.732976064085960388e-03
0.000000000000000000e+00 3.902286989614367485e-03
0.000000000000000000e+00 1.839552447199821472e-02
0.000000000000000000e+00 2.101243287324905396e-02
0.000000000000000000e+00 1.703817583620548248e-02
0.000000000000000000e+00 3.093430027365684509e-02
0.000000000000000000e+00 2.382207289338111877e-02
0.000000000000000000e+00 4.224103316664695740e-02
0.000000000000000000e+00 2.768847905099391937e-02
0.000000000000000000e+00 4.131282866001129150e-02
0.000000000000000000e+00 2.161600440740585327e-02
0.000000000000000000e+00 4.663014039397239685e-02
0.000000000000000000e+00 2.164838835597038269e-02
0.000000000000000000e+00 3.378441557288169861e-02
0.000000000000000000e+00 5.569524317979812622e-02
0.000000000000000000e+00 8.057521283626556396e-02
0.000000000000000000e+00 8.715081214904785156e-02
0.000000000000000000e+00 1.220558807253837585e-01
0.000000000000000000e+00 8.720508962869644165e-02
0.000000000000000000e+00 1.955508291721343994e-01
0.000000000000000000e+00 1.570144295692443848e-01
0.000000000000000000e+00 1.863707602024078369e-01
0.000000000000000000e+00 1.755028218030929565e-01
0.000000000000000000e+00 1.629367768764495850e-01
0.000000000000000000e+00 2.392624616622924805e-01
0.000000000000000000e+00 2.395883500576019287e-01
0.000000000000000000e+00 4.885045588016510010e-01
0.000000000000000000e+00 3.248346447944641113e-01
0.000000000000000000e+00 3.102333843708038330e-01
0.000000000000000000e+00 4.726719856262207031e-01
0.000000000000000000e+00 5.674244761466979980e-01
0.000000000000000000e+00 5.150504708290100098e-01
0.000000000000000000e+00 4.345255494117736816e-01
0.000000000000000000e+00 4.883891344070434570e-01
0.000000000000000000e+00 5.130305290222167969e-01
0.000000000000000000e+00 5.587088465690612793e-01
0.000000000000000000e+00 5.069910287857055664e-01
0.000000000000000000e+00 4.068830311298370361e-01
0.000000000000000000e+00 3.872197270393371582e-01
0.000000000000000000e+00 3.288658857345581055e-01
0.000000000000000000e+00 3.033409714698791504e-01
0.000000000000000000e+00 1.572602391242980957e-01
0.000000000000000000e+00 2.665745317935943604e-01
0.000000000000000000e+00 9.686671942472457886e-02
0.000000000000000000e+00 7.926248759031295776e-02
0.000000000000000000e+00 3.515790402889251709e-02
0.000000000000000000e+00 2.903554216027259827e-02
0.000000000000000000e+00 2.205111086368560791e-02
0.000000000000000000e+00 1.270514074712991714e-02
0.000000000000000000e+00 2.295910380780696869e-02
0.000000000000000000e+00 6.361026316881179810e-03
0.000000000000000000e+00 7.686923723667860031e-03
0.000000000000000000e+00 3.599453484639525414e-03
0.000000000000000000e+00 1.697772415354847908e-03
0.000000000000000000e+00 1.326322904787957668e-03
0.000000000000000000e+00 1.410986529663205147e-03
0.000000000000000000e+00 1.061428338289260864e-03
0.000000000000000000e+00 1.597743481397628784e-03
0.000000000000000000e+00 1.254542497918009758e-03
0.000000000000000000e+00 9.617189643904566765e-04
0.000000000000000000e+00 1.140428241342306137e-03
0.000000000000000000e+00 1.415468868799507618e-03
0.000000000000000000e+00 2.455911831930279732e-03
0.000000000000000000e+00 3.122551599517464638e-03
0.000000000000000000e+00 9.775443933904170990e-03
0.000000000000000000e+00 8.051089011132717133e-03
0.000000000000000000e+00 5.571621004492044449e-03
0.000000000000000000e+00 1.917239837348461151e-02
0.000000000000000000e+00 1.347193121910095215e-02
0.000000000000000000e+00 3.077639825642108917e-02
0.000000000000000000e+00 4.050535708665847778e-02
0.000000000000000000e+00 2.867679856717586517e-02
0.000000000000000000e+00 2.407231554388999939e-02
0.000000000000000000e+00 2.651474811136722565e-02
0.000000000000000000e+00 1.717987284064292908e-02
0.000000000000000000e+00 2.995914593338966370e-02
0.000000000000000000e+00 3.479589521884918213e-02
0.000000000000000000e+00 8.303424343466758728e-03
0.000000000000000000e+00 7.929969578981399536e-03
0.000000000000000000e+00 8.723998442292213440e-03
0.000000000000000000e+00 1.191727351397275925e-02
0.000000000000000000e+00 5.422386806458234787e-03
0.000000000000000000e+00 1.073486357927322388e-02
0.000000000000000000e+00 5.526156164705753326e-03
0.000000000000000000e+00 1.059838291257619858e-02
0.000000000000000000e+00 9.241299703717231750e-03
0.000000000000000000e+00 4.774864297360181808e-03
0.000000000000000000e+00 4.248855635523796082e-03
0.000000000000000000e+00 2.241474809125065804e-03
0.000000000000000000e+00 3.895597765222191811e-03
0.000000000000000000e+00 2.749761799350380898e-03
0.000000000000000000e+00 4.006476141512393951e-03
0.000000000000000000e+00 5.367683246731758118e-03
0.000000000000000000e+00 1.476337760686874390e-02
0.000000000000000000e+00 1.959835365414619446e-02
0.000000000000000000e+00 3.512512519955635071e-02
0.000000000000000000e+00 3.471495956182479858e-02
0.000000000000000000e+00 2.381843328475952148e-02
0.000000000000000000e+00 3.135689347982406616e-02
0.000000000000000000e+00 2.178853750228881836e-02
0.000000000000000000e+00 3.002167306840419769e-02
0.000000000000000000e+00 2.324722334742546082e-02
1.000000000000000000e+00 4.414357990026473999e-02
1.000000000000000000e+00 9.814339131116867065e-02
0.000000000000000000e+00 7.051353156566619873e-02
0.000000000000000000e+00 8.032330125570297241e-02
0.000000000000000000e+00 1.141165867447853088e-01
0.000000000000000000e+00 9.187711775302886963e-02
0.000000000000000000e+00 2.074786275625228882e-01
0.000000000000000000e+00 2.636141180992126465e-01
0.000000000000000000e+00 4.431383013725280762e-01
0.000000000000000000e+00 4.865128397941589355e-01
0.000000000000000000e+00 4.620993733406066895e-01
0.000000000000000000e+00 5.111337304115295410e-01
0.000000000000000000e+00 4.844935238361358643e-01
0.000000000000000000e+00 3.823070526123046875e-01
0.000000000000000000e+00 4.371475577354431152e-01
