1.000000000000000000e+00 8.175240755081176758e-01
1.000000000000000000e+00 8.240231275558471680e-01
1.000000000000000000e+00 8.104063272476196289e-01
1.000000000000000000e+00 8.182550072669982910e-01
0.000000000000000000e+00 8.165970444679260254e-01
0.000000000000000000e+00 8.187406659126281738e-01
0.000000000000000000e+00 8.142165541648864746e-01
0.000000000000000000e+00 8.139563202857971191e-01
0.000000000000000000e+00 8.206782341003417969e-01
1.000000000000000000e+00 8.185496926307678223e-01
1.000000000000000000e+00 8.298234343528747559e-01
1.000000000000000000e+00 8.154050111770629883e-01
1.000000000000000000e+00 8.098813295364379883e-01
0.000000000000000000e+00 8.087317347526550293e-01
0.000000000000000000e+00 8.061699867248535156e-01
0.000000000000000000e+00 8.095288872718811035e-01
0.000000000000000000e+00 7.994976639747619629e-01
0.000000000000000000e+00 7.943333387374877930e-01
0.000000000000000000e+00 7.822380065917968750e-01
0.000000000000000000e+00 7.895587682723999023e-01
0.000000000000000000e+00 7.849534749984741211e-01
0.000000000000000000e+00 7.800695896148681641e-01
0.000000000000000000e+00 7.796447277069091797e-01
1.000000000000000000e+00 7.861886620521545410e-01
1.000000000000000000e+00 7.799013257026672363e-01
1.000000000000000000e+00 7.969102263450622559e-01
1.000000000000000000e+00 7.947282791137695312e-01
1.000000000000000000e+00 8.061392307281494141e-01
1.000000000000000000e+00 8.187565803527832031e-01
1.000000000000000000e+00 8.168907761573791504e-01
1.000000000000000000e+00 8.298860192298889160e-01
1.000000000000000000e+00 8.295653462409973145e-01
1.000000000000000000e+00 8.256765604019165039e-01
0.000000000000000000e+00 8.245115876197814941e-01
0.000000000000000000e+00 8.010309934616088867e-01
0.000000000000000000e+00 7.836363911628723145e-01
0.000000000000000000e+00 7.663121819496154785e-01
0.000000000000000000e+00 7.287758588790893555e-01
0.000000000000000000e+00 6.878216266632080078e-01
0.000000000000000000e+00 6.475170254707336426e-01
0.000000000000000000e+00 5.974075794219970703e-01
0.000000000000000000e+00 5.391479730606079102e-01
0.000000000000000000e+00 4.985603988170623779e-01
0.000000000000000000e+00 4.225642979145050049e-01
0.000000000000000000e+00 3.864116668701171875e-01
0.000000000000000000e+00 1.993792131543159485e-03
0.000000000000000000e+00 1.896392903290688992e-03
0.000000000000000000e+00 1.602788455784320831e-03
0.000000000000000000e+00 1.300799427554011345e-03
0.000000000000000000e+00 1.092914957553148270e-03
0.000000000000000000e+00 1.023093704134225845e-03
0.000000000000000000e+00 8.053063065744936466e-04
0.000000000000000000e+00 9.069181978702545166e-04
0.000000000000000000e+00 7.203501299954950809e-04
0.000000000000000000e+00 7.789829978719353676e-04
0.000000000000000000e+00 7.654692162759602070e-04
0.000000000000000000e+00 8.022460388019680977e-04
0.000000000000000000e+00 8.360819192603230476e-04
0.000000000000000000e+00 8.223718614317476749e-04
0.000000000000000000e+00 6.962588522583246231e-04
0.000000000000000000e+00 7.242374704219400883e-04
0.000000000000000000e+00 7.296542171388864517e-04
0.000000000000000000e+00 7.938203052617609501e-04
0.000000000000000000e+00 7.598627707920968533e-04
0.000000000000000000e+00 7.824081112630665302e-04
0.000000000000000000e+00 8.814217871986329556e-04
0.000000000000000000e+00 8.093439973890781403e-04
0.000000000000000000e+00 7.458825130015611649e-04
0.000000000000000000e+00 7.793972617946565151e-04
0.000000000000000000e+00 7.475708262063562870e-04
0.000000000000000000e+00 8.656398276798427105e-04
0.000000000000000000e+00 7.967634010128676891e-04
0.000000000000000000e+00 7.945006364025175571e-04
0.000000000000000000e+00 9.338493109680712223e-04
0.000000000000000000e+00 8.971842471510171890e-04
0.000000000000000000e+00 8.029871969483792782e-04
0.000000000000000000e+00 9.797413367778062820e-04
0.000000000000000000e+00 9.169517434202134609e-04
0.000000000000000000e+00 9.355570073239505291e-04
0.000000000000000000e+00 1.043195603415369987e-03
0.000000000000000000e+00 1.018218579702079296e-03
0.000000000000000000e+00 1.085320720449090004e-03
0.000000000000000000e+00 1.153168384917080402e-03
0.000000000000000000e+00 1.432449906133115292e-03
0.000000000000000000e+00 1.312411273829638958e-03
0.000000000000000000e+00 1.352061866782605648e-03
0.000000000000000000e+00 1.728342031128704548e-03
0.000000000000000000e+00 1.804029219783842564e-03
0.000000000000000000e+00 2.155622234567999840e-03
0.000000000000000000e+00 2.345445333048701286e-03
0.000000000000000000e+00 4.639383405447006226e-03
0.000000000000000000e+00 2.826203824952244759e-03
0.000000000000000000e+00 2.204779302701354027e-03
0.000000000000000000e+00 1.897541340440511703e-03
0.000000000000000000e+00 1.916461740620434284e-03
0.000000000000000000e+00 1.338897855021059513e-03
0.000000000000000000e+00 9.527072543278336525e-04
0.000000000000000000e+00 7.926085963845252991e-04
0.000000000000000000e+00 8.247512159869074821e-04
0.000000000000000000e+00 8.545462624169886112e-04
0.000000000000000000e+00 7.253478397615253925e-04
0.000000000000000000e+00 8.410384180024266243e-04
0.000000000000000000e+00 8.123531006276607513e-04
0.000000000000000000e+00 8.477918454445898533e-04
0.000000000000000000e+00 8.320746710523962975e-04
0.000000000000000000e+00 8.696676813997328281e-04
0.000000000000000000e+00 1.122295274399220943e-03
0.000000000000000000e+00 1.246956293471157551e-03
0.000000000000000000e+00 1.269918284378945827e-03
0.000000000000000000e+00 1.575185917317867279e-03
0.000000000000000000e+00 2.074175747111439705e-03
0.000000000000000000e+00 2.193749416619539261e-03
0.000000000000000000e+00 2.719705691561102867e-03
0.000000000000000000e+00 2.743788529187440872e-03
0.000000000000000000e+00 3.336182329803705215e-03
0.000000000000000000e+00 2.777294721454381943e-03
0.000000000000000000e+00 3.445114940404891968e-03
0.000000000000000000e+00 3.076349385082721710e-03
0.000000000000000000e+00 4.120100755244493484e-03
0.000000000000000000e+00 4.719598684459924698e-03
0.000000000000000000e+00 3.937379922717809677e-03
0.000000000000000000e+00 4.696662537753582001e-03
0.000000000000000000e+00 4.623817279934883118e-03
0.000000000000000000e+00 6.262815091758966446e-03
0.000000000000000000e+00 6.315576843917369843e-03
0.000000000000000000e+00 6.206439808011054993e-03
0.000000000000000000e+00 7.158103864639997482e-03
0.000000000000000000e+00 9.200993925333023071e-03
0.000000000000000000e+00 9.300359524786472321e-03
0.000000000000000000e+00 9.292406029999256134e-03
0.000000000000000000e+00 9.841280058026313782e-03
0.000000000000000000e+00 1.192129962146282196e-02
0.000000000000000000e+00 1.179445348680019379e-02
0.000000000000000000e+00 1.083897054195404053e-02
0.000000000000000000e+00 1.316167134791612625e-02
0.000000000000000000e+00 6.585136651992797852e-01
0.000000000000000000e+00 6.221628189086914062e-01
0.000000000000000000e+00 5.765078663825988770e-01
0.000000000000000000e+00 5.155578851699829102e-01
0.000000000000000000e+00 3.514116406440734863e-01
0.000000000000000000e+00 2.596779167652130127e-01
0.000000000000000000e+00 1.665284186601638794e-01
0.000000000000000000e+00 9.091170877218246460e-02
0.000000000000000000e+00 5.369396880269050598e-02
0.000000000000000000e+00 2.739549614489078522e-02
0.000000000000000000e+00 1.544523984193801880e-02
0.000000000000000000e+00 8.475411683320999146e-03
0.000000000000000000e+00 4.129451699554920197e-03
0.000000000000000000e+00 2.716498915106058121e-03
0.000000000000000000e+00 1.536153606139123440e-03
0.000000000000000000e+00 7.668794132769107819e-04
0.000000000000000000e+00 3.620895440690219402e-04
0.000000000000000000e+00 2.770051651168614626e-04
0.000000000000000000e+00 1.876887545222416520e-04
0.000000000000000000e+00 1.018174443743191659e-04
0.000000000000000000e+00 9.133404091699048877e-05
0.000000000000000000e+00 7.880451448727399111e-05
0.000000000000000000e+00 7.587950676679611206e-05
0.000000000000000000e+00 6.352218770189210773e-05
0.000000000000000000e+00 6.364109140122309327e-05
0.000000000000000000e+00 5.236110882833600044e-05
0.000000000000000000e+00 5.111462814966216683e-05
0.000000000000000000e+00 5.957185931038111448e-05
0.000000000000000000e+00 5.919832619838416576e-05
0.000000000000000000e+00 5.341955693438649178e-05
0.000000000000000000e+00 5.337260517990216613e-05
0.000000000000000000e+00 6.182858487591147423e-05
0.000000000000000000e+00 5.431282625067979097e-05
0.000000000000000000e+00 7.547745917690917850e-05
0.000000000000000000e+00 7.927634578663855791e-05
0.000000000000000000e+00 8.954491931945085526e-05
0.000000000000000000e+00 7.996628119144588709e-05
0.000000000000000000e+00 8.928647730499505997e-05
0.000000000000000000e+00 9.253047755919396877e-05
0.000000000000000000e+00 1.246558676939457655e-04
0.000000000000000000e+00 1.219478654093109071e-04
0.000000000000000000e+00 1.525143597973510623e-04
0.000000000000000000e+00 1.665077579673379660e-04
0.000000000000000000e+00 1.723204622976481915e-04
0.000000000000000000e+00 2.280854969285428524e-04
0.000000000000000000e+00 1.074169203639030457e-02
0.000000000000000000e+00 8.148868568241596222e-03
0.000000000000000000e+00 7.316448725759983063e-03
0.000000000000000000e+00 5.876843817532062531e-03
0.000000000000000000e+00 4.154436290264129639e-03
0.000000000000000000e+00 3.567549865692853928e-03
0.000000000000000000e+00 2.967341104522347450e-03
0.000000000000000000e+00 2.457014750689268112e-03
0.000000000000000000e+00 2.140254247933626175e-03
0.000000000000000000e+00 2.049643080681562424e-03
0.000000000000000000e+00 2.214970765635371208e-03
0.000000000000000000e+00 1.688950578682124615e-03
0.000000000000000000e+00 2.000269712880253792e-03
0.000000000000000000e+00 2.026505535468459129e-03
0.000000000000000000e+00 2.043994842097163200e-03
0.000000000000000000e+00 2.059031743556261063e-03
0.000000000000000000e+00 1.983982510864734650e-03
0.000000000000000000e+00 2.261208835989236832e-03
0.000000000000000000e+00 2.565606962889432907e-03
0.000000000000000000e+00 2.455614972859621048e-03
0.000000000000000000e+00 2.213825471699237823e-03
0.000000000000000000e+00 2.539758803322911263e-03
0.000000000000000000e+00 2.829424105584621429e-03
0.000000000000000000e+00 2.588738920167088509e-03
0.000000000000000000e+00 2.610980533063411713e-03
0.000000000000000000e+00 2.500510774552822113e-03
0.000000000000000000e+00 3.197762183845043182e-03
0.000000000000000000e+00 2.998598152771592140e-03
0.000000000000000000e+00 3.048726357519626617e-03
0.000000000000000000e+00 3.240013960748910904e-03
0.000000000000000000e+00 2.820108085870742798e-03
0.000000000000000000e+00 3.027695463970303535e-03
0.000000000000000000e+00 3.095762338489294052e-03
0.000000000000000000e+00 3.171454183757305145e-03
0.000000000000000000e+00 3.297690534964203835e-03
0.000000000000000000e+00 3.732769750058650970e-03
0.000000000000000000e+00 3.524654079228639603e-03
0.000000000000000000e+00 3.407233627513051033e-03
0.000000000000000000e+00 2.710287226364016533e-03
0.000000000000000000e+00 3.067132551223039627e-03
0.000000000000000000e+00 3.394982311874628067e-03
0.000000000000000000e+00 3.229835303500294685e-03
0.000000000000000000e+00 3.228877671062946320e-03
0.000000000000000000e+00 3.055561566725373268e-03
0.000000000000000000e+00 2.603939501568675041e-03
0.000000000000000000e+00 3.955210745334625244e-02
0.000000000000000000e+00 3.294019028544425964e-02
0.000000000000000000e+00 2.128923311829566956e-02
0.000000000000000000e+00 1.532520260661840439e-02
0.000000000000000000e+00 1.223894022405147552e-02
0.000000000000000000e+00 1.155350357294082642e-02
0.000000000000000000e+00 1.001026760786771774e-02
0.000000000000000000e+00 7.558890152722597122e-03
0.000000000000000000e+00 6.297052837908267975e-03
0.000000000000000000e+00 5.007648840546607971e-03
0.000000000000000000e+00 4.868080373853445053e-03
0.000000000000000000e+00 4.357194993644952774e-03
0.000000000000000000e+00 3.695013467222452164e-03
0.000000000000000000e+00 3.981670364737510681e-03
0.000000000000000000e+00 3.854596288874745369e-03
0.000000000000000000e+00 3.823322942480444908e-03
0.000000000000000000e+00 4.131108522415161133e-03
0.000000000000000000e+00 4.039719235152006149e-03
0.000000000000000000e+00 5.012324079871177673e-03
0.000000000000000000e+00 4.828601144254207611e-03
0.000000000000000000e+00 4.806572105735540390e-03
0.000000000000000000e+00 6.440677680075168610e-03
0.000000000000000000e+00 5.510630086064338684e-03
0.000000000000000000e+00 6.690438836812973022e-03
0.000000000000000000e+00 7.774394471198320389e-03
0.000000000000000000e+00 8.005474694073200226e-03
0.000000000000000000e+00 1.057166140526533127e-02
0.000000000000000000e+00 1.040662452578544617e-02
0.000000000000000000e+00 1.196354907006025314e-02
0.000000000000000000e+00 1.104878820478916168e-02
0.000000000000000000e+00 1.380352117121219635e-02
0.000000000000000000e+00 1.421583630144596100e-02
0.000000000000000000e+00 1.685079932212829590e-02
0.000000000000000000e+00 1.666250079870223999e-02
0.000000000000000000e+00 1.878723502159118652e-02
0.000000000000000000e+00 1.790218986570835114e-02
0.000000000000000000e+00 2.173380553722381592e-02
0.000000000000000000e+00 1.681654714047908783e-02
0.000000000000000000e+00 1.996242441236972809e-02
0.000000000000000000e+00 1.786650158464908600e-02
0.000000000000000000e+00 1.951232738792896271e-02
0.000000000000000000e+00 1.856072060763835907e-02
0.000000000000000000e+00 2.196452394127845764e-02
0.000000000000000000e+00 1.761799305677413940e-02
0.000000000000000000e+00 2.029772847890853882e-02
0.000000000000000000e+00 9.233496785163879395e-01
0.000000000000000000e+00 9.231919050216674805e-01
0.000000000000000000e+00 9.254283308982849121e-01
0.000000000000000000e+00 9.291441440582275391e-01
0.000000000000000000e+00 9.297196269035339355e-01
0.000000000000000000e+00 9.269090890884399414e-01
0.000000000000000000e+00 9.305735826492309570e-01
0.000000000000000000e+00 9.337986111640930176e-01
0.000000000000000000e+00 9.345998167991638184e-01
0.000000000000000000e+00 9.346086382865905762e-01
0.000000000000000000e+00 9.345664978027343750e-01
0.000000000000000000e+00 9.268813729286193848e-01
0.000000000000000000e+00 9.350605010986328125e-01
0.000000000000000000e+00 9.315120577812194824e-01
0.000000000000000000e+00 9.329218268394470215e-01
0.000000000000000000e+00 9.326225519180297852e-01
0.000000000000000000e+00 9.301480650901794434e-01
0.000000000000000000e+00 9.320669174194335938e-01
0.000000000000000000e+00 9.319730997085571289e-01
0.000000000000000000e+00 9.283508658409118652e-01
0.000000000000000000e+00 9.298315048217773438e-01
0.000000000000000000e+00 9.298915266990661621e-01
0.000000000000000000e+00 9.290333390235900879e-01
0.000000000000000000e+00 9.281611442565917969e-01
0.000000000000000000e+00 9.326090812683105469e-01
0.000000000000000000e+00 9.311143159866333008e-01
0.000000000000000000e+00 9.331334233283996582e-01
0.000000000000000000e+00 9.353615045547485352e-01
1.000000000000000000e+00 9.332139492034912109e-01
1.000000000000000000e+00 9.303748011589050293e-01
1.000000000000000000e+00 9.312227368354797363e-01
1.000000000000000000e+00 9.320611357688903809e-01
0.000000000000000000e+00 9.278536438941955566e-01
0.000000000000000000e+00 9.344295859336853027e-01
0.000000000000000000e+00 9.315823912620544434e-01
0.000000000000000000e+00 9.367375969886779785e-01
0.000000000000000000e+00 9.361711144447326660e-01
0.000000000000000000e+00 9.369685053825378418e-01
0.000000000000000000e+00 9.360348582267761230e-01
0.000000000000000000e+00 9.356446266174316406e-01
0.000000000000000000e+00 9.302072525024414062e-01
0.000000000000000000e+00 9.374101758003234863e-01
0.000000000000000000e+00 9.360209107398986816e-01
0.000000000000000000e+00 9.303365349769592285e-01
0.000000000000000000e+00 9.333948493003845215e-01
1.000000000000000000e+00 8.412865400314331055e-01
1.000000000000000000e+00 8.456695675849914551e-01
1.000000000000000000e+00 8.440223932266235352e-01
1.000000000000000000e+00 8.134343028068542480e-01
1.000000000000000000e+00 7.884362936019897461e-01
0.000000000000000000e+00 7.200289964675903320e-01
0.000000000000000000e+00 6.677417159080505371e-01
0.000000000000000000e+00 6.374967694282531738e-01
0.000000000000000000e+00 5.318036675453186035e-01
0.000000000000000000e+00 5.037536621093750000e-01
0.000000000000000000e+00 3.906844556331634521e-01
0.000000000000000000e+00 3.622027933597564697e-01
0.000000000000000000e+00 2.882525622844696045e-01
0.000000000000000000e+00 2.804206013679504395e-01
0.000000000000000000e+00 2.011523097753524780e-01
0.000000000000000000e+00 1.922813504934310913e-01
1.000000000000000000e+00 1.623424738645553589e-01
1.000000000000000000e+00 1.300321668386459351e-01
0.000000000000000000e+00 1.143524423241615295e-01
0.000000000000000000e+00 8.412396907806396484e-02
0.000000000000000000e+00 6.396850198507308960e-02
0.000000000000000000e+00 5.805621296167373657e-02
0.000000000000000000e+00 5.291619524359703064e-02
0.000000000000000000e+00 3.931874036788940430e-02
0.000000000000000000e+00 2.911361493170261383e-02
1.000000000000000000e+00 2.850259095430374146e-02
1.000000000000000000e+00 2.130116708576679230e-02
1.000000000000000000e+00 2.112039737403392792e-02
1.000000000000000000e+00 1.625103317201137543e-02
0.000000000000000000e+00 1.465036999434232712e-02
0.000000000000000000e+00 1.214023213833570480e-02
0.000000000000000000e+00 9.337632916867733002e-03
0.000000000000000000e+00 9.561073966324329376e-03
0.000000000000000000e+00 7.400922942906618118e-03
0.000000000000000000e+00 7.731918711215257645e-03
0.000000000000000000e+00 7.655029185116291046e-03
0.000000000000000000e+00 5.421319976449012756e-03
0.000000000000000000e+00 5.502456799149513245e-03
0.000000000000000000e+00 4.221613518893718719e-03
0.000000000000000000e+00 4.357675090432167053e-03
0.000000000000000000e+00 3.481713123619556427e-03
0.000000000000000000e+00 3.089574631303548813e-03
0.000000000000000000e+00 2.653204603120684624e-03
0.000000000000000000e+00 2.641570987179875374e-03
0.000000000000000000e+00 2.716265153139829636e-03
