0.000000000000000000e+00 8.506450653076171875e-01
0.000000000000000000e+00 8.608139753341674805e-01
0.000000000000000000e+00 8.542236685752868652e-01
0.000000000000000000e+00 8.637530207633972168e-01
0.000000000000000000e+00 8.259751796722412109e-01
0.000000000000000000e+00 8.783110380172729492e-01
0.000000000000000000e+00 8.436723351478576660e-01
0.000000000000000000e+00 8.513452410697937012e-01
0.000000000000000000e+00 8.170469403266906738e-01
0.000000000000000000e+00 8.657256364822387695e-01
0.000000000000000000e+00 7.845155000686645508e-01
0.000000000000000000e+00 8.474445939064025879e-01
0.000000000000000000e+00 8.702347874641418457e-01
0.000000000000000000e+00 8.385296463966369629e-01
0.000000000000000000e+00 8.847066760063171387e-01
0.000000000000000000e+00 8.721361160278320312e-01
0.000000000000000000e+00 8.610479235649108887e-01
0.000000000000000000e+00 8.891147971153259277e-01
0.000000000000000000e+00 8.793170452117919922e-01
0.000000000000000000e+00 8.779969215393066406e-01
0.000000000000000000e+00 8.807002305984497070e-01
0.000000000000000000e+00 8.439717292785644531e-01
0.000000000000000000e+00 8.821367621421813965e-01
1.000000000000000000e+00 8.456949591636657715e-01
1.000000000000000000e+00 8.868384957313537598e-01
1.000000000000000000e+00 8.855972886085510254e-01
1.000000000000000000e+00 8.746982216835021973e-01
1.000000000000000000e+00 8.614867925643920898e-01
1.000000000000000000e+00 8.158034086227416992e-01
1.000000000000000000e+00 7.902016043663024902e-01
1.000000000000000000e+00 7.255747318267822266e-01
0.000000000000000000e+00 6.664707064628601074e-01
0.000000000000000000e+00 5.633478164672851562e-01
0.000000000000000000e+00 5.299161672592163086e-01
0.000000000000000000e+00 3.954976797103881836e-01
0.000000000000000000e+00 2.760148644447326660e-01
0.000000000000000000e+00 2.158381789922714233e-01
0.000000000000000000e+00 1.151497885584831238e-01
0.000000000000000000e+00 8.270425349473953247e-02
0.000000000000000000e+00 5.397124961018562317e-02
0.000000000000000000e+00 3.449372202157974243e-02
0.000000000000000000e+00 2.070948667824268341e-02
0.000000000000000000e+00 1.636196300387382507e-02
0.000000000000000000e+00 1.253731548786163330e-02
0.000000000000000000e+00 9.408708661794662476e-03
0.000000000000000000e+00 7.276367396116256714e-03
0.000000000000000000e+00 6.508695892989635468e-03
0.000000000000000000e+00 5.910757929086685181e-03
0.000000000000000000e+00 7.651693653315305710e-03
0.000000000000000000e+00 7.186629343777894974e-03
0.000000000000000000e+00 6.905796471983194351e-03
0.000000000000000000e+00 8.374217897653579712e-03
0.000000000000000000e+00 1.309271901845932007e-02
0.000000000000000000e+00 1.585752330720424652e-02
0.000000000000000000e+00 2.397630363702774048e-02
0.000000000000000000e+00 3.548287227749824524e-02
0.000000000000000000e+00 5.929055437445640564e-02
0.000000000000000000e+00 8.759345114231109619e-02
0.000000000000000000e+00 1.472625583410263062e-01
0.000000000000000000e+00 1.858847737312316895e-01
0.000000000000000000e+00 2.344092279672622681e-01
0.000000000000000000e+00 2.454292029142379761e-01
0.000000000000000000e+00 2.973377406597137451e-01
0.000000000000000000e+00 3.800897300243377686e-01
0.000000000000000000e+00 3.594596087932586670e-01
0.000000000000000000e+00 4.168512523174285889e-01
0.000000000000000000e+00 4.517953097820281982e-01
0.000000000000000000e+00 4.775901734828948975e-01
0.000000000000000000e+00 4.770525395870208740e-01
0.000000000000000000e+00 4.585976600646972656e-01
0.000000000000000000e+00 4.860522150993347168e-01
0.000000000000000000e+00 4.804039895534515381e-01
0.000000000000000000e+00 4.778337180614471436e-01
0.000000000000000000e+00 4.469242990016937256e-01
0.000000000000000000e+00 4.440179765224456787e-01
0.000000000000000000e+00 8.064080476760864258e-01
0.000000000000000000e+00 8.196378350257873535e-01
0.000000000000000000e+00 8.848800659179687500e-01
0.000000000000000000e+00 8.442768454551696777e-01
0.000000000000000000e+00 8.416060209274291992e-01
0.000000000000000000e+00 8.551833629608154297e-01
0.000000000000000000e+00 7.858494520187377930e-01
0.000000000000000000e+00 8.407588005065917969e-01
0.000000000000000000e+00 8.988034129142761230e-01
0.000000000000000000e+00 8.475364446640014648e-01
0.000000000000000000e+00 8.223266005516052246e-01
0.000000000000000000e+00 8.471838831901550293e-01
0.000000000000000000e+00 8.573992252349853516e-01
0.000000000000000000e+00 8.710214495658874512e-01
0.000000000000000000e+00 8.343902826309204102e-01
1.000000000000000000e+00 8.884035348892211914e-01
1.000000000000000000e+00 9.011524319648742676e-01
1.000000000000000000e+00 8.947877883911132812e-01
1.000000000000000000e+00 9.137632250785827637e-01
0.000000000000000000e+00 9.420084953308105469e-01
0.000000000000000000e+00 9.485635161399841309e-01
0.000000000000000000e+00 9.595491290092468262e-01
0.000000000000000000e+00 9.146993756294250488e-01
0.000000000000000000e+00 8.964896798133850098e-01
0.000000000000000000e+00 8.051478266716003418e-01
0.000000000000000000e+00 6.584969162940979004e-01
0.000000000000000000e+00 4.383387565612792969e-01
0.000000000000000000e+00 1.647276431322097778e-01
0.000000000000000000e+00 1.197141632437705994e-01
0.000000000000000000e+00 8.183977752923965454e-02
0.000000000000000000e+00 5.015996098518371582e-02
0.000000000000000000e+00 2.295216917991638184e-02
1.000000000000000000e+00 2.431586943566799164e-02
1.000000000000000000e+00 1.377504132688045502e-02
0.000000000000000000e+00 8.615425787866115570e-03
0.000000000000000000e+00 5.931873340159654617e-03
0.000000000000000000e+00 6.415202748030424118e-03
0.000000000000000000e+00 6.252407096326351166e-03
0.000000000000000000e+00 8.321537636220455170e-03
0.000000000000000000e+00 9.023024700582027435e-03
0.000000000000000000e+00 9.874707087874412537e-03
0.000000000000000000e+00 1.182686630636453629e-02
0.000000000000000000e+00 1.282425597310066223e-02
0.000000000000000000e+00 1.805894076824188232e-02
0.000000000000000000e+00 2.067441679537296295e-02
0.000000000000000000e+00 1.590948924422264099e-02
0.000000000000000000e+00 1.534299366176128387e-02
0.000000000000000000e+00 1.628092676401138306e-02
0.000000000000000000e+00 2.043733000755310059e-02
0.000000000000000000e+00 2.534251660108566284e-02
0.000000000000000000e+00 4.967352375388145447e-02
0.000000000000000000e+00 7.187169790267944336e-02
0.000000000000000000e+00 1.191319450736045837e-01
0.000000000000000000e+00 1.124471276998519897e-01
0.000000000000000000e+00 9.273012727499008179e-02
0.000000000000000000e+00 1.012999266386032104e-01
0.000000000000000000e+00 1.003743037581443787e-01
0.000000000000000000e+00 1.242043077945709229e-01
0.000000000000000000e+00 1.509183794260025024e-01
0.000000000000000000e+00 1.672992855310440063e-01
0.000000000000000000e+00 2.033084183931350708e-01
0.000000000000000000e+00 2.780414521694183350e-01
0.000000000000000000e+00 3.318446874618530273e-01
0.000000000000000000e+00 3.236262202262878418e-01
0.000000000000000000e+00 2.959647774696350098e-01
0.000000000000000000e+00 2.857873141765594482e-01
0.000000000000000000e+00 2.358230501413345337e-01
0.000000000000000000e+00 2.479964196681976318e-01
0.000000000000000000e+00 2.742065489292144775e-01
0.000000000000000000e+00 3.273791074752807617e-01
0.000000000000000000e+00 3.854486346244812012e-01
0.000000000000000000e+00 4.308733046054840088e-01
0.000000000000000000e+00 4.862383902072906494e-01
0.000000000000000000e+00 4.709116816520690918e-01
0.000000000000000000e+00 4.862945377826690674e-01
1.000000000000000000e+00 7.203373908996582031e-01
1.000000000000000000e+00 7.763621211051940918e-01
1.000000000000000000e+00 7.731999158859252930e-01
1.000000000000000000e+00 8.100200891494750977e-01
1.000000000000000000e+00 8.160954117774963379e-01
0.000000000000000000e+00 7.451561093330383301e-01
0.000000000000000000e+00 8.099041581153869629e-01
0.000000000000000000e+00 7.984341382980346680e-01
0.000000000000000000e+00 7.908394336700439453e-01
0.000000000000000000e+00 8.278479576110839844e-01
0.000000000000000000e+00 8.315795660018920898e-01
0.000000000000000000e+00 8.412038683891296387e-01
0.000000000000000000e+00 8.262833356857299805e-01
0.000000000000000000e+00 7.587704062461853027e-01
0.000000000000000000e+00 8.292378187179565430e-01
0.000000000000000000e+00 8.545510172843933105e-01
0.000000000000000000e+00 8.251133561134338379e-01
0.000000000000000000e+00 8.265321850776672363e-01
0.000000000000000000e+00 8.687061667442321777e-01
0.000000000000000000e+00 8.703625202178955078e-01
0.000000000000000000e+00 8.470174670219421387e-01
0.000000000000000000e+00 9.024507403373718262e-01
0.000000000000000000e+00 8.419415354728698730e-01
0.000000000000000000e+00 9.091198444366455078e-01
0.000000000000000000e+00 9.134718179702758789e-01
0.000000000000000000e+00 9.194176197052001953e-01
1.000000000000000000e+00 9.143604636192321777e-01
1.000000000000000000e+00 9.046926498413085938e-01
0.000000000000000000e+00 9.311882853507995605e-01
0.000000000000000000e+00 9.290035963058471680e-01
0.000000000000000000e+00 9.085038900375366211e-01
0.000000000000000000e+00 9.262362718582153320e-01
0.000000000000000000e+00 8.242183923721313477e-01
0.000000000000000000e+00 7.828298211097717285e-01
0.000000000000000000e+00 7.502527832984924316e-01
0.000000000000000000e+00 7.857740521430969238e-01
0.000000000000000000e+00 8.216449618339538574e-01
0.000000000000000000e+00 6.775425672531127930e-01
0.000000000000000000e+00 7.181206941604614258e-01
0.000000000000000000e+00 6.779366135597229004e-01
0.000000000000000000e+00 5.460882782936096191e-01
0.000000000000000000e+00 5.168290138244628906e-01
0.000000000000000000e+00 4.458962082862854004e-01
0.000000000000000000e+00 3.170788884162902832e-01
0.000000000000000000e+00 2.593529522418975830e-01
0.000000000000000000e+00 2.048557698726654053e-01
0.000000000000000000e+00 1.524525135755538940e-01
0.000000000000000000e+00 1.313833743333816528e-01
0.000000000000000000e+00 8.965004235506057739e-02
0.000000000000000000e+00 6.905817240476608276e-02
0.000000000000000000e+00 5.668309330940246582e-02
0.000000000000000000e+00 4.887526482343673706e-02
0.000000000000000000e+00 7.205539941787719727e-02
0.000000000000000000e+00 7.354842871427536011e-02
0.000000000000000000e+00 1.196407303214073181e-01
0.000000000000000000e+00 6.441096961498260498e-02
0.000000000000000000e+00 8.427619934082031250e-02
0.000000000000000000e+00 9.899850934743881226e-02
0.000000000000000000e+00 1.070486754179000854e-01
0.000000000000000000e+00 1.101755052804946899e-01
0.000000000000000000e+00 1.824693679809570312e-01
0.000000000000000000e+00 1.724748313426971436e-01
0.000000000000000000e+00 1.981505155563354492e-01
0.000000000000000000e+00 1.812083721160888672e-01
0.000000000000000000e+00 2.157340496778488159e-01
0.000000000000000000e+00 2.128024995326995850e-01
0.000000000000000000e+00 2.688832581043243408e-01
0.000000000000000000e+00 2.616446614265441895e-01
0.000000000000000000e+00 3.037196099758148193e-01
0.000000000000000000e+00 3.200063109397888184e-01
0.000000000000000000e+00 2.669166922569274902e-01
0.000000000000000000e+00 2.771770358085632324e-01
0.000000000000000000e+00 1.427620351314544678e-01
0.000000000000000000e+00 1.460381299257278442e-01
0.000000000000000000e+00 1.248680576682090759e-01
1.000000000000000000e+00 8.206387758255004883e-01
0.000000000000000000e+00 8.431438207626342773e-01
0.000000000000000000e+00 7.893744707107543945e-01
0.000000000000000000e+00 7.364307045936584473e-01
0.000000000000000000e+00 6.212159395217895508e-01
0.000000000000000000e+00 5.594940781593322754e-01
0.000000000000000000e+00 5.686209797859191895e-01
0.000000000000000000e+00 3.787724673748016357e-01
0.000000000000000000e+00 3.258619606494903564e-01
0.000000000000000000e+00 1.596409231424331665e-01
0.000000000000000000e+00 1.183269619941711426e-01
0.000000000000000000e+00 1.180011555552482605e-01
0.000000000000000000e+00 7.738769054412841797e-02
0.000000000000000000e+00 6.927391886711120605e-02
0.000000000000000000e+00 4.629427194595336914e-02
0.000000000000000000e+00 3.123768232762813568e-02
0.000000000000000000e+00 3.693928942084312439e-02
0.000000000000000000e+00 3.718999400734901428e-02
0.000000000000000000e+00 3.605352714657783508e-02
0.000000000000000000e+00 3.973666578531265259e-02
0.000000000000000000e+00 3.962162509560585022e-02
0.000000000000000000e+00 4.794475808739662170e-02
0.000000000000000000e+00 4.738720878958702087e-02
0.000000000000000000e+00 3.816385567188262939e-02
0.000000000000000000e+00 3.320083767175674438e-02
0.000000000000000000e+00 2.569163963198661804e-02
0.000000000000000000e+00 2.818733826279640198e-02
0.000000000000000000e+00 3.182550147175788879e-02
0.000000000000000000e+00 2.842896431684494019e-02
0.000000000000000000e+00 3.138249367475509644e-02
0.000000000000000000e+00 3.391729295253753662e-02
0.000000000000000000e+00 4.110739007592201233e-02
0.000000000000000000e+00 3.926532715559005737e-02
0.000000000000000000e+00 3.978549316525459290e-02
0.000000000000000000e+00 4.313109442591667175e-02
0.000000000000000000e+00 3.962964564561843872e-02
0.000000000000000000e+00 3.637317195534706116e-02
0.000000000000000000e+00 3.079297021031379700e-02
0.000000000000000000e+00 2.495817095041275024e-02
0.000000000000000000e+00 2.327576093375682831e-02
0.000000000000000000e+00 2.322659641504287720e-02
0.000000000000000000e+00 2.057556435465812683e-02
0.000000000000000000e+00 2.038735896348953247e-02
0.000000000000000000e+00 1.640097051858901978e-02
0.000000000000000000e+00 1.748204976320266724e-02
0.000000000000000000e+00 1.787086203694343567e-02
0.000000000000000000e+00 1.763801835477352142e-02
0.000000000000000000e+00 2.381276525557041168e-02
0.000000000000000000e+00 2.827093191444873810e-02
0.000000000000000000e+00 4.311846196651458740e-02
0.000000000000000000e+00 6.002985313534736633e-02
0.000000000000000000e+00 8.020430058240890503e-02
0.000000000000000000e+00 1.184009015560150146e-01
0.000000000000000000e+00 1.075626537203788757e-01
0.000000000000000000e+00 9.371466189622879028e-02
0.000000000000000000e+00 1.019962355494499207e-01
0.000000000000000000e+00 9.854830056428909302e-02
0.000000000000000000e+00 1.462106555700302124e-01
0.000000000000000000e+00 2.110862880945205688e-01
0.000000000000000000e+00 2.634816765785217285e-01
0.000000000000000000e+00 3.070072233676910400e-01
0.000000000000000000e+00 3.128419816493988037e-01
0.000000000000000000e+00 3.222041130065917969e-01
0.000000000000000000e+00 3.207937479019165039e-01
0.000000000000000000e+00 3.272195458412170410e-01
0.000000000000000000e+00 3.163119554519653320e-01
0.000000000000000000e+00 3.053100407123565674e-01
1.000000000000000000e+00 2.830830216407775879e-01
1.000000000000000000e+00 2.881035208702087402e-01
0.000000000000000000e+00 2.643801867961883545e-01
0.000000000000000000e+00 2.276030182838439941e-01
0.000000000000000000e+00 2.361494153738021851e-01
0.000000000000000000e+00 2.350100278854370117e-01
0.000000000000000000e+00 2.135716229677200317e-01
0.000000000000000000e+00 2.008908241987228394e-01
0.000000000000000000e+00 5.235745906829833984e-01
0.000000000000000000e+00 5.456413030624389648e-01
0.000000000000000000e+00 5.025454759597778320e-01
0.000000000000000000e+00 4.074252545833587646e-01
0.000000000000000000e+00 3.468790650367736816e-01
0.000000000000000000e+00 3.019170761108398438e-01
0.000000000000000000e+00 2.180631607770919800e-01
0.000000000000000000e+00 1.457693427801132202e-01
0.000000000000000000e+00 1.176689341664314270e-01
0.000000000000000000e+00 1.107991635799407959e-01
0.000000000000000000e+00 8.843833208084106445e-02
0.000000000000000000e+00 7.860027253627777100e-02
0.000000000000000000e+00 5.873328447341918945e-02
0.000000000000000000e+00 4.151271283626556396e-02
0.000000000000000000e+00 3.120013885200023651e-02
0.000000000000000000e+00 2.888728864490985870e-02
0.000000000000000000e+00 2.294348180294036865e-02
0.000000000000000000e+00 2.553262002766132355e-02
0.000000000000000000e+00 3.251025825738906860e-02
0.000000000000000000e+00 2.648988924920558929e-02
0.000000000000000000e+00 3.946816548705101013e-02
0.000000000000000000e+00 4.361604899168014526e-02
0.000000000000000000e+00 4.246544465422630310e-02
0.000000000000000000e+00 6.893566250801086426e-02
0.000000000000000000e+00 5.580622702836990356e-02
0.000000000000000000e+00 5.468126386404037476e-02
0.000000000000000000e+00 7.138467580080032349e-02
0.000000000000000000e+00 8.737584203481674194e-02
0.000000000000000000e+00 1.031722724437713623e-01
0.000000000000000000e+00 1.015124022960662842e-01
0.000000000000000000e+00 1.028634756803512573e-01
0.000000000000000000e+00 9.665373712778091431e-02
0.000000000000000000e+00 1.219893842935562134e-01
0.000000000000000000e+00 1.283088475465774536e-01
0.000000000000000000e+00 1.159879937767982483e-01
0.000000000000000000e+00 1.115356981754302979e-01
0.000000000000000000e+00 9.889677166938781738e-02
0.000000000000000000e+00 7.580821961164474487e-02
0.000000000000000000e+00 6.559738516807556152e-02
0.000000000000000000e+00 6.908081471920013428e-02
0.000000000000000000e+00 7.790732383728027344e-02
0.000000000000000000e+00 8.556977659463882446e-02
0.000000000000000000e+00 9.281633794307708740e-02
0.000000000000000000e+00 8.630678057670593262e-02
0.000000000000000000e+00 5.597493425011634827e-02
0.000000000000000000e+00 5.886599794030189514e-02
0.000000000000000000e+00 6.072491779923439026e-02
0.000000000000000000e+00 7.342304289340972900e-02
0.000000000000000000e+00 1.059183925390243530e-01
0.000000000000000000e+00 1.399538815021514893e-01
0.000000000000000000e+00 2.030117064714431763e-01
0.000000000000000000e+00 2.444949150085449219e-01
0.000000000000000000e+00 2.660360336303710938e-01
0.000000000000000000e+00 3.430292010307312012e-01
0.000000000000000000e+00 3.236060142517089844e-01
0.000000000000000000e+00 3.222586512565612793e-01
0.000000000000000000e+00 3.629433214664459229e-01
0.000000000000000000e+00 3.832449615001678467e-01
0.000000000000000000e+00 3.918557465076446533e-01
0.000000000000000000e+00 4.129943847656250000e-01
0.000000000000000000e+00 4.230103492736816406e-01
0.000000000000000000e+00 4.458582997322082520e-01
0.000000000000000000e+00 4.984688162803649902e-01
0.000000000000000000e+00 3.956255316734313965e-01
0.000000000000000000e+00 3.928372859954833984e-01
0.000000000000000000e+00 4.011797606945037842e-01
0.000000000000000000e+00 3.232743144035339355e-01
0.000000000000000000e+00 3.091253638267517090e-01
0.000000000000000000e+00 2.499495893716812134e-01
0.000000000000000000e+00 2.042238712310791016e-01
0.000000000000000000e+00 2.232238054275512695e-01
0.000000000000000000e+00 1.943510472774505615e-01
0.000000000000000000e+00 1.315052509307861328e-01
0.000000000000000000e+00 7.660973072052001953e-02
0.000000000000000000e+00 6.901408731937408447e-02
0.000000000000000000e+00 1.831956654787063599e-01
0.000000000000000000e+00 8.970248699188232422e-02
0.000000000000000000e+00 5.730700865387916565e-02
0.000000000000000000e+00 4.539232701063156128e-02
0.000000000000000000e+00 3.358445316553115845e-02
0.000000000000000000e+00 3.202416747808456421e-02
0.000000000000000000e+00 1.572232879698276520e-02
0.000000000000000000e+00 1.259198412299156189e-02
0.000000000000000000e+00 1.277554780244827271e-02
0.000000000000000000e+00 8.845293894410133362e-03
0.000000000000000000e+00 7.723330985754728317e-03
0.000000000000000000e+00 7.290295325219631195e-03
0.000000000000000000e+00 6.506093777716159821e-03
0.000000000000000000e+00 5.611808504909276962e-03
0.000000000000000000e+00 3.907376434653997421e-03
0.000000000000000000e+00 7.215070538222789764e-03
0.000000000000000000e+00 8.403725922107696533e-03
0.000000000000000000e+00 7.954191416501998901e-03
0.000000000000000000e+00 8.039452135562896729e-03
0.000000000000000000e+00 1.084532774984836578e-02
0.000000000000000000e+00 1.347285695374011993e-02
0.000000000000000000e+00 2.292704209685325623e-02
0.000000000000000000e+00 2.409770153462886810e-02
0.000000000000000000e+00 2.859585173428058624e-02
0.000000000000000000e+00 3.351725637912750244e-02
0.000000000000000000e+00 2.844784595072269440e-02
0.000000000000000000e+00 3.100459836423397064e-02
0.000000000000000000e+00 3.515516221523284912e-02
0.000000000000000000e+00 3.012357279658317566e-02
0.000000000000000000e+00 2.859731949865818024e-02
0.000000000000000000e+00 2.268926426768302917e-02
0.000000000000000000e+00 1.926925033330917358e-02
0.000000000000000000e+00 2.358027175068855286e-02
0.000000000000000000e+00 2.117400802671909332e-02
0.000000000000000000e+00 1.819785684347152710e-02
0.000000000000000000e+00 2.031815238296985626e-02
0.000000000000000000e+00 1.096072979271411896e-02
0.000000000000000000e+00 1.123680733144283295e-02
0.000000000000000000e+00 1.296065375208854675e-02
0.000000000000000000e+00 9.677854366600513458e-03
0.000000000000000000e+00 1.221203804016113281e-02
0.000000000000000000e+00 9.144235402345657349e-03
0.000000000000000000e+00 6.539180874824523926e-03
0.000000000000000000e+00 6.843783892691135406e-03
0.000000000000000000e+00 6.757539696991443634e-03
0.000000000000000000e+00 5.554037168622016907e-03
0.000000000000000000e+00 8.050921373069286346e-03
0.000000000000000000e+00 1.026755571365356445e-02
0.000000000000000000e+00 1.774960383772850037e-02
0.000000000000000000e+00 1.957775838673114777e-02
0.000000000000000000e+00 3.686770424246788025e-02
0.000000000000000000e+00 8.718147128820419312e-02
0.000000000000000000e+00 1.302234083414077759e-01
0.000000000000000000e+00 1.189326047897338867e-01
0.000000000000000000e+00 1.298868060111999512e-01
0.000000000000000000e+00 1.740890741348266602e-01
0.000000000000000000e+00 1.637805998325347900e-01
0.000000000000000000e+00 2.600071132183074951e-01
0.000000000000000000e+00 3.624010384082794189e-01
0.000000000000000000e+00 4.585869908332824707e-01
0.000000000000000000e+00 4.832446873188018799e-01
0.000000000000000000e+00 5.699514150619506836e-01
0.000000000000000000e+00 5.619327425956726074e-01
0.000000000000000000e+00 5.623229146003723145e-01
0.000000000000000000e+00 5.612061023712158203e-01
0.000000000000000000e+00 5.274623036384582520e-01
0.000000000000000000e+00 4.702170491218566895e-01
1.000000000000000000e+00 4.778441786766052246e-01
0.000000000000000000e+00 4.452142715454101562e-01
0.000000000000000000e+00 4.062165021896362305e-01
0.000000000000000000e+00 2.568975090980529785e-01
0.000000000000000000e+00 2.540311813354492188e-01
0.000000000000000000e+00 1.538494378328323364e-01
0.000000000000000000e+00 9.676720201969146729e-02
0.000000000000000000e+00 8.665032684803009033e-02
1.000000000000000000e+00 7.754467129707336426e-01
1.000000000000000000e+00 8.152121305465698242e-01
1.000000000000000000e+00 8.277124762535095215e-01
1.000000000000000000e+00 8.492743372917175293e-01
0.000000000000000000e+00 7.044388055801391602e-01
0.000000000000000000e+00 7.436800599098205566e-01
0.000000000000000000e+00 5.081636309623718262e-01
0.000000000000000000e+00 5.760819315910339355e-01
0.000000000000000000e+00 4.260089099407196045e-01
0.000000000000000000e+00 1.760154962539672852e-01
0.000000000000000000e+00 2.023362815380096436e-01
0.000000000000000000e+00 2.219571620225906372e-01
0.000000000000000000e+00 9.052910655736923218e-02
0.000000000000000000e+00 5.526561290025711060e-02
0.000000000000000000e+00 4.586353152990341187e-02
0.000000000000000000e+00 2.353825978934764862e-02
0.000000000000000000e+00 2.961439266800880432e-02
0.000000000000000000e+00 1.568290777504444122e-02
0.000000000000000000e+00 1.260126102715730667e-02
0.000000000000000000e+00 1.135859265923500061e-02
0.000000000000000000e+00 1.524838618934154510e-02
0.000000000000000000e+00 1.925803907215595245e-02
0.000000000000000000e+00 1.899447664618492126e-02
0.000000000000000000e+00 1.830215007066726685e-02
0.000000000000000000e+00 1.292813103646039963e-02
0.000000000000000000e+00 1.098128128796815872e-02
0.000000000000000000e+00 1.169357728213071823e-02
0.000000000000000000e+00 8.484316058456897736e-03
0.000000000000000000e+00 1.184553839266300201e-02
0.000000000000000000e+00 1.194301154464483261e-02
0.000000000000000000e+00 1.270008273422718048e-02
0.000000000000000000e+00 1.930398680269718170e-02
0.000000000000000000e+00 1.685519888997077942e-02
0.000000000000000000e+00 2.164021506905555725e-02
0.000000000000000000e+00 2.064478397369384766e-02
0.000000000000000000e+00 2.337445132434368134e-02
0.000000000000000000e+00 3.557139635086059570e-02
0.000000000000000000e+00 3.236120566725730896e-02
0.000000000000000000e+00 3.467791527509689331e-02
0.000000000000000000e+00 4.408782720565795898e-02
0.000000000000000000e+00 4.208834096789360046e-02
0.000000000000000000e+00 3.130890801548957825e-02
0.000000000000000000e+00 2.505392394959926605e-02
0.000000000000000000e+00 2.096479013562202454e-02
0.000000000000000000e+00 1.273234933614730835e-02
0.000000000000000000e+00 1.265453081578016281e-02
0.000000000000000000e+00 9.074324741959571838e-03
0.000000000000000000e+00 1.860875263810157776e-02
0.000000000000000000e+00 2.776203677058219910e-02
0.000000000000000000e+00 3.411504998803138733e-02
0.000000000000000000e+00 5.518001317977905273e-02
0.000000000000000000e+00 7.328934222459793091e-02
0.000000000000000000e+00 1.230487748980522156e-01
0.000000000000000000e+00 1.709709167480468750e-01
0.000000000000000000e+00 1.922498047351837158e-01
0.000000000000000000e+00 1.811886429786682129e-01
0.000000000000000000e+00 1.505164206027984619e-01
0.000000000000000000e+00 2.185951024293899536e-01
0.000000000000000000e+00 2.359339296817779541e-01
0.000000000000000000e+00 2.426508218050003052e-01
0.000000000000000000e+00 2.730224132537841797e-01
0.000000000000000000e+00 4.487754702568054199e-01
0.000000000000000000e+00 4.243478178977966309e-01
0.000000000000000000e+00 3.892223834991455078e-01
0.000000000000000000e+00 4.224089682102203369e-01
0.000000000000000000e+00 4.385948479175567627e-01
0.000000000000000000e+00 3.702046275138854980e-01
0.000000000000000000e+00 4.202796220779418945e-01
0.000000000000000000e+00 3.869486451148986816e-01
0.000000000000000000e+00 3.254997730255126953e-01
0.000000000000000000e+00 2.330410182476043701e-01
0.000000000000000000e+00 2.328085750341415405e-01
0.000000000000000000e+00 1.912671923637390137e-01
0.000000000000000000e+00 1.170229837298393250e-01
0.000000000000000000e+00 7.203834503889083862e-02
0.000000000000000000e+00 7.272205352783203125e-01
0.000000000000000000e+00 6.886021494865417480e-01
0.000000000000000000e+00 6.198531389236450195e-01
0.000000000000000000e+00 5.658266544342041016e-01
0.000000000000000000e+00 5.317749381065368652e-01
0.000000000000000000e+00 5.273151993751525879e-01
0.000000000000000000e+00 4.156336784362792969e-01
0.000000000000000000e+00 3.504788875579833984e-01
0.000000000000000000e+00 2.326136976480484009e-01
0.000000000000000000e+00 2.212813049554824829e-01
0.000000000000000000e+00 1.660953313112258911e-01
0.000000000000000000e+00 1.392417699098587036e-01
0.000000000000000000e+00 9.456890076398849487e-02
0.000000000000000000e+00 1.064028218388557434e-01
0.000000000000000000e+00 7.462145388126373291e-02
0.000000000000000000e+00 5.917046964168548584e-02
0.000000000000000000e+00 3.767140582203865051e-02
0.000000000000000000e+00 3.711649775505065918e-02
0.000000000000000000e+00 3.206878155469894409e-02
0.000000000000000000e+00 2.764686197042465210e-02
0.000000000000000000e+00 3.166095167398452759e-02
0.000000000000000000e+00 3.250714763998985291e-02
0.000000000000000000e+00 4.255621135234832764e-02
0.000000000000000000e+00 5.720172449946403503e-02
0.000000000000000000e+00 5.333550274372100830e-02
0.000000000000000000e+00 4.939494282007217407e-02
0.000000000000000000e+00 6.469702720642089844e-02
0.000000000000000000e+00 8.493475615978240967e-02
0.000000000000000000e+00 8.145958185195922852e-02
0.000000000000000000e+00 6.924459338188171387e-02
0.000000000000000000e+00 6.928279995918273926e-02
0.000000000000000000e+00 7.771117985248565674e-02
0.000000000000000000e+00 7.078800350427627563e-02
0.000000000000000000e+00 6.275526434183120728e-02
0.000000000000000000e+00 5.716306343674659729e-02
0.000000000000000000e+00 4.673602432012557983e-02
0.000000000000000000e+00 4.913935437798500061e-02
0.000000000000000000e+00 4.617056623101234436e-02
0.000000000000000000e+00 4.171853512525558472e-02
0.000000000000000000e+00 3.359647840261459351e-02
0.000000000000000000e+00 2.661475539207458496e-02
0.000000000000000000e+00 2.365027554333209991e-02
0.000000000000000000e+00 3.197699040174484253e-02
0.000000000000000000e+00 3.153090551495552063e-02
0.000000000000000000e+00 2.075774781405925751e-02
0.000000000000000000e+00 1.650271937251091003e-02
0.000000000000000000e+00 1.467721257358789444e-02
0.000000000000000000e+00 1.335006579756736755e-02
0.000000000000000000e+00 1.221142802387475967e-02
0.000000000000000000e+00 1.399187836796045303e-02
0.000000000000000000e+00 2.067228779196739197e-02
0.000000000000000000e+00 3.345844522118568420e-02
0.000000000000000000e+00 3.556734696030616760e-02
0.000000000000000000e+00 5.582223460078239441e-02
0.000000000000000000e+00 8.283754438161849976e-02
0.000000000000000000e+00 6.390622258186340332e-02
0.000000000000000000e+00 4.450875148177146912e-02
0.000000000000000000e+00 7.148248702287673950e-02
0.000000000000000000e+00 7.312670350074768066e-02
0.000000000000000000e+00 7.003172487020492554e-02
1.000000000000000000e+00 1.266964823007583618e-01
1.000000000000000000e+00 1.301816254854202271e-01
0.000000000000000000e+00 1.493557393550872803e-01
0.000000000000000000e+00 1.578026711940765381e-01
0.000000000000000000e+00 1.442556679248809814e-01
0.000000000000000000e+00 2.110116928815841675e-01
0.000000000000000000e+00 2.839174270629882812e-01
0.000000000000000000e+00 3.512609601020812988e-01
0.000000000000000000e+00 4.169333577156066895e-01
0.000000000000000000e+00 3.833743631839752197e-01
0.000000000000000000e+00 4.087829887866973877e-01
0.000000000000000000e+00 3.714470565319061279e-01
0.000000000000000000e+00 3.674738705158233643e-01
0.000000000000000000e+00 3.525750339031219482e-01
0.000000000000000000e+00 2.772764563560485840e-01
