0.000000000000000000e+00 3.987195491790771484e-01
0.000000000000000000e+00 1.882467120885848999e-01
0.000000000000000000e+00 2.005921155214309692e-01
0.000000000000000000e+00 9.842116385698318481e-02
0.000000000000000000e+00 1.749352961778640747e-01
0.000000000000000000e+00 1.489176005125045776e-01
0.000000000000000000e+00 1.298072338104248047e-01
0.000000000000000000e+00 9.889980405569076538e-02
0.000000000000000000e+00 1.203660443425178528e-01
0.000000000000000000e+00 5.825257673859596252e-02
0.000000000000000000e+00 6.863985955715179443e-02
0.000000000000000000e+00 3.923302516341209412e-02
0.000000000000000000e+00 5.728926137089729309e-02
0.000000000000000000e+00 2.996083721518516541e-02
0.000000000000000000e+00 3.462852165102958679e-02
0.000000000000000000e+00 1.849289983510971069e-02
0.000000000000000000e+00 3.206542879343032837e-02
0.000000000000000000e+00 3.764648735523223877e-02
0.000000000000000000e+00 2.103485725820064545e-02
0.000000000000000000e+00 3.462286293506622314e-02
0.000000000000000000e+00 3.155817463994026184e-02
0.000000000000000000e+00 8.508137613534927368e-02
0.000000000000000000e+00 1.130904480814933777e-01
1.000000000000000000e+00 1.869210600852966309e-01
1.000000000000000000e+00 3.352331817150115967e-01
1.000000000000000000e+00 1.062548384070396423e-01
1.000000000000000000e+00 1.496842652559280396e-01
1.000000000000000000e+00 1.899569481611251831e-01
1.000000000000000000e+00 7.217945903539657593e-02
1.000000000000000000e+00 1.235895752906799316e-01
1.000000000000000000e+00 3.871644660830497742e-02
0.000000000000000000e+00 1.372658647596836090e-02
0.000000000000000000e+00 1.060269959270954132e-02
0.000000000000000000e+00 5.027519073337316513e-03
0.000000000000000000e+00 5.109000951051712036e-03
0.000000000000000000e+00 2.697906456887722015e-03
0.000000000000000000e+00 1.794808194972574711e-03
0.000000000000000000e+00 1.414926489815115929e-03
0.000000000000000000e+00 1.154221710748970509e-03
0.000000000000000000e+00 6.675160839222371578e-04
0.000000000000000000e+00 6.283335387706756592e-04
0.000000000000000000e+00 4.622366395778954029e-04
0.000000000000000000e+00 4.197127127554267645e-04
0.000000000000000000e+00 2.459923271089792252e-04
0.000000000000000000e+00 1.018096663756296039e-04
0.000000000000000000e+00 1.007740429486148059e-04
0.000000000000000000e+00 6.987636879784986377e-05
0.000000000000000000e+00 4.934874959872104228e-05
0.000000000000000000e+00 8.607974450569599867e-05
0.000000000000000000e+00 1.107069838326424360e-04
0.000000000000000000e+00 2.016739745158702135e-04
0.000000000000000000e+00 1.758810249157249928e-04
0.000000000000000000e+00 3.864180180244147778e-04
0.000000000000000000e+00 8.842000970616936684e-04
0.000000000000000000e+00 1.095939427614212036e-03
0.000000000000000000e+00 1.368465600535273552e-03
0.000000000000000000e+00 4.078668542206287384e-03
0.000000000000000000e+00 1.610182411968708038e-02
0.000000000000000000e+00 2.124988101422786713e-02
0.000000000000000000e+00 6.754814833402633667e-02
0.000000000000000000e+00 1.005995944142341614e-01
0.000000000000000000e+00 1.370979845523834229e-01
0.000000000000000000e+00 1.451508104801177979e-01
0.000000000000000000e+00 4.231429696083068848e-01
0.000000000000000000e+00 4.463497102260589600e-01
0.000000000000000000e+00 4.900562167167663574e-01
0.000000000000000000e+00 6.038906574249267578e-01
0.000000000000000000e+00 6.235370039939880371e-01
0.000000000000000000e+00 6.772361397743225098e-01
0.000000000000000000e+00 5.895162820816040039e-01
0.000000000000000000e+00 5.804553627967834473e-01
0.000000000000000000e+00 5.306448340415954590e-01
0.000000000000000000e+00 6.922777891159057617e-01
0.000000000000000000e+00 6.761121749877929688e-01
0.000000000000000000e+00 5.526244640350341797e-01
0.000000000000000000e+00 9.967341423034667969e-01
0.000000000000000000e+00 9.966847300529479980e-01
0.000000000000000000e+00 9.932190775871276855e-01
0.000000000000000000e+00 9.942101240158081055e-01
0.000000000000000000e+00 9.950928688049316406e-01
0.000000000000000000e+00 9.947568178176879883e-01
0.000000000000000000e+00 9.911373853683471680e-01
0.000000000000000000e+00 9.915708303451538086e-01
0.000000000000000000e+00 9.924644231796264648e-01
0.000000000000000000e+00 9.877610206604003906e-01
0.000000000000000000e+00 9.921229481697082520e-01
0.000000000000000000e+00 9.947859644889831543e-01
0.000000000000000000e+00 9.937028288841247559e-01
0.000000000000000000e+00 9.933716058731079102e-01
0.000000000000000000e+00 9.929798245429992676e-01
1.000000000000000000e+00 9.930792450904846191e-01
1.000000000000000000e+00 9.925472140312194824e-01
1.000000000000000000e+00 9.923354983329772949e-01
1.000000000000000000e+00 9.905813932418823242e-01
0.000000000000000000e+00 9.878224730491638184e-01
0.000000000000000000e+00 9.867079257965087891e-01
0.000000000000000000e+00 9.823381900787353516e-01
0.000000000000000000e+00 9.715078473091125488e-01
0.000000000000000000e+00 9.564084410667419434e-01
0.000000000000000000e+00 8.729882836341857910e-01
0.000000000000000000e+00 6.517982482910156250e-01
0.000000000000000000e+00 6.468201279640197754e-01
0.000000000000000000e+00 3.450083732604980469e-01
0.000000000000000000e+00 1.589048653841018677e-01
0.000000000000000000e+00 7.873544842004776001e-02
0.000000000000000000e+00 3.806512802839279175e-02
0.000000000000000000e+00 3.633520007133483887e-02
1.000000000000000000e+00 2.054043672978878021e-02
1.000000000000000000e+00 1.286790240556001663e-02
0.000000000000000000e+00 9.372575208544731140e-03
0.000000000000000000e+00 8.157849311828613281e-03
0.000000000000000000e+00 8.603829890489578247e-03
0.000000000000000000e+00 1.269904151558876038e-02
0.000000000000000000e+00 2.103244699537754059e-02
0.000000000000000000e+00 2.088486030697822571e-02
0.000000000000000000e+00 1.551555190235376358e-02
0.000000000000000000e+00 8.801540359854698181e-03
0.000000000000000000e+00 1.231065019965171814e-02
0.000000000000000000e+00 1.915633678436279297e-02
0.000000000000000000e+00 1.966270431876182556e-02
0.000000000000000000e+00 1.407425664365291595e-02
0.000000000000000000e+00 1.838089711964130402e-02
0.000000000000000000e+00 2.099646441638469696e-02
0.000000000000000000e+00 2.297659032046794891e-02
0.000000000000000000e+00 4.317666590213775635e-02
0.000000000000000000e+00 3.902623802423477173e-02
0.000000000000000000e+00 1.177660524845123291e-01
0.000000000000000000e+00 9.516207128763198853e-02
0.000000000000000000e+00 1.039984300732612610e-01
0.000000000000000000e+00 1.275290697813034058e-01
0.000000000000000000e+00 1.128023266792297363e-01
0.000000000000000000e+00 1.173516660928726196e-01
0.000000000000000000e+00 1.110104694962501526e-01
0.000000000000000000e+00 1.217337846755981445e-01
0.000000000000000000e+00 1.229372695088386536e-01
0.000000000000000000e+00 1.258252412080764771e-01
0.000000000000000000e+00 1.279099881649017334e-01
0.000000000000000000e+00 1.536697000265121460e-01
0.000000000000000000e+00 1.400447189807891846e-01
0.000000000000000000e+00 1.499532759189605713e-01
0.000000000000000000e+00 1.936662197113037109e-01
0.000000000000000000e+00 1.552468240261077881e-01
0.000000000000000000e+00 1.374887079000473022e-01
0.000000000000000000e+00 1.781224012374877930e-01
0.000000000000000000e+00 2.228792011737823486e-01
0.000000000000000000e+00 2.592869997024536133e-01
0.000000000000000000e+00 2.947480678558349609e-01
0.000000000000000000e+00 3.818677365779876709e-01
0.000000000000000000e+00 4.602306783199310303e-01
0.000000000000000000e+00 4.294689893722534180e-01
1.000000000000000000e+00 4.201027750968933105e-01
1.000000000000000000e+00 3.527035415172576904e-01
1.000000000000000000e+00 5.526460334658622742e-02
1.000000000000000000e+00 2.022215165197849274e-02
1.000000000000000000e+00 3.744516754522919655e-03
0.000000000000000000e+00 4.972179885953664780e-04
0.000000000000000000e+00 1.775257842382416129e-04
0.000000000000000000e+00 2.888321978389285505e-05
0.000000000000000000e+00 5.436951323645189404e-05
0.000000000000000000e+00 3.684683542815037072e-05
0.000000000000000000e+00 3.941215709346579388e-06
0.000000000000000000e+00 3.404041763133136556e-06
0.000000000000000000e+00 2.250915258628083393e-06
0.000000000000000000e+00 7.381143518614408094e-07
0.000000000000000000e+00 4.522536585227499017e-07
0.000000000000000000e+00 1.562899569762521423e-07
0.000000000000000000e+00 1.225732972898185835e-07
0.000000000000000000e+00 5.013263049136185145e-08
0.000000000000000000e+00 3.244222668286056432e-08
0.000000000000000000e+00 2.510654262266598380e-08
0.000000000000000000e+00 1.610506750182594260e-08
0.000000000000000000e+00 2.382668284894862154e-08
0.000000000000000000e+00 1.142501737660950312e-08
0.000000000000000000e+00 4.312044410426096874e-08
0.000000000000000000e+00 2.904310925089248485e-08
0.000000000000000000e+00 3.270278980949115066e-08
1.000000000000000000e+00 7.698172055370378075e-08
1.000000000000000000e+00 1.823320729954502895e-07
0.000000000000000000e+00 8.239931048592552543e-07
0.000000000000000000e+00 2.279643013025633991e-06
0.000000000000000000e+00 9.282150131184607744e-06
0.000000000000000000e+00 2.508876605133991688e-05
0.000000000000000000e+00 4.253135193721391261e-05
0.000000000000000000e+00 7.677086978219449520e-05
0.000000000000000000e+00 4.714927490567788482e-05
0.000000000000000000e+00 2.266908632009290159e-05
0.000000000000000000e+00 4.104049730813130736e-05
0.000000000000000000e+00 5.103655712446197867e-05
0.000000000000000000e+00 1.559708471177145839e-05
0.000000000000000000e+00 2.720592237892560661e-05
0.000000000000000000e+00 2.002612382057122886e-05
0.000000000000000000e+00 1.652086393733043224e-05
0.000000000000000000e+00 2.414763548586051911e-05
0.000000000000000000e+00 1.776736462488770485e-05
0.000000000000000000e+00 1.034893375617684796e-05
0.000000000000000000e+00 6.657564426859607920e-06
0.000000000000000000e+00 5.770626557932700962e-06
0.000000000000000000e+00 5.888904524908866733e-06
0.000000000000000000e+00 6.211941581568680704e-06
0.000000000000000000e+00 1.398616041115019470e-05
0.000000000000000000e+00 5.699025678040925413e-06
0.000000000000000000e+00 7.647347047168295830e-06
0.000000000000000000e+00 4.143882506468798965e-06
0.000000000000000000e+00 1.235833497048588470e-05
0.000000000000000000e+00 6.807712452427949756e-06
0.000000000000000000e+00 4.937497578794136643e-06
0.000000000000000000e+00 1.089794295694446191e-05
0.000000000000000000e+00 9.308806511398870498e-06
0.000000000000000000e+00 5.475638317875564098e-06
0.000000000000000000e+00 8.683687156008090824e-06
0.000000000000000000e+00 1.942403469001874328e-05
0.000000000000000000e+00 1.060053455148590729e-05
0.000000000000000000e+00 1.652737228141631931e-05
0.000000000000000000e+00 1.772096584318205714e-05
0.000000000000000000e+00 1.830972178140655160e-05
0.000000000000000000e+00 1.908740523504093289e-05
0.000000000000000000e+00 1.358330609946278855e-05
0.000000000000000000e+00 2.164550278394017369e-05
0.000000000000000000e+00 3.916417699656449258e-05
0.000000000000000000e+00 5.175398109713569283e-05
0.000000000000000000e+00 7.259378617163747549e-05
0.000000000000000000e+00 1.346040662610903382e-04
0.000000000000000000e+00 3.907002246705815196e-05
0.000000000000000000e+00 4.318597348174080253e-05
0.000000000000000000e+00 6.568713433807715774e-05
1.000000000000000000e+00 9.855136871337890625e-01
0.000000000000000000e+00 9.815005064010620117e-01
0.000000000000000000e+00 9.429776072502136230e-01
0.000000000000000000e+00 8.143119812011718750e-01
0.000000000000000000e+00 8.785332441329956055e-01
0.000000000000000000e+00 4.834616482257843018e-01
0.000000000000000000e+00 3.214565217494964600e-01
0.000000000000000000e+00 2.631166875362396240e-01
0.000000000000000000e+00 1.879005283117294312e-01
0.000000000000000000e+00 1.150550842285156250e-01
0.000000000000000000e+00 1.192392632365226746e-01
0.000000000000000000e+00 9.168909490108489990e-02
0.000000000000000000e+00 5.743891373276710510e-02
0.000000000000000000e+00 4.206883534789085388e-02
0.000000000000000000e+00 3.231463208794593811e-02
0.000000000000000000e+00 2.633310481905937195e-02
0.000000000000000000e+00 2.551082894206047058e-02
0.000000000000000000e+00 2.590276300907135010e-02
0.000000000000000000e+00 2.346321567893028259e-02
0.000000000000000000e+00 2.526069991290569305e-02
0.000000000000000000e+00 2.381001226603984833e-02
0.000000000000000000e+00 3.001811914145946503e-02
0.000000000000000000e+00 3.193937614560127258e-02
0.000000000000000000e+00 3.812067210674285889e-02
0.000000000000000000e+00 2.913528867065906525e-02
0.000000000000000000e+00 3.834480792284011841e-02
0.000000000000000000e+00 4.754814505577087402e-02
0.000000000000000000e+00 4.296605661511421204e-02
0.000000000000000000e+00 6.061184778809547424e-02
0.000000000000000000e+00 7.696618884801864624e-02
0.000000000000000000e+00 7.114456593990325928e-02
0.000000000000000000e+00 8.147489279508590698e-02
0.000000000000000000e+00 1.143539398908615112e-01
0.000000000000000000e+00 9.784176945686340332e-02
0.000000000000000000e+00 1.056162193417549133e-01
0.000000000000000000e+00 1.007850691676139832e-01
0.000000000000000000e+00 9.136888384819030762e-02
0.000000000000000000e+00 9.243769943714141846e-02
0.000000000000000000e+00 7.875370979309082031e-02
0.000000000000000000e+00 7.431939989328384399e-02
0.000000000000000000e+00 8.258415758609771729e-02
0.000000000000000000e+00 6.649728119373321533e-02
0.000000000000000000e+00 7.896035164594650269e-02
0.000000000000000000e+00 9.940859675407409668e-02
0.000000000000000000e+00 7.552444189786911011e-02
0.000000000000000000e+00 7.349330931901931763e-02
0.000000000000000000e+00 7.155291736125946045e-02
0.000000000000000000e+00 1.040527820587158203e-01
0.000000000000000000e+00 1.009652018547058105e-01
0.000000000000000000e+00 9.689686447381973267e-02
0.000000000000000000e+00 1.317259967327117920e-01
0.000000000000000000e+00 1.818335503339767456e-01
0.000000000000000000e+00 2.191929072141647339e-01
0.000000000000000000e+00 2.187743633985519409e-01
0.000000000000000000e+00 1.590204238891601562e-01
0.000000000000000000e+00 1.928370743989944458e-01
0.000000000000000000e+00 1.690009981393814087e-01
0.000000000000000000e+00 1.956899315118789673e-01
0.000000000000000000e+00 1.809863746166229248e-01
0.000000000000000000e+00 2.571903467178344727e-01
0.000000000000000000e+00 2.552883625030517578e-01
0.000000000000000000e+00 2.729250490665435791e-01
0.000000000000000000e+00 2.959702312946319580e-01
0.000000000000000000e+00 2.771458923816680908e-01
0.000000000000000000e+00 2.832859754562377930e-01
0.000000000000000000e+00 2.702884674072265625e-01
0.000000000000000000e+00 2.943578958511352539e-01
1.000000000000000000e+00 2.409789115190505981e-01
1.000000000000000000e+00 1.979012638330459595e-01
0.000000000000000000e+00 1.739685237407684326e-01
0.000000000000000000e+00 1.315397322177886963e-01
0.000000000000000000e+00 1.381217837333679199e-01
0.000000000000000000e+00 1.190689578652381897e-01
0.000000000000000000e+00 1.047809943556785583e-01
0.000000000000000000e+00 7.799068093299865723e-02
0.000000000000000000e+00 9.109054207801818848e-01
0.000000000000000000e+00 7.445149421691894531e-01
0.000000000000000000e+00 5.269036293029785156e-01
0.000000000000000000e+00 3.778085112571716309e-01
0.000000000000000000e+00 1.690837889909744263e-01
0.000000000000000000e+00 2.240886241197586060e-01
0.000000000000000000e+00 9.534990042448043823e-02
0.000000000000000000e+00 5.870584771037101746e-02
0.000000000000000000e+00 6.040241569280624390e-02
0.000000000000000000e+00 2.293580956757068634e-02
0.000000000000000000e+00 2.041826024651527405e-02
0.000000000000000000e+00 1.481785252690315247e-02
0.000000000000000000e+00 1.576640643179416656e-02
0.000000000000000000e+00 2.180658653378486633e-02
0.000000000000000000e+00 8.130352012813091278e-03
0.000000000000000000e+00 2.445179969072341919e-02
0.000000000000000000e+00 4.574194923043251038e-02
0.000000000000000000e+00 6.042480841279029846e-02
0.000000000000000000e+00 2.080280333757400513e-02
0.000000000000000000e+00 5.526475980877876282e-02
0.000000000000000000e+00 1.278493702411651611e-01
0.000000000000000000e+00 1.027425825595855713e-01
0.000000000000000000e+00 1.316958367824554443e-01
0.000000000000000000e+00 8.852133899927139282e-02
0.000000000000000000e+00 2.077950835227966309e-01
0.000000000000000000e+00 2.157912999391555786e-01
0.000000000000000000e+00 3.977444171905517578e-01
0.000000000000000000e+00 5.568462610244750977e-01
0.000000000000000000e+00 5.098492503166198730e-01
0.000000000000000000e+00 3.691172897815704346e-01
0.000000000000000000e+00 3.876739442348480225e-01
0.000000000000000000e+00 3.200426101684570312e-01
0.000000000000000000e+00 2.893155813217163086e-01
0.000000000000000000e+00 2.675255239009857178e-01
0.000000000000000000e+00 4.372675120830535889e-01
0.000000000000000000e+00 3.228387236595153809e-01
0.000000000000000000e+00 2.449377924203872681e-01
0.000000000000000000e+00 3.092209398746490479e-01
0.000000000000000000e+00 1.608663648366928101e-01
0.000000000000000000e+00 1.256459355354309082e-01
0.000000000000000000e+00 1.324589401483535767e-01
0.000000000000000000e+00 1.039713248610496521e-01
0.000000000000000000e+00 5.087132379412651062e-02
0.000000000000000000e+00 3.251050785183906555e-02
0.000000000000000000e+00 1.427417527884244919e-02
0.000000000000000000e+00 1.800725236535072327e-02
0.000000000000000000e+00 1.273447088897228241e-02
0.000000000000000000e+00 1.900243386626243591e-02
0.000000000000000000e+00 3.571326285600662231e-02
0.000000000000000000e+00 5.373501777648925781e-02
0.000000000000000000e+00 1.261248737573623657e-01
0.000000000000000000e+00 3.041422963142395020e-01
0.000000000000000000e+00 2.768864333629608154e-01
0.000000000000000000e+00 4.321610927581787109e-01
0.000000000000000000e+00 5.587643980979919434e-01
0.000000000000000000e+00 5.504816174507141113e-01
0.000000000000000000e+00 4.693494737148284912e-01
0.000000000000000000e+00 6.888974905014038086e-01
0.000000000000000000e+00 8.847545385360717773e-01
0.000000000000000000e+00 8.840409517288208008e-01
0.000000000000000000e+00 8.737209439277648926e-01
0.000000000000000000e+00 9.114249944686889648e-01
0.000000000000000000e+00 8.860676288604736328e-01
0.000000000000000000e+00 8.490801453590393066e-01
0.000000000000000000e+00 8.549190759658813477e-01
0.000000000000000000e+00 7.964758872985839844e-01
0.000000000000000000e+00 8.540723323822021484e-01
0.000000000000000000e+00 8.085557818412780762e-01
0.000000000000000000e+00 7.579609751701354980e-01
0.000000000000000000e+00 7.731440067291259766e-01
0.000000000000000000e+00 7.436252832412719727e-01
0.000000000000000000e+00 6.829496622085571289e-01
0.000000000000000000e+00 6.058407425880432129e-01
0.000000000000000000e+00 3.486015200614929199e-01
0.000000000000000000e+00 3.695416152477264404e-01
0.000000000000000000e+00 5.027389898896217346e-02
0.000000000000000000e+00 3.469550982117652893e-02
0.000000000000000000e+00 2.007191628217697144e-02
0.000000000000000000e+00 8.635825477540493011e-03
0.000000000000000000e+00 7.355947978794574738e-03
0.000000000000000000e+00 3.029363928362727165e-03
0.000000000000000000e+00 1.908012665808200836e-03
0.000000000000000000e+00 1.021934440359473228e-03
0.000000000000000000e+00 5.386975826695561409e-04
0.000000000000000000e+00 3.192784497514367104e-04
0.000000000000000000e+00 9.328076703241094947e-05
0.000000000000000000e+00 8.754406007938086987e-05
0.000000000000000000e+00 3.526724685798399150e-05
0.000000000000000000e+00 4.546966010821051896e-05
0.000000000000000000e+00 1.676013744145166129e-05
0.000000000000000000e+00 1.510065067122923210e-05
0.000000000000000000e+00 1.075357158697443083e-05
0.000000000000000000e+00 1.058641100826207548e-05
0.000000000000000000e+00 1.901884934341069311e-05
0.000000000000000000e+00 2.991250767081510276e-05
0.000000000000000000e+00 4.614428689819760621e-05
0.000000000000000000e+00 9.488793148193508387e-05
0.000000000000000000e+00 2.847760333679616451e-04
0.000000000000000000e+00 1.097366446629166603e-03
0.000000000000000000e+00 1.155288773588836193e-03
0.000000000000000000e+00 2.329462906345725060e-03
0.000000000000000000e+00 3.153844503685832024e-03
0.000000000000000000e+00 6.558999419212341309e-03
0.000000000000000000e+00 3.301031887531280518e-03
0.000000000000000000e+00 2.645624335855245590e-03
0.000000000000000000e+00 5.502495914697647095e-03
0.000000000000000000e+00 3.463600995019078255e-03
0.000000000000000000e+00 3.021633019670844078e-03
0.000000000000000000e+00 2.358312951400876045e-03
0.000000000000000000e+00 1.273455098271369934e-03
0.000000000000000000e+00 2.728901570662856102e-03
0.000000000000000000e+00 1.238586148247122765e-03
0.000000000000000000e+00 3.242170671001076698e-03
0.000000000000000000e+00 1.453774166293442249e-03
0.000000000000000000e+00 1.395581988617777824e-03
0.000000000000000000e+00 1.107008312828838825e-03
0.000000000000000000e+00 9.094835259020328522e-04
0.000000000000000000e+00 6.842606235295534134e-04
0.000000000000000000e+00 8.107848116196691990e-04
0.000000000000000000e+00 1.022572279907763004e-03
0.000000000000000000e+00 1.213194918818771839e-03
0.000000000000000000e+00 1.626296667382121086e-03
0.000000000000000000e+00 3.237635595723986626e-03
0.000000000000000000e+00 2.727073617279529572e-03
0.000000000000000000e+00 2.569090807810425758e-03
0.000000000000000000e+00 4.773792810738086700e-03
0.000000000000000000e+00 5.061280447989702225e-03
0.000000000000000000e+00 1.418417040258646011e-02
0.000000000000000000e+00 1.070343237370252609e-02
0.000000000000000000e+00 1.923941820859909058e-02
0.000000000000000000e+00 2.102529630064964294e-02
0.000000000000000000e+00 5.081790313124656677e-02
0.000000000000000000e+00 3.844346478581428528e-02
0.000000000000000000e+00 3.053712472319602966e-02
0.000000000000000000e+00 5.589525029063224792e-02
0.000000000000000000e+00 9.116556495428085327e-02
0.000000000000000000e+00 7.800373435020446777e-02
0.000000000000000000e+00 1.389853656291961670e-01
0.000000000000000000e+00 9.443322569131851196e-02
0.000000000000000000e+00 9.013473242521286011e-02
0.000000000000000000e+00 1.356975138187408447e-01
0.000000000000000000e+00 1.280038654804229736e-01
1.000000000000000000e+00 1.347744762897491455e-01
0.000000000000000000e+00 1.567817628383636475e-01
0.000000000000000000e+00 1.810715943574905396e-01
0.000000000000000000e+00 2.313189059495925903e-01
0.000000000000000000e+00 2.225309312343597412e-01
0.000000000000000000e+00 2.027483582496643066e-01
0.000000000000000000e+00 1.349311769008636475e-01
0.000000000000000000e+00 1.217661127448081970e-01
1.000000000000000000e+00 9.892862439155578613e-01
1.000000000000000000e+00 9.877415895462036133e-01
1.000000000000000000e+00 9.868546724319458008e-01
1.000000000000000000e+00 9.823733568191528320e-01
0.000000000000000000e+00 9.885504841804504395e-01
0.000000000000000000e+00 9.718165993690490723e-01
0.000000000000000000e+00 9.611389040946960449e-01
0.000000000000000000e+00 8.898008465766906738e-01
0.000000000000000000e+00 6.441664099693298340e-01
0.000000000000000000e+00 1.598211973905563354e-01
0.000000000000000000e+00 4.128386452794075012e-02
0.000000000000000000e+00 4.417267069220542908e-02
0.000000000000000000e+00 7.977437227964401245e-03
0.000000000000000000e+00 1.503015984781086445e-03
0.000000000000000000e+00 3.431154764257371426e-04
0.000000000000000000e+00 1.745206973282620311e-04
0.000000000000000000e+00 3.889526124112308025e-05
0.000000000000000000e+00 1.701533437881153077e-05
0.000000000000000000e+00 8.192000677809119225e-06
0.000000000000000000e+00 4.555092800728743896e-06
0.000000000000000000e+00 3.388097411516355351e-06
0.000000000000000000e+00 3.183901299053104594e-06
0.000000000000000000e+00 2.931087010438204743e-06
0.000000000000000000e+00 3.361064273121883161e-06
0.000000000000000000e+00 1.707200567580002826e-06
0.000000000000000000e+00 4.388564775581471622e-06
0.000000000000000000e+00 3.186595677107106894e-06
0.000000000000000000e+00 9.569399480824358761e-06
0.000000000000000000e+00 1.568612424307502806e-05
0.000000000000000000e+00 2.370056063227821141e-05
0.000000000000000000e+00 1.077954657375812531e-04
0.000000000000000000e+00 1.282276061829179525e-04
0.000000000000000000e+00 2.349323476664721966e-04
0.000000000000000000e+00 6.215829635038971901e-04
0.000000000000000000e+00 8.481797412969172001e-04
0.000000000000000000e+00 7.236882811412215233e-04
0.000000000000000000e+00 1.006190665066242218e-03
0.000000000000000000e+00 9.737125947140157223e-04
0.000000000000000000e+00 2.482111332938075066e-03
0.000000000000000000e+00 1.631688675843179226e-03
0.000000000000000000e+00 1.687009120360016823e-03
0.000000000000000000e+00 1.151728094555437565e-03
0.000000000000000000e+00 1.794453826732933521e-03
0.000000000000000000e+00 8.096977137029170990e-03
0.000000000000000000e+00 2.305548405274748802e-03
0.000000000000000000e+00 5.046503152698278427e-03
0.000000000000000000e+00 4.558283369988203049e-03
0.000000000000000000e+00 5.048718303442001343e-03
0.000000000000000000e+00 2.990571781992912292e-03
0.000000000000000000e+00 6.721066311001777649e-03
0.000000000000000000e+00 1.162895932793617249e-02
0.000000000000000000e+00 1.142951846122741699e-02
0.000000000000000000e+00 1.608433760702610016e-02
0.000000000000000000e+00 3.449956327676773071e-02
0.000000000000000000e+00 4.689262807369232178e-02
0.000000000000000000e+00 3.457123786211013794e-02
0.000000000000000000e+00 7.033904641866683960e-02
0.000000000000000000e+00 8.413829654455184937e-02
0.000000000000000000e+00 1.173010319471359253e-01
0.000000000000000000e+00 1.447450071573257446e-01
0.000000000000000000e+00 3.031806647777557373e-01
0.000000000000000000e+00 3.359536528587341309e-01
0.000000000000000000e+00 4.943030774593353271e-01
0.000000000000000000e+00 5.247429609298706055e-01
0.000000000000000000e+00 5.437873601913452148e-01
0.000000000000000000e+00 5.844779014587402344e-01
0.000000000000000000e+00 5.114479064941406250e-01
0.000000000000000000e+00 5.575417280197143555e-01
0.000000000000000000e+00 5.823220610618591309e-01
0.000000000000000000e+00 6.146141290664672852e-01
0.000000000000000000e+00 5.864779353141784668e-01
0.000000000000000000e+00 4.957331418991088867e-01
0.000000000000000000e+00 4.248570501804351807e-01
0.000000000000000000e+00 3.288439214229583740e-01
0.000000000000000000e+00 2.902675271034240723e-01
0.000000000000000000e+00 1.019975170493125916e-01
0.000000000000000000e+00 1.098118573427200317e-01
0.000000000000000000e+00 4.616655036807060242e-02
0.000000000000000000e+00 3.445350751280784607e-02
0.000000000000000000e+00 2.248089946806430817e-02
0.000000000000000000e+00 1.692571677267551422e-02
0.000000000000000000e+00 5.951683968305587769e-03
0.000000000000000000e+00 6.489185616374015808e-03
0.000000000000000000e+00 6.211486179381608963e-03
0.000000000000000000e+00 3.129923949018120766e-03
0.000000000000000000e+00 2.765952376648783684e-03
0.000000000000000000e+00 2.708591753616929054e-03
0.000000000000000000e+00 2.659044228494167328e-03
0.000000000000000000e+00 2.276755403727293015e-03
0.000000000000000000e+00 1.631368650123476982e-03
0.000000000000000000e+00 1.193662988953292370e-03
0.000000000000000000e+00 1.123998081311583519e-03
0.000000000000000000e+00 1.294757588766515255e-03
0.000000000000000000e+00 1.134650432504713535e-03
0.000000000000000000e+00 2.208213321864604950e-03
0.000000000000000000e+00 1.689359894953668118e-03
0.000000000000000000e+00 2.785273594781756401e-03
0.000000000000000000e+00 8.047296665608882904e-03
0.000000000000000000e+00 8.931418880820274353e-03
0.000000000000000000e+00 1.312552578747272491e-02
0.000000000000000000e+00 1.559050194919109344e-02
0.000000000000000000e+00 2.863623201847076416e-02
0.000000000000000000e+00 4.113607108592987061e-02
0.000000000000000000e+00 5.309416726231575012e-02
0.000000000000000000e+00 5.552427843213081360e-02
0.000000000000000000e+00 3.783566504716873169e-02
0.000000000000000000e+00 3.327707201242446899e-02
0.000000000000000000e+00 4.788050800561904907e-02
0.000000000000000000e+00 3.355078399181365967e-02
0.000000000000000000e+00 4.534032195806503296e-02
0.000000000000000000e+00 2.374898642301559448e-02
0.000000000000000000e+00 1.668947562575340271e-02
0.000000000000000000e+00 1.491570752114057541e-02
0.000000000000000000e+00 1.089360564947128296e-02
0.000000000000000000e+00 1.505652442574501038e-02
0.000000000000000000e+00 9.932708926498889923e-03
0.000000000000000000e+00 9.645469486713409424e-03
0.000000000000000000e+00 5.463729146867990494e-03
0.000000000000000000e+00 1.313794031739234924e-02
0.000000000000000000e+00 7.818007841706275940e-03
0.000000000000000000e+00 3.348385915160179138e-03
0.000000000000000000e+00 4.181127995252609253e-03
0.000000000000000000e+00 3.066204022616147995e-03
0.000000000000000000e+00 2.730099251493811607e-03
0.000000000000000000e+00 3.486093599349260330e-03
0.000000000000000000e+00 3.956827800720930099e-03
0.000000000000000000e+00 1.281303912401199341e-02
0.000000000000000000e+00 1.152181532233953476e-02
0.000000000000000000e+00 2.185733616352081299e-02
0.000000000000000000e+00 2.315961383283138275e-02
0.000000000000000000e+00 1.461616437882184982e-02
0.000000000000000000e+00 1.066070981323719025e-02
0.000000000000000000e+00 2.213442139327526093e-02
0.000000000000000000e+00 1.466496381908655167e-02
0.000000000000000000e+00 1.676063984632492065e-02
1.000000000000000000e+00 3.456657379865646362e-02
1.000000000000000000e+00 3.963107243180274963e-02
0.000000000000000000e+00 3.909616544842720032e-02
0.000000000000000000e+00 4.171475023031234741e-02
0.000000000000000000e+00 5.254340171813964844e-02
0.000000000000000000e+00 2.060848474502563477e-01
0.000000000000000000e+00 2.017279416322708130e-01
0.000000000000000000e+00 2.699715495109558105e-01
0.000000000000000000e+00 4.691636860370635986e-01
0.000000000000000000e+00 3.977122902870178223e-01
0.000000000000000000e+00 4.698294401168823242e-01
0.000000000000000000e+00 4.037126600742340088e-01
0.000000000000000000e+00 3.786309659481048584e-01
0.000000000000000000e+00 5.092477798461914062e-01
0.000000000000000000e+00 5.113231539726257324e-01
