0.000000000000000000e+00 3.132550120353698730e-01
0.000000000000000000e+00 3.447151184082031250e-01
0.000000000000000000e+00 3.274937272071838379e-01
0.000000000000000000e+00 3.158668875694274902e-01
0.000000000000000000e+00 2.904032170772552490e-01
0.000000000000000000e+00 3.434362113475799561e-01
0.000000000000000000e+00 3.279780745506286621e-01
0.000000000000000000e+00 3.074830174446105957e-01
0.000000000000000000e+00 3.340052962303161621e-01
0.000000000000000000e+00 3.144881427288055420e-01
0.000000000000000000e+00 3.064388930797576904e-01
0.000000000000000000e+00 2.953051328659057617e-01
0.000000000000000000e+00 3.009020984172821045e-01
0.000000000000000000e+00 3.297818005084991455e-01
0.000000000000000000e+00 3.271598815917968750e-01
0.000000000000000000e+00 3.179334998130798340e-01
0.000000000000000000e+00 3.416992127895355225e-01
0.000000000000000000e+00 3.345434665679931641e-01
0.000000000000000000e+00 3.106782436370849609e-01
0.000000000000000000e+00 3.214167058467864990e-01
0.000000000000000000e+00 2.982018291950225830e-01
0.000000000000000000e+00 3.044441044330596924e-01
0.000000000000000000e+00 3.375346958637237549e-01
0.000000000000000000e+00 2.997265160083770752e-01
0.000000000000000000e+00 3.129576146602630615e-01
1.000000000000000000e+00 3.415019810199737549e-01
1.000000000000000000e+00 3.402593433856964111e-01
1.000000000000000000e+00 3.368019759654998779e-01
1.000000000000000000e+00 3.242071270942687988e-01
1.000000000000000000e+00 3.012813031673431396e-01
1.000000000000000000e+00 2.756307125091552734e-01
0.000000000000000000e+00 2.370290309190750122e-01
0.000000000000000000e+00 2.070032954216003418e-01
0.000000000000000000e+00 1.783750951290130615e-01
0.000000000000000000e+00 1.443984359502792358e-01
0.000000000000000000e+00 1.226479709148406982e-01
0.000000000000000000e+00 1.031800359487533569e-01
0.000000000000000000e+00 9.423261135816574097e-02
0.000000000000000000e+00 8.858574181795120239e-02
0.000000000000000000e+00 7.455881685018539429e-02
0.000000000000000000e+00 6.516873836517333984e-02
0.000000000000000000e+00 5.867309123277664185e-02
0.000000000000000000e+00 5.398125946521759033e-02
0.000000000000000000e+00 4.937278106808662415e-02
0.000000000000000000e+00 4.707247391343116760e-02
0.000000000000000000e+00 1.494438736699521542e-03
0.000000000000000000e+00 2.202598378062248230e-03
0.000000000000000000e+00 3.289348911494016647e-03
0.000000000000000000e+00 4.129396751523017883e-03
0.000000000000000000e+00 4.465127363801002502e-03
0.000000000000000000e+00 3.488270798698067665e-03
0.000000000000000000e+00 2.765430370345711708e-03
0.000000000000000000e+00 2.451342530548572540e-03
0.000000000000000000e+00 2.240548143163323402e-03
0.000000000000000000e+00 2.229971112683415413e-03
0.000000000000000000e+00 2.184761222451925278e-03
0.000000000000000000e+00 2.126215258613228798e-03
0.000000000000000000e+00 2.112475456669926643e-03
0.000000000000000000e+00 2.038511447608470917e-03
0.000000000000000000e+00 2.009169431403279305e-03
0.000000000000000000e+00 1.936436514370143414e-03
0.000000000000000000e+00 1.844823360443115234e-03
0.000000000000000000e+00 1.782505190931260586e-03
0.000000000000000000e+00 1.787325716577470303e-03
0.000000000000000000e+00 1.811458962038159370e-03
0.000000000000000000e+00 1.812610542401671410e-03
0.000000000000000000e+00 1.828099717386066914e-03
0.000000000000000000e+00 1.822801306843757629e-03
0.000000000000000000e+00 1.784854219295084476e-03
0.000000000000000000e+00 1.718950690701603889e-03
0.000000000000000000e+00 1.750831725075840950e-03
0.000000000000000000e+00 1.779571874067187309e-03
0.000000000000000000e+00 1.784896012395620346e-03
0.000000000000000000e+00 1.749511342495679855e-03
0.000000000000000000e+00 1.701849745586514473e-03
0.000000000000000000e+00 1.686801202595233917e-03
0.000000000000000000e+00 1.646092627197504044e-03
0.000000000000000000e+00 1.612921478226780891e-03
0.000000000000000000e+00 1.622747629880905151e-03
0.000000000000000000e+00 1.620400114916265011e-03
0.000000000000000000e+00 1.605956815183162689e-03
0.000000000000000000e+00 1.634777872823178768e-03
0.000000000000000000e+00 1.608163118362426758e-03
0.000000000000000000e+00 1.563559286296367645e-03
0.000000000000000000e+00 1.567808212712407112e-03
0.000000000000000000e+00 1.546519692055881023e-03
0.000000000000000000e+00 1.541005796752870083e-03
0.000000000000000000e+00 1.571112195961177349e-03
0.000000000000000000e+00 1.553848385810852051e-03
0.000000000000000000e+00 1.521473866887390614e-03
0.000000000000000000e+00 5.932162981480360031e-03
0.000000000000000000e+00 6.739015225321054459e-03
0.000000000000000000e+00 7.961637340486049652e-03
0.000000000000000000e+00 7.972456514835357666e-03
0.000000000000000000e+00 7.948646321892738342e-03
0.000000000000000000e+00 7.634153123944997787e-03
0.000000000000000000e+00 7.312785834074020386e-03
0.000000000000000000e+00 6.963700056076049805e-03
0.000000000000000000e+00 6.386695895344018936e-03
0.000000000000000000e+00 6.307191215455532074e-03
0.000000000000000000e+00 6.379359401762485504e-03
0.000000000000000000e+00 6.351283751428127289e-03
0.000000000000000000e+00 6.415774580091238022e-03
0.000000000000000000e+00 6.514038424938917160e-03
0.000000000000000000e+00 6.541852373629808426e-03
0.000000000000000000e+00 6.454575806856155396e-03
0.000000000000000000e+00 6.348548922687768936e-03
0.000000000000000000e+00 6.381236482411623001e-03
0.000000000000000000e+00 6.611467339098453522e-03
0.000000000000000000e+00 7.025643717497587204e-03
0.000000000000000000e+00 7.399633526802062988e-03
0.000000000000000000e+00 7.729259785264730453e-03
0.000000000000000000e+00 8.064100518822669983e-03
0.000000000000000000e+00 8.528402075171470642e-03
0.000000000000000000e+00 8.799547329545021057e-03
0.000000000000000000e+00 9.219560772180557251e-03
0.000000000000000000e+00 9.945875965058803558e-03
0.000000000000000000e+00 1.035419199615716934e-02
0.000000000000000000e+00 1.137377135455608368e-02
0.000000000000000000e+00 1.175070647150278091e-02
0.000000000000000000e+00 1.196323987096548080e-02
0.000000000000000000e+00 1.217654068022966385e-02
0.000000000000000000e+00 1.269636955112218857e-02
0.000000000000000000e+00 1.293988060206174850e-02
0.000000000000000000e+00 1.332464627921581268e-02
0.000000000000000000e+00 1.391348335891962051e-02
0.000000000000000000e+00 1.465052273124456406e-02
0.000000000000000000e+00 1.529019325971603394e-02
0.000000000000000000e+00 1.589065790176391602e-02
0.000000000000000000e+00 1.646271534264087677e-02
0.000000000000000000e+00 1.694488897919654846e-02
0.000000000000000000e+00 1.748649775981903076e-02
0.000000000000000000e+00 1.777465268969535828e-02
0.000000000000000000e+00 1.757536083459854126e-02
0.000000000000000000e+00 1.836388185620307922e-02
0.000000000000000000e+00 2.130804024636745453e-02
0.000000000000000000e+00 1.360459160059690475e-02
0.000000000000000000e+00 9.210357442498207092e-03
0.000000000000000000e+00 6.492776796221733093e-03
0.000000000000000000e+00 5.331613589078187943e-03
0.000000000000000000e+00 4.329053685069084167e-03
0.000000000000000000e+00 3.548274980857968330e-03
0.000000000000000000e+00 2.841119188815355301e-03
0.000000000000000000e+00 2.623632317408919334e-03
0.000000000000000000e+00 2.253331709653139114e-03
0.000000000000000000e+00 2.288206247612833977e-03
0.000000000000000000e+00 2.353885676711797714e-03
0.000000000000000000e+00 2.429743995890021324e-03
0.000000000000000000e+00 2.813850063830614090e-03
0.000000000000000000e+00 2.519641537219285965e-03
0.000000000000000000e+00 2.002955880016088486e-03
0.000000000000000000e+00 1.438509905710816383e-03
0.000000000000000000e+00 9.680304210633039474e-04
0.000000000000000000e+00 6.904065958224236965e-04
0.000000000000000000e+00 5.272122216410934925e-04
0.000000000000000000e+00 4.444920050445944071e-04
0.000000000000000000e+00 3.858722920995205641e-04
0.000000000000000000e+00 3.411966317798942327e-04
0.000000000000000000e+00 2.949059417005628347e-04
0.000000000000000000e+00 2.494881046004593372e-04
0.000000000000000000e+00 2.383948449278250337e-04
0.000000000000000000e+00 2.282466884935274720e-04
0.000000000000000000e+00 2.254182909382507205e-04
0.000000000000000000e+00 2.250572724733501673e-04
0.000000000000000000e+00 2.211463142884895205e-04
0.000000000000000000e+00 2.174285036744549870e-04
0.000000000000000000e+00 2.116868563462048769e-04
0.000000000000000000e+00 1.997973158722743392e-04
0.000000000000000000e+00 1.920388167491182685e-04
0.000000000000000000e+00 1.857724564615637064e-04
0.000000000000000000e+00 1.734020479489117861e-04
0.000000000000000000e+00 1.750458322931081057e-04
0.000000000000000000e+00 1.659969857428222895e-04
0.000000000000000000e+00 1.542072859592735767e-04
0.000000000000000000e+00 1.504487299825996161e-04
0.000000000000000000e+00 1.514453033450990915e-04
0.000000000000000000e+00 1.513174211140722036e-04
0.000000000000000000e+00 1.491400907980278134e-04
0.000000000000000000e+00 1.472690637456253171e-04
0.000000000000000000e+00 1.507482666056603193e-04
0.000000000000000000e+00 7.437381893396377563e-03
0.000000000000000000e+00 6.003405433148145676e-03
0.000000000000000000e+00 5.040365736931562424e-03
0.000000000000000000e+00 4.173646215349435806e-03
0.000000000000000000e+00 3.609454492107033730e-03
0.000000000000000000e+00 3.174268174916505814e-03
0.000000000000000000e+00 2.708980813622474670e-03
0.000000000000000000e+00 2.351972740143537521e-03
0.000000000000000000e+00 2.046647947281599045e-03
0.000000000000000000e+00 1.787500223144888878e-03
0.000000000000000000e+00 1.643239636905491352e-03
0.000000000000000000e+00 1.557124662213027477e-03
0.000000000000000000e+00 1.516760908998548985e-03
0.000000000000000000e+00 1.523892278783023357e-03
0.000000000000000000e+00 1.532946131192147732e-03
0.000000000000000000e+00 1.568893785588443279e-03
0.000000000000000000e+00 1.603790675289928913e-03
0.000000000000000000e+00 1.654336578212678432e-03
0.000000000000000000e+00 1.780344522558152676e-03
0.000000000000000000e+00 1.856958260759711266e-03
0.000000000000000000e+00 1.944454386830329895e-03
0.000000000000000000e+00 1.992364646866917610e-03
0.000000000000000000e+00 2.079205820336937904e-03
0.000000000000000000e+00 2.102391328662633896e-03
0.000000000000000000e+00 2.088308101519942284e-03
0.000000000000000000e+00 2.092061797156929970e-03
0.000000000000000000e+00 2.296702004969120026e-03
0.000000000000000000e+00 2.328369533643126488e-03
0.000000000000000000e+00 2.360756509006023407e-03
0.000000000000000000e+00 2.319888910278677940e-03
0.000000000000000000e+00 2.361523685976862907e-03
0.000000000000000000e+00 2.397455973550677299e-03
0.000000000000000000e+00 2.369417576119303703e-03
0.000000000000000000e+00 2.523641334846615791e-03
0.000000000000000000e+00 2.611729549244046211e-03
0.000000000000000000e+00 2.701861085370182991e-03
0.000000000000000000e+00 2.785901539027690887e-03
0.000000000000000000e+00 2.709148451685905457e-03
0.000000000000000000e+00 2.451732056215405464e-03
0.000000000000000000e+00 2.511774189770221710e-03
0.000000000000000000e+00 2.620979677885770798e-03
0.000000000000000000e+00 2.616078127175569534e-03
0.000000000000000000e+00 2.552127232775092125e-03
0.000000000000000000e+00 2.549045952036976814e-03
0.000000000000000000e+00 2.576089464128017426e-03
0.000000000000000000e+00 2.192903310060501099e-03
0.000000000000000000e+00 2.756814705207943916e-03
0.000000000000000000e+00 3.220337908715009689e-03
0.000000000000000000e+00 2.821472240611910820e-03
0.000000000000000000e+00 2.596047706902027130e-03
0.000000000000000000e+00 2.426991472020745277e-03
0.000000000000000000e+00 2.127275802195072174e-03
0.000000000000000000e+00 1.671318314038217068e-03
0.000000000000000000e+00 1.130340620875358582e-03
0.000000000000000000e+00 7.471089484170079231e-04
0.000000000000000000e+00 4.989425651729106903e-04
0.000000000000000000e+00 2.980726712848991156e-04
0.000000000000000000e+00 1.868486288003623486e-04
0.000000000000000000e+00 1.549495646031573415e-04
0.000000000000000000e+00 1.375083520542830229e-04
0.000000000000000000e+00 1.261464931303635240e-04
0.000000000000000000e+00 1.237793476320803165e-04
0.000000000000000000e+00 1.347357028862461448e-04
0.000000000000000000e+00 1.484870736021548510e-04
0.000000000000000000e+00 1.636371744098141789e-04
0.000000000000000000e+00 1.964445254998281598e-04
0.000000000000000000e+00 2.407546271570026875e-04
0.000000000000000000e+00 2.945535816252231598e-04
0.000000000000000000e+00 3.919424198102205992e-04
0.000000000000000000e+00 5.084583535790443420e-04
0.000000000000000000e+00 6.024899194017052650e-04
0.000000000000000000e+00 8.146355976350605488e-04
0.000000000000000000e+00 9.011131478473544121e-04
0.000000000000000000e+00 9.158480679616332054e-04
0.000000000000000000e+00 9.614547016099095345e-04
0.000000000000000000e+00 1.036779838614165783e-03
0.000000000000000000e+00 1.098441658541560173e-03
0.000000000000000000e+00 1.144630368798971176e-03
0.000000000000000000e+00 1.133935758844017982e-03
0.000000000000000000e+00 1.089413883164525032e-03
0.000000000000000000e+00 1.139054773375391960e-03
0.000000000000000000e+00 1.092872233130037785e-03
0.000000000000000000e+00 1.024619210511445999e-03
0.000000000000000000e+00 9.659546776674687862e-04
0.000000000000000000e+00 9.704659460112452507e-04
0.000000000000000000e+00 7.929028361104428768e-04
0.000000000000000000e+00 8.926321170292794704e-04
0.000000000000000000e+00 8.321583736687898636e-04
0.000000000000000000e+00 8.345008245669305325e-04
0.000000000000000000e+00 7.689517806284129620e-04
0.000000000000000000e+00 7.537710070610046387e-01
0.000000000000000000e+00 7.359823584556579590e-01
0.000000000000000000e+00 7.657554149627685547e-01
0.000000000000000000e+00 7.695636153221130371e-01
0.000000000000000000e+00 7.787709236145019531e-01
0.000000000000000000e+00 8.020390272140502930e-01
0.000000000000000000e+00 7.899895310401916504e-01
0.000000000000000000e+00 7.966705560684204102e-01
0.000000000000000000e+00 7.949903011322021484e-01
0.000000000000000000e+00 7.947887778282165527e-01
0.000000000000000000e+00 7.863041758537292480e-01
0.000000000000000000e+00 7.987627983093261719e-01
0.000000000000000000e+00 7.577908635139465332e-01
0.000000000000000000e+00 7.447883486747741699e-01
0.000000000000000000e+00 8.087629079818725586e-01
0.000000000000000000e+00 7.662035822868347168e-01
0.000000000000000000e+00 7.536643743515014648e-01
0.000000000000000000e+00 7.965266704559326172e-01
0.000000000000000000e+00 7.157461047172546387e-01
0.000000000000000000e+00 7.883893847465515137e-01
0.000000000000000000e+00 7.782315611839294434e-01
0.000000000000000000e+00 7.684983015060424805e-01
0.000000000000000000e+00 7.854704260826110840e-01
0.000000000000000000e+00 7.983583807945251465e-01
0.000000000000000000e+00 8.018484115600585938e-01
0.000000000000000000e+00 7.959671616554260254e-01
0.000000000000000000e+00 7.557679414749145508e-01
0.000000000000000000e+00 8.449277877807617188e-01
0.000000000000000000e+00 7.567464113235473633e-01
0.000000000000000000e+00 8.097302913665771484e-01
0.000000000000000000e+00 7.675449848175048828e-01
0.000000000000000000e+00 8.345575928688049316e-01
0.000000000000000000e+00 8.078083992004394531e-01
0.000000000000000000e+00 7.830640673637390137e-01
0.000000000000000000e+00 7.695144414901733398e-01
0.000000000000000000e+00 7.732233405113220215e-01
0.000000000000000000e+00 8.123419284820556641e-01
0.000000000000000000e+00 7.901608347892761230e-01
0.000000000000000000e+00 8.034551739692687988e-01
0.000000000000000000e+00 8.078262209892272949e-01
0.000000000000000000e+00 7.879450321197509766e-01
0.000000000000000000e+00 7.822530865669250488e-01
0.000000000000000000e+00 8.126706480979919434e-01
0.000000000000000000e+00 7.991611957550048828e-01
0.000000000000000000e+00 7.432129979133605957e-01
0.000000000000000000e+00 5.837081074714660645e-01
1.000000000000000000e+00 7.446922063827514648e-01
0.000000000000000000e+00 6.445199847221374512e-01
0.000000000000000000e+00 7.226753234863281250e-01
0.000000000000000000e+00 8.091084361076354980e-01
0.000000000000000000e+00 7.921986579895019531e-01
0.000000000000000000e+00 8.087062239646911621e-01
0.000000000000000000e+00 8.192471265792846680e-01
0.000000000000000000e+00 7.452160120010375977e-01
0.000000000000000000e+00 7.848182320594787598e-01
0.000000000000000000e+00 6.716693043708801270e-01
0.000000000000000000e+00 6.593661904335021973e-01
0.000000000000000000e+00 5.283017754554748535e-01
0.000000000000000000e+00 5.806434750556945801e-01
0.000000000000000000e+00 5.117138028144836426e-01
0.000000000000000000e+00 4.946560561656951904e-01
0.000000000000000000e+00 4.160317480564117432e-01
0.000000000000000000e+00 3.748727142810821533e-01
0.000000000000000000e+00 3.608593940734863281e-01
0.000000000000000000e+00 2.574851512908935547e-01
0.000000000000000000e+00 2.959536612033843994e-01
0.000000000000000000e+00 2.775751352310180664e-01
0.000000000000000000e+00 2.405784875154495239e-01
0.000000000000000000e+00 2.060516774654388428e-01
0.000000000000000000e+00 2.110480368137359619e-01
0.000000000000000000e+00 2.068082988262176514e-01
0.000000000000000000e+00 2.117395102977752686e-01
0.000000000000000000e+00 2.196484506130218506e-01
0.000000000000000000e+00 2.114979624748229980e-01
0.000000000000000000e+00 2.138857990503311157e-01
0.000000000000000000e+00 1.979250311851501465e-01
0.000000000000000000e+00 1.803154796361923218e-01
0.000000000000000000e+00 1.737753301858901978e-01
0.000000000000000000e+00 1.608381867408752441e-01
0.000000000000000000e+00 1.481295824050903320e-01
0.000000000000000000e+00 1.402070969343185425e-01
0.000000000000000000e+00 1.281547397375106812e-01
0.000000000000000000e+00 1.161310151219367981e-01
0.000000000000000000e+00 1.078197285532951355e-01
0.000000000000000000e+00 1.030854508280754089e-01
0.000000000000000000e+00 1.003985852003097534e-01
0.000000000000000000e+00 9.962137043476104736e-02
0.000000000000000000e+00 9.721132367849349976e-02
0.000000000000000000e+00 9.169300645589828491e-02
0.000000000000000000e+00 7.704842835664749146e-02
