0.000000000000000000e+00 9.925956130027770996e-01
0.000000000000000000e+00 9.924858808517456055e-01
0.000000000000000000e+00 9.926200509071350098e-01
0.000000000000000000e+00 9.913622736930847168e-01
0.000000000000000000e+00 9.923523068428039551e-01
0.000000000000000000e+00 9.893940091133117676e-01
0.000000000000000000e+00 9.910384416580200195e-01
0.000000000000000000e+00 9.917838573455810547e-01
0.000000000000000000e+00 9.923962950706481934e-01
0.000000000000000000e+00 9.879386425018310547e-01
0.000000000000000000e+00 9.821241497993469238e-01
0.000000000000000000e+00 9.846755862236022949e-01
0.000000000000000000e+00 9.885964989662170410e-01
0.000000000000000000e+00 9.814941883087158203e-01
0.000000000000000000e+00 9.714692831039428711e-01
0.000000000000000000e+00 9.754905700683593750e-01
1.000000000000000000e+00 9.735581278800964355e-01
1.000000000000000000e+00 9.799388647079467773e-01
1.000000000000000000e+00 9.722309708595275879e-01
0.000000000000000000e+00 9.797834157943725586e-01
0.000000000000000000e+00 9.855674505233764648e-01
0.000000000000000000e+00 9.788209199905395508e-01
1.000000000000000000e+00 9.861576557159423828e-01
1.000000000000000000e+00 9.911736845970153809e-01
1.000000000000000000e+00 9.908491373062133789e-01
1.000000000000000000e+00 9.932045936584472656e-01
1.000000000000000000e+00 9.915783405303955078e-01
1.000000000000000000e+00 9.932215213775634766e-01
1.000000000000000000e+00 9.935364127159118652e-01
1.000000000000000000e+00 9.932217597961425781e-01
1.000000000000000000e+00 9.899927973747253418e-01
1.000000000000000000e+00 9.884871244430541992e-01
0.000000000000000000e+00 9.778552055358886719e-01
0.000000000000000000e+00 9.485458135604858398e-01
0.000000000000000000e+00 8.692821264266967773e-01
0.000000000000000000e+00 7.993046641349792480e-01
0.000000000000000000e+00 6.118242144584655762e-01
0.000000000000000000e+00 3.885937035083770752e-01
0.000000000000000000e+00 3.210489749908447266e-01
0.000000000000000000e+00 1.559840440750122070e-01
0.000000000000000000e+00 1.178519576787948608e-01
0.000000000000000000e+00 8.011121302843093872e-02
0.000000000000000000e+00 5.456650257110595703e-02
0.000000000000000000e+00 2.365654148161411285e-02
0.000000000000000000e+00 1.637012138962745667e-02
0.000000000000000000e+00 1.170701440423727036e-02
0.000000000000000000e+00 1.530633959919214249e-02
0.000000000000000000e+00 1.129134837538003922e-02
0.000000000000000000e+00 1.187344454228878021e-02
0.000000000000000000e+00 1.287262700498104095e-02
0.000000000000000000e+00 1.080127153545618057e-02
0.000000000000000000e+00 1.103087421506643295e-02
0.000000000000000000e+00 1.508041005581617355e-02
0.000000000000000000e+00 2.166890911757946014e-02
0.000000000000000000e+00 3.082582727074623108e-02
1.000000000000000000e+00 4.705812409520149231e-02
1.000000000000000000e+00 5.693119764328002930e-02
0.000000000000000000e+00 1.147497370839118958e-01
0.000000000000000000e+00 1.331133842468261719e-01
0.000000000000000000e+00 1.966293901205062866e-01
0.000000000000000000e+00 2.125661969184875488e-01
1.000000000000000000e+00 3.134582936763763428e-01
1.000000000000000000e+00 3.165988326072692871e-01
1.000000000000000000e+00 4.876264631748199463e-01
1.000000000000000000e+00 5.430987477302551270e-01
1.000000000000000000e+00 5.782852172851562500e-01
1.000000000000000000e+00 6.141356825828552246e-01
1.000000000000000000e+00 6.723620891571044922e-01
1.000000000000000000e+00 6.437738537788391113e-01
1.000000000000000000e+00 6.943866610527038574e-01
0.000000000000000000e+00 6.278426647186279297e-01
0.000000000000000000e+00 4.040647745132446289e-01
0.000000000000000000e+00 2.500351369380950928e-01
0.000000000000000000e+00 2.199883311986923218e-01
0.000000000000000000e+00 1.778968721628189087e-01
0.000000000000000000e+00 9.651674628257751465e-01
0.000000000000000000e+00 9.739593863487243652e-01
0.000000000000000000e+00 9.744161367416381836e-01
0.000000000000000000e+00 9.536788463592529297e-01
0.000000000000000000e+00 9.678134322166442871e-01
0.000000000000000000e+00 9.596058130264282227e-01
0.000000000000000000e+00 9.319368004798889160e-01
0.000000000000000000e+00 9.312016367912292480e-01
0.000000000000000000e+00 9.471817612648010254e-01
0.000000000000000000e+00 9.215077161788940430e-01
0.000000000000000000e+00 9.160757064819335938e-01
0.000000000000000000e+00 9.295487999916076660e-01
0.000000000000000000e+00 9.273271560668945312e-01
0.000000000000000000e+00 9.069452881813049316e-01
1.000000000000000000e+00 9.124718308448791504e-01
1.000000000000000000e+00 8.698194026947021484e-01
1.000000000000000000e+00 9.033412933349609375e-01
1.000000000000000000e+00 8.906599879264831543e-01
1.000000000000000000e+00 8.581560254096984863e-01
1.000000000000000000e+00 8.643717765808105469e-01
0.000000000000000000e+00 8.942180871963500977e-01
1.000000000000000000e+00 8.845171928405761719e-01
1.000000000000000000e+00 8.461516499519348145e-01
1.000000000000000000e+00 8.619017601013183594e-01
0.000000000000000000e+00 8.413575291633605957e-01
1.000000000000000000e+00 8.226412534713745117e-01
1.000000000000000000e+00 7.923274636268615723e-01
1.000000000000000000e+00 6.909508705139160156e-01
1.000000000000000000e+00 6.447949409484863281e-01
0.000000000000000000e+00 5.156401395797729492e-01
1.000000000000000000e+00 4.217323064804077148e-01
1.000000000000000000e+00 2.620273530483245850e-01
1.000000000000000000e+00 2.352538406848907471e-01
1.000000000000000000e+00 1.434653103351593018e-01
1.000000000000000000e+00 9.700039029121398926e-02
0.000000000000000000e+00 5.898551270365715027e-02
0.000000000000000000e+00 5.901452526450157166e-02
0.000000000000000000e+00 3.228354081511497498e-02
0.000000000000000000e+00 2.529968507587909698e-02
0.000000000000000000e+00 3.062365576624870300e-02
0.000000000000000000e+00 2.988653443753719330e-02
0.000000000000000000e+00 3.096055425703525543e-02
0.000000000000000000e+00 2.932667545974254608e-02
0.000000000000000000e+00 2.773623168468475342e-02
0.000000000000000000e+00 3.177002444863319397e-02
0.000000000000000000e+00 2.719111926853656769e-02
0.000000000000000000e+00 2.620219066739082336e-02
0.000000000000000000e+00 2.875791676342487335e-02
0.000000000000000000e+00 3.062968514859676361e-02
0.000000000000000000e+00 3.013568930327892303e-02
0.000000000000000000e+00 3.353867307305335999e-02
0.000000000000000000e+00 3.416368365287780762e-02
0.000000000000000000e+00 3.703626617789268494e-02
0.000000000000000000e+00 3.193424642086029053e-02
0.000000000000000000e+00 3.876931592822074890e-02
0.000000000000000000e+00 2.885964699089527130e-02
0.000000000000000000e+00 2.250230871140956879e-02
0.000000000000000000e+00 2.852254174649715424e-02
0.000000000000000000e+00 2.362323738634586334e-02
0.000000000000000000e+00 2.242088876664638519e-02
0.000000000000000000e+00 2.578916586935520172e-02
0.000000000000000000e+00 1.979289576411247253e-02
0.000000000000000000e+00 1.864170655608177185e-02
0.000000000000000000e+00 2.104394882917404175e-02
0.000000000000000000e+00 1.660020463168621063e-02
0.000000000000000000e+00 1.673379354178905487e-02
0.000000000000000000e+00 1.626183837652206421e-02
0.000000000000000000e+00 2.081743255257606506e-02
0.000000000000000000e+00 1.770068705081939697e-02
0.000000000000000000e+00 2.329423464834690094e-02
0.000000000000000000e+00 2.070655301213264465e-02
0.000000000000000000e+00 2.520426362752914429e-02
0.000000000000000000e+00 2.277970686554908752e-02
0.000000000000000000e+00 2.898211404681205750e-02
0.000000000000000000e+00 2.747605927288532257e-02
1.000000000000000000e+00 9.091987609863281250e-01
1.000000000000000000e+00 8.585738539695739746e-01
1.000000000000000000e+00 7.113943696022033691e-01
1.000000000000000000e+00 2.856462895870208740e-01
1.000000000000000000e+00 1.052211821079254150e-01
1.000000000000000000e+00 2.217366360127925873e-02
0.000000000000000000e+00 8.614696562290191650e-03
0.000000000000000000e+00 3.997444640845060349e-03
0.000000000000000000e+00 1.537477946840226650e-03
0.000000000000000000e+00 1.284513622522354126e-03
0.000000000000000000e+00 6.332147167995572090e-04
0.000000000000000000e+00 3.413142112549394369e-04
0.000000000000000000e+00 4.173195338808000088e-04
0.000000000000000000e+00 2.237828448414802551e-04
0.000000000000000000e+00 2.033468772424384952e-04
0.000000000000000000e+00 1.058444831869564950e-04
0.000000000000000000e+00 8.590245852246880531e-05
0.000000000000000000e+00 5.981738286209292710e-05
0.000000000000000000e+00 5.711467019864358008e-05
0.000000000000000000e+00 6.514976121252402663e-05
0.000000000000000000e+00 6.636302714468911290e-05
0.000000000000000000e+00 6.912743992870673537e-05
0.000000000000000000e+00 8.764254016568884254e-05
0.000000000000000000e+00 6.912625394761562347e-05
1.000000000000000000e+00 8.790871652308851480e-05
1.000000000000000000e+00 1.102137248381040990e-04
1.000000000000000000e+00 8.428295404883101583e-05
1.000000000000000000e+00 1.623003336135298014e-04
1.000000000000000000e+00 1.445690140826627612e-04
0.000000000000000000e+00 2.649012603797018528e-04
0.000000000000000000e+00 2.905586443375796080e-04
0.000000000000000000e+00 5.429689772427082062e-04
1.000000000000000000e+00 6.126684602349996567e-04
1.000000000000000000e+00 7.558502838946878910e-04
0.000000000000000000e+00 9.200501954182982445e-04
0.000000000000000000e+00 7.541738450527191162e-04
0.000000000000000000e+00 6.243209354579448700e-04
0.000000000000000000e+00 6.933655240572988987e-04
0.000000000000000000e+00 7.344941259361803532e-04
0.000000000000000000e+00 5.749239935539662838e-04
0.000000000000000000e+00 6.812113570049405098e-04
0.000000000000000000e+00 6.733474438078701496e-04
0.000000000000000000e+00 5.806094850413501263e-04
0.000000000000000000e+00 4.883407964371144772e-04
0.000000000000000000e+00 3.778430109377950430e-04
0.000000000000000000e+00 3.528201486915349960e-04
0.000000000000000000e+00 3.215539327356964350e-04
0.000000000000000000e+00 5.304958904162049294e-04
0.000000000000000000e+00 5.360599607229232788e-04
0.000000000000000000e+00 4.932738956995308399e-04
0.000000000000000000e+00 3.685018164105713367e-04
0.000000000000000000e+00 3.348345344420522451e-04
0.000000000000000000e+00 4.069668939337134361e-04
0.000000000000000000e+00 7.268763729371130466e-04
0.000000000000000000e+00 8.663081680424511433e-04
0.000000000000000000e+00 6.740915705449879169e-04
0.000000000000000000e+00 7.645185687579214573e-04
0.000000000000000000e+00 8.040652610361576080e-04
0.000000000000000000e+00 6.673780153505504131e-04
0.000000000000000000e+00 6.100673344917595387e-04
0.000000000000000000e+00 7.236083038151264191e-04
0.000000000000000000e+00 5.726663512177765369e-04
0.000000000000000000e+00 6.231518927961587906e-04
0.000000000000000000e+00 6.931858370080590248e-04
0.000000000000000000e+00 6.873534293845295906e-04
0.000000000000000000e+00 6.601752829737961292e-04
0.000000000000000000e+00 8.717675809748470783e-04
0.000000000000000000e+00 1.072434009984135628e-03
0.000000000000000000e+00 1.049770507961511612e-03
0.000000000000000000e+00 1.206688000820577145e-03
0.000000000000000000e+00 1.075274311006069183e-03
0.000000000000000000e+00 9.360076510347425938e-04
0.000000000000000000e+00 9.241825900971889496e-04
0.000000000000000000e+00 1.376592088490724564e-03
0.000000000000000000e+00 1.508131274022161961e-03
1.000000000000000000e+00 9.938581585884094238e-01
1.000000000000000000e+00 9.869397878646850586e-01
1.000000000000000000e+00 9.824423789978027344e-01
1.000000000000000000e+00 9.831259846687316895e-01
1.000000000000000000e+00 9.424347281455993652e-01
0.000000000000000000e+00 8.326370120048522949e-01
0.000000000000000000e+00 6.486219167709350586e-01
0.000000000000000000e+00 5.116674304008483887e-01
0.000000000000000000e+00 3.508182466030120850e-01
0.000000000000000000e+00 2.096091359853744507e-01
0.000000000000000000e+00 9.297212213277816772e-02
0.000000000000000000e+00 6.240819394588470459e-02
0.000000000000000000e+00 1.061892658472061157e-01
0.000000000000000000e+00 2.705636993050575256e-02
0.000000000000000000e+00 2.101341821253299713e-02
0.000000000000000000e+00 2.543892525136470795e-02
0.000000000000000000e+00 2.449914440512657166e-02
0.000000000000000000e+00 1.421534083783626556e-02
0.000000000000000000e+00 1.880803517997264862e-02
0.000000000000000000e+00 3.119479119777679443e-02
0.000000000000000000e+00 3.623149171471595764e-02
0.000000000000000000e+00 4.751407727599143982e-02
1.000000000000000000e+00 5.122440308332443237e-02
0.000000000000000000e+00 4.951307550072669983e-02
0.000000000000000000e+00 4.207760095596313477e-02
0.000000000000000000e+00 2.016143128275871277e-02
0.000000000000000000e+00 2.483364380896091461e-02
0.000000000000000000e+00 2.455292269587516785e-02
0.000000000000000000e+00 3.388758003711700439e-02
0.000000000000000000e+00 2.785870060324668884e-02
0.000000000000000000e+00 5.279437080025672913e-02
0.000000000000000000e+00 4.766123369336128235e-02
0.000000000000000000e+00 3.164849057793617249e-02
0.000000000000000000e+00 6.771723926067352295e-02
0.000000000000000000e+00 4.665638506412506104e-02
0.000000000000000000e+00 4.473333060741424561e-02
0.000000000000000000e+00 3.758236020803451538e-02
0.000000000000000000e+00 2.200204692780971527e-02
0.000000000000000000e+00 2.628465928137302399e-02
0.000000000000000000e+00 2.199730649590492249e-02
0.000000000000000000e+00 2.125509828329086304e-02
0.000000000000000000e+00 1.813552714884281158e-02
0.000000000000000000e+00 2.210209332406520844e-02
0.000000000000000000e+00 2.137395367026329041e-02
0.000000000000000000e+00 2.142772078514099121e-02
0.000000000000000000e+00 3.178889304399490356e-02
0.000000000000000000e+00 4.888515546917915344e-02
0.000000000000000000e+00 1.390803903341293335e-01
0.000000000000000000e+00 2.136932462453842163e-01
0.000000000000000000e+00 3.188501894474029541e-01
0.000000000000000000e+00 4.952740967273712158e-01
0.000000000000000000e+00 7.146225571632385254e-01
0.000000000000000000e+00 7.781589031219482422e-01
0.000000000000000000e+00 7.869333028793334961e-01
0.000000000000000000e+00 5.963604450225830078e-01
0.000000000000000000e+00 6.523606777191162109e-01
1.000000000000000000e+00 5.335019230842590332e-01
0.000000000000000000e+00 7.373211979866027832e-01
0.000000000000000000e+00 7.368652820587158203e-01
1.000000000000000000e+00 8.326677680015563965e-01
1.000000000000000000e+00 8.669884800910949707e-01
0.000000000000000000e+00 8.512433171272277832e-01
0.000000000000000000e+00 8.020262718200683594e-01
0.000000000000000000e+00 7.872419953346252441e-01
0.000000000000000000e+00 7.738693952560424805e-01
0.000000000000000000e+00 7.737128138542175293e-01
1.000000000000000000e+00 7.802065014839172363e-01
1.000000000000000000e+00 7.272428274154663086e-01
1.000000000000000000e+00 5.362915396690368652e-01
1.000000000000000000e+00 1.461983323097229004e-01
0.000000000000000000e+00 1.987265050411224365e-01
0.000000000000000000e+00 5.884420871734619141e-02
0.000000000000000000e+00 3.180216252803802490e-02
0.000000000000000000e+00 1.179151423275470734e-02
0.000000000000000000e+00 1.262399833649396896e-02
0.000000000000000000e+00 9.497367739677429199e-01
0.000000000000000000e+00 8.392814397811889648e-01
1.000000000000000000e+00 5.381076931953430176e-01
0.000000000000000000e+00 5.395346879959106445e-01
0.000000000000000000e+00 3.489096760749816895e-01
0.000000000000000000e+00 2.830259799957275391e-01
0.000000000000000000e+00 1.360818296670913696e-01
0.000000000000000000e+00 2.631373405456542969e-01
0.000000000000000000e+00 2.204153984785079956e-01
0.000000000000000000e+00 1.133629530668258667e-01
0.000000000000000000e+00 1.185900717973709106e-01
0.000000000000000000e+00 1.941923201084136963e-01
0.000000000000000000e+00 1.625315994024276733e-01
0.000000000000000000e+00 8.441784977912902832e-02
0.000000000000000000e+00 7.417674362659454346e-02
0.000000000000000000e+00 1.258156299591064453e-01
1.000000000000000000e+00 6.719272583723068237e-02
0.000000000000000000e+00 1.911061853170394897e-01
0.000000000000000000e+00 2.357711642980575562e-01
0.000000000000000000e+00 2.634560167789459229e-01
0.000000000000000000e+00 4.507818222045898438e-01
0.000000000000000000e+00 6.783791184425354004e-01
0.000000000000000000e+00 5.346975326538085938e-01
0.000000000000000000e+00 5.209065675735473633e-01
0.000000000000000000e+00 6.592060327529907227e-01
0.000000000000000000e+00 6.493490338325500488e-01
0.000000000000000000e+00 5.921657681465148926e-01
0.000000000000000000e+00 5.739422440528869629e-01
0.000000000000000000e+00 7.137933969497680664e-01
0.000000000000000000e+00 6.313656568527221680e-01
0.000000000000000000e+00 7.011898756027221680e-01
0.000000000000000000e+00 6.255924105644226074e-01
0.000000000000000000e+00 5.859407782554626465e-01
0.000000000000000000e+00 6.882556676864624023e-01
0.000000000000000000e+00 5.093767642974853516e-01
0.000000000000000000e+00 2.534021139144897461e-01
0.000000000000000000e+00 2.593918442726135254e-01
0.000000000000000000e+00 1.733937263488769531e-01
0.000000000000000000e+00 1.189536526799201965e-01
0.000000000000000000e+00 1.189448311924934387e-01
0.000000000000000000e+00 2.554261982440948486e-01
0.000000000000000000e+00 1.955501139163970947e-01
0.000000000000000000e+00 2.382058054208755493e-01
0.000000000000000000e+00 1.697834879159927368e-01
0.000000000000000000e+00 1.092227175831794739e-01
0.000000000000000000e+00 1.196353808045387268e-01
0.000000000000000000e+00 1.302135288715362549e-01
0.000000000000000000e+00 2.429340481758117676e-01
0.000000000000000000e+00 2.992425858974456787e-01
0.000000000000000000e+00 4.353505671024322510e-01
0.000000000000000000e+00 7.715330719947814941e-01
0.000000000000000000e+00 7.554076910018920898e-01
0.000000000000000000e+00 8.920920491218566895e-01
0.000000000000000000e+00 9.106847643852233887e-01
0.000000000000000000e+00 9.084360003471374512e-01
0.000000000000000000e+00 9.087464809417724609e-01
0.000000000000000000e+00 9.282497763633728027e-01
0.000000000000000000e+00 9.264791607856750488e-01
0.000000000000000000e+00 8.837114572525024414e-01
0.000000000000000000e+00 8.293522000312805176e-01
0.000000000000000000e+00 8.906574249267578125e-01
0.000000000000000000e+00 8.963609933853149414e-01
0.000000000000000000e+00 8.941785097122192383e-01
0.000000000000000000e+00 9.066837430000305176e-01
0.000000000000000000e+00 8.523550033569335938e-01
0.000000000000000000e+00 7.775125503540039062e-01
1.000000000000000000e+00 7.411434054374694824e-01
1.000000000000000000e+00 6.690083742141723633e-01
1.000000000000000000e+00 6.681310534477233887e-01
1.000000000000000000e+00 5.758087635040283203e-01
1.000000000000000000e+00 4.775586426258087158e-01
1.000000000000000000e+00 4.193232357501983643e-01
1.000000000000000000e+00 3.419844806194305420e-01
0.000000000000000000e+00 3.263924717903137207e-01
1.000000000000000000e+00 1.379084736108779907e-01
1.000000000000000000e+00 7.593920081853866577e-02
1.000000000000000000e+00 7.717602699995040894e-02
1.000000000000000000e+00 5.279540643095970154e-02
0.000000000000000000e+00 3.068366646766662598e-02
0.000000000000000000e+00 2.533635683357715607e-02
0.000000000000000000e+00 1.838219538331031799e-02
0.000000000000000000e+00 1.291926857084035873e-02
0.000000000000000000e+00 1.248686481267213821e-02
0.000000000000000000e+00 1.445959787815809250e-02
0.000000000000000000e+00 1.242709718644618988e-02
0.000000000000000000e+00 1.356100104749202728e-02
0.000000000000000000e+00 1.624119468033313751e-02
0.000000000000000000e+00 1.743128523230552673e-02
0.000000000000000000e+00 3.079633414745330811e-02
0.000000000000000000e+00 2.717649191617965698e-02
0.000000000000000000e+00 3.362658992409706116e-02
0.000000000000000000e+00 3.963167965412139893e-02
0.000000000000000000e+00 3.154834359884262085e-02
0.000000000000000000e+00 5.997915565967559814e-02
0.000000000000000000e+00 6.212387606501579285e-02
0.000000000000000000e+00 7.074427604675292969e-02
0.000000000000000000e+00 5.736310034990310669e-02
0.000000000000000000e+00 8.780768513679504395e-02
0.000000000000000000e+00 6.159561872482299805e-02
0.000000000000000000e+00 5.855537205934524536e-02
0.000000000000000000e+00 5.593436956405639648e-02
0.000000000000000000e+00 5.317292362451553345e-02
0.000000000000000000e+00 5.411228910088539124e-02
0.000000000000000000e+00 3.060965612530708313e-02
0.000000000000000000e+00 3.122436814010143280e-02
0.000000000000000000e+00 2.483066357672214508e-02
0.000000000000000000e+00 2.565724961459636688e-02
0.000000000000000000e+00 2.092749439179897308e-02
0.000000000000000000e+00 1.968407817184925079e-02
0.000000000000000000e+00 1.966810040175914764e-02
0.000000000000000000e+00 1.783077605068683624e-02
0.000000000000000000e+00 2.313067764043807983e-02
0.000000000000000000e+00 2.139816805720329285e-02
0.000000000000000000e+00 1.778774522244930267e-02
0.000000000000000000e+00 2.511174790561199188e-02
0.000000000000000000e+00 2.280419878661632538e-02
0.000000000000000000e+00 1.909919455647468567e-02
0.000000000000000000e+00 1.860273070633411407e-02
0.000000000000000000e+00 1.880128122866153717e-02
0.000000000000000000e+00 2.054383419454097748e-02
0.000000000000000000e+00 2.231451682746410370e-02
0.000000000000000000e+00 2.504750154912471771e-02
0.000000000000000000e+00 2.409797161817550659e-02
0.000000000000000000e+00 5.047403648495674133e-02
0.000000000000000000e+00 6.254591792821884155e-02
0.000000000000000000e+00 8.354912698268890381e-02
0.000000000000000000e+00 1.531901955604553223e-01
0.000000000000000000e+00 1.953240931034088135e-01
0.000000000000000000e+00 1.688510626554489136e-01
0.000000000000000000e+00 2.540772259235382080e-01
1.000000000000000000e+00 2.352196425199508667e-01
1.000000000000000000e+00 2.714290618896484375e-01
1.000000000000000000e+00 2.601326406002044678e-01
0.000000000000000000e+00 3.862690329551696777e-01
1.000000000000000000e+00 6.096481680870056152e-01
1.000000000000000000e+00 6.448386311531066895e-01
1.000000000000000000e+00 6.907281875610351562e-01
1.000000000000000000e+00 7.592812180519104004e-01
1.000000000000000000e+00 5.719963312149047852e-01
0.000000000000000000e+00 5.385785698890686035e-01
0.000000000000000000e+00 3.388984501361846924e-01
1.000000000000000000e+00 2.262974828481674194e-01
1.000000000000000000e+00 2.267216891050338745e-01
1.000000000000000000e+00 1.240549981594085693e-01
1.000000000000000000e+00 6.353603303432464600e-02
0.000000000000000000e+00 4.848040640354156494e-02
0.000000000000000000e+00 4.344090446829795837e-02
0.000000000000000000e+00 4.556880146265029907e-02
0.000000000000000000e+00 2.137858793139457703e-02
0.000000000000000000e+00 3.684278205037117004e-02
1.000000000000000000e+00 9.547036886215209961e-01
1.000000000000000000e+00 9.596234560012817383e-01
1.000000000000000000e+00 9.543185234069824219e-01
1.000000000000000000e+00 9.487978219985961914e-01
1.000000000000000000e+00 9.084420204162597656e-01
1.000000000000000000e+00 8.360427618026733398e-01
1.000000000000000000e+00 7.639390230178833008e-01
0.000000000000000000e+00 6.364393234252929688e-01
0.000000000000000000e+00 5.487887859344482422e-01
0.000000000000000000e+00 4.195237159729003906e-01
0.000000000000000000e+00 1.848924010992050171e-01
0.000000000000000000e+00 2.277816534042358398e-01
0.000000000000000000e+00 1.956554800271987915e-01
0.000000000000000000e+00 1.006784364581108093e-01
0.000000000000000000e+00 9.906897693872451782e-02
0.000000000000000000e+00 5.138465017080307007e-02
1.000000000000000000e+00 5.082656443119049072e-02
0.000000000000000000e+00 5.764349550008773804e-02
0.000000000000000000e+00 3.801085799932479858e-02
0.000000000000000000e+00 6.202039122581481934e-02
0.000000000000000000e+00 5.718873813748359680e-02
0.000000000000000000e+00 4.880662634968757629e-02
0.000000000000000000e+00 6.023092940449714661e-02
0.000000000000000000e+00 7.545826584100723267e-02
0.000000000000000000e+00 7.095174491405487061e-02
0.000000000000000000e+00 1.041083857417106628e-01
0.000000000000000000e+00 1.002274826169013977e-01
0.000000000000000000e+00 8.098693192005157471e-02
0.000000000000000000e+00 1.003060117363929749e-01
0.000000000000000000e+00 1.319246739149093628e-01
0.000000000000000000e+00 1.165545210242271423e-01
0.000000000000000000e+00 1.742283701896667480e-01
0.000000000000000000e+00 9.944661706686019897e-02
0.000000000000000000e+00 1.539584845304489136e-01
0.000000000000000000e+00 1.438001096248626709e-01
0.000000000000000000e+00 1.172837018966674805e-01
0.000000000000000000e+00 1.964229792356491089e-01
0.000000000000000000e+00 1.485091000795364380e-01
0.000000000000000000e+00 1.106955409049987793e-01
0.000000000000000000e+00 1.067899316549301147e-01
0.000000000000000000e+00 2.532605826854705811e-01
0.000000000000000000e+00 1.869501620531082153e-01
0.000000000000000000e+00 1.688159853219985962e-01
0.000000000000000000e+00 8.391576260328292847e-02
0.000000000000000000e+00 7.130305469036102295e-02
0.000000000000000000e+00 9.301251918077468872e-02
0.000000000000000000e+00 1.278633773326873779e-01
0.000000000000000000e+00 1.153792440891265869e-01
0.000000000000000000e+00 2.304675132036209106e-01
0.000000000000000000e+00 3.430505394935607910e-01
0.000000000000000000e+00 3.436418473720550537e-01
0.000000000000000000e+00 4.692764878273010254e-01
0.000000000000000000e+00 4.915527999401092529e-01
0.000000000000000000e+00 5.814873576164245605e-01
0.000000000000000000e+00 7.367362976074218750e-01
1.000000000000000000e+00 7.382407784461975098e-01
1.000000000000000000e+00 8.079577088356018066e-01
1.000000000000000000e+00 8.168984651565551758e-01
1.000000000000000000e+00 8.176890611648559570e-01
1.000000000000000000e+00 8.415423631668090820e-01
1.000000000000000000e+00 8.626765608787536621e-01
0.000000000000000000e+00 8.110609650611877441e-01
0.000000000000000000e+00 8.197904229164123535e-01
0.000000000000000000e+00 8.132259845733642578e-01
0.000000000000000000e+00 6.549399495124816895e-01
0.000000000000000000e+00 4.619807600975036621e-01
0.000000000000000000e+00 4.981223642826080322e-01
0.000000000000000000e+00 3.570695221424102783e-01
0.000000000000000000e+00 3.495191633701324463e-01
0.000000000000000000e+00 1.556353121995925903e-01
0.000000000000000000e+00 1.471727490425109863e-01
0.000000000000000000e+00 8.164001256227493286e-02
0.000000000000000000e+00 3.092943131923675537e-02
0.000000000000000000e+00 3.124712407588958740e-02
0.000000000000000000e+00 2.163429372012615204e-02
0.000000000000000000e+00 8.766753077507019043e-01
0.000000000000000000e+00 7.292467355728149414e-01
0.000000000000000000e+00 6.650903820991516113e-01
0.000000000000000000e+00 6.171827912330627441e-01
0.000000000000000000e+00 6.789605617523193359e-01
0.000000000000000000e+00 4.054818153381347656e-01
0.000000000000000000e+00 3.281359374523162842e-01
0.000000000000000000e+00 2.819682657718658447e-01
0.000000000000000000e+00 2.276355773210525513e-01
0.000000000000000000e+00 2.054786235094070435e-01
0.000000000000000000e+00 2.427671700716018677e-01
0.000000000000000000e+00 7.399462163448333740e-02
0.000000000000000000e+00 1.181263551115989685e-01
0.000000000000000000e+00 1.455306708812713623e-01
0.000000000000000000e+00 1.277515590190887451e-01
0.000000000000000000e+00 9.799233824014663696e-02
0.000000000000000000e+00 1.218006312847137451e-01
0.000000000000000000e+00 1.764419674873352051e-01
0.000000000000000000e+00 1.095505282282829285e-01
0.000000000000000000e+00 1.146682202816009521e-01
0.000000000000000000e+00 1.639837920665740967e-01
1.000000000000000000e+00 3.153183162212371826e-01
1.000000000000000000e+00 7.051833868026733398e-01
1.000000000000000000e+00 5.980927348136901855e-01
0.000000000000000000e+00 6.534519791603088379e-01
0.000000000000000000e+00 7.504339218139648438e-01
0.000000000000000000e+00 8.129442334175109863e-01
0.000000000000000000e+00 5.479231476783752441e-01
0.000000000000000000e+00 5.189554095268249512e-01
0.000000000000000000e+00 5.574325919151306152e-01
0.000000000000000000e+00 6.041954755783081055e-01
0.000000000000000000e+00 4.897370636463165283e-01
0.000000000000000000e+00 6.578332185745239258e-01
0.000000000000000000e+00 4.747307300567626953e-01
0.000000000000000000e+00 6.068980693817138672e-01
0.000000000000000000e+00 3.079378902912139893e-01
0.000000000000000000e+00 2.112505733966827393e-01
0.000000000000000000e+00 3.208783268928527832e-01
0.000000000000000000e+00 3.044526278972625732e-01
0.000000000000000000e+00 2.559807300567626953e-01
0.000000000000000000e+00 2.224972248077392578e-01
0.000000000000000000e+00 1.261754482984542847e-01
0.000000000000000000e+00 9.886357188224792480e-02
0.000000000000000000e+00 1.234596893191337585e-01
0.000000000000000000e+00 6.429433077573776245e-02
0.000000000000000000e+00 5.788513273000717163e-02
0.000000000000000000e+00 4.672181606292724609e-02
0.000000000000000000e+00 6.114359572529792786e-02
1.000000000000000000e+00 3.891420364379882812e-02
0.000000000000000000e+00 4.863777756690979004e-02
0.000000000000000000e+00 7.663971930742263794e-02
0.000000000000000000e+00 7.885760813951492310e-02
0.000000000000000000e+00 7.066372036933898926e-02
1.000000000000000000e+00 2.136453837156295776e-01
1.000000000000000000e+00 2.795678079128265381e-01
1.000000000000000000e+00 3.145150542259216309e-01
0.000000000000000000e+00 1.659499555826187134e-01
0.000000000000000000e+00 9.444865584373474121e-02
0.000000000000000000e+00 7.410559058189392090e-02
1.000000000000000000e+00 5.981326103210449219e-02
1.000000000000000000e+00 6.544025987386703491e-02
1.000000000000000000e+00 1.520306617021560669e-01
1.000000000000000000e+00 1.326609849929809570e-01
1.000000000000000000e+00 1.384914070367813110e-01
1.000000000000000000e+00 1.198336929082870483e-01
0.000000000000000000e+00 3.023722469806671143e-01
0.000000000000000000e+00 6.060614585876464844e-01
0.000000000000000000e+00 8.058770298957824707e-01
0.000000000000000000e+00 7.153620123863220215e-01
0.000000000000000000e+00 6.550699472427368164e-01
0.000000000000000000e+00 5.949006080627441406e-01
0.000000000000000000e+00 5.157147049903869629e-01
0.000000000000000000e+00 3.334318399429321289e-01
0.000000000000000000e+00 2.641647756099700928e-01
0.000000000000000000e+00 1.849077194929122925e-01
