0.000000000000000000e+00 9.285438060760498047e-01
0.000000000000000000e+00 9.357867836952209473e-01
0.000000000000000000e+00 9.311863183975219727e-01
0.000000000000000000e+00 8.994921445846557617e-01
0.000000000000000000e+00 9.414635896682739258e-01
0.000000000000000000e+00 9.536837339401245117e-01
0.000000000000000000e+00 9.508138895034790039e-01
0.000000000000000000e+00 9.446406960487365723e-01
0.000000000000000000e+00 9.107336997985839844e-01
0.000000000000000000e+00 9.264597892761230469e-01
0.000000000000000000e+00 9.297274351119995117e-01
0.000000000000000000e+00 9.242585897445678711e-01
0.000000000000000000e+00 9.196071624755859375e-01
0.000000000000000000e+00 9.093008637428283691e-01
0.000000000000000000e+00 9.460828304290771484e-01
0.000000000000000000e+00 9.159153103828430176e-01
1.000000000000000000e+00 9.208166003227233887e-01
1.000000000000000000e+00 9.013113379478454590e-01
1.000000000000000000e+00 9.103062748908996582e-01
0.000000000000000000e+00 9.109211564064025879e-01
0.000000000000000000e+00 9.214706420898437500e-01
0.000000000000000000e+00 9.162656664848327637e-01
1.000000000000000000e+00 9.192543625831604004e-01
1.000000000000000000e+00 9.098463058471679688e-01
1.000000000000000000e+00 9.281923770904541016e-01
1.000000000000000000e+00 9.516145586967468262e-01
1.000000000000000000e+00 9.334101080894470215e-01
1.000000000000000000e+00 9.518915414810180664e-01
1.000000000000000000e+00 9.607430696487426758e-01
1.000000000000000000e+00 9.708126783370971680e-01
1.000000000000000000e+00 9.689229130744934082e-01
1.000000000000000000e+00 9.714675545692443848e-01
0.000000000000000000e+00 9.693076014518737793e-01
0.000000000000000000e+00 9.573092460632324219e-01
0.000000000000000000e+00 9.472963809967041016e-01
0.000000000000000000e+00 9.039407372474670410e-01
0.000000000000000000e+00 8.377323746681213379e-01
0.000000000000000000e+00 7.664669156074523926e-01
0.000000000000000000e+00 6.298521757125854492e-01
0.000000000000000000e+00 6.042690277099609375e-01
0.000000000000000000e+00 3.852641582489013672e-01
0.000000000000000000e+00 3.095876872539520264e-01
0.000000000000000000e+00 2.188923954963684082e-01
0.000000000000000000e+00 1.181000247597694397e-01
0.000000000000000000e+00 5.528052151203155518e-02
0.000000000000000000e+00 2.428767830133438110e-02
0.000000000000000000e+00 1.370441634207963943e-02
0.000000000000000000e+00 1.976522244513034821e-02
0.000000000000000000e+00 1.462856680154800415e-02
0.000000000000000000e+00 1.745076477527618408e-02
0.000000000000000000e+00 1.103604212403297424e-02
0.000000000000000000e+00 1.414590235799551010e-02
0.000000000000000000e+00 1.409030426293611526e-02
0.000000000000000000e+00 1.387423276901245117e-02
0.000000000000000000e+00 2.136886864900588989e-02
1.000000000000000000e+00 2.936158888041973114e-02
1.000000000000000000e+00 3.071256168186664581e-02
0.000000000000000000e+00 8.318974822759628296e-02
0.000000000000000000e+00 8.314998447895050049e-02
0.000000000000000000e+00 2.365282624959945679e-01
0.000000000000000000e+00 2.978148162364959717e-01
1.000000000000000000e+00 2.590141594409942627e-01
1.000000000000000000e+00 3.623254597187042236e-01
1.000000000000000000e+00 5.105720758438110352e-01
1.000000000000000000e+00 4.304213821887969971e-01
1.000000000000000000e+00 4.665644168853759766e-01
1.000000000000000000e+00 5.638788342475891113e-01
1.000000000000000000e+00 6.137799620628356934e-01
1.000000000000000000e+00 6.350377202033996582e-01
1.000000000000000000e+00 7.478277683258056641e-01
0.000000000000000000e+00 8.021483421325683594e-01
0.000000000000000000e+00 7.198734879493713379e-01
0.000000000000000000e+00 6.692827343940734863e-01
0.000000000000000000e+00 4.811975955963134766e-01
0.000000000000000000e+00 3.458425104618072510e-01
0.000000000000000000e+00 9.567028880119323730e-01
0.000000000000000000e+00 9.431723356246948242e-01
0.000000000000000000e+00 9.575603604316711426e-01
0.000000000000000000e+00 9.533936977386474609e-01
0.000000000000000000e+00 9.327777028083801270e-01
0.000000000000000000e+00 9.321691393852233887e-01
0.000000000000000000e+00 9.410182237625122070e-01
0.000000000000000000e+00 9.007521271705627441e-01
0.000000000000000000e+00 9.150902032852172852e-01
0.000000000000000000e+00 9.228637218475341797e-01
0.000000000000000000e+00 8.941183090209960938e-01
0.000000000000000000e+00 9.321323037147521973e-01
0.000000000000000000e+00 9.188038110733032227e-01
0.000000000000000000e+00 9.042893648147583008e-01
1.000000000000000000e+00 8.741301894187927246e-01
1.000000000000000000e+00 8.471579551696777344e-01
1.000000000000000000e+00 8.103433847427368164e-01
1.000000000000000000e+00 8.581034541130065918e-01
1.000000000000000000e+00 8.396609425544738770e-01
1.000000000000000000e+00 8.972994089126586914e-01
0.000000000000000000e+00 9.049031734466552734e-01
1.000000000000000000e+00 9.241976141929626465e-01
1.000000000000000000e+00 9.348518848419189453e-01
1.000000000000000000e+00 9.034999012947082520e-01
0.000000000000000000e+00 9.061400890350341797e-01
1.000000000000000000e+00 8.316118121147155762e-01
1.000000000000000000e+00 8.388282656669616699e-01
1.000000000000000000e+00 7.929443120956420898e-01
1.000000000000000000e+00 6.888974905014038086e-01
0.000000000000000000e+00 6.820279955863952637e-01
1.000000000000000000e+00 6.684362292289733887e-01
1.000000000000000000e+00 4.205989837646484375e-01
1.000000000000000000e+00 6.055212616920471191e-01
1.000000000000000000e+00 3.682619631290435791e-01
1.000000000000000000e+00 1.473159343004226685e-01
0.000000000000000000e+00 1.200107857584953308e-01
0.000000000000000000e+00 6.985942274332046509e-02
0.000000000000000000e+00 4.426852241158485413e-02
0.000000000000000000e+00 7.224004715681076050e-02
0.000000000000000000e+00 4.686373844742774963e-02
0.000000000000000000e+00 4.942078888416290283e-02
0.000000000000000000e+00 5.819023400545120239e-02
0.000000000000000000e+00 7.112057507038116455e-02
0.000000000000000000e+00 4.800324514508247375e-02
0.000000000000000000e+00 4.334062710404396057e-02
0.000000000000000000e+00 2.990308031439781189e-02
0.000000000000000000e+00 2.129193209111690521e-02
0.000000000000000000e+00 2.866843156516551971e-02
0.000000000000000000e+00 2.570658177137374878e-02
0.000000000000000000e+00 3.560272604227066040e-02
0.000000000000000000e+00 2.468851953744888306e-02
0.000000000000000000e+00 3.755357488989830017e-02
0.000000000000000000e+00 5.404637008905410767e-02
0.000000000000000000e+00 6.039791926741600037e-02
0.000000000000000000e+00 2.869853004813194275e-02
0.000000000000000000e+00 3.254109993577003479e-02
0.000000000000000000e+00 2.098373509943485260e-02
0.000000000000000000e+00 2.717207930982112885e-02
0.000000000000000000e+00 2.924565970897674561e-02
0.000000000000000000e+00 3.181165456771850586e-02
0.000000000000000000e+00 2.941151708364486694e-02
0.000000000000000000e+00 2.295363508164882660e-02
0.000000000000000000e+00 2.834322489798069000e-02
0.000000000000000000e+00 2.402273379266262054e-02
0.000000000000000000e+00 2.853168733417987823e-02
0.000000000000000000e+00 2.931305766105651855e-02
0.000000000000000000e+00 4.152827337384223938e-02
0.000000000000000000e+00 4.322688654065132141e-02
0.000000000000000000e+00 6.133582815527915955e-02
0.000000000000000000e+00 4.056845605373382568e-02
0.000000000000000000e+00 4.547701403498649597e-02
0.000000000000000000e+00 4.837276041507720947e-02
0.000000000000000000e+00 3.449875488877296448e-02
0.000000000000000000e+00 5.204466730356216431e-02
0.000000000000000000e+00 4.061421379446983337e-02
1.000000000000000000e+00 9.089212417602539062e-01
1.000000000000000000e+00 8.864372968673706055e-01
1.000000000000000000e+00 7.159125804901123047e-01
1.000000000000000000e+00 3.302829265594482422e-01
1.000000000000000000e+00 1.441079527139663696e-01
1.000000000000000000e+00 5.732970312237739563e-02
0.000000000000000000e+00 1.660652086138725281e-02
0.000000000000000000e+00 1.039920654147863388e-02
0.000000000000000000e+00 7.829434238374233246e-03
0.000000000000000000e+00 4.624115768820047379e-03
0.000000000000000000e+00 3.278908319771289825e-03
0.000000000000000000e+00 1.937472727149724960e-03
0.000000000000000000e+00 1.135154278017580509e-03
0.000000000000000000e+00 1.219539437443017960e-03
0.000000000000000000e+00 9.208364062942564487e-04
0.000000000000000000e+00 7.044936064630746841e-04
0.000000000000000000e+00 6.725393468514084816e-04
0.000000000000000000e+00 6.656531477347016335e-04
0.000000000000000000e+00 5.284635117277503014e-04
0.000000000000000000e+00 4.348290094640105963e-04
0.000000000000000000e+00 6.234673783183097839e-04
0.000000000000000000e+00 6.725319544784724712e-04
0.000000000000000000e+00 5.858154036104679108e-04
0.000000000000000000e+00 6.044218316674232483e-04
1.000000000000000000e+00 7.813444826751947403e-04
1.000000000000000000e+00 1.014587352983653545e-03
1.000000000000000000e+00 1.214283402077853680e-03
1.000000000000000000e+00 1.184477354399859905e-03
1.000000000000000000e+00 1.841374090872704983e-03
0.000000000000000000e+00 6.727796047925949097e-03
0.000000000000000000e+00 8.889649994671344757e-03
0.000000000000000000e+00 1.219734922051429749e-02
1.000000000000000000e+00 1.616149768233299255e-02
1.000000000000000000e+00 1.874828897416591644e-02
0.000000000000000000e+00 1.363859232515096664e-02
0.000000000000000000e+00 1.409006491303443909e-02
0.000000000000000000e+00 1.273637823760509491e-02
0.000000000000000000e+00 1.324979588389396667e-02
0.000000000000000000e+00 1.087228767573833466e-02
0.000000000000000000e+00 1.581721007823944092e-02
0.000000000000000000e+00 1.700069010257720947e-02
0.000000000000000000e+00 1.525300461798906326e-02
0.000000000000000000e+00 1.748446561396121979e-02
0.000000000000000000e+00 1.006508432328701019e-02
0.000000000000000000e+00 1.019763667136430740e-02
0.000000000000000000e+00 6.151003763079643250e-03
0.000000000000000000e+00 5.767239257693290710e-03
0.000000000000000000e+00 7.643891964107751846e-03
0.000000000000000000e+00 6.994761060923337936e-03
0.000000000000000000e+00 5.640835966914892197e-03
0.000000000000000000e+00 4.116316325962543488e-03
0.000000000000000000e+00 3.542895661666989326e-03
0.000000000000000000e+00 3.221447579562664032e-03
0.000000000000000000e+00 4.806049633771181107e-03
0.000000000000000000e+00 5.072749219834804535e-03
0.000000000000000000e+00 4.114928655326366425e-03
0.000000000000000000e+00 3.405886935070157051e-03
0.000000000000000000e+00 2.357142046093940735e-03
0.000000000000000000e+00 2.357935998588800430e-03
0.000000000000000000e+00 2.580603351816534996e-03
0.000000000000000000e+00 3.860445227473974228e-03
0.000000000000000000e+00 4.062415566295385361e-03
0.000000000000000000e+00 6.572317332029342651e-03
0.000000000000000000e+00 7.204622495919466019e-03
0.000000000000000000e+00 4.616414662450551987e-03
0.000000000000000000e+00 5.325749982148408890e-03
0.000000000000000000e+00 6.843897514045238495e-03
0.000000000000000000e+00 1.113696396350860596e-02
0.000000000000000000e+00 1.198073662817478180e-02
0.000000000000000000e+00 1.354166772216558456e-02
0.000000000000000000e+00 1.938099414110183716e-02
0.000000000000000000e+00 1.430258434265851974e-02
0.000000000000000000e+00 1.424944680184125900e-02
0.000000000000000000e+00 8.951138705015182495e-03
0.000000000000000000e+00 1.537194382399320602e-02
1.000000000000000000e+00 9.436123371124267578e-01
1.000000000000000000e+00 9.480528831481933594e-01
1.000000000000000000e+00 9.333505034446716309e-01
1.000000000000000000e+00 9.420120716094970703e-01
1.000000000000000000e+00 9.106714129447937012e-01
0.000000000000000000e+00 8.955862522125244141e-01
0.000000000000000000e+00 8.912761211395263672e-01
0.000000000000000000e+00 8.235850334167480469e-01
0.000000000000000000e+00 7.305085659027099609e-01
0.000000000000000000e+00 5.440776944160461426e-01
0.000000000000000000e+00 5.277137756347656250e-01
0.000000000000000000e+00 5.394882559776306152e-01
0.000000000000000000e+00 2.788115739822387695e-01
0.000000000000000000e+00 9.313433617353439331e-02
0.000000000000000000e+00 9.393715858459472656e-02
0.000000000000000000e+00 4.471209272742271423e-02
0.000000000000000000e+00 4.488398134708404541e-02
0.000000000000000000e+00 3.670686855912208557e-02
0.000000000000000000e+00 4.175903275609016418e-02
0.000000000000000000e+00 4.907275736331939697e-02
0.000000000000000000e+00 5.108720809221267700e-02
0.000000000000000000e+00 7.014467567205429077e-02
1.000000000000000000e+00 7.914651185274124146e-02
0.000000000000000000e+00 5.806143209338188171e-02
0.000000000000000000e+00 5.588410794734954834e-02
0.000000000000000000e+00 3.204321116209030151e-02
0.000000000000000000e+00 2.195916138589382172e-02
0.000000000000000000e+00 2.023154310882091522e-02
0.000000000000000000e+00 3.961197286844253540e-02
0.000000000000000000e+00 4.398411139845848083e-02
0.000000000000000000e+00 4.364120960235595703e-02
0.000000000000000000e+00 5.105478689074516296e-02
0.000000000000000000e+00 7.460680603981018066e-02
0.000000000000000000e+00 7.775365561246871948e-02
0.000000000000000000e+00 5.555811151862144470e-02
0.000000000000000000e+00 4.903937131166458130e-02
0.000000000000000000e+00 5.261351168155670166e-02
0.000000000000000000e+00 2.383930608630180359e-02
0.000000000000000000e+00 2.614182978868484497e-02
0.000000000000000000e+00 1.907885260879993439e-02
0.000000000000000000e+00 2.245293371379375458e-02
0.000000000000000000e+00 1.467576436698436737e-02
0.000000000000000000e+00 2.728618122637271881e-02
0.000000000000000000e+00 1.190397329628467560e-02
0.000000000000000000e+00 1.883952692151069641e-02
0.000000000000000000e+00 2.372443862259387970e-02
0.000000000000000000e+00 3.589594736695289612e-02
0.000000000000000000e+00 9.624519199132919312e-02
0.000000000000000000e+00 1.249737218022346497e-01
0.000000000000000000e+00 1.588962227106094360e-01
0.000000000000000000e+00 5.211194753646850586e-01
0.000000000000000000e+00 7.545346021652221680e-01
0.000000000000000000e+00 8.075122237205505371e-01
0.000000000000000000e+00 7.889689207077026367e-01
0.000000000000000000e+00 7.998498082160949707e-01
0.000000000000000000e+00 7.252716422080993652e-01
1.000000000000000000e+00 7.361825108528137207e-01
0.000000000000000000e+00 8.385725021362304688e-01
0.000000000000000000e+00 8.079861998558044434e-01
1.000000000000000000e+00 8.584682345390319824e-01
1.000000000000000000e+00 8.402851819992065430e-01
0.000000000000000000e+00 8.465473651885986328e-01
0.000000000000000000e+00 8.698007464408874512e-01
0.000000000000000000e+00 8.495860695838928223e-01
0.000000000000000000e+00 8.320561051368713379e-01
0.000000000000000000e+00 8.030454516410827637e-01
1.000000000000000000e+00 7.547383904457092285e-01
1.000000000000000000e+00 5.508598685264587402e-01
1.000000000000000000e+00 4.450777769088745117e-01
1.000000000000000000e+00 3.227658867835998535e-01
0.000000000000000000e+00 1.338075995445251465e-01
0.000000000000000000e+00 5.053345113992691040e-02
0.000000000000000000e+00 6.031048670411109924e-02
0.000000000000000000e+00 3.594937175512313843e-02
0.000000000000000000e+00 2.290733717381954193e-02
0.000000000000000000e+00 9.261789321899414062e-01
0.000000000000000000e+00 7.856031060218811035e-01
1.000000000000000000e+00 5.095069408416748047e-01
0.000000000000000000e+00 3.546289205551147461e-01
0.000000000000000000e+00 1.726045608520507812e-01
0.000000000000000000e+00 8.675054460763931274e-02
0.000000000000000000e+00 5.660835281014442444e-02
0.000000000000000000e+00 7.962132990360260010e-02
0.000000000000000000e+00 2.741817012429237366e-02
0.000000000000000000e+00 3.087897785007953644e-02
0.000000000000000000e+00 3.478335589170455933e-02
0.000000000000000000e+00 4.408318549394607544e-02
0.000000000000000000e+00 4.027856886386871338e-02
0.000000000000000000e+00 3.432231023907661438e-02
0.000000000000000000e+00 3.245391324162483215e-02
0.000000000000000000e+00 7.781042158603668213e-02
1.000000000000000000e+00 2.947599813342094421e-02
0.000000000000000000e+00 7.242032140493392944e-02
0.000000000000000000e+00 8.762431889772415161e-02
0.000000000000000000e+00 1.716067641973495483e-01
0.000000000000000000e+00 2.162094861268997192e-01
0.000000000000000000e+00 3.367058336734771729e-01
0.000000000000000000e+00 2.800605297088623047e-01
0.000000000000000000e+00 5.403467416763305664e-01
0.000000000000000000e+00 3.618219494819641113e-01
0.000000000000000000e+00 2.506403923034667969e-01
0.000000000000000000e+00 4.213556051254272461e-01
0.000000000000000000e+00 4.933175146579742432e-01
0.000000000000000000e+00 4.041853249073028564e-01
0.000000000000000000e+00 3.780411481857299805e-01
0.000000000000000000e+00 4.189138710498809814e-01
0.000000000000000000e+00 3.820707499980926514e-01
0.000000000000000000e+00 3.603862822055816650e-01
0.000000000000000000e+00 3.638304769992828369e-01
0.000000000000000000e+00 4.267059862613677979e-01
0.000000000000000000e+00 1.972679793834686279e-01
0.000000000000000000e+00 2.038748413324356079e-01
0.000000000000000000e+00 1.548664718866348267e-01
0.000000000000000000e+00 1.071949526667594910e-01
0.000000000000000000e+00 1.294780969619750977e-01
0.000000000000000000e+00 1.223303750157356262e-01
0.000000000000000000e+00 1.556063592433929443e-01
0.000000000000000000e+00 9.598704427480697632e-02
0.000000000000000000e+00 7.957749068737030029e-02
0.000000000000000000e+00 7.033867388963699341e-02
0.000000000000000000e+00 1.019200906157493591e-01
0.000000000000000000e+00 1.444359421730041504e-01
0.000000000000000000e+00 2.553360462188720703e-01
0.000000000000000000e+00 3.200906217098236084e-01
0.000000000000000000e+00 4.211648106575012207e-01
0.000000000000000000e+00 5.810581445693969727e-01
0.000000000000000000e+00 6.224033236503601074e-01
0.000000000000000000e+00 8.283143639564514160e-01
0.000000000000000000e+00 9.106724262237548828e-01
0.000000000000000000e+00 9.128357172012329102e-01
0.000000000000000000e+00 9.166882634162902832e-01
0.000000000000000000e+00 9.318709373474121094e-01
0.000000000000000000e+00 9.445250034332275391e-01
0.000000000000000000e+00 9.279624819755554199e-01
0.000000000000000000e+00 9.137282967567443848e-01
0.000000000000000000e+00 8.690763115882873535e-01
0.000000000000000000e+00 9.169248342514038086e-01
0.000000000000000000e+00 8.955742120742797852e-01
0.000000000000000000e+00 8.950983881950378418e-01
0.000000000000000000e+00 9.074530005455017090e-01
0.000000000000000000e+00 9.008330702781677246e-01
1.000000000000000000e+00 9.020254015922546387e-01
1.000000000000000000e+00 9.029742479324340820e-01
1.000000000000000000e+00 9.034124016761779785e-01
1.000000000000000000e+00 8.758008480072021484e-01
1.000000000000000000e+00 8.634536266326904297e-01
1.000000000000000000e+00 8.276744484901428223e-01
1.000000000000000000e+00 7.205496430397033691e-01
0.000000000000000000e+00 5.857127904891967773e-01
1.000000000000000000e+00 3.953512310981750488e-01
1.000000000000000000e+00 1.517126709222793579e-01
1.000000000000000000e+00 7.149893045425415039e-02
1.000000000000000000e+00 3.525476902723312378e-02
0.000000000000000000e+00 2.701727300882339478e-02
0.000000000000000000e+00 1.290749479085206985e-02
0.000000000000000000e+00 9.666623547673225403e-03
0.000000000000000000e+00 1.082447730004787445e-02
0.000000000000000000e+00 4.060172475874423981e-03
0.000000000000000000e+00 3.726625349372625351e-03
0.000000000000000000e+00 4.141471814364194870e-03
0.000000000000000000e+00 4.187949467450380325e-03
0.000000000000000000e+00 5.655396264046430588e-03
0.000000000000000000e+00 7.693295367062091827e-03
0.000000000000000000e+00 1.146112289279699326e-02
0.000000000000000000e+00 1.643856614828109741e-02
0.000000000000000000e+00 3.377648070454597473e-02
0.000000000000000000e+00 3.397303074598312378e-02
0.000000000000000000e+00 4.395346343517303467e-02
0.000000000000000000e+00 7.498338818550109863e-02
0.000000000000000000e+00 1.262339055538177490e-01
0.000000000000000000e+00 1.339176148176193237e-01
0.000000000000000000e+00 1.124255955219268799e-01
0.000000000000000000e+00 1.826725751161575317e-01
0.000000000000000000e+00 8.426469564437866211e-02
0.000000000000000000e+00 5.717997625470161438e-02
0.000000000000000000e+00 4.003705084323883057e-02
0.000000000000000000e+00 3.601762652397155762e-02
0.000000000000000000e+00 3.231269493699073792e-02
0.000000000000000000e+00 2.552297338843345642e-02
0.000000000000000000e+00 1.597559079527854919e-02
0.000000000000000000e+00 1.129425410181283951e-02
0.000000000000000000e+00 1.006926596164703369e-02
0.000000000000000000e+00 1.163343247026205063e-02
0.000000000000000000e+00 6.920436397194862366e-03
0.000000000000000000e+00 5.663750227540731430e-03
0.000000000000000000e+00 5.271673668175935745e-03
0.000000000000000000e+00 8.834973908960819244e-03
0.000000000000000000e+00 9.320252574980258942e-03
0.000000000000000000e+00 9.067663922905921936e-03
0.000000000000000000e+00 6.229986436665058136e-03
0.000000000000000000e+00 8.181488141417503357e-03
0.000000000000000000e+00 1.114924345165491104e-02
0.000000000000000000e+00 8.912221528589725494e-03
0.000000000000000000e+00 9.220362640917301178e-03
0.000000000000000000e+00 7.138140965253114700e-03
0.000000000000000000e+00 1.209905836731195450e-02
0.000000000000000000e+00 1.209709700196981430e-02
0.000000000000000000e+00 2.271860465407371521e-02
0.000000000000000000e+00 2.835984155535697937e-02
0.000000000000000000e+00 5.234483256936073303e-02
0.000000000000000000e+00 7.426328957080841064e-02
0.000000000000000000e+00 8.920297026634216309e-02
0.000000000000000000e+00 1.308618783950805664e-01
0.000000000000000000e+00 1.584891080856323242e-01
0.000000000000000000e+00 1.754725575447082520e-01
1.000000000000000000e+00 1.918126642704010010e-01
1.000000000000000000e+00 2.583592534065246582e-01
1.000000000000000000e+00 2.234245538711547852e-01
0.000000000000000000e+00 3.022601008415222168e-01
1.000000000000000000e+00 5.732223391532897949e-01
1.000000000000000000e+00 6.044621467590332031e-01
1.000000000000000000e+00 5.405950546264648438e-01
1.000000000000000000e+00 5.823246240615844727e-01
1.000000000000000000e+00 6.021670699119567871e-01
0.000000000000000000e+00 5.492644906044006348e-01
0.000000000000000000e+00 3.334738612174987793e-01
1.000000000000000000e+00 3.299225270748138428e-01
1.000000000000000000e+00 3.095542192459106445e-01
1.000000000000000000e+00 1.761764585971832275e-01
1.000000000000000000e+00 1.329002231359481812e-01
0.000000000000000000e+00 2.233060002326965332e-01
0.000000000000000000e+00 1.840698122978210449e-01
0.000000000000000000e+00 1.714689582586288452e-01
0.000000000000000000e+00 1.307202726602554321e-01
0.000000000000000000e+00 1.522131860256195068e-01
1.000000000000000000e+00 9.538094401359558105e-01
1.000000000000000000e+00 9.484438300132751465e-01
1.000000000000000000e+00 9.543380737304687500e-01
1.000000000000000000e+00 9.515024423599243164e-01
1.000000000000000000e+00 9.350579977035522461e-01
1.000000000000000000e+00 9.136799573898315430e-01
1.000000000000000000e+00 8.861840963363647461e-01
0.000000000000000000e+00 8.206825852394104004e-01
0.000000000000000000e+00 8.215782642364501953e-01
0.000000000000000000e+00 7.257356047630310059e-01
0.000000000000000000e+00 6.780677437782287598e-01
0.000000000000000000e+00 4.677379131317138672e-01
0.000000000000000000e+00 4.335181713104248047e-01
0.000000000000000000e+00 2.830381691455841064e-01
0.000000000000000000e+00 1.980932056903839111e-01
0.000000000000000000e+00 1.845763474702835083e-01
1.000000000000000000e+00 1.536568403244018555e-01
0.000000000000000000e+00 1.049010381102561951e-01
0.000000000000000000e+00 8.180030435323715210e-02
0.000000000000000000e+00 9.468785673379898071e-02
0.000000000000000000e+00 1.414545327425003052e-01
0.000000000000000000e+00 1.341801136732101440e-01
0.000000000000000000e+00 1.395878642797470093e-01
0.000000000000000000e+00 1.400827020406723022e-01
0.000000000000000000e+00 2.188660055398941040e-01
0.000000000000000000e+00 1.340557038784027100e-01
0.000000000000000000e+00 1.199682876467704773e-01
0.000000000000000000e+00 1.528858840465545654e-01
0.000000000000000000e+00 1.684247106313705444e-01
0.000000000000000000e+00 1.704874038696289062e-01
0.000000000000000000e+00 2.202230989933013916e-01
0.000000000000000000e+00 2.699044346809387207e-01
0.000000000000000000e+00 2.109220474958419800e-01
0.000000000000000000e+00 2.584331333637237549e-01
0.000000000000000000e+00 2.476485967636108398e-01
0.000000000000000000e+00 2.166842371225357056e-01
0.000000000000000000e+00 2.042878419160842896e-01
0.000000000000000000e+00 2.303784340620040894e-01
0.000000000000000000e+00 2.319440692663192749e-01
0.000000000000000000e+00 2.217483222484588623e-01
0.000000000000000000e+00 2.321216762065887451e-01
0.000000000000000000e+00 1.586262583732604980e-01
0.000000000000000000e+00 1.644756495952606201e-01
0.000000000000000000e+00 1.068204343318939209e-01
0.000000000000000000e+00 5.670025199651718140e-02
0.000000000000000000e+00 5.666187778115272522e-02
0.000000000000000000e+00 3.797298669815063477e-02
0.000000000000000000e+00 1.107330769300460815e-01
0.000000000000000000e+00 2.497091740369796753e-01
0.000000000000000000e+00 2.778792679309844971e-01
0.000000000000000000e+00 3.776550889015197754e-01
0.000000000000000000e+00 4.489127397537231445e-01
0.000000000000000000e+00 6.590430140495300293e-01
0.000000000000000000e+00 8.344324827194213867e-01
0.000000000000000000e+00 7.631820440292358398e-01
1.000000000000000000e+00 8.739886879920959473e-01
1.000000000000000000e+00 8.032847642898559570e-01
1.000000000000000000e+00 7.960849404335021973e-01
1.000000000000000000e+00 8.524501919746398926e-01
1.000000000000000000e+00 8.396823406219482422e-01
1.000000000000000000e+00 8.644705414772033691e-01
0.000000000000000000e+00 8.784012198448181152e-01
0.000000000000000000e+00 8.331326842308044434e-01
0.000000000000000000e+00 8.367798328399658203e-01
0.000000000000000000e+00 8.056704998016357422e-01
0.000000000000000000e+00 7.501500248908996582e-01
0.000000000000000000e+00 6.291033029556274414e-01
0.000000000000000000e+00 6.209132075309753418e-01
0.000000000000000000e+00 5.704632997512817383e-01
0.000000000000000000e+00 4.114055931568145752e-01
0.000000000000000000e+00 2.477182000875473022e-01
0.000000000000000000e+00 3.374963402748107910e-01
0.000000000000000000e+00 1.882424205541610718e-01
0.000000000000000000e+00 9.201128780841827393e-02
0.000000000000000000e+00 5.062339827418327332e-02
0.000000000000000000e+00 9.217546582221984863e-01
0.000000000000000000e+00 8.890531063079833984e-01
0.000000000000000000e+00 8.283102512359619141e-01
0.000000000000000000e+00 7.765550017356872559e-01
0.000000000000000000e+00 7.774422168731689453e-01
0.000000000000000000e+00 7.839260697364807129e-01
0.000000000000000000e+00 6.720309853553771973e-01
0.000000000000000000e+00 5.469321012496948242e-01
0.000000000000000000e+00 4.526783525943756104e-01
0.000000000000000000e+00 4.280648231506347656e-01
0.000000000000000000e+00 3.292441666126251221e-01
0.000000000000000000e+00 2.816461622714996338e-01
0.000000000000000000e+00 2.648200094699859619e-01
0.000000000000000000e+00 1.989129781723022461e-01
0.000000000000000000e+00 2.052838206291198730e-01
0.000000000000000000e+00 1.928514093160629272e-01
0.000000000000000000e+00 1.302581727504730225e-01
0.000000000000000000e+00 1.281050592660903931e-01
0.000000000000000000e+00 1.649172902107238770e-01
0.000000000000000000e+00 2.309290021657943726e-01
0.000000000000000000e+00 2.937805354595184326e-01
1.000000000000000000e+00 4.382108449935913086e-01
1.000000000000000000e+00 5.706895589828491211e-01
1.000000000000000000e+00 6.894171237945556641e-01
0.000000000000000000e+00 6.756299734115600586e-01
0.000000000000000000e+00 6.333921551704406738e-01
0.000000000000000000e+00 7.966048121452331543e-01
0.000000000000000000e+00 7.393305301666259766e-01
0.000000000000000000e+00 6.731188297271728516e-01
0.000000000000000000e+00 6.930788159370422363e-01
0.000000000000000000e+00 6.595922708511352539e-01
0.000000000000000000e+00 6.604062914848327637e-01
0.000000000000000000e+00 6.448339223861694336e-01
0.000000000000000000e+00 5.650596618652343750e-01
0.000000000000000000e+00 5.811378955841064453e-01
0.000000000000000000e+00 2.433212250471115112e-01
0.000000000000000000e+00 2.774696350097656250e-01
0.000000000000000000e+00 3.250315189361572266e-01
0.000000000000000000e+00 2.892388105392456055e-01
0.000000000000000000e+00 1.788616180419921875e-01
0.000000000000000000e+00 1.305447369813919067e-01
0.000000000000000000e+00 9.358637034893035889e-02
0.000000000000000000e+00 6.981635093688964844e-02
0.000000000000000000e+00 8.400004357099533081e-02
0.000000000000000000e+00 5.395896732807159424e-02
0.000000000000000000e+00 4.374674335122108459e-02
0.000000000000000000e+00 3.524788469076156616e-02
0.000000000000000000e+00 4.515598341822624207e-02
1.000000000000000000e+00 5.332019180059432983e-02
0.000000000000000000e+00 3.819637373089790344e-02
0.000000000000000000e+00 5.423571169376373291e-02
0.000000000000000000e+00 1.004867032170295715e-01
0.000000000000000000e+00 1.502701938152313232e-01
1.000000000000000000e+00 2.243492305278778076e-01
1.000000000000000000e+00 3.527018427848815918e-01
1.000000000000000000e+00 4.015138149261474609e-01
0.000000000000000000e+00 3.739496469497680664e-01
0.000000000000000000e+00 3.780004978179931641e-01
0.000000000000000000e+00 4.259952306747436523e-01
1.000000000000000000e+00 5.173760652542114258e-01
1.000000000000000000e+00 5.607670545578002930e-01
1.000000000000000000e+00 5.262936353683471680e-01
1.000000000000000000e+00 6.702798008918762207e-01
1.000000000000000000e+00 6.392901539802551270e-01
1.000000000000000000e+00 6.775776743888854980e-01
0.000000000000000000e+00 7.645403742790222168e-01
0.000000000000000000e+00 7.822605967521667480e-01
0.000000000000000000e+00 8.218690156936645508e-01
0.000000000000000000e+00 8.372927308082580566e-01
0.000000000000000000e+00 7.848332524299621582e-01
0.000000000000000000e+00 7.164085507392883301e-01
0.000000000000000000e+00 5.738949775695800781e-01
0.000000000000000000e+00 4.539296329021453857e-01
0.000000000000000000e+00 4.006336331367492676e-01
0.000000000000000000e+00 2.788225114345550537e-01
