0.000000000000000000e+00 2.183767706155776978e-01
0.000000000000000000e+00 2.287280112504959106e-01
0.000000000000000000e+00 1.403293013572692871e-01
0.000000000000000000e+00 2.461103349924087524e-01
0.000000000000000000e+00 1.549839079380035400e-01
0.000000000000000000e+00 2.925349175930023193e-01
0.000000000000000000e+00 1.687704026699066162e-01
0.000000000000000000e+00 2.862233519554138184e-01
0.000000000000000000e+00 1.849985569715499878e-01
0.000000000000000000e+00 1.785602420568466187e-01
0.000000000000000000e+00 2.014759033918380737e-01
0.000000000000000000e+00 1.089778468012809753e-01
0.000000000000000000e+00 1.992174983024597168e-01
0.000000000000000000e+00 3.132027089595794678e-01
0.000000000000000000e+00 1.690219193696975708e-01
0.000000000000000000e+00 1.160554140806198120e-01
0.000000000000000000e+00 1.552480459213256836e-01
0.000000000000000000e+00 2.234298586845397949e-01
0.000000000000000000e+00 1.535378992557525635e-01
0.000000000000000000e+00 1.704295575618743896e-01
0.000000000000000000e+00 1.866415292024612427e-01
0.000000000000000000e+00 2.987942993640899658e-01
0.000000000000000000e+00 3.354510962963104248e-01
1.000000000000000000e+00 4.248621463775634766e-01
1.000000000000000000e+00 3.436026573181152344e-01
1.000000000000000000e+00 3.875855505466461182e-01
1.000000000000000000e+00 2.817207872867584229e-01
1.000000000000000000e+00 3.068562448024749756e-01
1.000000000000000000e+00 1.434665620326995850e-01
1.000000000000000000e+00 5.773371458053588867e-02
1.000000000000000000e+00 3.445209935307502747e-02
0.000000000000000000e+00 1.908298023045063019e-02
0.000000000000000000e+00 7.993657141923904419e-03
0.000000000000000000e+00 6.351251155138015747e-03
0.000000000000000000e+00 3.288129577413201332e-03
0.000000000000000000e+00 1.381048932671546936e-03
0.000000000000000000e+00 1.634241663850843906e-03
0.000000000000000000e+00 1.476149656809866428e-03
0.000000000000000000e+00 1.507968991063535213e-03
0.000000000000000000e+00 7.627120940014719963e-04
0.000000000000000000e+00 3.907998034264892340e-04
0.000000000000000000e+00 3.194474556948989630e-04
0.000000000000000000e+00 3.420357534196227789e-04
0.000000000000000000e+00 2.602596359793096781e-04
0.000000000000000000e+00 1.750318187987431884e-04
0.000000000000000000e+00 2.332005387870594859e-04
0.000000000000000000e+00 1.657542161410674453e-04
0.000000000000000000e+00 1.998586812987923622e-04
0.000000000000000000e+00 2.862082910723984241e-04
0.000000000000000000e+00 4.440773627720773220e-04
0.000000000000000000e+00 4.435599839780479670e-04
0.000000000000000000e+00 3.865309408865869045e-04
0.000000000000000000e+00 1.264808583073318005e-03
0.000000000000000000e+00 1.402539666742086411e-03
0.000000000000000000e+00 5.228823982179164886e-03
0.000000000000000000e+00 4.749518819153308868e-03
0.000000000000000000e+00 1.100217085331678391e-02
0.000000000000000000e+00 3.146584331989288330e-02
0.000000000000000000e+00 5.954418703913688660e-02
0.000000000000000000e+00 1.448616385459899902e-01
0.000000000000000000e+00 1.152977645397186279e-01
0.000000000000000000e+00 2.030439525842666626e-01
0.000000000000000000e+00 2.511885464191436768e-01
0.000000000000000000e+00 3.841239213943481445e-01
0.000000000000000000e+00 4.626722037792205811e-01
0.000000000000000000e+00 3.798951804637908936e-01
0.000000000000000000e+00 6.415287852287292480e-01
0.000000000000000000e+00 6.845661401748657227e-01
0.000000000000000000e+00 7.262581586837768555e-01
0.000000000000000000e+00 7.397058606147766113e-01
0.000000000000000000e+00 7.664155364036560059e-01
0.000000000000000000e+00 6.483367681503295898e-01
0.000000000000000000e+00 6.565631031990051270e-01
0.000000000000000000e+00 4.936007261276245117e-01
0.000000000000000000e+00 3.834384083747863770e-01
0.000000000000000000e+00 9.903841018676757812e-01
0.000000000000000000e+00 9.908171892166137695e-01
0.000000000000000000e+00 9.889840483665466309e-01
0.000000000000000000e+00 9.953384399414062500e-01
0.000000000000000000e+00 9.927781224250793457e-01
0.000000000000000000e+00 9.931759238243103027e-01
0.000000000000000000e+00 9.927317500114440918e-01
0.000000000000000000e+00 9.953729510307312012e-01
0.000000000000000000e+00 9.939488172531127930e-01
0.000000000000000000e+00 9.927309155464172363e-01
0.000000000000000000e+00 9.913747906684875488e-01
0.000000000000000000e+00 9.922491312026977539e-01
0.000000000000000000e+00 9.922312498092651367e-01
0.000000000000000000e+00 9.920564293861389160e-01
0.000000000000000000e+00 9.873918890953063965e-01
1.000000000000000000e+00 9.838248491287231445e-01
1.000000000000000000e+00 9.846182465553283691e-01
1.000000000000000000e+00 9.879525303840637207e-01
1.000000000000000000e+00 9.859571456909179688e-01
0.000000000000000000e+00 9.854239821434020996e-01
0.000000000000000000e+00 9.787695407867431641e-01
0.000000000000000000e+00 9.739868640899658203e-01
0.000000000000000000e+00 9.711417555809020996e-01
0.000000000000000000e+00 9.504160881042480469e-01
0.000000000000000000e+00 9.537226557731628418e-01
0.000000000000000000e+00 9.280264377593994141e-01
0.000000000000000000e+00 8.349853754043579102e-01
0.000000000000000000e+00 6.253312826156616211e-01
0.000000000000000000e+00 5.224376320838928223e-01
0.000000000000000000e+00 3.100405335426330566e-01
0.000000000000000000e+00 1.141192838549613953e-01
0.000000000000000000e+00 7.077249139547348022e-02
1.000000000000000000e+00 6.663270294666290283e-02
1.000000000000000000e+00 4.896277561783790588e-02
0.000000000000000000e+00 2.475885115563869476e-02
0.000000000000000000e+00 2.331446483731269836e-02
0.000000000000000000e+00 2.791641280055046082e-02
0.000000000000000000e+00 2.001793682575225830e-02
0.000000000000000000e+00 1.872692815959453583e-02
0.000000000000000000e+00 9.882150217890739441e-03
0.000000000000000000e+00 2.371712028980255127e-02
0.000000000000000000e+00 1.020816806703805923e-02
0.000000000000000000e+00 1.033762283623218536e-02
0.000000000000000000e+00 8.088330738246440887e-03
0.000000000000000000e+00 8.317273110151290894e-03
0.000000000000000000e+00 8.716566488146781921e-03
0.000000000000000000e+00 8.722979575395584106e-03
0.000000000000000000e+00 9.532555937767028809e-03
0.000000000000000000e+00 1.025656703859567642e-02
0.000000000000000000e+00 1.049867738038301468e-02
0.000000000000000000e+00 1.755953393876552582e-02
0.000000000000000000e+00 3.725006431341171265e-02
0.000000000000000000e+00 3.145594894886016846e-02
0.000000000000000000e+00 6.459962576627731323e-02
0.000000000000000000e+00 5.178426206111907959e-02
0.000000000000000000e+00 5.406164377927780151e-02
0.000000000000000000e+00 6.242645904421806335e-02
0.000000000000000000e+00 6.984222680330276489e-02
0.000000000000000000e+00 6.037903577089309692e-02
0.000000000000000000e+00 7.163547724485397339e-02
0.000000000000000000e+00 5.232275649905204773e-02
0.000000000000000000e+00 8.269441127777099609e-02
0.000000000000000000e+00 1.019689440727233887e-01
0.000000000000000000e+00 8.228258043527603149e-02
0.000000000000000000e+00 8.141251653432846069e-02
0.000000000000000000e+00 1.229731440544128418e-01
0.000000000000000000e+00 7.461550086736679077e-02
0.000000000000000000e+00 1.048786565661430359e-01
0.000000000000000000e+00 1.402611136436462402e-01
0.000000000000000000e+00 9.751680493354797363e-02
0.000000000000000000e+00 1.682922989130020142e-01
0.000000000000000000e+00 2.411247342824935913e-01
0.000000000000000000e+00 3.707240223884582520e-01
0.000000000000000000e+00 3.744280338287353516e-01
0.000000000000000000e+00 4.012160301208496094e-01
1.000000000000000000e+00 7.365239262580871582e-01
1.000000000000000000e+00 5.426675677299499512e-01
1.000000000000000000e+00 2.679915130138397217e-01
1.000000000000000000e+00 1.140027642250061035e-01
1.000000000000000000e+00 4.618800431489944458e-02
0.000000000000000000e+00 1.197696570307016373e-02
0.000000000000000000e+00 6.248814053833484650e-03
0.000000000000000000e+00 2.565382514148950577e-03
0.000000000000000000e+00 1.808315631933510303e-03
0.000000000000000000e+00 1.401055837050080299e-03
0.000000000000000000e+00 9.512918186374008656e-04
0.000000000000000000e+00 3.043085162062197924e-04
0.000000000000000000e+00 2.652075490914285183e-04
0.000000000000000000e+00 2.659783349372446537e-04
0.000000000000000000e+00 1.277452975045889616e-04
0.000000000000000000e+00 6.648603448411449790e-05
0.000000000000000000e+00 8.619589789304882288e-05
0.000000000000000000e+00 9.452460653847083449e-05
0.000000000000000000e+00 9.288249566452577710e-05
0.000000000000000000e+00 7.388533413177356124e-05
0.000000000000000000e+00 8.816669287625700235e-05
0.000000000000000000e+00 9.029932698467746377e-05
0.000000000000000000e+00 1.054982494679279625e-04
0.000000000000000000e+00 1.243864389834925532e-04
0.000000000000000000e+00 2.086858148686587811e-04
0.000000000000000000e+00 2.244940551463514566e-04
1.000000000000000000e+00 1.600338000571355224e-04
1.000000000000000000e+00 2.128191554220393300e-04
0.000000000000000000e+00 8.849599398672580719e-04
0.000000000000000000e+00 1.085423631593585014e-03
0.000000000000000000e+00 1.384123461320996284e-03
0.000000000000000000e+00 2.350651659071445465e-03
0.000000000000000000e+00 2.349437447264790535e-03
0.000000000000000000e+00 1.551771769300103188e-03
0.000000000000000000e+00 1.353437080979347229e-03
0.000000000000000000e+00 1.893598819151520729e-03
0.000000000000000000e+00 5.945320590399205685e-04
0.000000000000000000e+00 8.486675797030329704e-04
0.000000000000000000e+00 8.923396235331892967e-04
0.000000000000000000e+00 6.124866195023059845e-04
0.000000000000000000e+00 9.160984773188829422e-04
0.000000000000000000e+00 4.603425331879407167e-04
0.000000000000000000e+00 3.092356782872229815e-04
0.000000000000000000e+00 3.690660523716360331e-04
0.000000000000000000e+00 4.582362307701259851e-04
0.000000000000000000e+00 6.097618606872856617e-04
0.000000000000000000e+00 5.180893349461257458e-04
0.000000000000000000e+00 4.409938701428472996e-04
0.000000000000000000e+00 4.965453990735113621e-04
0.000000000000000000e+00 5.648841615766286850e-04
0.000000000000000000e+00 6.244480027817189693e-04
0.000000000000000000e+00 5.697775632143020630e-04
0.000000000000000000e+00 8.625445188954472542e-04
0.000000000000000000e+00 1.135409926064312458e-03
0.000000000000000000e+00 1.340677146799862385e-03
0.000000000000000000e+00 2.661912469193339348e-03
0.000000000000000000e+00 1.206724205985665321e-03
0.000000000000000000e+00 1.845070975832641125e-03
0.000000000000000000e+00 3.965048585087060928e-03
0.000000000000000000e+00 2.439133124426007271e-03
0.000000000000000000e+00 3.522169776260852814e-03
0.000000000000000000e+00 2.100051846355199814e-03
0.000000000000000000e+00 3.301613964140415192e-03
0.000000000000000000e+00 4.981348291039466858e-03
0.000000000000000000e+00 7.075205445289611816e-03
0.000000000000000000e+00 3.582458477467298508e-03
0.000000000000000000e+00 5.312182474881410599e-03
0.000000000000000000e+00 5.638413131237030029e-03
0.000000000000000000e+00 4.767935723066329956e-03
0.000000000000000000e+00 7.516124751418828964e-03
0.000000000000000000e+00 6.288697943091392517e-03
0.000000000000000000e+00 1.060388516634702682e-02
0.000000000000000000e+00 5.035532638430595398e-03
0.000000000000000000e+00 9.024965576827526093e-03
0.000000000000000000e+00 5.113127641379833221e-03
1.000000000000000000e+00 9.785186052322387695e-01
0.000000000000000000e+00 9.396061301231384277e-01
0.000000000000000000e+00 8.212692141532897949e-01
0.000000000000000000e+00 7.726737856864929199e-01
0.000000000000000000e+00 5.965597033500671387e-01
0.000000000000000000e+00 2.428198009729385376e-01
0.000000000000000000e+00 1.726709604263305664e-01
0.000000000000000000e+00 5.842290818691253662e-02
0.000000000000000000e+00 3.322780504822731018e-02
0.000000000000000000e+00 1.888859644532203674e-02
0.000000000000000000e+00 1.558681577444076538e-02
0.000000000000000000e+00 1.188574824482202530e-02
0.000000000000000000e+00 7.726477924734354019e-03
0.000000000000000000e+00 5.354550201445817947e-03
0.000000000000000000e+00 5.012814421206712723e-03
0.000000000000000000e+00 4.320651292800903320e-03
0.000000000000000000e+00 5.964949727058410645e-03
0.000000000000000000e+00 3.574092173948884010e-03
0.000000000000000000e+00 8.087530732154846191e-03
0.000000000000000000e+00 4.437456373125314713e-03
0.000000000000000000e+00 8.735510520637035370e-03
0.000000000000000000e+00 5.542976316064596176e-03
0.000000000000000000e+00 1.731909066438674927e-02
0.000000000000000000e+00 1.578312367200851440e-02
0.000000000000000000e+00 8.468846790492534637e-03
0.000000000000000000e+00 4.396502394229173660e-03
0.000000000000000000e+00 1.241264585405588150e-02
0.000000000000000000e+00 7.855026982724666595e-03
0.000000000000000000e+00 1.260602008551359177e-02
0.000000000000000000e+00 1.901320740580558777e-02
0.000000000000000000e+00 1.614677347242832184e-02
0.000000000000000000e+00 2.355543896555900574e-02
0.000000000000000000e+00 1.661560870707035065e-02
0.000000000000000000e+00 3.325148671865463257e-02
0.000000000000000000e+00 2.114466577768325806e-02
0.000000000000000000e+00 3.338500112295150757e-02
0.000000000000000000e+00 2.205471508204936981e-02
0.000000000000000000e+00 1.619604043662548065e-02
0.000000000000000000e+00 1.932311616837978363e-02
0.000000000000000000e+00 1.664145849645137787e-02
0.000000000000000000e+00 1.341702044010162354e-02
0.000000000000000000e+00 2.614778652787208557e-02
0.000000000000000000e+00 2.634928934276103973e-02
0.000000000000000000e+00 1.656473241746425629e-02
0.000000000000000000e+00 2.256576158106327057e-02
0.000000000000000000e+00 1.474444661289453506e-02
0.000000000000000000e+00 2.014655247330665588e-02
0.000000000000000000e+00 2.029877714812755585e-02
0.000000000000000000e+00 4.590537399053573608e-02
0.000000000000000000e+00 4.244733974337577820e-02
0.000000000000000000e+00 5.068781226873397827e-02
0.000000000000000000e+00 6.782168149948120117e-02
0.000000000000000000e+00 1.525330841541290283e-01
0.000000000000000000e+00 1.304872334003448486e-01
0.000000000000000000e+00 2.256582230329513550e-01
0.000000000000000000e+00 9.782162308692932129e-02
0.000000000000000000e+00 1.806467622518539429e-01
0.000000000000000000e+00 9.925936907529830933e-02
0.000000000000000000e+00 2.275138795375823975e-01
0.000000000000000000e+00 2.670775353908538818e-01
0.000000000000000000e+00 2.247721701860427856e-01
0.000000000000000000e+00 2.249622344970703125e-01
0.000000000000000000e+00 3.240911364555358887e-01
0.000000000000000000e+00 2.537945210933685303e-01
0.000000000000000000e+00 3.150760531425476074e-01
0.000000000000000000e+00 3.075979351997375488e-01
0.000000000000000000e+00 2.705366313457489014e-01
1.000000000000000000e+00 2.940824925899505615e-01
1.000000000000000000e+00 2.383573651313781738e-01
0.000000000000000000e+00 1.946353018283843994e-01
0.000000000000000000e+00 1.265845596790313721e-01
0.000000000000000000e+00 1.048586294054985046e-01
0.000000000000000000e+00 1.536568254232406616e-01
0.000000000000000000e+00 9.811265021562576294e-02
0.000000000000000000e+00 8.728802204132080078e-02
0.000000000000000000e+00 7.803695201873779297e-01
0.000000000000000000e+00 5.146041512489318848e-01
0.000000000000000000e+00 1.017460003495216370e-01
0.000000000000000000e+00 1.799484640359878540e-01
0.000000000000000000e+00 1.177535429596900940e-01
0.000000000000000000e+00 2.136911638081073761e-02
0.000000000000000000e+00 1.435796823352575302e-02
0.000000000000000000e+00 7.517184130847454071e-03
0.000000000000000000e+00 6.147189065814018250e-03
0.000000000000000000e+00 2.500781789422035217e-03
0.000000000000000000e+00 2.128075575456023216e-03
0.000000000000000000e+00 1.374545274302363396e-03
0.000000000000000000e+00 1.737133483402431011e-03
0.000000000000000000e+00 1.506399596109986305e-03
0.000000000000000000e+00 5.829092115163803101e-04
0.000000000000000000e+00 1.136811450123786926e-03
0.000000000000000000e+00 2.863375237211585045e-03
0.000000000000000000e+00 3.473731456324458122e-03
0.000000000000000000e+00 2.307798014953732491e-03
0.000000000000000000e+00 3.354213666170835495e-03
0.000000000000000000e+00 7.789154537022113800e-03
0.000000000000000000e+00 5.285571329295635223e-03
0.000000000000000000e+00 1.232141628861427307e-02
0.000000000000000000e+00 1.413350459188222885e-02
0.000000000000000000e+00 1.685246452689170837e-02
0.000000000000000000e+00 4.567911103367805481e-02
0.000000000000000000e+00 1.623456180095672607e-01
0.000000000000000000e+00 2.221204936504364014e-01
0.000000000000000000e+00 4.272359013557434082e-01
0.000000000000000000e+00 1.532697230577468872e-01
0.000000000000000000e+00 4.870877414941787720e-02
0.000000000000000000e+00 2.535237669944763184e-01
0.000000000000000000e+00 2.940218746662139893e-01
0.000000000000000000e+00 2.296963930130004883e-01
0.000000000000000000e+00 2.306177765130996704e-01
0.000000000000000000e+00 2.408367246389389038e-01
0.000000000000000000e+00 2.757474482059478760e-01
0.000000000000000000e+00 1.582466661930084229e-01
0.000000000000000000e+00 6.672579050064086914e-02
0.000000000000000000e+00 9.032686054706573486e-02
0.000000000000000000e+00 9.372343122959136963e-02
0.000000000000000000e+00 1.428296267986297607e-01
0.000000000000000000e+00 2.672217227518558502e-02
0.000000000000000000e+00 1.852770894765853882e-02
0.000000000000000000e+00 1.153852138668298721e-02
0.000000000000000000e+00 7.844316773116588593e-03
0.000000000000000000e+00 6.185038946568965912e-03
0.000000000000000000e+00 1.096832565963268280e-02
0.000000000000000000e+00 4.943377152085304260e-02
0.000000000000000000e+00 3.073661774396896362e-02
0.000000000000000000e+00 7.011736184358596802e-02
0.000000000000000000e+00 1.370234191417694092e-01
0.000000000000000000e+00 1.661150157451629639e-01
0.000000000000000000e+00 2.785680294036865234e-01
0.000000000000000000e+00 3.281221985816955566e-01
0.000000000000000000e+00 4.194861054420471191e-01
0.000000000000000000e+00 6.187688112258911133e-01
0.000000000000000000e+00 6.305887699127197266e-01
0.000000000000000000e+00 7.402579188346862793e-01
0.000000000000000000e+00 8.251425027847290039e-01
0.000000000000000000e+00 8.617492318153381348e-01
0.000000000000000000e+00 8.072500228881835938e-01
0.000000000000000000e+00 8.910221457481384277e-01
0.000000000000000000e+00 9.253545999526977539e-01
0.000000000000000000e+00 8.434807062149047852e-01
0.000000000000000000e+00 8.528624176979064941e-01
0.000000000000000000e+00 6.258593201637268066e-01
0.000000000000000000e+00 6.200131177902221680e-01
0.000000000000000000e+00 7.298542261123657227e-01
0.000000000000000000e+00 7.122884392738342285e-01
0.000000000000000000e+00 6.694028973579406738e-01
0.000000000000000000e+00 6.729828119277954102e-01
0.000000000000000000e+00 4.362143576145172119e-01
0.000000000000000000e+00 2.546355724334716797e-01
0.000000000000000000e+00 2.315664142370223999e-01
0.000000000000000000e+00 9.556256979703903198e-02
0.000000000000000000e+00 7.014105468988418579e-02
0.000000000000000000e+00 2.408354729413986206e-02
0.000000000000000000e+00 8.754937909543514252e-03
0.000000000000000000e+00 5.488301161676645279e-03
0.000000000000000000e+00 2.161351963877677917e-03
0.000000000000000000e+00 9.630563436076045036e-04
0.000000000000000000e+00 4.858243337366729975e-04
0.000000000000000000e+00 2.317602047696709633e-04
0.000000000000000000e+00 1.397048035869374871e-04
0.000000000000000000e+00 1.525124680483713746e-04
0.000000000000000000e+00 2.006767172133550048e-04
0.000000000000000000e+00 1.192751296912319958e-04
0.000000000000000000e+00 9.489236254012212157e-05
0.000000000000000000e+00 8.471428736811503768e-05
0.000000000000000000e+00 1.381514302920550108e-04
0.000000000000000000e+00 1.787252258509397507e-04
0.000000000000000000e+00 1.766329223755747080e-04
0.000000000000000000e+00 2.295263984706252813e-04
0.000000000000000000e+00 3.080524620600044727e-04
0.000000000000000000e+00 5.176562117412686348e-04
0.000000000000000000e+00 2.029971452429890633e-03
0.000000000000000000e+00 2.784685697406530380e-03
0.000000000000000000e+00 5.905218888074159622e-03
0.000000000000000000e+00 8.766602724790573120e-03
0.000000000000000000e+00 7.988134399056434631e-03
0.000000000000000000e+00 1.102629769593477249e-02
0.000000000000000000e+00 1.595496572554111481e-02
0.000000000000000000e+00 8.939036168158054352e-03
0.000000000000000000e+00 1.456149574369192123e-02
0.000000000000000000e+00 9.881908074021339417e-03
0.000000000000000000e+00 7.351120002567768097e-03
0.000000000000000000e+00 7.223641034215688705e-03
0.000000000000000000e+00 8.280019275844097137e-03
0.000000000000000000e+00 4.342293366789817810e-03
0.000000000000000000e+00 4.842839669436216354e-03
0.000000000000000000e+00 3.686556825414299965e-03
0.000000000000000000e+00 5.392369814217090607e-03
0.000000000000000000e+00 3.674551146104931831e-03
0.000000000000000000e+00 4.422869533300399780e-03
0.000000000000000000e+00 3.916199784725904465e-03
0.000000000000000000e+00 3.772829892113804817e-03
0.000000000000000000e+00 2.894273726269602776e-03
0.000000000000000000e+00 3.039931645616889000e-03
0.000000000000000000e+00 4.104676656424999237e-03
0.000000000000000000e+00 6.014709826558828354e-03
0.000000000000000000e+00 4.936717916280031204e-03
0.000000000000000000e+00 7.049598265439271927e-03
0.000000000000000000e+00 1.477351970970630646e-02
0.000000000000000000e+00 1.803718879818916321e-02
0.000000000000000000e+00 1.698304153978824615e-02
0.000000000000000000e+00 1.813344284892082214e-02
0.000000000000000000e+00 9.410849213600158691e-02
0.000000000000000000e+00 3.257801383733749390e-02
0.000000000000000000e+00 7.777085155248641968e-02
0.000000000000000000e+00 6.962600350379943848e-02
0.000000000000000000e+00 1.331299990415573120e-01
0.000000000000000000e+00 1.132926568388938904e-01
0.000000000000000000e+00 2.046326994895935059e-01
0.000000000000000000e+00 2.361566126346588135e-01
0.000000000000000000e+00 2.404350638389587402e-01
0.000000000000000000e+00 2.387176007032394409e-01
0.000000000000000000e+00 2.933392226696014404e-01
0.000000000000000000e+00 2.567169368267059326e-01
0.000000000000000000e+00 3.090835511684417725e-01
0.000000000000000000e+00 2.529106438159942627e-01
0.000000000000000000e+00 2.503079771995544434e-01
1.000000000000000000e+00 2.881327867507934570e-01
0.000000000000000000e+00 3.066748976707458496e-01
0.000000000000000000e+00 1.869340240955352783e-01
0.000000000000000000e+00 2.128627151250839233e-01
0.000000000000000000e+00 2.296600788831710815e-01
0.000000000000000000e+00 1.316659748554229736e-01
0.000000000000000000e+00 1.900284141302108765e-01
0.000000000000000000e+00 1.477364450693130493e-01
1.000000000000000000e+00 9.946945309638977051e-01
1.000000000000000000e+00 9.939192533493041992e-01
1.000000000000000000e+00 9.916107058525085449e-01
1.000000000000000000e+00 9.929178357124328613e-01
0.000000000000000000e+00 9.807991981506347656e-01
0.000000000000000000e+00 9.597393870353698730e-01
0.000000000000000000e+00 9.033443331718444824e-01
0.000000000000000000e+00 8.425011038780212402e-01
0.000000000000000000e+00 6.871715784072875977e-01
0.000000000000000000e+00 3.507833480834960938e-01
0.000000000000000000e+00 8.673412352800369263e-02
0.000000000000000000e+00 7.442262768745422363e-02
0.000000000000000000e+00 5.605742335319519043e-02
0.000000000000000000e+00 1.053857430815696716e-02
0.000000000000000000e+00 1.021124236285686493e-02
0.000000000000000000e+00 4.671561531722545624e-03
0.000000000000000000e+00 2.554764971137046814e-03
0.000000000000000000e+00 3.411779878661036491e-03
0.000000000000000000e+00 1.437545754015445709e-03
0.000000000000000000e+00 6.891906959936022758e-04
0.000000000000000000e+00 2.379021025262773037e-04
0.000000000000000000e+00 4.888591356575489044e-04
0.000000000000000000e+00 5.444039707072079182e-04
0.000000000000000000e+00 3.920044109690934420e-04
0.000000000000000000e+00 3.541249316185712814e-04
0.000000000000000000e+00 2.125774044543504715e-04
0.000000000000000000e+00 3.862622252199798822e-04
0.000000000000000000e+00 6.501212483271956444e-04
0.000000000000000000e+00 5.650998209603130817e-04
0.000000000000000000e+00 7.022392819635570049e-04
0.000000000000000000e+00 1.173825585283339024e-03
0.000000000000000000e+00 4.887784831225872040e-03
0.000000000000000000e+00 5.985429044812917709e-03
0.000000000000000000e+00 5.987593904137611389e-03
0.000000000000000000e+00 5.734434816986322403e-03
0.000000000000000000e+00 2.072355709969997406e-02
0.000000000000000000e+00 2.444112859666347504e-02
0.000000000000000000e+00 1.356447767466306686e-02
0.000000000000000000e+00 2.234191820025444031e-02
0.000000000000000000e+00 1.207501813769340515e-02
0.000000000000000000e+00 2.489875629544258118e-02
0.000000000000000000e+00 1.949674636125564575e-02
0.000000000000000000e+00 1.370910927653312683e-02
0.000000000000000000e+00 3.673826158046722412e-02
0.000000000000000000e+00 1.495082862675189972e-02
0.000000000000000000e+00 1.732211001217365265e-02
0.000000000000000000e+00 1.490316353738307953e-02
0.000000000000000000e+00 3.214117139577865601e-02
0.000000000000000000e+00 6.808152794837951660e-02
0.000000000000000000e+00 7.437036186456680298e-02
0.000000000000000000e+00 6.052005290985107422e-02
0.000000000000000000e+00 1.024520546197891235e-01
0.000000000000000000e+00 9.072803705930709839e-02
0.000000000000000000e+00 2.751892209053039551e-01
0.000000000000000000e+00 1.266460418701171875e-01
0.000000000000000000e+00 2.298734486103057861e-01
0.000000000000000000e+00 1.838529706001281738e-01
0.000000000000000000e+00 3.157678842544555664e-01
0.000000000000000000e+00 3.814945220947265625e-01
0.000000000000000000e+00 4.054842591285705566e-01
0.000000000000000000e+00 4.739235639572143555e-01
0.000000000000000000e+00 4.635378718376159668e-01
0.000000000000000000e+00 4.567207694053649902e-01
0.000000000000000000e+00 5.815159082412719727e-01
0.000000000000000000e+00 5.295598506927490234e-01
0.000000000000000000e+00 4.778964519500732422e-01
0.000000000000000000e+00 4.778886437416076660e-01
0.000000000000000000e+00 4.588826000690460205e-01
0.000000000000000000e+00 4.944206774234771729e-01
0.000000000000000000e+00 4.001219570636749268e-01
0.000000000000000000e+00 3.869242072105407715e-01
0.000000000000000000e+00 3.790960609912872314e-01
0.000000000000000000e+00 2.550249695777893066e-01
0.000000000000000000e+00 1.378210037946701050e-01
0.000000000000000000e+00 1.111274808645248413e-01
0.000000000000000000e+00 1.104997191578149796e-02
0.000000000000000000e+00 3.864940255880355835e-03
0.000000000000000000e+00 3.100303933024406433e-03
0.000000000000000000e+00 1.863390440121293068e-03
0.000000000000000000e+00 1.956079388037323952e-03
0.000000000000000000e+00 1.572537817992269993e-03
0.000000000000000000e+00 6.488894578069448471e-04
0.000000000000000000e+00 7.771156961098313332e-04
0.000000000000000000e+00 6.444519385695457458e-04
0.000000000000000000e+00 5.871804896742105484e-04
0.000000000000000000e+00 8.456892683170735836e-04
0.000000000000000000e+00 6.561251357197761536e-04
0.000000000000000000e+00 6.800075061619281769e-04
0.000000000000000000e+00 6.982848863117396832e-04
0.000000000000000000e+00 7.010424160398542881e-04
0.000000000000000000e+00 7.027862593531608582e-04
0.000000000000000000e+00 7.424894138239324093e-04
0.000000000000000000e+00 1.168799703009426594e-03
0.000000000000000000e+00 8.173519745469093323e-04
0.000000000000000000e+00 7.250623893924057484e-04
0.000000000000000000e+00 1.576856127940118313e-03
0.000000000000000000e+00 1.365225645713508129e-03
0.000000000000000000e+00 1.406868686899542809e-03
0.000000000000000000e+00 3.465237561613321304e-03
0.000000000000000000e+00 3.158580744639039040e-03
0.000000000000000000e+00 3.484392771497368813e-03
0.000000000000000000e+00 6.936400663107633591e-03
0.000000000000000000e+00 6.545838434249162674e-03
0.000000000000000000e+00 3.911541309207677841e-03
0.000000000000000000e+00 1.145767699927091599e-02
0.000000000000000000e+00 1.015790551900863647e-02
0.000000000000000000e+00 7.874582894146442413e-03
0.000000000000000000e+00 4.692038986831903458e-03
0.000000000000000000e+00 1.032822579145431519e-02
0.000000000000000000e+00 4.298794083297252655e-03
0.000000000000000000e+00 4.791122861206531525e-03
0.000000000000000000e+00 4.355188924819231033e-03
0.000000000000000000e+00 3.492983058094978333e-03
0.000000000000000000e+00 2.166796941310167313e-03
0.000000000000000000e+00 3.447058843448758125e-03
0.000000000000000000e+00 2.777038607746362686e-03
0.000000000000000000e+00 2.306466689333319664e-03
0.000000000000000000e+00 1.847633626312017441e-03
0.000000000000000000e+00 3.418820444494485855e-03
0.000000000000000000e+00 2.762981690466403961e-03
0.000000000000000000e+00 2.590073738247156143e-03
0.000000000000000000e+00 1.486642868258059025e-03
0.000000000000000000e+00 9.733132319524884224e-04
0.000000000000000000e+00 1.546113984659314156e-03
0.000000000000000000e+00 1.536024152301251888e-03
0.000000000000000000e+00 2.739590359851717949e-03
0.000000000000000000e+00 4.703284706920385361e-03
0.000000000000000000e+00 8.542169816792011261e-03
0.000000000000000000e+00 9.625744074583053589e-03
0.000000000000000000e+00 9.977526031434535980e-03
0.000000000000000000e+00 5.692953243851661682e-03
0.000000000000000000e+00 4.675456322729587555e-03
0.000000000000000000e+00 5.217270925641059875e-03
0.000000000000000000e+00 5.522352177649736404e-03
0.000000000000000000e+00 6.960640195757150650e-03
1.000000000000000000e+00 1.291078981012105942e-02
1.000000000000000000e+00 1.446831040084362030e-02
0.000000000000000000e+00 9.629181586205959320e-03
0.000000000000000000e+00 1.897531934082508087e-02
0.000000000000000000e+00 3.007947839796543121e-02
0.000000000000000000e+00 7.541479915380477905e-02
0.000000000000000000e+00 1.976042091846466064e-01
0.000000000000000000e+00 2.158199697732925415e-01
0.000000000000000000e+00 4.294801056385040283e-01
0.000000000000000000e+00 3.860320150852203369e-01
0.000000000000000000e+00 4.850453436374664307e-01
0.000000000000000000e+00 3.859910070896148682e-01
0.000000000000000000e+00 3.266850411891937256e-01
0.000000000000000000e+00 3.223186731338500977e-01
0.000000000000000000e+00 2.868587970733642578e-01
