0.000000000000000000e+00 2.173876762390136719e-01
0.000000000000000000e+00 2.348545789718627930e-01
0.000000000000000000e+00 2.282892465591430664e-01
0.000000000000000000e+00 2.470188438892364502e-01
0.000000000000000000e+00 2.236590385437011719e-01
0.000000000000000000e+00 2.447528392076492310e-01
0.000000000000000000e+00 2.239758074283599854e-01
0.000000000000000000e+00 2.473223209381103516e-01
0.000000000000000000e+00 2.259054332971572876e-01
0.000000000000000000e+00 2.259809225797653198e-01
0.000000000000000000e+00 2.125540673732757568e-01
0.000000000000000000e+00 2.215407341718673706e-01
0.000000000000000000e+00 2.122750729322433472e-01
0.000000000000000000e+00 2.178645730018615723e-01
0.000000000000000000e+00 2.150610536336898804e-01
0.000000000000000000e+00 2.191131412982940674e-01
0.000000000000000000e+00 2.190854102373123169e-01
0.000000000000000000e+00 2.085247784852981567e-01
0.000000000000000000e+00 2.328801155090332031e-01
0.000000000000000000e+00 2.356023341417312622e-01
0.000000000000000000e+00 2.221764028072357178e-01
0.000000000000000000e+00 2.226893901824951172e-01
0.000000000000000000e+00 2.404936999082565308e-01
0.000000000000000000e+00 2.362438440322875977e-01
0.000000000000000000e+00 2.355922311544418335e-01
1.000000000000000000e+00 2.076049745082855225e-01
1.000000000000000000e+00 2.200185805559158325e-01
1.000000000000000000e+00 2.001452893018722534e-01
1.000000000000000000e+00 2.148383706808090210e-01
1.000000000000000000e+00 2.057700902223587036e-01
1.000000000000000000e+00 1.805118769407272339e-01
0.000000000000000000e+00 1.806942373514175415e-01
0.000000000000000000e+00 1.687196642160415649e-01
0.000000000000000000e+00 1.466735303401947021e-01
0.000000000000000000e+00 1.309398710727691650e-01
0.000000000000000000e+00 1.083428934216499329e-01
0.000000000000000000e+00 1.073359847068786621e-01
0.000000000000000000e+00 8.707523345947265625e-02
0.000000000000000000e+00 8.262713998556137085e-02
0.000000000000000000e+00 6.461390852928161621e-02
0.000000000000000000e+00 6.156263872981071472e-02
0.000000000000000000e+00 4.922252893447875977e-02
0.000000000000000000e+00 4.475672543048858643e-02
0.000000000000000000e+00 3.457785025238990784e-02
0.000000000000000000e+00 3.364588692784309387e-02
0.000000000000000000e+00 2.848841948434710503e-03
0.000000000000000000e+00 2.213314874097704887e-03
0.000000000000000000e+00 1.779183978214859962e-03
0.000000000000000000e+00 1.446873298846185207e-03
0.000000000000000000e+00 1.255269860848784447e-03
0.000000000000000000e+00 1.184163731522858143e-03
0.000000000000000000e+00 1.101541914977133274e-03
0.000000000000000000e+00 1.020188326947391033e-03
0.000000000000000000e+00 1.052839332260191441e-03
0.000000000000000000e+00 9.954897686839103699e-04
0.000000000000000000e+00 9.618148324079811573e-04
0.000000000000000000e+00 9.131369297392666340e-04
0.000000000000000000e+00 9.983929339796304703e-04
0.000000000000000000e+00 9.529832168482244015e-04
0.000000000000000000e+00 9.905635379254817963e-04
0.000000000000000000e+00 9.591636480763554573e-04
0.000000000000000000e+00 8.949302718974649906e-04
0.000000000000000000e+00 9.204816306009888649e-04
0.000000000000000000e+00 9.359331452287733555e-04
0.000000000000000000e+00 9.766494622454047203e-04
0.000000000000000000e+00 9.687615674920380116e-04
0.000000000000000000e+00 9.337447118014097214e-04
0.000000000000000000e+00 9.930861415341496468e-04
0.000000000000000000e+00 8.702090708538889885e-04
0.000000000000000000e+00 1.035760506056249142e-03
0.000000000000000000e+00 9.589083492755889893e-04
0.000000000000000000e+00 9.324884740635752678e-04
0.000000000000000000e+00 1.011647400446236134e-03
0.000000000000000000e+00 1.021935371682047844e-03
0.000000000000000000e+00 1.067920122295618057e-03
0.000000000000000000e+00 1.085810479708015919e-03
0.000000000000000000e+00 1.082266215234994888e-03
0.000000000000000000e+00 1.237997552379965782e-03
0.000000000000000000e+00 1.114321989007294178e-03
0.000000000000000000e+00 1.276780967600643635e-03
0.000000000000000000e+00 1.205397304147481918e-03
0.000000000000000000e+00 1.328430371358990669e-03
0.000000000000000000e+00 1.458025653846561909e-03
0.000000000000000000e+00 1.534801092930138111e-03
0.000000000000000000e+00 1.494892174378037453e-03
0.000000000000000000e+00 1.719286199659109116e-03
0.000000000000000000e+00 1.768609276041388512e-03
0.000000000000000000e+00 1.752168987877666950e-03
0.000000000000000000e+00 1.867614802904427052e-03
0.000000000000000000e+00 1.901036826893687248e-03
0.000000000000000000e+00 6.113853771239519119e-03
0.000000000000000000e+00 5.302551202476024628e-03
0.000000000000000000e+00 4.017262253910303116e-03
0.000000000000000000e+00 4.015885293483734131e-03
0.000000000000000000e+00 4.090122412890195847e-03
0.000000000000000000e+00 3.431742778047919273e-03
0.000000000000000000e+00 3.175810445100069046e-03
0.000000000000000000e+00 3.126172348856925964e-03
0.000000000000000000e+00 2.805281430482864380e-03
0.000000000000000000e+00 2.839246066287159920e-03
0.000000000000000000e+00 2.654117066413164139e-03
0.000000000000000000e+00 2.921103034168481827e-03
0.000000000000000000e+00 2.956062555313110352e-03
0.000000000000000000e+00 2.958527300506830215e-03
0.000000000000000000e+00 3.227217588573694229e-03
0.000000000000000000e+00 2.931989263743162155e-03
0.000000000000000000e+00 2.824985422194004059e-03
0.000000000000000000e+00 3.170836018398404121e-03
0.000000000000000000e+00 3.154120175167918205e-03
0.000000000000000000e+00 3.332078456878662109e-03
0.000000000000000000e+00 3.220415674149990082e-03
0.000000000000000000e+00 3.405608236789703369e-03
0.000000000000000000e+00 3.558511380106210709e-03
0.000000000000000000e+00 3.662105882540345192e-03
0.000000000000000000e+00 3.472830168902873993e-03
0.000000000000000000e+00 3.849229775369167328e-03
0.000000000000000000e+00 3.704682225361466408e-03
0.000000000000000000e+00 3.944998141378164291e-03
0.000000000000000000e+00 4.568789154291152954e-03
0.000000000000000000e+00 4.057248122990131378e-03
0.000000000000000000e+00 4.166699480265378952e-03
0.000000000000000000e+00 4.194676410406827927e-03
0.000000000000000000e+00 4.281909205019474030e-03
0.000000000000000000e+00 4.218127112835645676e-03
0.000000000000000000e+00 4.575297236442565918e-03
0.000000000000000000e+00 3.821952268481254578e-03
0.000000000000000000e+00 4.839143715798854828e-03
0.000000000000000000e+00 4.567815456539392471e-03
0.000000000000000000e+00 4.587353207170963287e-03
0.000000000000000000e+00 5.068669561296701431e-03
0.000000000000000000e+00 4.490085411816835403e-03
0.000000000000000000e+00 5.614917259663343430e-03
0.000000000000000000e+00 4.960762336850166321e-03
0.000000000000000000e+00 4.816755652427673340e-03
0.000000000000000000e+00 5.710678640753030777e-03
0.000000000000000000e+00 1.985760033130645752e-02
0.000000000000000000e+00 1.664821617305278778e-02
0.000000000000000000e+00 1.333655044436454773e-02
0.000000000000000000e+00 1.156030222773551941e-02
0.000000000000000000e+00 8.639933541417121887e-03
0.000000000000000000e+00 8.428362198173999786e-03
0.000000000000000000e+00 5.896552931517362595e-03
0.000000000000000000e+00 5.499245598912239075e-03
0.000000000000000000e+00 4.949798807501792908e-03
0.000000000000000000e+00 3.740985644981265068e-03
0.000000000000000000e+00 3.151112934574484825e-03
0.000000000000000000e+00 3.199279308319091797e-03
0.000000000000000000e+00 2.665100852027535439e-03
0.000000000000000000e+00 2.651221817359328270e-03
0.000000000000000000e+00 2.271451754495501518e-03
0.000000000000000000e+00 2.009638119488954544e-03
0.000000000000000000e+00 1.983837224543094635e-03
0.000000000000000000e+00 1.842853147536516190e-03
0.000000000000000000e+00 1.742354943417012691e-03
0.000000000000000000e+00 1.578298048116266727e-03
0.000000000000000000e+00 1.665365765802562237e-03
0.000000000000000000e+00 1.686922507360577583e-03
0.000000000000000000e+00 1.517908880487084389e-03
0.000000000000000000e+00 1.462090411223471165e-03
0.000000000000000000e+00 1.533234491944313049e-03
0.000000000000000000e+00 1.489679794758558273e-03
0.000000000000000000e+00 1.408666488714516163e-03
0.000000000000000000e+00 1.503213425166904926e-03
0.000000000000000000e+00 1.555319060571491718e-03
0.000000000000000000e+00 1.419136882759630680e-03
0.000000000000000000e+00 1.401957473717629910e-03
0.000000000000000000e+00 1.542249810881912708e-03
0.000000000000000000e+00 1.655691768974065781e-03
0.000000000000000000e+00 1.544644706882536411e-03
0.000000000000000000e+00 1.483244239352643490e-03
0.000000000000000000e+00 1.528804888948798180e-03
0.000000000000000000e+00 1.588887535035610199e-03
0.000000000000000000e+00 1.646185992285609245e-03
0.000000000000000000e+00 1.921172137372195721e-03
0.000000000000000000e+00 1.757118501700460911e-03
0.000000000000000000e+00 1.803619670681655407e-03
0.000000000000000000e+00 1.918678404763340950e-03
0.000000000000000000e+00 2.028820337727665901e-03
0.000000000000000000e+00 1.920198556035757065e-03
0.000000000000000000e+00 2.024705056101083755e-03
0.000000000000000000e+00 9.047234198078513145e-04
0.000000000000000000e+00 8.834497421048581600e-04
0.000000000000000000e+00 8.098709513433277607e-04
0.000000000000000000e+00 7.338375435210764408e-04
0.000000000000000000e+00 7.176914368756115437e-04
0.000000000000000000e+00 6.210378487594425678e-04
0.000000000000000000e+00 5.308049148879945278e-04
0.000000000000000000e+00 6.190431886352598667e-04
0.000000000000000000e+00 5.858288495801389217e-04
0.000000000000000000e+00 5.682827904820442200e-04
0.000000000000000000e+00 5.588672938756644726e-04
0.000000000000000000e+00 5.973592633381485939e-04
0.000000000000000000e+00 5.988183547742664814e-04
0.000000000000000000e+00 4.971485468558967113e-04
0.000000000000000000e+00 6.776597001589834690e-04
0.000000000000000000e+00 5.515274242497980595e-04
0.000000000000000000e+00 5.987943150103092194e-04
0.000000000000000000e+00 5.556772230193018913e-04
0.000000000000000000e+00 6.381791317835450172e-04
0.000000000000000000e+00 6.670162547379732132e-04
0.000000000000000000e+00 6.527664372697472572e-04
0.000000000000000000e+00 7.685148157179355621e-04
0.000000000000000000e+00 6.511564715765416622e-04
0.000000000000000000e+00 6.489899242296814919e-04
0.000000000000000000e+00 6.309328018687665462e-04
0.000000000000000000e+00 6.869893404655158520e-04
0.000000000000000000e+00 5.854135961271822453e-04
0.000000000000000000e+00 7.765482296235859394e-04
0.000000000000000000e+00 8.043721900321543217e-04
0.000000000000000000e+00 7.120040827430784702e-04
0.000000000000000000e+00 7.452395511791110039e-04
0.000000000000000000e+00 7.357256836257874966e-04
0.000000000000000000e+00 8.046653820201754570e-04
0.000000000000000000e+00 6.485824706032872200e-04
0.000000000000000000e+00 7.061373908072710037e-04
0.000000000000000000e+00 8.121553692035377026e-04
0.000000000000000000e+00 7.962005329318344593e-04
0.000000000000000000e+00 8.949694456532597542e-04
0.000000000000000000e+00 8.728185785003006458e-04
0.000000000000000000e+00 7.461939239874482155e-04
0.000000000000000000e+00 9.663325618021190166e-04
0.000000000000000000e+00 7.773530669510364532e-04
0.000000000000000000e+00 8.595899562351405621e-04
0.000000000000000000e+00 8.616371778771281242e-04
0.000000000000000000e+00 7.896225433796644211e-04
0.000000000000000000e+00 1.318519562482833862e-02
0.000000000000000000e+00 1.106785424053668976e-02
0.000000000000000000e+00 1.062676124274730682e-02
0.000000000000000000e+00 9.668148122727870941e-03
0.000000000000000000e+00 7.540529593825340271e-03
0.000000000000000000e+00 8.315220475196838379e-03
0.000000000000000000e+00 7.627744227647781372e-03
0.000000000000000000e+00 7.869130931794643402e-03
0.000000000000000000e+00 7.589403074234724045e-03
0.000000000000000000e+00 8.381004445254802704e-03
0.000000000000000000e+00 7.522537373006343842e-03
0.000000000000000000e+00 7.033951580524444580e-03
0.000000000000000000e+00 7.586857303977012634e-03
0.000000000000000000e+00 8.218305185437202454e-03
0.000000000000000000e+00 8.767941035330295563e-03
0.000000000000000000e+00 9.079938754439353943e-03
0.000000000000000000e+00 8.125293068587779999e-03
0.000000000000000000e+00 8.055328391492366791e-03
0.000000000000000000e+00 7.825289852917194366e-03
0.000000000000000000e+00 8.518287912011146545e-03
0.000000000000000000e+00 8.838811889290809631e-03
0.000000000000000000e+00 8.104391396045684814e-03
0.000000000000000000e+00 7.386043202131986618e-03
0.000000000000000000e+00 7.753625512123107910e-03
0.000000000000000000e+00 7.543934509158134460e-03
0.000000000000000000e+00 6.811405066400766373e-03
0.000000000000000000e+00 7.049802690744400024e-03
0.000000000000000000e+00 7.475689519196748734e-03
0.000000000000000000e+00 6.907519884407520294e-03
0.000000000000000000e+00 7.189066149294376373e-03
0.000000000000000000e+00 7.111287675797939301e-03
0.000000000000000000e+00 6.908295210450887680e-03
0.000000000000000000e+00 7.180447224527597427e-03
0.000000000000000000e+00 7.502669934183359146e-03
0.000000000000000000e+00 7.402309682220220566e-03
0.000000000000000000e+00 7.274610456079244614e-03
0.000000000000000000e+00 7.588274776935577393e-03
0.000000000000000000e+00 7.577678654342889786e-03
0.000000000000000000e+00 7.715177722275257111e-03
0.000000000000000000e+00 7.151813246309757233e-03
0.000000000000000000e+00 7.495688740164041519e-03
0.000000000000000000e+00 7.636870257556438446e-03
0.000000000000000000e+00 7.402632385492324829e-03
0.000000000000000000e+00 7.697303779423236847e-03
0.000000000000000000e+00 8.210808038711547852e-03
0.000000000000000000e+00 8.440996408462524414e-01
0.000000000000000000e+00 8.563023209571838379e-01
0.000000000000000000e+00 8.536375164985656738e-01
0.000000000000000000e+00 8.588094115257263184e-01
0.000000000000000000e+00 8.764240741729736328e-01
0.000000000000000000e+00 8.760944604873657227e-01
0.000000000000000000e+00 8.697831630706787109e-01
0.000000000000000000e+00 8.803307414054870605e-01
0.000000000000000000e+00 8.720965981483459473e-01
0.000000000000000000e+00 8.762091994285583496e-01
0.000000000000000000e+00 8.779033422470092773e-01
0.000000000000000000e+00 8.718276619911193848e-01
0.000000000000000000e+00 8.670530319213867188e-01
0.000000000000000000e+00 8.762574791908264160e-01
0.000000000000000000e+00 8.691267371177673340e-01
0.000000000000000000e+00 8.815935850143432617e-01
0.000000000000000000e+00 8.775175809860229492e-01
0.000000000000000000e+00 8.661692142486572266e-01
0.000000000000000000e+00 8.780427575111389160e-01
0.000000000000000000e+00 8.810048103332519531e-01
0.000000000000000000e+00 8.735644817352294922e-01
0.000000000000000000e+00 8.854256272315979004e-01
0.000000000000000000e+00 8.776715993881225586e-01
0.000000000000000000e+00 8.922977447509765625e-01
0.000000000000000000e+00 8.894832730293273926e-01
0.000000000000000000e+00 8.811249136924743652e-01
0.000000000000000000e+00 8.945252299308776855e-01
0.000000000000000000e+00 8.891614675521850586e-01
0.000000000000000000e+00 8.944293856620788574e-01
0.000000000000000000e+00 8.933054208755493164e-01
0.000000000000000000e+00 8.978658318519592285e-01
0.000000000000000000e+00 8.857152462005615234e-01
0.000000000000000000e+00 8.930009603500366211e-01
0.000000000000000000e+00 8.844637274742126465e-01
0.000000000000000000e+00 8.912584185600280762e-01
0.000000000000000000e+00 8.760703206062316895e-01
0.000000000000000000e+00 8.828490376472473145e-01
0.000000000000000000e+00 8.809567689895629883e-01
0.000000000000000000e+00 8.904501795768737793e-01
0.000000000000000000e+00 8.841179013252258301e-01
0.000000000000000000e+00 8.886158466339111328e-01
0.000000000000000000e+00 8.768240213394165039e-01
0.000000000000000000e+00 8.861165046691894531e-01
0.000000000000000000e+00 8.806240558624267578e-01
0.000000000000000000e+00 8.858743309974670410e-01
0.000000000000000000e+00 7.132097147405147552e-03
1.000000000000000000e+00 8.760075084865093231e-03
0.000000000000000000e+00 6.244137417525053024e-03
0.000000000000000000e+00 6.200487259775400162e-03
0.000000000000000000e+00 6.214055698364973068e-03
0.000000000000000000e+00 5.355934612452983856e-03
0.000000000000000000e+00 3.800072707235813141e-03
0.000000000000000000e+00 2.729105064645409584e-03
0.000000000000000000e+00 2.272550016641616821e-03
0.000000000000000000e+00 2.076341537758708000e-03
0.000000000000000000e+00 2.003255067393183708e-03
0.000000000000000000e+00 1.496839919127523899e-03
0.000000000000000000e+00 1.661560032516717911e-03
0.000000000000000000e+00 1.020436175167560577e-03
0.000000000000000000e+00 1.495581935159862041e-03
0.000000000000000000e+00 1.040223403833806515e-03
0.000000000000000000e+00 9.084360208362340927e-04
0.000000000000000000e+00 9.578436729498207569e-04
0.000000000000000000e+00 6.805624580010771751e-04
0.000000000000000000e+00 6.136350566521286964e-04
0.000000000000000000e+00 6.832535727880895138e-04
0.000000000000000000e+00 5.680632311850786209e-04
0.000000000000000000e+00 5.205314373597502708e-04
0.000000000000000000e+00 4.896587342955172062e-04
0.000000000000000000e+00 4.126612038817256689e-04
0.000000000000000000e+00 3.490069357212632895e-04
0.000000000000000000e+00 3.690013254527002573e-04
0.000000000000000000e+00 3.241124795749783516e-04
0.000000000000000000e+00 2.968693443108350039e-04
0.000000000000000000e+00 2.645844651851803064e-04
0.000000000000000000e+00 2.006667637033388019e-04
0.000000000000000000e+00 2.109144115820527077e-04
0.000000000000000000e+00 1.955707994056865573e-04
0.000000000000000000e+00 2.029819297604262829e-04
0.000000000000000000e+00 1.434379664715379477e-04
0.000000000000000000e+00 1.612579944776371121e-04
0.000000000000000000e+00 1.426060771336778998e-04
0.000000000000000000e+00 1.694136590231209993e-04
0.000000000000000000e+00 1.298888091696426272e-04
0.000000000000000000e+00 9.866407344816252589e-05
0.000000000000000000e+00 1.167118243756704032e-04
0.000000000000000000e+00 1.319201546721160412e-04
0.000000000000000000e+00 1.239218981936573982e-04
0.000000000000000000e+00 1.518852368462830782e-04
0.000000000000000000e+00 1.309887011302635074e-04
