0.000000000000000000e+00 9.893701076507568359e-01
0.000000000000000000e+00 9.845787286758422852e-01
0.000000000000000000e+00 9.741274714469909668e-01
0.000000000000000000e+00 9.734306931495666504e-01
0.000000000000000000e+00 9.573671817779541016e-01
0.000000000000000000e+00 9.372728466987609863e-01
0.000000000000000000e+00 9.506754279136657715e-01
0.000000000000000000e+00 9.491425156593322754e-01
0.000000000000000000e+00 9.482448101043701172e-01
0.000000000000000000e+00 9.248968362808227539e-01
0.000000000000000000e+00 9.299932718276977539e-01
0.000000000000000000e+00 9.436334371566772461e-01
0.000000000000000000e+00 9.476923942565917969e-01
0.000000000000000000e+00 9.542448520660400391e-01
0.000000000000000000e+00 9.630621075630187988e-01
0.000000000000000000e+00 9.618173241615295410e-01
0.000000000000000000e+00 9.550448656082153320e-01
0.000000000000000000e+00 9.728381037712097168e-01
0.000000000000000000e+00 9.800788760185241699e-01
0.000000000000000000e+00 9.806841015815734863e-01
0.000000000000000000e+00 9.899364709854125977e-01
0.000000000000000000e+00 9.912255406379699707e-01
0.000000000000000000e+00 9.945752620697021484e-01
1.000000000000000000e+00 9.925771355628967285e-01
1.000000000000000000e+00 9.930597543716430664e-01
1.000000000000000000e+00 9.932730197906494141e-01
1.000000000000000000e+00 9.897923469543457031e-01
1.000000000000000000e+00 9.788121581077575684e-01
1.000000000000000000e+00 9.218505620956420898e-01
1.000000000000000000e+00 8.749964237213134766e-01
1.000000000000000000e+00 7.558961510658264160e-01
0.000000000000000000e+00 4.382013678550720215e-01
0.000000000000000000e+00 1.689272969961166382e-01
0.000000000000000000e+00 8.568444103002548218e-02
0.000000000000000000e+00 5.326987430453300476e-02
0.000000000000000000e+00 4.286989197134971619e-02
0.000000000000000000e+00 3.212154284119606018e-02
0.000000000000000000e+00 2.773492038249969482e-02
0.000000000000000000e+00 2.348704449832439423e-02
0.000000000000000000e+00 2.654382772743701935e-02
0.000000000000000000e+00 2.599502354860305786e-02
0.000000000000000000e+00 2.587081491947174072e-02
0.000000000000000000e+00 2.552507072687149048e-02
0.000000000000000000e+00 2.366690523922443390e-02
0.000000000000000000e+00 2.302706055343151093e-02
0.000000000000000000e+00 2.227925695478916168e-02
0.000000000000000000e+00 2.399820648133754730e-02
0.000000000000000000e+00 2.859274484217166901e-02
0.000000000000000000e+00 2.261808700859546661e-02
0.000000000000000000e+00 1.910885423421859741e-02
0.000000000000000000e+00 1.380666904151439667e-02
0.000000000000000000e+00 1.244624797254800797e-02
0.000000000000000000e+00 1.643310301005840302e-02
0.000000000000000000e+00 1.685875467956066132e-02
0.000000000000000000e+00 1.548936683684587479e-02
0.000000000000000000e+00 1.672683656215667725e-02
0.000000000000000000e+00 2.001273073256015778e-02
0.000000000000000000e+00 2.678823284804821014e-02
0.000000000000000000e+00 4.665298759937286377e-02
0.000000000000000000e+00 8.589461445808410645e-02
0.000000000000000000e+00 1.247654482722282410e-01
0.000000000000000000e+00 1.750459522008895874e-01
0.000000000000000000e+00 2.321953326463699341e-01
0.000000000000000000e+00 3.296846151351928711e-01
0.000000000000000000e+00 2.939866185188293457e-01
0.000000000000000000e+00 3.425795137882232666e-01
0.000000000000000000e+00 3.552831709384918213e-01
0.000000000000000000e+00 3.714528977870941162e-01
0.000000000000000000e+00 3.425563573837280273e-01
0.000000000000000000e+00 3.644323647022247314e-01
0.000000000000000000e+00 3.255801498889923096e-01
0.000000000000000000e+00 3.707521855831146240e-01
0.000000000000000000e+00 3.678932487964630127e-01
0.000000000000000000e+00 2.092214822769165039e-01
0.000000000000000000e+00 2.118573784828186035e-01
0.000000000000000000e+00 8.899704813957214355e-01
0.000000000000000000e+00 9.192384481430053711e-01
0.000000000000000000e+00 8.705270886421203613e-01
0.000000000000000000e+00 9.165819883346557617e-01
0.000000000000000000e+00 9.232918620109558105e-01
0.000000000000000000e+00 8.962165117263793945e-01
0.000000000000000000e+00 9.331888556480407715e-01
0.000000000000000000e+00 9.449780583381652832e-01
0.000000000000000000e+00 9.339426159858703613e-01
0.000000000000000000e+00 9.384614825248718262e-01
0.000000000000000000e+00 9.358612298965454102e-01
0.000000000000000000e+00 9.169756770133972168e-01
0.000000000000000000e+00 9.194125533103942871e-01
0.000000000000000000e+00 9.063334465026855469e-01
0.000000000000000000e+00 8.456897735595703125e-01
1.000000000000000000e+00 8.581590056419372559e-01
1.000000000000000000e+00 8.304657936096191406e-01
1.000000000000000000e+00 8.042417168617248535e-01
1.000000000000000000e+00 8.221720457077026367e-01
0.000000000000000000e+00 7.867128849029541016e-01
0.000000000000000000e+00 6.786027550697326660e-01
0.000000000000000000e+00 6.334319710731506348e-01
0.000000000000000000e+00 6.557133793830871582e-01
0.000000000000000000e+00 5.631024241447448730e-01
0.000000000000000000e+00 4.745514988899230957e-01
0.000000000000000000e+00 3.321066796779632568e-01
0.000000000000000000e+00 3.265990316867828369e-01
0.000000000000000000e+00 2.519730925559997559e-01
0.000000000000000000e+00 1.826191693544387817e-01
0.000000000000000000e+00 9.217587113380432129e-02
0.000000000000000000e+00 6.277652084827423096e-02
0.000000000000000000e+00 3.069278411567211151e-02
1.000000000000000000e+00 1.874773763120174408e-02
1.000000000000000000e+00 7.607197854667901993e-03
0.000000000000000000e+00 6.395929027348756790e-03
0.000000000000000000e+00 2.998693613335490227e-03
0.000000000000000000e+00 2.437154762446880341e-03
0.000000000000000000e+00 1.652076374739408493e-03
0.000000000000000000e+00 1.941613620147109032e-03
0.000000000000000000e+00 1.550393761135637760e-03
0.000000000000000000e+00 1.862107426859438419e-03
0.000000000000000000e+00 2.149865496903657913e-03
0.000000000000000000e+00 3.857338335365056992e-03
0.000000000000000000e+00 3.753389697521924973e-03
0.000000000000000000e+00 5.371856968849897385e-03
0.000000000000000000e+00 4.646532237529754639e-03
0.000000000000000000e+00 5.333138629794120789e-03
0.000000000000000000e+00 5.608586594462394714e-03
0.000000000000000000e+00 7.402050308883190155e-03
0.000000000000000000e+00 1.437038276344537735e-02
0.000000000000000000e+00 2.343743480741977692e-02
0.000000000000000000e+00 4.432383924722671509e-02
0.000000000000000000e+00 5.890049040317535400e-02
0.000000000000000000e+00 8.296145498752593994e-02
0.000000000000000000e+00 7.283452153205871582e-02
0.000000000000000000e+00 5.484960228204727173e-02
0.000000000000000000e+00 5.465472117066383362e-02
0.000000000000000000e+00 8.035449683666229248e-02
0.000000000000000000e+00 1.072874665260314941e-01
0.000000000000000000e+00 1.628601104021072388e-01
0.000000000000000000e+00 1.669051945209503174e-01
0.000000000000000000e+00 2.495615482330322266e-01
0.000000000000000000e+00 2.800742983818054199e-01
0.000000000000000000e+00 2.474351525306701660e-01
0.000000000000000000e+00 2.727562785148620605e-01
0.000000000000000000e+00 2.062709480524063110e-01
0.000000000000000000e+00 1.886763125658035278e-01
0.000000000000000000e+00 2.083811908960342407e-01
0.000000000000000000e+00 2.050136178731918335e-01
0.000000000000000000e+00 2.232700139284133911e-01
0.000000000000000000e+00 2.237895727157592773e-01
0.000000000000000000e+00 2.580039799213409424e-01
0.000000000000000000e+00 2.542171180248260498e-01
0.000000000000000000e+00 2.976979613304138184e-01
0.000000000000000000e+00 2.615289390087127686e-01
1.000000000000000000e+00 2.497483342885971069e-01
1.000000000000000000e+00 3.434682488441467285e-01
1.000000000000000000e+00 4.125887155532836914e-01
1.000000000000000000e+00 3.377970755100250244e-01
1.000000000000000000e+00 6.092623472213745117e-01
0.000000000000000000e+00 5.971316695213317871e-01
0.000000000000000000e+00 5.096445679664611816e-01
0.000000000000000000e+00 5.724129080772399902e-01
0.000000000000000000e+00 5.405462384223937988e-01
0.000000000000000000e+00 5.636544227600097656e-01
0.000000000000000000e+00 6.206724643707275391e-01
0.000000000000000000e+00 5.090869069099426270e-01
0.000000000000000000e+00 5.338181853294372559e-01
0.000000000000000000e+00 3.732422590255737305e-01
0.000000000000000000e+00 4.304803907871246338e-01
0.000000000000000000e+00 4.116217792034149170e-01
0.000000000000000000e+00 5.221993327140808105e-01
0.000000000000000000e+00 4.970224797725677490e-01
0.000000000000000000e+00 5.416281819343566895e-01
0.000000000000000000e+00 5.065968632698059082e-01
0.000000000000000000e+00 5.931630730628967285e-01
0.000000000000000000e+00 6.005651950836181641e-01
0.000000000000000000e+00 6.172376871109008789e-01
0.000000000000000000e+00 6.846655011177062988e-01
0.000000000000000000e+00 6.358115673065185547e-01
0.000000000000000000e+00 7.578971385955810547e-01
1.000000000000000000e+00 6.829413771629333496e-01
1.000000000000000000e+00 6.887733936309814453e-01
0.000000000000000000e+00 7.356728315353393555e-01
0.000000000000000000e+00 7.670114040374755859e-01
0.000000000000000000e+00 7.283948659896850586e-01
0.000000000000000000e+00 7.636861801147460938e-01
0.000000000000000000e+00 7.240084409713745117e-01
0.000000000000000000e+00 7.260822057723999023e-01
0.000000000000000000e+00 7.284083366394042969e-01
0.000000000000000000e+00 7.395622730255126953e-01
0.000000000000000000e+00 7.031937241554260254e-01
0.000000000000000000e+00 7.416111826896667480e-01
0.000000000000000000e+00 7.069748044013977051e-01
0.000000000000000000e+00 6.867520809173583984e-01
0.000000000000000000e+00 6.491153240203857422e-01
0.000000000000000000e+00 6.241856813430786133e-01
0.000000000000000000e+00 6.171298027038574219e-01
0.000000000000000000e+00 5.024330019950866699e-01
0.000000000000000000e+00 5.286511778831481934e-01
0.000000000000000000e+00 2.841048538684844971e-01
0.000000000000000000e+00 4.942271411418914795e-01
0.000000000000000000e+00 3.458262979984283447e-01
0.000000000000000000e+00 3.299704194068908691e-01
0.000000000000000000e+00 2.813288867473602295e-01
0.000000000000000000e+00 3.347775638103485107e-01
0.000000000000000000e+00 2.604577541351318359e-01
0.000000000000000000e+00 2.406748384237289429e-01
0.000000000000000000e+00 3.046600818634033203e-01
0.000000000000000000e+00 3.544222116470336914e-01
0.000000000000000000e+00 3.671987652778625488e-01
0.000000000000000000e+00 3.541120290756225586e-01
0.000000000000000000e+00 4.023253619670867920e-01
0.000000000000000000e+00 4.288963973522186279e-01
0.000000000000000000e+00 4.871452450752258301e-01
0.000000000000000000e+00 5.150765180587768555e-01
0.000000000000000000e+00 5.618646740913391113e-01
0.000000000000000000e+00 5.468521714210510254e-01
0.000000000000000000e+00 6.291902065277099609e-01
0.000000000000000000e+00 5.965891480445861816e-01
0.000000000000000000e+00 6.601636409759521484e-01
0.000000000000000000e+00 7.015950083732604980e-01
0.000000000000000000e+00 7.259876728057861328e-01
0.000000000000000000e+00 6.816039085388183594e-01
0.000000000000000000e+00 7.194234132766723633e-01
0.000000000000000000e+00 7.474199533462524414e-01
0.000000000000000000e+00 7.227426767349243164e-01
0.000000000000000000e+00 7.131441831588745117e-01
0.000000000000000000e+00 7.224022150039672852e-01
0.000000000000000000e+00 7.230346798896789551e-01
1.000000000000000000e+00 8.733901977539062500e-01
0.000000000000000000e+00 8.383703827857971191e-01
0.000000000000000000e+00 8.359581828117370605e-01
0.000000000000000000e+00 6.952015757560729980e-01
0.000000000000000000e+00 6.166921257972717285e-01
0.000000000000000000e+00 5.170093774795532227e-01
0.000000000000000000e+00 5.106398463249206543e-01
0.000000000000000000e+00 4.166377186775207520e-01
0.000000000000000000e+00 3.921449184417724609e-01
0.000000000000000000e+00 3.927000164985656738e-01
0.000000000000000000e+00 3.255642354488372803e-01
0.000000000000000000e+00 3.004380166530609131e-01
0.000000000000000000e+00 2.616128325462341309e-01
0.000000000000000000e+00 1.871934980154037476e-01
0.000000000000000000e+00 1.531877368688583374e-01
0.000000000000000000e+00 1.426161974668502808e-01
0.000000000000000000e+00 9.961598366498947144e-02
0.000000000000000000e+00 8.222387731075286865e-02
0.000000000000000000e+00 6.934563070535659790e-02
0.000000000000000000e+00 5.410126969218254089e-02
0.000000000000000000e+00 5.737635120749473572e-02
0.000000000000000000e+00 4.688326641917228699e-02
0.000000000000000000e+00 4.966518655419349670e-02
0.000000000000000000e+00 4.630662128329277039e-02
0.000000000000000000e+00 3.902660310268402100e-02
0.000000000000000000e+00 4.424672946333885193e-02
0.000000000000000000e+00 4.498565196990966797e-02
0.000000000000000000e+00 4.414480552077293396e-02
0.000000000000000000e+00 4.947340115904808044e-02
0.000000000000000000e+00 6.983684003353118896e-02
0.000000000000000000e+00 6.869365274906158447e-02
0.000000000000000000e+00 7.421945780515670776e-02
0.000000000000000000e+00 7.800462841987609863e-02
0.000000000000000000e+00 8.652940392494201660e-02
0.000000000000000000e+00 8.378817886114120483e-02
0.000000000000000000e+00 8.124913275241851807e-02
0.000000000000000000e+00 6.819457560777664185e-02
0.000000000000000000e+00 6.926292181015014648e-02
0.000000000000000000e+00 6.453071534633636475e-02
0.000000000000000000e+00 5.804932117462158203e-02
0.000000000000000000e+00 5.362464487552642822e-02
0.000000000000000000e+00 4.557386040687561035e-02
0.000000000000000000e+00 4.361415281891822815e-02
0.000000000000000000e+00 4.311319068074226379e-02
0.000000000000000000e+00 4.389182105660438538e-02
0.000000000000000000e+00 3.226834908127784729e-02
0.000000000000000000e+00 3.846088424324989319e-02
0.000000000000000000e+00 4.541076347231864929e-02
0.000000000000000000e+00 4.933551326394081116e-02
0.000000000000000000e+00 6.337057799100875854e-02
0.000000000000000000e+00 7.249026000499725342e-02
0.000000000000000000e+00 9.548180550336837769e-02
0.000000000000000000e+00 1.028375923633575439e-01
0.000000000000000000e+00 1.150523200631141663e-01
0.000000000000000000e+00 1.132737100124359131e-01
0.000000000000000000e+00 1.107775792479515076e-01
0.000000000000000000e+00 1.168725639581680298e-01
0.000000000000000000e+00 1.379366368055343628e-01
0.000000000000000000e+00 1.677653193473815918e-01
0.000000000000000000e+00 2.201463431119918823e-01
0.000000000000000000e+00 2.083881050348281860e-01
0.000000000000000000e+00 2.371438294649124146e-01
0.000000000000000000e+00 2.662144899368286133e-01
0.000000000000000000e+00 2.920312881469726562e-01
0.000000000000000000e+00 3.002904951572418213e-01
0.000000000000000000e+00 3.241491019725799561e-01
0.000000000000000000e+00 3.210690617561340332e-01
1.000000000000000000e+00 3.250434100627899170e-01
1.000000000000000000e+00 2.979574203491210938e-01
0.000000000000000000e+00 2.734351456165313721e-01
0.000000000000000000e+00 2.587872147560119629e-01
0.000000000000000000e+00 2.556020021438598633e-01
0.000000000000000000e+00 2.518999576568603516e-01
0.000000000000000000e+00 2.365391403436660767e-01
0.000000000000000000e+00 2.294277697801589966e-01
0.000000000000000000e+00 5.200613737106323242e-01
0.000000000000000000e+00 4.502691626548767090e-01
0.000000000000000000e+00 4.168703854084014893e-01
0.000000000000000000e+00 4.666635692119598389e-01
0.000000000000000000e+00 3.479167520999908447e-01
0.000000000000000000e+00 3.527116179466247559e-01
0.000000000000000000e+00 2.946088314056396484e-01
0.000000000000000000e+00 2.618268728256225586e-01
0.000000000000000000e+00 2.105406075716018677e-01
0.000000000000000000e+00 1.729010492563247681e-01
0.000000000000000000e+00 1.381961405277252197e-01
0.000000000000000000e+00 1.424259990453720093e-01
0.000000000000000000e+00 1.098629459738731384e-01
0.000000000000000000e+00 1.026002392172813416e-01
0.000000000000000000e+00 6.991422176361083984e-02
0.000000000000000000e+00 6.864472478628158569e-02
0.000000000000000000e+00 6.497262418270111084e-02
0.000000000000000000e+00 5.996474996209144592e-02
0.000000000000000000e+00 5.516151338815689087e-02
0.000000000000000000e+00 5.588155239820480347e-02
0.000000000000000000e+00 5.712624639272689819e-02
0.000000000000000000e+00 7.487557083368301392e-02
0.000000000000000000e+00 8.501265197992324829e-02
0.000000000000000000e+00 8.913000673055648804e-02
0.000000000000000000e+00 1.022383347153663635e-01
0.000000000000000000e+00 1.047018319368362427e-01
0.000000000000000000e+00 1.131725683808326721e-01
0.000000000000000000e+00 1.385833621025085449e-01
0.000000000000000000e+00 1.421420574188232422e-01
0.000000000000000000e+00 1.384701281785964966e-01
0.000000000000000000e+00 1.405095160007476807e-01
0.000000000000000000e+00 1.630822420120239258e-01
0.000000000000000000e+00 1.400284916162490845e-01
0.000000000000000000e+00 1.647878885269165039e-01
0.000000000000000000e+00 1.461437046527862549e-01
0.000000000000000000e+00 1.297207921743392944e-01
0.000000000000000000e+00 1.264468580484390259e-01
0.000000000000000000e+00 1.191793456673622131e-01
0.000000000000000000e+00 1.297081857919692993e-01
0.000000000000000000e+00 1.329826414585113525e-01
0.000000000000000000e+00 1.091307550668716431e-01
0.000000000000000000e+00 1.166999787092208862e-01
0.000000000000000000e+00 1.201867461204528809e-01
0.000000000000000000e+00 9.176374226808547974e-02
0.000000000000000000e+00 8.160731941461563110e-02
0.000000000000000000e+00 8.535393327474594116e-02
0.000000000000000000e+00 8.495877683162689209e-02
0.000000000000000000e+00 1.067162230610847473e-01
0.000000000000000000e+00 1.122327968478202820e-01
0.000000000000000000e+00 1.255586892366409302e-01
0.000000000000000000e+00 1.569821834564208984e-01
0.000000000000000000e+00 2.100476622581481934e-01
0.000000000000000000e+00 2.515298724174499512e-01
0.000000000000000000e+00 2.514966130256652832e-01
0.000000000000000000e+00 2.757417559623718262e-01
0.000000000000000000e+00 2.884117066860198975e-01
0.000000000000000000e+00 2.946736216545104980e-01
0.000000000000000000e+00 2.905525565147399902e-01
0.000000000000000000e+00 3.111549317836761475e-01
0.000000000000000000e+00 3.128490149974822998e-01
0.000000000000000000e+00 3.190981745719909668e-01
0.000000000000000000e+00 3.616227805614471436e-01
0.000000000000000000e+00 3.789297044277191162e-01
0.000000000000000000e+00 3.620703518390655518e-01
0.000000000000000000e+00 3.816305696964263916e-01
0.000000000000000000e+00 3.568007349967956543e-01
0.000000000000000000e+00 3.756200373172760010e-01
0.000000000000000000e+00 3.640893995761871338e-01
0.000000000000000000e+00 3.632742464542388916e-01
0.000000000000000000e+00 3.797127008438110352e-01
0.000000000000000000e+00 3.838120996952056885e-01
0.000000000000000000e+00 3.651296496391296387e-01
0.000000000000000000e+00 3.331263363361358643e-01
0.000000000000000000e+00 2.939930856227874756e-01
0.000000000000000000e+00 2.586602866649627686e-01
0.000000000000000000e+00 2.498304843902587891e-01
0.000000000000000000e+00 1.371995508670806885e-01
0.000000000000000000e+00 1.015398874878883362e-01
0.000000000000000000e+00 6.694445759057998657e-02
0.000000000000000000e+00 4.746604338288307190e-02
0.000000000000000000e+00 4.035379365086555481e-02
0.000000000000000000e+00 3.232230246067047119e-02
0.000000000000000000e+00 2.286375313997268677e-02
0.000000000000000000e+00 1.833404786884784698e-02
0.000000000000000000e+00 1.660017482936382294e-02
0.000000000000000000e+00 1.192715391516685486e-02
0.000000000000000000e+00 1.315168384462594986e-02
0.000000000000000000e+00 1.362709514796733856e-02
0.000000000000000000e+00 1.058327313512563705e-02
0.000000000000000000e+00 1.162758283317089081e-02
0.000000000000000000e+00 1.224302873015403748e-02
0.000000000000000000e+00 1.491219084709882736e-02
0.000000000000000000e+00 1.613686978816986084e-02
0.000000000000000000e+00 1.897739432752132416e-02
0.000000000000000000e+00 2.131558395922183990e-02
0.000000000000000000e+00 2.876339852809906006e-02
0.000000000000000000e+00 3.958616033196449280e-02
0.000000000000000000e+00 5.572623386979103088e-02
0.000000000000000000e+00 7.961633801460266113e-02
0.000000000000000000e+00 9.560616314411163330e-02
0.000000000000000000e+00 1.106335222721099854e-01
0.000000000000000000e+00 1.392566561698913574e-01
0.000000000000000000e+00 1.302544921636581421e-01
0.000000000000000000e+00 1.312056779861450195e-01
0.000000000000000000e+00 1.207501664757728577e-01
0.000000000000000000e+00 1.094565168023109436e-01
0.000000000000000000e+00 1.149738729000091553e-01
0.000000000000000000e+00 1.037366762757301331e-01
0.000000000000000000e+00 1.010324805974960327e-01
0.000000000000000000e+00 9.614494442939758301e-02
0.000000000000000000e+00 9.098170697689056396e-02
0.000000000000000000e+00 9.250636398792266846e-02
0.000000000000000000e+00 8.656647801399230957e-02
0.000000000000000000e+00 7.957798242568969727e-02
0.000000000000000000e+00 8.060923963785171509e-02
0.000000000000000000e+00 8.318676799535751343e-02
0.000000000000000000e+00 7.815773040056228638e-02
0.000000000000000000e+00 7.780605554580688477e-02
0.000000000000000000e+00 7.123126834630966187e-02
0.000000000000000000e+00 7.319945842027664185e-02
0.000000000000000000e+00 7.170258462429046631e-02
0.000000000000000000e+00 8.154844492673873901e-02
0.000000000000000000e+00 9.243805706501007080e-02
0.000000000000000000e+00 1.046368405222892761e-01
0.000000000000000000e+00 1.198722496628761292e-01
0.000000000000000000e+00 1.314209848642349243e-01
0.000000000000000000e+00 1.559864580631256104e-01
0.000000000000000000e+00 1.716005504131317139e-01
0.000000000000000000e+00 1.978932172060012817e-01
0.000000000000000000e+00 2.423432320356369019e-01
0.000000000000000000e+00 2.538029551506042480e-01
0.000000000000000000e+00 2.366183549165725708e-01
0.000000000000000000e+00 3.039630949497222900e-01
0.000000000000000000e+00 3.160669207572937012e-01
0.000000000000000000e+00 3.323458731174468994e-01
0.000000000000000000e+00 3.454223573207855225e-01
0.000000000000000000e+00 3.744796514511108398e-01
0.000000000000000000e+00 3.541497588157653809e-01
0.000000000000000000e+00 3.738270103931427002e-01
0.000000000000000000e+00 4.063174426555633545e-01
0.000000000000000000e+00 4.080968201160430908e-01
0.000000000000000000e+00 4.356861114501953125e-01
1.000000000000000000e+00 4.384043514728546143e-01
0.000000000000000000e+00 4.169903397560119629e-01
0.000000000000000000e+00 4.105501174926757812e-01
0.000000000000000000e+00 3.820379674434661865e-01
0.000000000000000000e+00 3.365402221679687500e-01
0.000000000000000000e+00 3.318403661251068115e-01
0.000000000000000000e+00 2.709223330020904541e-01
0.000000000000000000e+00 2.584382295608520508e-01
1.000000000000000000e+00 9.314699769020080566e-01
1.000000000000000000e+00 9.474519491195678711e-01
1.000000000000000000e+00 9.273375272750854492e-01
1.000000000000000000e+00 9.438351988792419434e-01
0.000000000000000000e+00 8.925158381462097168e-01
0.000000000000000000e+00 8.356429338455200195e-01
0.000000000000000000e+00 7.082507014274597168e-01
0.000000000000000000e+00 4.123762547969818115e-01
0.000000000000000000e+00 3.766944408416748047e-01
0.000000000000000000e+00 1.832704693078994751e-01
0.000000000000000000e+00 7.501579076051712036e-02
0.000000000000000000e+00 1.104611307382583618e-01
0.000000000000000000e+00 4.561173915863037109e-02
0.000000000000000000e+00 3.889124840497970581e-02
0.000000000000000000e+00 2.332030795514583588e-02
0.000000000000000000e+00 1.511496771126985550e-02
0.000000000000000000e+00 1.493401918560266495e-02
0.000000000000000000e+00 8.550735190510749817e-03
0.000000000000000000e+00 7.410523481667041779e-03
0.000000000000000000e+00 7.548348512500524521e-03
0.000000000000000000e+00 7.849554531276226044e-03
0.000000000000000000e+00 1.233151834458112717e-02
0.000000000000000000e+00 6.409175693988800049e-03
0.000000000000000000e+00 7.606949657201766968e-03
0.000000000000000000e+00 5.760541651397943497e-03
0.000000000000000000e+00 5.911802873015403748e-03
0.000000000000000000e+00 6.033599842339754105e-03
0.000000000000000000e+00 8.768903091549873352e-03
0.000000000000000000e+00 4.309037700295448303e-03
0.000000000000000000e+00 6.713191978633403778e-03
0.000000000000000000e+00 9.572822600603103638e-03
0.000000000000000000e+00 1.176114939153194427e-02
0.000000000000000000e+00 1.342109218239784241e-02
0.000000000000000000e+00 1.572905480861663818e-02
0.000000000000000000e+00 2.901815809309482574e-02
0.000000000000000000e+00 3.381355106830596924e-02
0.000000000000000000e+00 2.544603124260902405e-02
0.000000000000000000e+00 3.569776564836502075e-02
0.000000000000000000e+00 3.595474362373352051e-02
0.000000000000000000e+00 5.429119989275932312e-02
0.000000000000000000e+00 6.331270933151245117e-02
0.000000000000000000e+00 4.179075732827186584e-02
0.000000000000000000e+00 2.451829798519611359e-02
0.000000000000000000e+00 2.022632211446762085e-02
0.000000000000000000e+00 1.409508008509874344e-02
0.000000000000000000e+00 1.862316019833087921e-02
0.000000000000000000e+00 1.308403443545103073e-02
0.000000000000000000e+00 1.862889528274536133e-02
0.000000000000000000e+00 2.814461477100849152e-02
0.000000000000000000e+00 3.655833750963211060e-02
0.000000000000000000e+00 6.521186232566833496e-02
0.000000000000000000e+00 7.249748706817626953e-02
0.000000000000000000e+00 1.336594671010971069e-01
0.000000000000000000e+00 1.609103232622146606e-01
0.000000000000000000e+00 2.182216942310333252e-01
0.000000000000000000e+00 2.244990468025207520e-01
0.000000000000000000e+00 2.459136098623275757e-01
0.000000000000000000e+00 3.372375071048736572e-01
0.000000000000000000e+00 3.792899847030639648e-01
0.000000000000000000e+00 3.833163380622863770e-01
0.000000000000000000e+00 4.585518836975097656e-01
0.000000000000000000e+00 4.105383753776550293e-01
0.000000000000000000e+00 4.598961174488067627e-01
0.000000000000000000e+00 5.152687430381774902e-01
0.000000000000000000e+00 5.052371621131896973e-01
0.000000000000000000e+00 4.787703454494476318e-01
0.000000000000000000e+00 5.093685984611511230e-01
0.000000000000000000e+00 5.110107660293579102e-01
0.000000000000000000e+00 5.195574760437011719e-01
0.000000000000000000e+00 4.478050768375396729e-01
0.000000000000000000e+00 5.034217834472656250e-01
0.000000000000000000e+00 3.843532502651214600e-01
0.000000000000000000e+00 3.539742827415466309e-01
0.000000000000000000e+00 2.277452945709228516e-01
0.000000000000000000e+00 2.175036519765853882e-01
0.000000000000000000e+00 6.627485156059265137e-01
0.000000000000000000e+00 6.913202404975891113e-01
0.000000000000000000e+00 5.266949534416198730e-01
0.000000000000000000e+00 4.347846508026123047e-01
0.000000000000000000e+00 4.638500809669494629e-01
0.000000000000000000e+00 3.667459487915039062e-01
0.000000000000000000e+00 2.879538536071777344e-01
0.000000000000000000e+00 2.522223591804504395e-01
0.000000000000000000e+00 2.427128851413726807e-01
0.000000000000000000e+00 1.850132942199707031e-01
0.000000000000000000e+00 1.960336267948150635e-01
0.000000000000000000e+00 1.427867263555526733e-01
0.000000000000000000e+00 1.005361601710319519e-01
0.000000000000000000e+00 1.019756495952606201e-01
0.000000000000000000e+00 7.848514616489410400e-02
0.000000000000000000e+00 5.129415914416313171e-02
0.000000000000000000e+00 4.936647415161132812e-02
0.000000000000000000e+00 3.568564727902412415e-02
0.000000000000000000e+00 3.001685999333858490e-02
0.000000000000000000e+00 2.795359678566455841e-02
0.000000000000000000e+00 1.596634276211261749e-02
0.000000000000000000e+00 1.849691197276115417e-02
0.000000000000000000e+00 2.440334483981132507e-02
0.000000000000000000e+00 2.036221325397491455e-02
0.000000000000000000e+00 2.067224495112895966e-02
0.000000000000000000e+00 1.762274652719497681e-02
0.000000000000000000e+00 3.100994229316711426e-02
0.000000000000000000e+00 3.966668620705604553e-02
0.000000000000000000e+00 3.774592652916908264e-02
0.000000000000000000e+00 3.249699622392654419e-02
0.000000000000000000e+00 3.407763689756393433e-02
0.000000000000000000e+00 3.829135745763778687e-02
0.000000000000000000e+00 3.082222305238246918e-02
0.000000000000000000e+00 4.062299430370330811e-02
0.000000000000000000e+00 3.472715243697166443e-02
0.000000000000000000e+00 3.247151896357536316e-02
0.000000000000000000e+00 2.680128999054431915e-02
0.000000000000000000e+00 2.454312518239021301e-02
0.000000000000000000e+00 2.596158906817436218e-02
0.000000000000000000e+00 1.876866631209850311e-02
0.000000000000000000e+00 1.591707579791545868e-02
0.000000000000000000e+00 1.329828612506389618e-02
0.000000000000000000e+00 1.896143704652786255e-02
0.000000000000000000e+00 1.737971045076847076e-02
0.000000000000000000e+00 1.071895472705364227e-02
0.000000000000000000e+00 6.826628465205430984e-03
0.000000000000000000e+00 5.232925526797771454e-03
0.000000000000000000e+00 4.811250139027833939e-03
0.000000000000000000e+00 5.287933629006147385e-03
0.000000000000000000e+00 6.366888526827096939e-03
0.000000000000000000e+00 1.105382293462753296e-02
0.000000000000000000e+00 2.038817666471004486e-02
0.000000000000000000e+00 1.976709626615047455e-02
0.000000000000000000e+00 2.871055528521537781e-02
0.000000000000000000e+00 3.850492462515830994e-02
0.000000000000000000e+00 2.068029716610908508e-02
0.000000000000000000e+00 1.947087608277797699e-02
0.000000000000000000e+00 2.235753647983074188e-02
0.000000000000000000e+00 2.651483938097953796e-02
0.000000000000000000e+00 5.495574697852134705e-02
1.000000000000000000e+00 4.689473658800125122e-02
1.000000000000000000e+00 8.798542618751525879e-02
0.000000000000000000e+00 8.190688490867614746e-02
0.000000000000000000e+00 8.225581794977188110e-02
0.000000000000000000e+00 8.351238816976547241e-02
0.000000000000000000e+00 1.238458976149559021e-01
0.000000000000000000e+00 2.652919590473175049e-01
0.000000000000000000e+00 2.959171235561370850e-01
0.000000000000000000e+00 2.651426196098327637e-01
0.000000000000000000e+00 2.438464611768722534e-01
0.000000000000000000e+00 2.309874892234802246e-01
0.000000000000000000e+00 1.828052103519439697e-01
0.000000000000000000e+00 2.556709945201873779e-01
0.000000000000000000e+00 1.871181279420852661e-01
0.000000000000000000e+00 1.586812734603881836e-01
