0.000000000000000000e+00 9.778433442115783691e-01
0.000000000000000000e+00 9.816686511039733887e-01
0.000000000000000000e+00 9.802871346473693848e-01
0.000000000000000000e+00 9.812468886375427246e-01
0.000000000000000000e+00 9.671331048011779785e-01
0.000000000000000000e+00 9.660260677337646484e-01
0.000000000000000000e+00 9.797732830047607422e-01
0.000000000000000000e+00 9.844745397567749023e-01
0.000000000000000000e+00 9.798883795738220215e-01
0.000000000000000000e+00 9.824230670928955078e-01
0.000000000000000000e+00 9.775595068931579590e-01
0.000000000000000000e+00 9.797222018241882324e-01
0.000000000000000000e+00 9.843132495880126953e-01
0.000000000000000000e+00 9.831718206405639648e-01
0.000000000000000000e+00 9.852090477943420410e-01
0.000000000000000000e+00 9.876344799995422363e-01
0.000000000000000000e+00 9.840465188026428223e-01
0.000000000000000000e+00 9.845445752143859863e-01
0.000000000000000000e+00 9.852700829505920410e-01
0.000000000000000000e+00 9.880961179733276367e-01
0.000000000000000000e+00 9.864484667778015137e-01
0.000000000000000000e+00 9.896708130836486816e-01
0.000000000000000000e+00 9.873669147491455078e-01
1.000000000000000000e+00 9.893442392349243164e-01
1.000000000000000000e+00 9.836272001266479492e-01
1.000000000000000000e+00 9.885283112525939941e-01
1.000000000000000000e+00 9.821486473083496094e-01
1.000000000000000000e+00 9.769237637519836426e-01
1.000000000000000000e+00 9.543913006782531738e-01
1.000000000000000000e+00 9.171202182769775391e-01
1.000000000000000000e+00 8.400963544845581055e-01
0.000000000000000000e+00 6.931104660034179688e-01
0.000000000000000000e+00 4.235920608043670654e-01
0.000000000000000000e+00 4.022170305252075195e-01
0.000000000000000000e+00 3.199003040790557861e-01
0.000000000000000000e+00 2.724114656448364258e-01
0.000000000000000000e+00 2.420615404844284058e-01
0.000000000000000000e+00 2.229381501674652100e-01
0.000000000000000000e+00 1.775064766407012939e-01
0.000000000000000000e+00 1.690031737089157104e-01
0.000000000000000000e+00 1.519388556480407715e-01
0.000000000000000000e+00 1.127513200044631958e-01
0.000000000000000000e+00 1.279862374067306519e-01
0.000000000000000000e+00 9.743918478488922119e-02
0.000000000000000000e+00 7.089472562074661255e-02
0.000000000000000000e+00 6.088658049702644348e-02
0.000000000000000000e+00 4.894719272851943970e-02
0.000000000000000000e+00 4.193850979208946228e-02
0.000000000000000000e+00 3.909359499812126160e-02
0.000000000000000000e+00 3.675751015543937683e-02
0.000000000000000000e+00 3.120710700750350952e-02
0.000000000000000000e+00 3.396577760577201843e-02
0.000000000000000000e+00 3.450097143650054932e-02
0.000000000000000000e+00 4.135259985923767090e-02
0.000000000000000000e+00 4.897828400135040283e-02
0.000000000000000000e+00 5.542805790901184082e-02
0.000000000000000000e+00 6.399597972631454468e-02
0.000000000000000000e+00 9.497203677892684937e-02
0.000000000000000000e+00 1.082438826560974121e-01
0.000000000000000000e+00 1.705759167671203613e-01
0.000000000000000000e+00 2.288849502801895142e-01
0.000000000000000000e+00 2.678431868553161621e-01
0.000000000000000000e+00 2.917710840702056885e-01
0.000000000000000000e+00 3.615301251411437988e-01
0.000000000000000000e+00 3.925676345825195312e-01
0.000000000000000000e+00 4.324970543384552002e-01
0.000000000000000000e+00 4.612432122230529785e-01
0.000000000000000000e+00 5.093420147895812988e-01
0.000000000000000000e+00 5.709118247032165527e-01
0.000000000000000000e+00 5.346044301986694336e-01
0.000000000000000000e+00 5.594657659530639648e-01
0.000000000000000000e+00 5.149781703948974609e-01
0.000000000000000000e+00 3.612321317195892334e-01
0.000000000000000000e+00 2.608109712600708008e-01
0.000000000000000000e+00 2.670190036296844482e-01
0.000000000000000000e+00 8.664906024932861328e-01
0.000000000000000000e+00 9.416066408157348633e-01
0.000000000000000000e+00 9.545176029205322266e-01
0.000000000000000000e+00 9.389302730560302734e-01
0.000000000000000000e+00 9.366407394409179688e-01
0.000000000000000000e+00 9.476149678230285645e-01
0.000000000000000000e+00 9.712225198745727539e-01
0.000000000000000000e+00 9.824399948120117188e-01
0.000000000000000000e+00 9.748718142509460449e-01
0.000000000000000000e+00 9.448720216751098633e-01
0.000000000000000000e+00 9.628618955612182617e-01
0.000000000000000000e+00 9.591809511184692383e-01
0.000000000000000000e+00 9.576400518417358398e-01
0.000000000000000000e+00 9.375066757202148438e-01
0.000000000000000000e+00 9.331033825874328613e-01
1.000000000000000000e+00 8.948549032211303711e-01
1.000000000000000000e+00 8.625895977020263672e-01
1.000000000000000000e+00 9.049067497253417969e-01
1.000000000000000000e+00 7.471315264701843262e-01
0.000000000000000000e+00 7.675322890281677246e-01
0.000000000000000000e+00 7.816944718360900879e-01
0.000000000000000000e+00 7.726801037788391113e-01
0.000000000000000000e+00 4.580580592155456543e-01
0.000000000000000000e+00 3.666421771049499512e-01
0.000000000000000000e+00 3.707232773303985596e-01
0.000000000000000000e+00 3.426998257637023926e-01
0.000000000000000000e+00 1.305365264415740967e-01
0.000000000000000000e+00 8.042326569557189941e-02
0.000000000000000000e+00 6.968944519758224487e-02
0.000000000000000000e+00 5.254449322819709778e-02
0.000000000000000000e+00 3.900707885622978210e-02
0.000000000000000000e+00 2.372192777693271637e-02
1.000000000000000000e+00 2.151413448154926300e-02
1.000000000000000000e+00 1.126968115568161011e-02
0.000000000000000000e+00 8.931781165301799774e-03
0.000000000000000000e+00 6.671670358628034592e-03
0.000000000000000000e+00 7.280387915670871735e-03
0.000000000000000000e+00 5.724953953176736832e-03
0.000000000000000000e+00 5.937045905739068985e-03
0.000000000000000000e+00 8.333729580044746399e-03
0.000000000000000000e+00 9.787808172404766083e-03
0.000000000000000000e+00 1.193978730589151382e-02
0.000000000000000000e+00 1.253555621951818466e-02
0.000000000000000000e+00 1.794510520994663239e-02
0.000000000000000000e+00 2.054695412516593933e-02
0.000000000000000000e+00 2.023636549711227417e-02
0.000000000000000000e+00 1.892906241118907928e-02
0.000000000000000000e+00 1.739717833697795868e-02
0.000000000000000000e+00 1.784744299948215485e-02
0.000000000000000000e+00 2.703158371150493622e-02
0.000000000000000000e+00 3.718601539731025696e-02
0.000000000000000000e+00 5.875781551003456116e-02
0.000000000000000000e+00 7.555180042982101440e-02
0.000000000000000000e+00 9.634715318679809570e-02
0.000000000000000000e+00 8.077683299779891968e-02
0.000000000000000000e+00 7.764218747615814209e-02
0.000000000000000000e+00 8.954092860221862793e-02
0.000000000000000000e+00 9.340386092662811279e-02
0.000000000000000000e+00 1.034524664282798767e-01
0.000000000000000000e+00 9.124757349491119385e-02
0.000000000000000000e+00 1.228511258959770203e-01
0.000000000000000000e+00 1.452061533927917480e-01
0.000000000000000000e+00 1.384222358465194702e-01
0.000000000000000000e+00 1.488761156797409058e-01
0.000000000000000000e+00 1.419101655483245850e-01
0.000000000000000000e+00 1.473015993833541870e-01
0.000000000000000000e+00 1.571099460124969482e-01
0.000000000000000000e+00 1.547066420316696167e-01
0.000000000000000000e+00 1.604663878679275513e-01
0.000000000000000000e+00 1.897866427898406982e-01
0.000000000000000000e+00 1.822763681411743164e-01
0.000000000000000000e+00 1.872822493314743042e-01
0.000000000000000000e+00 2.147439718246459961e-01
0.000000000000000000e+00 2.177014946937561035e-01
0.000000000000000000e+00 2.570229470729827881e-01
1.000000000000000000e+00 3.718108236789703369e-01
1.000000000000000000e+00 3.227126598358154297e-01
1.000000000000000000e+00 2.458535879850387573e-01
1.000000000000000000e+00 1.568574011325836182e-01
1.000000000000000000e+00 6.569368392229080200e-02
0.000000000000000000e+00 2.728885784745216370e-02
0.000000000000000000e+00 1.155839953571557999e-02
0.000000000000000000e+00 7.413733284920454025e-03
0.000000000000000000e+00 5.546952132135629654e-03
0.000000000000000000e+00 3.253680421039462090e-03
0.000000000000000000e+00 1.350486534647643566e-03
0.000000000000000000e+00 1.060523209162056446e-03
0.000000000000000000e+00 6.835827953182160854e-04
0.000000000000000000e+00 4.065597604494541883e-04
0.000000000000000000e+00 3.301801334600895643e-04
0.000000000000000000e+00 2.261569024994969368e-04
0.000000000000000000e+00 1.738830324029549956e-04
0.000000000000000000e+00 1.182468622573651373e-04
0.000000000000000000e+00 8.018903463380411267e-05
0.000000000000000000e+00 7.081037620082497597e-05
0.000000000000000000e+00 4.717652700492180884e-05
0.000000000000000000e+00 5.526633685803972185e-05
0.000000000000000000e+00 4.601254840963520110e-05
0.000000000000000000e+00 2.615587254695128649e-05
0.000000000000000000e+00 2.385570951446425170e-05
0.000000000000000000e+00 2.068527101073414087e-05
1.000000000000000000e+00 1.921851435326971114e-05
1.000000000000000000e+00 2.175412737415172160e-05
0.000000000000000000e+00 2.257384403492324054e-05
0.000000000000000000e+00 3.328090679133310914e-05
0.000000000000000000e+00 3.485808338155038655e-05
0.000000000000000000e+00 5.177145430934615433e-05
0.000000000000000000e+00 9.073418914340436459e-05
0.000000000000000000e+00 1.014228546409867704e-04
0.000000000000000000e+00 1.070494326995685697e-04
0.000000000000000000e+00 1.165257781394757330e-04
0.000000000000000000e+00 9.645680256653577089e-05
0.000000000000000000e+00 9.554958523949608207e-05
0.000000000000000000e+00 7.621396071044728160e-05
0.000000000000000000e+00 8.434438495896756649e-05
0.000000000000000000e+00 8.665684435982257128e-05
0.000000000000000000e+00 1.059778005583211780e-04
0.000000000000000000e+00 9.028676140587776899e-05
0.000000000000000000e+00 5.872960537089966238e-05
0.000000000000000000e+00 4.812466431758366525e-05
0.000000000000000000e+00 4.078630445292219520e-05
0.000000000000000000e+00 5.710067489417269826e-05
0.000000000000000000e+00 7.120751979527994990e-05
0.000000000000000000e+00 6.502376345451921225e-05
0.000000000000000000e+00 5.995821629767306149e-05
0.000000000000000000e+00 4.817618901142850518e-05
0.000000000000000000e+00 6.045293775969184935e-05
0.000000000000000000e+00 7.659822585992515087e-05
0.000000000000000000e+00 1.116336061386391521e-04
0.000000000000000000e+00 1.256625400856137276e-04
0.000000000000000000e+00 1.113449616241268814e-04
0.000000000000000000e+00 1.144614434451796114e-04
0.000000000000000000e+00 1.137376893893815577e-04
0.000000000000000000e+00 1.292198721785098314e-04
0.000000000000000000e+00 1.676266838330775499e-04
0.000000000000000000e+00 1.069329300662502646e-04
0.000000000000000000e+00 1.087289274437353015e-04
0.000000000000000000e+00 8.490012987749651074e-05
0.000000000000000000e+00 1.511217560619115829e-04
0.000000000000000000e+00 1.448543625883758068e-04
0.000000000000000000e+00 1.527498388895764947e-04
0.000000000000000000e+00 2.443250268697738647e-04
0.000000000000000000e+00 4.251106875017285347e-04
0.000000000000000000e+00 4.103586834389716387e-04
0.000000000000000000e+00 4.580362292472273111e-04
0.000000000000000000e+00 5.893410416319966316e-04
0.000000000000000000e+00 4.377312434371560812e-04
0.000000000000000000e+00 5.630210507661104202e-04
0.000000000000000000e+00 6.032423116266727448e-04
0.000000000000000000e+00 5.430305609479546547e-04
1.000000000000000000e+00 7.907314300537109375e-01
0.000000000000000000e+00 7.780179381370544434e-01
0.000000000000000000e+00 7.695968747138977051e-01
0.000000000000000000e+00 6.861515045166015625e-01
0.000000000000000000e+00 7.203475236892700195e-01
0.000000000000000000e+00 6.292524933815002441e-01
0.000000000000000000e+00 6.801771521568298340e-01
0.000000000000000000e+00 5.681403279304504395e-01
0.000000000000000000e+00 5.662723183631896973e-01
0.000000000000000000e+00 4.259076118469238281e-01
0.000000000000000000e+00 4.509778320789337158e-01
0.000000000000000000e+00 3.269567489624023438e-01
0.000000000000000000e+00 2.288973182439804077e-01
0.000000000000000000e+00 1.167708039283752441e-01
0.000000000000000000e+00 7.600914686918258667e-02
0.000000000000000000e+00 5.770002678036689758e-02
0.000000000000000000e+00 2.753000333905220032e-02
0.000000000000000000e+00 2.067095600068569183e-02
0.000000000000000000e+00 1.179313100874423981e-02
0.000000000000000000e+00 9.508414193987846375e-03
0.000000000000000000e+00 1.067919377237558365e-02
0.000000000000000000e+00 8.328706026077270508e-03
0.000000000000000000e+00 1.219984982162714005e-02
0.000000000000000000e+00 9.423608891665935516e-03
0.000000000000000000e+00 7.383991032838821411e-03
0.000000000000000000e+00 9.770271368324756622e-03
0.000000000000000000e+00 9.099334478378295898e-03
0.000000000000000000e+00 1.563379168510437012e-02
0.000000000000000000e+00 2.400771901011466980e-02
0.000000000000000000e+00 2.424488589167594910e-02
0.000000000000000000e+00 2.679294534027576447e-02
0.000000000000000000e+00 3.318002820014953613e-02
0.000000000000000000e+00 3.493620827794075012e-02
0.000000000000000000e+00 4.718163609504699707e-02
0.000000000000000000e+00 4.197021201252937317e-02
0.000000000000000000e+00 4.395560547709465027e-02
0.000000000000000000e+00 2.978936582803726196e-02
0.000000000000000000e+00 2.531990595161914825e-02
0.000000000000000000e+00 1.720751076936721802e-02
0.000000000000000000e+00 1.736427843570709229e-02
0.000000000000000000e+00 1.743076927959918976e-02
0.000000000000000000e+00 1.865469105541706085e-02
0.000000000000000000e+00 1.554202102124691010e-02
0.000000000000000000e+00 1.468159258365631104e-02
0.000000000000000000e+00 1.200441550463438034e-02
0.000000000000000000e+00 1.748537458479404449e-02
0.000000000000000000e+00 1.851401850581169128e-02
0.000000000000000000e+00 2.502442523837089539e-02
0.000000000000000000e+00 2.878171391785144806e-02
0.000000000000000000e+00 6.858961284160614014e-02
0.000000000000000000e+00 8.999214321374893188e-02
0.000000000000000000e+00 1.388722956180572510e-01
0.000000000000000000e+00 1.520797014236450195e-01
0.000000000000000000e+00 1.756377220153808594e-01
0.000000000000000000e+00 1.631052196025848389e-01
0.000000000000000000e+00 1.303738802671432495e-01
0.000000000000000000e+00 1.618190854787826538e-01
0.000000000000000000e+00 1.704757809638977051e-01
0.000000000000000000e+00 2.476659417152404785e-01
0.000000000000000000e+00 3.028663992881774902e-01
0.000000000000000000e+00 3.426878750324249268e-01
0.000000000000000000e+00 3.731834292411804199e-01
0.000000000000000000e+00 3.933772742748260498e-01
0.000000000000000000e+00 3.713112175464630127e-01
0.000000000000000000e+00 4.243603348731994629e-01
0.000000000000000000e+00 4.114364683628082275e-01
0.000000000000000000e+00 4.250144660472869873e-01
1.000000000000000000e+00 3.995491564273834229e-01
1.000000000000000000e+00 3.799389302730560303e-01
0.000000000000000000e+00 3.382879793643951416e-01
0.000000000000000000e+00 2.603627741336822510e-01
0.000000000000000000e+00 1.948583126068115234e-01
0.000000000000000000e+00 1.424566507339477539e-01
0.000000000000000000e+00 1.340736448764801025e-01
0.000000000000000000e+00 1.403458118438720703e-01
0.000000000000000000e+00 6.280735135078430176e-01
0.000000000000000000e+00 6.246041059494018555e-01
0.000000000000000000e+00 5.105531215667724609e-01
0.000000000000000000e+00 4.953222870826721191e-01
0.000000000000000000e+00 4.583547115325927734e-01
0.000000000000000000e+00 3.422391712665557861e-01
0.000000000000000000e+00 2.843589782714843750e-01
0.000000000000000000e+00 2.746763527393341064e-01
0.000000000000000000e+00 2.436149567365646362e-01
0.000000000000000000e+00 1.667243391275405884e-01
0.000000000000000000e+00 1.096564829349517822e-01
0.000000000000000000e+00 1.039888113737106323e-01
0.000000000000000000e+00 7.060321420431137085e-02
0.000000000000000000e+00 5.859962850809097290e-02
0.000000000000000000e+00 5.380215495824813843e-02
0.000000000000000000e+00 4.158010706305503845e-02
0.000000000000000000e+00 4.011095315217971802e-02
0.000000000000000000e+00 3.584196045994758606e-02
0.000000000000000000e+00 3.168623149394989014e-02
0.000000000000000000e+00 3.654896095395088196e-02
0.000000000000000000e+00 3.954695537686347961e-02
0.000000000000000000e+00 3.969093039631843567e-02
0.000000000000000000e+00 4.897569864988327026e-02
0.000000000000000000e+00 6.405840069055557251e-02
0.000000000000000000e+00 5.574378743767738342e-02
0.000000000000000000e+00 8.970177918672561646e-02
0.000000000000000000e+00 1.041366308927536011e-01
0.000000000000000000e+00 9.805342555046081543e-02
0.000000000000000000e+00 1.340703219175338745e-01
0.000000000000000000e+00 1.403327584266662598e-01
0.000000000000000000e+00 1.291312277317047119e-01
0.000000000000000000e+00 1.379033178091049194e-01
0.000000000000000000e+00 1.416506618261337280e-01
0.000000000000000000e+00 1.579161882400512695e-01
0.000000000000000000e+00 1.397299617528915405e-01
0.000000000000000000e+00 1.549501270055770874e-01
0.000000000000000000e+00 1.468854546546936035e-01
0.000000000000000000e+00 1.479765772819519043e-01
0.000000000000000000e+00 9.999360144138336182e-02
0.000000000000000000e+00 1.282835453748703003e-01
0.000000000000000000e+00 1.042861118912696838e-01
0.000000000000000000e+00 1.311235874891281128e-01
0.000000000000000000e+00 1.015663594007492065e-01
0.000000000000000000e+00 7.275544852018356323e-02
0.000000000000000000e+00 5.411417037248611450e-02
0.000000000000000000e+00 4.806911945343017578e-02
0.000000000000000000e+00 4.184640571475028992e-02
0.000000000000000000e+00 4.838108643889427185e-02
0.000000000000000000e+00 6.386568397283554077e-02
0.000000000000000000e+00 7.506214082241058350e-02
0.000000000000000000e+00 1.222853660583496094e-01
0.000000000000000000e+00 1.568718552589416504e-01
0.000000000000000000e+00 1.947128474712371826e-01
0.000000000000000000e+00 1.991260349750518799e-01
0.000000000000000000e+00 2.589478492736816406e-01
0.000000000000000000e+00 2.438688427209854126e-01
0.000000000000000000e+00 2.745074033737182617e-01
0.000000000000000000e+00 3.480477631092071533e-01
0.000000000000000000e+00 3.721811175346374512e-01
0.000000000000000000e+00 3.974571824073791504e-01
0.000000000000000000e+00 4.738024473190307617e-01
0.000000000000000000e+00 4.651843607425689697e-01
0.000000000000000000e+00 5.370032787322998047e-01
0.000000000000000000e+00 5.328106284141540527e-01
0.000000000000000000e+00 5.368300080299377441e-01
0.000000000000000000e+00 5.274897813796997070e-01
0.000000000000000000e+00 5.377506613731384277e-01
0.000000000000000000e+00 5.276530981063842773e-01
0.000000000000000000e+00 5.312000513076782227e-01
0.000000000000000000e+00 5.178964734077453613e-01
0.000000000000000000e+00 4.716159701347351074e-01
0.000000000000000000e+00 4.328125417232513428e-01
0.000000000000000000e+00 3.723781704902648926e-01
0.000000000000000000e+00 2.928093075752258301e-01
0.000000000000000000e+00 2.630724906921386719e-01
0.000000000000000000e+00 4.023734033107757568e-01
0.000000000000000000e+00 2.635653316974639893e-01
0.000000000000000000e+00 2.048912346363067627e-01
0.000000000000000000e+00 1.211065351963043213e-01
0.000000000000000000e+00 1.118769869208335876e-01
0.000000000000000000e+00 8.011619001626968384e-02
0.000000000000000000e+00 6.232036277651786804e-02
0.000000000000000000e+00 4.856499657034873962e-02
0.000000000000000000e+00 4.334524273872375488e-02
0.000000000000000000e+00 4.235285893082618713e-02
0.000000000000000000e+00 3.249568492174148560e-02
0.000000000000000000e+00 3.338137641549110413e-02
0.000000000000000000e+00 2.733058854937553406e-02
0.000000000000000000e+00 1.991333439946174622e-02
0.000000000000000000e+00 2.437436208128929138e-02
0.000000000000000000e+00 2.166067808866500854e-02
0.000000000000000000e+00 2.492921240627765656e-02
0.000000000000000000e+00 2.172997407615184784e-02
0.000000000000000000e+00 2.548428252339363098e-02
0.000000000000000000e+00 3.003262542188167572e-02
0.000000000000000000e+00 2.837722375988960266e-02
0.000000000000000000e+00 4.720967635512351990e-02
0.000000000000000000e+00 6.061366945505142212e-02
0.000000000000000000e+00 5.659283697605133057e-02
0.000000000000000000e+00 7.015461474657058716e-02
0.000000000000000000e+00 7.529360055923461914e-02
0.000000000000000000e+00 9.298866242170333862e-02
0.000000000000000000e+00 7.723717391490936279e-02
0.000000000000000000e+00 8.869015425443649292e-02
0.000000000000000000e+00 6.393433362245559692e-02
0.000000000000000000e+00 7.096847891807556152e-02
0.000000000000000000e+00 6.771797686815261841e-02
0.000000000000000000e+00 7.070688158273696899e-02
0.000000000000000000e+00 6.514373421669006348e-02
0.000000000000000000e+00 6.666061282157897949e-02
0.000000000000000000e+00 5.306814983487129211e-02
0.000000000000000000e+00 4.919550940394401550e-02
0.000000000000000000e+00 5.797404050827026367e-02
0.000000000000000000e+00 5.404490604996681213e-02
0.000000000000000000e+00 5.105988308787345886e-02
0.000000000000000000e+00 5.927020683884620667e-02
0.000000000000000000e+00 5.233695358037948608e-02
0.000000000000000000e+00 4.177341237664222717e-02
0.000000000000000000e+00 4.152048006653785706e-02
0.000000000000000000e+00 3.700074553489685059e-02
0.000000000000000000e+00 4.634115844964981079e-02
0.000000000000000000e+00 4.417155683040618896e-02
0.000000000000000000e+00 6.979176402091979980e-02
0.000000000000000000e+00 7.193168252706527710e-02
0.000000000000000000e+00 1.012269556522369385e-01
0.000000000000000000e+00 1.082906946539878845e-01
0.000000000000000000e+00 1.462731063365936279e-01
0.000000000000000000e+00 1.811778694391250610e-01
0.000000000000000000e+00 2.176592797040939331e-01
0.000000000000000000e+00 2.261318266391754150e-01
0.000000000000000000e+00 2.213304489850997925e-01
0.000000000000000000e+00 2.686462700366973877e-01
0.000000000000000000e+00 2.856532931327819824e-01
0.000000000000000000e+00 3.386424779891967773e-01
0.000000000000000000e+00 3.675626814365386963e-01
0.000000000000000000e+00 4.040257930755615234e-01
0.000000000000000000e+00 3.980439603328704834e-01
0.000000000000000000e+00 4.411697983741760254e-01
0.000000000000000000e+00 4.491526186466217041e-01
0.000000000000000000e+00 4.317737221717834473e-01
0.000000000000000000e+00 4.844813048839569092e-01
0.000000000000000000e+00 4.732209444046020508e-01
1.000000000000000000e+00 4.663174152374267578e-01
0.000000000000000000e+00 4.504371285438537598e-01
0.000000000000000000e+00 4.355674386024475098e-01
0.000000000000000000e+00 4.287779629230499268e-01
0.000000000000000000e+00 4.074121415615081787e-01
0.000000000000000000e+00 3.385462760925292969e-01
0.000000000000000000e+00 3.120439350605010986e-01
0.000000000000000000e+00 2.637960910797119141e-01
1.000000000000000000e+00 9.241918921470642090e-01
1.000000000000000000e+00 9.051325917243957520e-01
1.000000000000000000e+00 9.240184426307678223e-01
1.000000000000000000e+00 9.401351809501647949e-01
0.000000000000000000e+00 8.992159962654113770e-01
0.000000000000000000e+00 8.756989836692810059e-01
0.000000000000000000e+00 8.131588697433471680e-01
0.000000000000000000e+00 7.262856364250183105e-01
0.000000000000000000e+00 6.222400069236755371e-01
0.000000000000000000e+00 5.192171931266784668e-01
0.000000000000000000e+00 4.608654379844665527e-01
0.000000000000000000e+00 3.566488027572631836e-01
0.000000000000000000e+00 2.466091364622116089e-01
0.000000000000000000e+00 2.189494073390960693e-01
0.000000000000000000e+00 1.522321403026580811e-01
0.000000000000000000e+00 1.125630140304565430e-01
0.000000000000000000e+00 7.465890049934387207e-02
0.000000000000000000e+00 6.069397181272506714e-02
0.000000000000000000e+00 3.930940106511116028e-02
0.000000000000000000e+00 2.238695695996284485e-02
0.000000000000000000e+00 1.907610334455966949e-02
0.000000000000000000e+00 2.192682027816772461e-02
0.000000000000000000e+00 1.917078718543052673e-02
0.000000000000000000e+00 1.622741855680942535e-02
0.000000000000000000e+00 1.099202129989862442e-02
0.000000000000000000e+00 1.055947784334421158e-02
0.000000000000000000e+00 1.006816327571868896e-02
0.000000000000000000e+00 1.061085611581802368e-02
0.000000000000000000e+00 1.119172666221857071e-02
0.000000000000000000e+00 1.445999182760715485e-02
0.000000000000000000e+00 2.111518569290637970e-02
0.000000000000000000e+00 2.028345316648483276e-02
0.000000000000000000e+00 2.542080357670783997e-02
0.000000000000000000e+00 3.256129100918769836e-02
0.000000000000000000e+00 3.498143330216407776e-02
0.000000000000000000e+00 4.174369573593139648e-02
0.000000000000000000e+00 5.419261753559112549e-02
0.000000000000000000e+00 4.803133010864257812e-02
0.000000000000000000e+00 4.787550494074821472e-02
0.000000000000000000e+00 4.548801854252815247e-02
0.000000000000000000e+00 6.811886280775070190e-02
0.000000000000000000e+00 5.778404697775840759e-02
0.000000000000000000e+00 5.035661160945892334e-02
0.000000000000000000e+00 4.806355386972427368e-02
0.000000000000000000e+00 4.574050381779670715e-02
0.000000000000000000e+00 4.102107137441635132e-02
0.000000000000000000e+00 5.716479569673538208e-02
0.000000000000000000e+00 5.890394002199172974e-02
0.000000000000000000e+00 5.992444977164268494e-02
0.000000000000000000e+00 7.684426009654998779e-02
0.000000000000000000e+00 8.664847910404205322e-02
0.000000000000000000e+00 1.174484342336654663e-01
0.000000000000000000e+00 1.623147428035736084e-01
0.000000000000000000e+00 1.648689508438110352e-01
0.000000000000000000e+00 2.191765755414962769e-01
0.000000000000000000e+00 1.999607533216476440e-01
0.000000000000000000e+00 2.104579508304595947e-01
0.000000000000000000e+00 2.706386148929595947e-01
0.000000000000000000e+00 3.333649933338165283e-01
0.000000000000000000e+00 3.972266912460327148e-01
0.000000000000000000e+00 3.779804706573486328e-01
0.000000000000000000e+00 4.413051009178161621e-01
0.000000000000000000e+00 5.133692622184753418e-01
0.000000000000000000e+00 5.322672724723815918e-01
0.000000000000000000e+00 4.774811267852783203e-01
0.000000000000000000e+00 4.239645302295684814e-01
0.000000000000000000e+00 4.517650902271270752e-01
0.000000000000000000e+00 5.062841773033142090e-01
0.000000000000000000e+00 4.855638146400451660e-01
0.000000000000000000e+00 4.585824310779571533e-01
0.000000000000000000e+00 4.246811568737030029e-01
0.000000000000000000e+00 4.169788062572479248e-01
0.000000000000000000e+00 3.087556064128875732e-01
0.000000000000000000e+00 3.096961081027984619e-01
0.000000000000000000e+00 2.686285674571990967e-01
0.000000000000000000e+00 8.026967644691467285e-01
0.000000000000000000e+00 7.080065011978149414e-01
0.000000000000000000e+00 5.842576026916503906e-01
0.000000000000000000e+00 6.021240353584289551e-01
0.000000000000000000e+00 4.697177708148956299e-01
0.000000000000000000e+00 5.535606145858764648e-01
0.000000000000000000e+00 4.167197346687316895e-01
0.000000000000000000e+00 3.271456956863403320e-01
0.000000000000000000e+00 3.121354281902313232e-01
0.000000000000000000e+00 1.500760018825531006e-01
0.000000000000000000e+00 1.651465445756912231e-01
0.000000000000000000e+00 8.442875742912292480e-02
0.000000000000000000e+00 5.109859630465507507e-02
0.000000000000000000e+00 7.177380472421646118e-02
0.000000000000000000e+00 3.828831762075424194e-02
0.000000000000000000e+00 3.297861665487289429e-02
0.000000000000000000e+00 1.333737745881080627e-02
0.000000000000000000e+00 1.092298701405525208e-02
0.000000000000000000e+00 1.157596055418252945e-02
0.000000000000000000e+00 1.012617629021406174e-02
0.000000000000000000e+00 9.681373834609985352e-03
0.000000000000000000e+00 1.687870733439922333e-02
0.000000000000000000e+00 2.057333104312419891e-02
0.000000000000000000e+00 2.282069623470306396e-02
0.000000000000000000e+00 2.528234571218490601e-02
0.000000000000000000e+00 1.814633049070835114e-02
0.000000000000000000e+00 3.811804205179214478e-02
0.000000000000000000e+00 5.720170959830284119e-02
0.000000000000000000e+00 3.675159066915512085e-02
0.000000000000000000e+00 4.189896956086158752e-02
0.000000000000000000e+00 4.268971085548400879e-02
0.000000000000000000e+00 2.790164947509765625e-02
0.000000000000000000e+00 2.514447644352912903e-02
0.000000000000000000e+00 2.839115820825099945e-02
0.000000000000000000e+00 1.859267428517341614e-02
0.000000000000000000e+00 1.335273589938879013e-02
0.000000000000000000e+00 1.464581489562988281e-02
0.000000000000000000e+00 1.056279614567756653e-02
0.000000000000000000e+00 1.178086735308170319e-02
0.000000000000000000e+00 7.603336591273546219e-03
0.000000000000000000e+00 5.008713342249393463e-03
0.000000000000000000e+00 3.963947296142578125e-03
0.000000000000000000e+00 4.881737753748893738e-03
0.000000000000000000e+00 6.204605102539062500e-03
0.000000000000000000e+00 3.392269834876060486e-03
0.000000000000000000e+00 2.458899514749646187e-03
0.000000000000000000e+00 2.013808349147439003e-03
0.000000000000000000e+00 1.666917116381227970e-03
0.000000000000000000e+00 1.196734025143086910e-03
0.000000000000000000e+00 1.573730958625674248e-03
0.000000000000000000e+00 2.674148883670568466e-03
0.000000000000000000e+00 7.150950375944375992e-03
0.000000000000000000e+00 7.365271449089050293e-03
0.000000000000000000e+00 1.288214977830648422e-02
0.000000000000000000e+00 1.178684271872043610e-02
0.000000000000000000e+00 7.083024829626083374e-03
0.000000000000000000e+00 1.084795221686363220e-02
0.000000000000000000e+00 1.026620808988809586e-02
0.000000000000000000e+00 1.240526977926492691e-02
0.000000000000000000e+00 3.521843627095222473e-02
1.000000000000000000e+00 2.407773211598396301e-02
1.000000000000000000e+00 5.149238184094429016e-02
0.000000000000000000e+00 4.396342858672142029e-02
0.000000000000000000e+00 6.103619188070297241e-02
0.000000000000000000e+00 4.696275293827056885e-02
0.000000000000000000e+00 1.749506145715713501e-01
0.000000000000000000e+00 3.161095380783081055e-01
0.000000000000000000e+00 4.131837189197540283e-01
0.000000000000000000e+00 5.459166169166564941e-01
0.000000000000000000e+00 6.425227522850036621e-01
0.000000000000000000e+00 5.664875507354736328e-01
0.000000000000000000e+00 5.965132117271423340e-01
0.000000000000000000e+00 5.510126948356628418e-01
0.000000000000000000e+00 5.528825521469116211e-01
0.000000000000000000e+00 5.335423350334167480e-01
