1.000000000000000000e+00 8.236347436904907227e-01
1.000000000000000000e+00 8.218713998794555664e-01
1.000000000000000000e+00 8.347541689872741699e-01
1.000000000000000000e+00 8.051655292510986328e-01
0.000000000000000000e+00 8.180102705955505371e-01
0.000000000000000000e+00 8.169977664947509766e-01
0.000000000000000000e+00 8.212410211563110352e-01
0.000000000000000000e+00 8.233540654182434082e-01
0.000000000000000000e+00 8.152906894683837891e-01
1.000000000000000000e+00 8.203209042549133301e-01
1.000000000000000000e+00 8.315013647079467773e-01
1.000000000000000000e+00 8.235854506492614746e-01
1.000000000000000000e+00 8.210266828536987305e-01
0.000000000000000000e+00 8.222237825393676758e-01
0.000000000000000000e+00 8.143439888954162598e-01
0.000000000000000000e+00 8.125033378601074219e-01
0.000000000000000000e+00 8.224912285804748535e-01
0.000000000000000000e+00 8.173755407333374023e-01
0.000000000000000000e+00 8.193830251693725586e-01
0.000000000000000000e+00 8.236034512519836426e-01
0.000000000000000000e+00 8.216337561607360840e-01
0.000000000000000000e+00 8.221784830093383789e-01
0.000000000000000000e+00 8.136559128761291504e-01
1.000000000000000000e+00 8.229646086692810059e-01
1.000000000000000000e+00 8.312837481498718262e-01
1.000000000000000000e+00 8.277719020843505859e-01
1.000000000000000000e+00 8.222162723541259766e-01
1.000000000000000000e+00 8.360385298728942871e-01
1.000000000000000000e+00 8.299897313117980957e-01
1.000000000000000000e+00 8.371838927268981934e-01
1.000000000000000000e+00 8.384661078453063965e-01
1.000000000000000000e+00 8.464899659156799316e-01
1.000000000000000000e+00 8.360069394111633301e-01
0.000000000000000000e+00 8.324496746063232422e-01
0.000000000000000000e+00 8.182146549224853516e-01
0.000000000000000000e+00 8.081616759300231934e-01
0.000000000000000000e+00 7.913557291030883789e-01
0.000000000000000000e+00 7.747068405151367188e-01
0.000000000000000000e+00 7.314879298210144043e-01
0.000000000000000000e+00 6.649111509323120117e-01
0.000000000000000000e+00 6.262388825416564941e-01
0.000000000000000000e+00 5.245744585990905762e-01
0.000000000000000000e+00 4.787682592868804932e-01
0.000000000000000000e+00 4.084085822105407715e-01
0.000000000000000000e+00 3.560728728771209717e-01
0.000000000000000000e+00 1.025234162807464600e-02
0.000000000000000000e+00 1.066594664007425308e-02
0.000000000000000000e+00 1.078470516949892044e-02
0.000000000000000000e+00 7.756306789815425873e-03
0.000000000000000000e+00 5.236163269728422165e-03
0.000000000000000000e+00 3.115342929959297180e-03
0.000000000000000000e+00 2.092942828312516212e-03
0.000000000000000000e+00 1.770016504451632500e-03
0.000000000000000000e+00 1.638565212488174438e-03
0.000000000000000000e+00 1.574506517499685287e-03
0.000000000000000000e+00 1.528628054074943066e-03
0.000000000000000000e+00 1.515532960183918476e-03
0.000000000000000000e+00 1.479511731304228306e-03
0.000000000000000000e+00 1.449188566766679287e-03
0.000000000000000000e+00 1.365801785141229630e-03
0.000000000000000000e+00 1.312361448071897030e-03
0.000000000000000000e+00 1.258674659766256809e-03
0.000000000000000000e+00 1.202041865326464176e-03
0.000000000000000000e+00 1.230392837896943092e-03
0.000000000000000000e+00 1.213127281516790390e-03
0.000000000000000000e+00 1.229468500241637230e-03
0.000000000000000000e+00 1.243824604898691177e-03
0.000000000000000000e+00 1.265731058083474636e-03
0.000000000000000000e+00 1.211552182212471962e-03
0.000000000000000000e+00 1.167211565189063549e-03
0.000000000000000000e+00 1.174403820186853409e-03
0.000000000000000000e+00 1.224977429956197739e-03
0.000000000000000000e+00 1.207735505886375904e-03
0.000000000000000000e+00 1.196257653646171093e-03
0.000000000000000000e+00 1.145708723925054073e-03
0.000000000000000000e+00 1.127968309447169304e-03
0.000000000000000000e+00 1.115669263526797295e-03
0.000000000000000000e+00 1.098602311685681343e-03
0.000000000000000000e+00 1.103617250919342041e-03
0.000000000000000000e+00 1.081944559700787067e-03
0.000000000000000000e+00 1.098370528779923916e-03
0.000000000000000000e+00 1.089895144104957581e-03
0.000000000000000000e+00 1.084437128156423569e-03
0.000000000000000000e+00 1.057068933732807636e-03
0.000000000000000000e+00 1.048854319378733635e-03
0.000000000000000000e+00 1.054121414199471474e-03
0.000000000000000000e+00 1.067061326466500759e-03
0.000000000000000000e+00 1.075047999620437622e-03
0.000000000000000000e+00 1.081159454770386219e-03
0.000000000000000000e+00 1.038385205902159214e-03
0.000000000000000000e+00 4.454225674271583557e-02
0.000000000000000000e+00 4.227086529135704041e-02
0.000000000000000000e+00 3.622690588235855103e-02
0.000000000000000000e+00 2.713854052126407623e-02
0.000000000000000000e+00 2.076426334679126740e-02
0.000000000000000000e+00 1.546469330787658691e-02
0.000000000000000000e+00 1.188429724425077438e-02
0.000000000000000000e+00 9.322388097643852234e-03
0.000000000000000000e+00 7.600408047437667847e-03
0.000000000000000000e+00 7.363060954958200455e-03
0.000000000000000000e+00 7.210623938590288162e-03
0.000000000000000000e+00 7.095551118254661560e-03
0.000000000000000000e+00 7.019698154181241989e-03
0.000000000000000000e+00 6.737141869962215424e-03
0.000000000000000000e+00 6.288739852607250214e-03
0.000000000000000000e+00 5.944773554801940918e-03
0.000000000000000000e+00 5.802166182547807693e-03
0.000000000000000000e+00 5.939241964370012283e-03
0.000000000000000000e+00 6.367865949869155884e-03
0.000000000000000000e+00 6.733422167599201202e-03
0.000000000000000000e+00 7.572312373667955399e-03
0.000000000000000000e+00 8.066118694841861725e-03
0.000000000000000000e+00 8.738302625715732574e-03
0.000000000000000000e+00 9.113994427025318146e-03
0.000000000000000000e+00 9.498908184468746185e-03
0.000000000000000000e+00 1.041860412806272507e-02
0.000000000000000000e+00 1.190609950572252274e-02
0.000000000000000000e+00 1.265173126012086868e-02
0.000000000000000000e+00 1.392958033829927444e-02
0.000000000000000000e+00 1.483931485563516617e-02
0.000000000000000000e+00 1.514141261577606201e-02
0.000000000000000000e+00 1.626420393586158752e-02
0.000000000000000000e+00 1.690938696265220642e-02
0.000000000000000000e+00 1.777784153819084167e-02
0.000000000000000000e+00 1.845932193100452423e-02
0.000000000000000000e+00 1.960687525570392609e-02
0.000000000000000000e+00 2.138952352106571198e-02
0.000000000000000000e+00 2.230973728001117706e-02
0.000000000000000000e+00 2.417594008147716522e-02
0.000000000000000000e+00 2.622228488326072693e-02
0.000000000000000000e+00 2.788007631897926331e-02
0.000000000000000000e+00 3.049703128635883331e-02
0.000000000000000000e+00 3.139939159154891968e-02
0.000000000000000000e+00 3.159489855170249939e-02
0.000000000000000000e+00 3.316265717148780823e-02
0.000000000000000000e+00 2.876215875148773193e-01
0.000000000000000000e+00 1.961771696805953979e-01
0.000000000000000000e+00 1.277278363704681396e-01
0.000000000000000000e+00 9.552128612995147705e-02
0.000000000000000000e+00 7.716161012649536133e-02
0.000000000000000000e+00 5.465665459632873535e-02
0.000000000000000000e+00 4.706611111760139465e-02
0.000000000000000000e+00 3.484159708023071289e-02
0.000000000000000000e+00 2.999263815581798553e-02
0.000000000000000000e+00 2.354453504085540771e-02
0.000000000000000000e+00 2.007738500833511353e-02
0.000000000000000000e+00 1.685085333883762360e-02
0.000000000000000000e+00 1.554382313042879105e-02
0.000000000000000000e+00 1.500551309436559677e-02
0.000000000000000000e+00 1.084893476217985153e-02
0.000000000000000000e+00 7.258612196892499924e-03
0.000000000000000000e+00 4.318733699619770050e-03
0.000000000000000000e+00 2.628726884722709656e-03
0.000000000000000000e+00 1.733588171191513538e-03
0.000000000000000000e+00 1.229797606356441975e-03
0.000000000000000000e+00 1.000849064439535141e-03
0.000000000000000000e+00 8.456965442746877670e-04
0.000000000000000000e+00 7.144108531065285206e-04
0.000000000000000000e+00 5.953083164058625698e-04
0.000000000000000000e+00 4.575756029225885868e-04
0.000000000000000000e+00 4.201252304483205080e-04
0.000000000000000000e+00 4.066360997967422009e-04
0.000000000000000000e+00 3.973985149059444666e-04
0.000000000000000000e+00 3.971550031565129757e-04
0.000000000000000000e+00 3.897608257830142975e-04
0.000000000000000000e+00 3.786862944252789021e-04
0.000000000000000000e+00 3.778464160859584808e-04
0.000000000000000000e+00 3.591337008401751518e-04
0.000000000000000000e+00 3.426947223488241434e-04
0.000000000000000000e+00 3.322302945889532566e-04
0.000000000000000000e+00 3.210867871530354023e-04
0.000000000000000000e+00 3.137905150651931763e-04
0.000000000000000000e+00 3.119230386801064014e-04
0.000000000000000000e+00 2.969171619042754173e-04
0.000000000000000000e+00 2.908757305704057217e-04
0.000000000000000000e+00 2.952286158688366413e-04
0.000000000000000000e+00 2.956601383630186319e-04
0.000000000000000000e+00 2.976427495013922453e-04
0.000000000000000000e+00 2.980709541589021683e-04
0.000000000000000000e+00 3.010686777997761965e-04
0.000000000000000000e+00 2.013546228408813477e-02
0.000000000000000000e+00 1.390349026769399643e-02
0.000000000000000000e+00 9.881007485091686249e-03
0.000000000000000000e+00 7.306529674679040909e-03
0.000000000000000000e+00 5.804774351418018341e-03
0.000000000000000000e+00 4.464724566787481308e-03
0.000000000000000000e+00 3.484669141471385956e-03
0.000000000000000000e+00 2.855978440493345261e-03
0.000000000000000000e+00 2.413098001852631569e-03
0.000000000000000000e+00 2.077574841678142548e-03
0.000000000000000000e+00 1.890715444460511208e-03
0.000000000000000000e+00 1.780768274329602718e-03
0.000000000000000000e+00 1.709421630948781967e-03
0.000000000000000000e+00 1.738203805871307850e-03
0.000000000000000000e+00 1.745886518619954586e-03
0.000000000000000000e+00 1.777853933162987232e-03
0.000000000000000000e+00 1.899183727800846100e-03
0.000000000000000000e+00 1.930235186591744423e-03
0.000000000000000000e+00 2.082800259813666344e-03
0.000000000000000000e+00 2.190287923440337181e-03
0.000000000000000000e+00 2.326606540009379387e-03
0.000000000000000000e+00 2.430530264973640442e-03
0.000000000000000000e+00 2.501751296222209930e-03
0.000000000000000000e+00 2.579563995823264122e-03
0.000000000000000000e+00 2.568831667304039001e-03
0.000000000000000000e+00 2.614147728309035301e-03
0.000000000000000000e+00 2.784688258543610573e-03
0.000000000000000000e+00 2.903004409745335579e-03
0.000000000000000000e+00 2.940941369161009789e-03
0.000000000000000000e+00 2.957321936264634132e-03
0.000000000000000000e+00 2.925311448052525520e-03
0.000000000000000000e+00 2.960688434541225433e-03
0.000000000000000000e+00 2.937528770416975021e-03
0.000000000000000000e+00 3.173875855281949043e-03
0.000000000000000000e+00 3.377475775778293610e-03
0.000000000000000000e+00 3.507164539769291878e-03
0.000000000000000000e+00 3.578237956389784813e-03
0.000000000000000000e+00 3.459597472101449966e-03
0.000000000000000000e+00 3.085564821958541870e-03
0.000000000000000000e+00 3.147143172100186348e-03
0.000000000000000000e+00 3.388726618140935898e-03
0.000000000000000000e+00 3.331797895953059196e-03
0.000000000000000000e+00 3.249965142458677292e-03
0.000000000000000000e+00 3.224298357963562012e-03
0.000000000000000000e+00 3.180359024554491043e-03
0.000000000000000000e+00 1.983111724257469177e-02
0.000000000000000000e+00 1.950627192854881287e-02
0.000000000000000000e+00 1.894003711640834808e-02
0.000000000000000000e+00 1.285340916365385056e-02
0.000000000000000000e+00 9.357600472867488861e-03
0.000000000000000000e+00 6.806464400142431259e-03
0.000000000000000000e+00 4.225857090204954147e-03
0.000000000000000000e+00 2.647951943799853325e-03
0.000000000000000000e+00 1.593346940353512764e-03
0.000000000000000000e+00 8.765144157223403454e-04
0.000000000000000000e+00 5.223585176281630993e-04
0.000000000000000000e+00 3.240371006540954113e-04
0.000000000000000000e+00 2.194512489950284362e-04
0.000000000000000000e+00 1.777739526005461812e-04
0.000000000000000000e+00 1.560067466925829649e-04
0.000000000000000000e+00 1.412965211784467101e-04
0.000000000000000000e+00 1.503191015217453241e-04
0.000000000000000000e+00 1.538889773655682802e-04
0.000000000000000000e+00 1.789769303286448121e-04
0.000000000000000000e+00 2.054873330052942038e-04
0.000000000000000000e+00 2.385655971011146903e-04
0.000000000000000000e+00 2.824982802849262953e-04
0.000000000000000000e+00 3.600049240048974752e-04
0.000000000000000000e+00 4.750374064315110445e-04
0.000000000000000000e+00 6.213931483216583729e-04
0.000000000000000000e+00 7.419825997203588486e-04
0.000000000000000000e+00 9.585164370946586132e-04
0.000000000000000000e+00 1.056075911037623882e-03
0.000000000000000000e+00 1.127307186834514141e-03
0.000000000000000000e+00 1.195352640934288502e-03
0.000000000000000000e+00 1.315535628236830235e-03
0.000000000000000000e+00 1.454507349990308285e-03
0.000000000000000000e+00 1.414402388036251068e-03
0.000000000000000000e+00 1.443949178792536259e-03
0.000000000000000000e+00 1.502968021668493748e-03
0.000000000000000000e+00 1.438855892047286034e-03
0.000000000000000000e+00 1.429169555194675922e-03
0.000000000000000000e+00 1.347031793557107449e-03
0.000000000000000000e+00 1.191513729281723499e-03
0.000000000000000000e+00 1.200618920847773552e-03
0.000000000000000000e+00 1.020429423078894615e-03
0.000000000000000000e+00 1.107368501834571362e-03
0.000000000000000000e+00 1.119014108553528786e-03
0.000000000000000000e+00 1.102842739783227444e-03
0.000000000000000000e+00 1.035884954035282135e-03
0.000000000000000000e+00 9.039193987846374512e-01
0.000000000000000000e+00 9.155289530754089355e-01
0.000000000000000000e+00 9.036570787429809570e-01
0.000000000000000000e+00 9.037467241287231445e-01
0.000000000000000000e+00 9.242007732391357422e-01
0.000000000000000000e+00 9.095222949981689453e-01
0.000000000000000000e+00 9.179152250289916992e-01
0.000000000000000000e+00 9.066196680068969727e-01
0.000000000000000000e+00 8.951975703239440918e-01
0.000000000000000000e+00 9.126721620559692383e-01
0.000000000000000000e+00 9.110890030860900879e-01
0.000000000000000000e+00 9.032276272773742676e-01
0.000000000000000000e+00 9.213234782218933105e-01
0.000000000000000000e+00 9.115439653396606445e-01
0.000000000000000000e+00 9.069978594779968262e-01
0.000000000000000000e+00 9.162259101867675781e-01
0.000000000000000000e+00 9.155976772308349609e-01
0.000000000000000000e+00 9.043940305709838867e-01
0.000000000000000000e+00 9.148932695388793945e-01
0.000000000000000000e+00 8.983949422836303711e-01
0.000000000000000000e+00 9.156755208969116211e-01
0.000000000000000000e+00 9.202745556831359863e-01
0.000000000000000000e+00 9.197859764099121094e-01
0.000000000000000000e+00 9.077205657958984375e-01
0.000000000000000000e+00 9.136983752250671387e-01
0.000000000000000000e+00 9.186344742774963379e-01
0.000000000000000000e+00 9.239503145217895508e-01
0.000000000000000000e+00 9.027959704399108887e-01
1.000000000000000000e+00 9.134169220924377441e-01
1.000000000000000000e+00 9.007002711296081543e-01
1.000000000000000000e+00 9.154215455055236816e-01
1.000000000000000000e+00 9.042030572891235352e-01
0.000000000000000000e+00 9.140882492065429688e-01
0.000000000000000000e+00 9.179437756538391113e-01
0.000000000000000000e+00 8.971435427665710449e-01
0.000000000000000000e+00 9.152939915657043457e-01
0.000000000000000000e+00 9.132251739501953125e-01
0.000000000000000000e+00 9.307983517646789551e-01
0.000000000000000000e+00 9.193296432495117188e-01
0.000000000000000000e+00 9.163806438446044922e-01
0.000000000000000000e+00 9.215248823165893555e-01
0.000000000000000000e+00 9.001697301864624023e-01
0.000000000000000000e+00 9.030601382255554199e-01
0.000000000000000000e+00 9.176710247993469238e-01
0.000000000000000000e+00 9.101889133453369141e-01
1.000000000000000000e+00 7.915572524070739746e-01
1.000000000000000000e+00 7.821678519248962402e-01
1.000000000000000000e+00 8.297397494316101074e-01
1.000000000000000000e+00 8.569968342781066895e-01
1.000000000000000000e+00 8.553331494331359863e-01
0.000000000000000000e+00 8.814449310302734375e-01
0.000000000000000000e+00 8.689488768577575684e-01
0.000000000000000000e+00 9.100534915924072266e-01
0.000000000000000000e+00 9.034194946289062500e-01
0.000000000000000000e+00 8.823182582855224609e-01
0.000000000000000000e+00 8.681348562240600586e-01
0.000000000000000000e+00 8.390876650810241699e-01
0.000000000000000000e+00 8.303567767143249512e-01
0.000000000000000000e+00 7.561353445053100586e-01
0.000000000000000000e+00 7.525039315223693848e-01
0.000000000000000000e+00 7.156251072883605957e-01
1.000000000000000000e+00 6.865856051445007324e-01
1.000000000000000000e+00 6.451413035392761230e-01
0.000000000000000000e+00 6.547050476074218750e-01
0.000000000000000000e+00 5.418922901153564453e-01
0.000000000000000000e+00 5.635992884635925293e-01
0.000000000000000000e+00 4.984309077262878418e-01
0.000000000000000000e+00 4.486795365810394287e-01
0.000000000000000000e+00 3.689548671245574951e-01
0.000000000000000000e+00 3.764534890651702881e-01
1.000000000000000000e+00 3.588584065437316895e-01
1.000000000000000000e+00 3.589539229869842529e-01
1.000000000000000000e+00 3.539699614048004150e-01
1.000000000000000000e+00 3.389723598957061768e-01
0.000000000000000000e+00 2.892530858516693115e-01
0.000000000000000000e+00 2.863507866859436035e-01
0.000000000000000000e+00 2.587952911853790283e-01
0.000000000000000000e+00 2.470988631248474121e-01
0.000000000000000000e+00 2.289207130670547485e-01
0.000000000000000000e+00 2.135706245899200439e-01
0.000000000000000000e+00 1.910431087017059326e-01
0.000000000000000000e+00 1.796421259641647339e-01
0.000000000000000000e+00 1.613948345184326172e-01
0.000000000000000000e+00 1.440165638923645020e-01
0.000000000000000000e+00 1.317773163318634033e-01
0.000000000000000000e+00 1.273246258497238159e-01
0.000000000000000000e+00 1.321478784084320068e-01
0.000000000000000000e+00 1.229314804077148438e-01
0.000000000000000000e+00 1.038961485028266907e-01
0.000000000000000000e+00 8.914165943861007690e-02
