0.000000000000000000e+00 9.804881811141967773e-01
0.000000000000000000e+00 9.816406369209289551e-01
0.000000000000000000e+00 9.816645383834838867e-01
0.000000000000000000e+00 9.764174222946166992e-01
0.000000000000000000e+00 9.787746667861938477e-01
0.000000000000000000e+00 9.772230982780456543e-01
0.000000000000000000e+00 9.793251156806945801e-01
0.000000000000000000e+00 9.760732650756835938e-01
0.000000000000000000e+00 9.737343192100524902e-01
0.000000000000000000e+00 9.679794907569885254e-01
0.000000000000000000e+00 9.745051860809326172e-01
0.000000000000000000e+00 9.710676670074462891e-01
0.000000000000000000e+00 9.740250706672668457e-01
0.000000000000000000e+00 9.723896384239196777e-01
0.000000000000000000e+00 9.764378666877746582e-01
0.000000000000000000e+00 9.661353230476379395e-01
1.000000000000000000e+00 9.699594378471374512e-01
1.000000000000000000e+00 9.669577479362487793e-01
1.000000000000000000e+00 9.740926027297973633e-01
0.000000000000000000e+00 9.718337059020996094e-01
0.000000000000000000e+00 9.783409237861633301e-01
0.000000000000000000e+00 9.719778299331665039e-01
1.000000000000000000e+00 9.713469743728637695e-01
1.000000000000000000e+00 9.795220494270324707e-01
1.000000000000000000e+00 9.766591191291809082e-01
1.000000000000000000e+00 9.812965989112854004e-01
1.000000000000000000e+00 9.788751006126403809e-01
1.000000000000000000e+00 9.831411838531494141e-01
1.000000000000000000e+00 9.853823184967041016e-01
1.000000000000000000e+00 9.866582751274108887e-01
1.000000000000000000e+00 9.845934510231018066e-01
1.000000000000000000e+00 9.736463427543640137e-01
0.000000000000000000e+00 9.475597143173217773e-01
0.000000000000000000e+00 9.303992390632629395e-01
0.000000000000000000e+00 9.142386913299560547e-01
0.000000000000000000e+00 7.384630441665649414e-01
0.000000000000000000e+00 7.024940252304077148e-01
0.000000000000000000e+00 4.197604954242706299e-01
0.000000000000000000e+00 3.004056811332702637e-01
0.000000000000000000e+00 2.593967616558074951e-01
0.000000000000000000e+00 1.746314764022827148e-01
0.000000000000000000e+00 7.582808285951614380e-02
0.000000000000000000e+00 5.683191493153572083e-02
0.000000000000000000e+00 4.106166586279869080e-02
0.000000000000000000e+00 2.700115181505680084e-02
0.000000000000000000e+00 2.209843508899211884e-02
0.000000000000000000e+00 2.165533229708671570e-02
0.000000000000000000e+00 2.578629553318023682e-02
0.000000000000000000e+00 3.369557857513427734e-02
0.000000000000000000e+00 3.216603398323059082e-02
0.000000000000000000e+00 3.986654803156852722e-02
0.000000000000000000e+00 5.043909326195716858e-02
0.000000000000000000e+00 5.615075305104255676e-02
0.000000000000000000e+00 6.266703456640243530e-02
0.000000000000000000e+00 7.216783612966537476e-02
1.000000000000000000e+00 8.267606049776077271e-02
1.000000000000000000e+00 8.547887951135635376e-02
0.000000000000000000e+00 1.540358513593673706e-01
0.000000000000000000e+00 1.835373044013977051e-01
0.000000000000000000e+00 2.732800543308258057e-01
0.000000000000000000e+00 3.246958553791046143e-01
1.000000000000000000e+00 4.236772060394287109e-01
1.000000000000000000e+00 5.212783813476562500e-01
1.000000000000000000e+00 5.975842475891113281e-01
1.000000000000000000e+00 5.806150436401367188e-01
1.000000000000000000e+00 6.292178630828857422e-01
1.000000000000000000e+00 6.194935441017150879e-01
1.000000000000000000e+00 6.849932074546813965e-01
1.000000000000000000e+00 7.112722992897033691e-01
1.000000000000000000e+00 7.131972908973693848e-01
0.000000000000000000e+00 7.505531907081604004e-01
0.000000000000000000e+00 7.116654515266418457e-01
0.000000000000000000e+00 6.846897602081298828e-01
0.000000000000000000e+00 5.605643391609191895e-01
0.000000000000000000e+00 5.703138709068298340e-01
0.000000000000000000e+00 8.828365802764892578e-01
0.000000000000000000e+00 8.758357167243957520e-01
0.000000000000000000e+00 8.969899415969848633e-01
0.000000000000000000e+00 8.877246379852294922e-01
0.000000000000000000e+00 8.819373250007629395e-01
0.000000000000000000e+00 8.551238775253295898e-01
0.000000000000000000e+00 8.718654513359069824e-01
0.000000000000000000e+00 8.856878876686096191e-01
0.000000000000000000e+00 8.609904646873474121e-01
0.000000000000000000e+00 8.631529211997985840e-01
0.000000000000000000e+00 8.233217597007751465e-01
0.000000000000000000e+00 8.086103796958923340e-01
0.000000000000000000e+00 8.154782652854919434e-01
0.000000000000000000e+00 8.051885366439819336e-01
1.000000000000000000e+00 7.111139297485351562e-01
1.000000000000000000e+00 5.653982758522033691e-01
1.000000000000000000e+00 5.031136870384216309e-01
1.000000000000000000e+00 4.694710373878479004e-01
1.000000000000000000e+00 6.544311642646789551e-01
1.000000000000000000e+00 6.535329818725585938e-01
0.000000000000000000e+00 7.265216112136840820e-01
1.000000000000000000e+00 7.890464067459106445e-01
1.000000000000000000e+00 8.042969703674316406e-01
1.000000000000000000e+00 7.989030480384826660e-01
0.000000000000000000e+00 7.911436557769775391e-01
1.000000000000000000e+00 7.574277520179748535e-01
1.000000000000000000e+00 6.924471259117126465e-01
1.000000000000000000e+00 6.228401660919189453e-01
1.000000000000000000e+00 5.397697091102600098e-01
0.000000000000000000e+00 5.164558291435241699e-01
1.000000000000000000e+00 4.429927468299865723e-01
1.000000000000000000e+00 3.932961821556091309e-01
1.000000000000000000e+00 3.445986211299896240e-01
1.000000000000000000e+00 2.680082917213439941e-01
1.000000000000000000e+00 2.087585479021072388e-01
0.000000000000000000e+00 1.561105698347091675e-01
0.000000000000000000e+00 1.377118676900863647e-01
0.000000000000000000e+00 1.459536105394363403e-01
0.000000000000000000e+00 1.401946991682052612e-01
0.000000000000000000e+00 1.668533384799957275e-01
0.000000000000000000e+00 1.714698672294616699e-01
0.000000000000000000e+00 1.937914043664932251e-01
0.000000000000000000e+00 2.029904276132583618e-01
0.000000000000000000e+00 1.617485433816909790e-01
0.000000000000000000e+00 1.929946392774581909e-01
0.000000000000000000e+00 1.865104585886001587e-01
0.000000000000000000e+00 1.319782882928848267e-01
0.000000000000000000e+00 1.403399109840393066e-01
0.000000000000000000e+00 1.229971051216125488e-01
0.000000000000000000e+00 1.582979112863540649e-01
0.000000000000000000e+00 3.100183010101318359e-01
0.000000000000000000e+00 3.734985888004302979e-01
0.000000000000000000e+00 4.647943675518035889e-01
0.000000000000000000e+00 3.980242609977722168e-01
0.000000000000000000e+00 3.312761485576629639e-01
0.000000000000000000e+00 3.157345652580261230e-01
0.000000000000000000e+00 2.390052378177642822e-01
0.000000000000000000e+00 3.031666874885559082e-01
0.000000000000000000e+00 2.908015549182891846e-01
0.000000000000000000e+00 2.923733294010162354e-01
0.000000000000000000e+00 3.375127613544464111e-01
0.000000000000000000e+00 4.270067512989044189e-01
0.000000000000000000e+00 4.974852502346038818e-01
0.000000000000000000e+00 4.258548319339752197e-01
0.000000000000000000e+00 4.843707084655761719e-01
0.000000000000000000e+00 5.125535130500793457e-01
0.000000000000000000e+00 4.056079983711242676e-01
0.000000000000000000e+00 4.361512064933776855e-01
0.000000000000000000e+00 4.780874252319335938e-01
0.000000000000000000e+00 4.934339523315429688e-01
0.000000000000000000e+00 4.664413332939147949e-01
0.000000000000000000e+00 4.517337977886199951e-01
0.000000000000000000e+00 4.858658015727996826e-01
0.000000000000000000e+00 5.029385089874267578e-01
0.000000000000000000e+00 4.568058848381042480e-01
1.000000000000000000e+00 6.835528016090393066e-01
1.000000000000000000e+00 6.114147305488586426e-01
1.000000000000000000e+00 6.000066399574279785e-01
1.000000000000000000e+00 5.234243273735046387e-01
1.000000000000000000e+00 6.148669123649597168e-01
1.000000000000000000e+00 6.185801029205322266e-01
0.000000000000000000e+00 6.355859041213989258e-01
0.000000000000000000e+00 6.104092001914978027e-01
0.000000000000000000e+00 6.839680075645446777e-01
0.000000000000000000e+00 6.528850793838500977e-01
0.000000000000000000e+00 5.988713502883911133e-01
0.000000000000000000e+00 5.570166707038879395e-01
0.000000000000000000e+00 5.117152929306030273e-01
0.000000000000000000e+00 5.738538503646850586e-01
0.000000000000000000e+00 5.779039859771728516e-01
0.000000000000000000e+00 5.480690002441406250e-01
0.000000000000000000e+00 5.150319933891296387e-01
0.000000000000000000e+00 4.985444247722625732e-01
0.000000000000000000e+00 5.134818553924560547e-01
0.000000000000000000e+00 5.332472920417785645e-01
0.000000000000000000e+00 6.071674823760986328e-01
0.000000000000000000e+00 6.656064987182617188e-01
0.000000000000000000e+00 6.839038133621215820e-01
0.000000000000000000e+00 6.986247897148132324e-01
1.000000000000000000e+00 6.912646889686584473e-01
1.000000000000000000e+00 6.646667718887329102e-01
1.000000000000000000e+00 7.459279894828796387e-01
1.000000000000000000e+00 7.409903407096862793e-01
1.000000000000000000e+00 7.669108510017395020e-01
0.000000000000000000e+00 7.901147007942199707e-01
0.000000000000000000e+00 8.200039267539978027e-01
0.000000000000000000e+00 8.039162755012512207e-01
1.000000000000000000e+00 7.875181436538696289e-01
1.000000000000000000e+00 7.386022210121154785e-01
0.000000000000000000e+00 7.711648344993591309e-01
0.000000000000000000e+00 6.918437480926513672e-01
0.000000000000000000e+00 6.536173224449157715e-01
0.000000000000000000e+00 6.138985753059387207e-01
0.000000000000000000e+00 5.349565148353576660e-01
0.000000000000000000e+00 5.228589773178100586e-01
0.000000000000000000e+00 4.642607569694519043e-01
0.000000000000000000e+00 4.783075749874114990e-01
0.000000000000000000e+00 3.630338907241821289e-01
0.000000000000000000e+00 3.809932172298431396e-01
0.000000000000000000e+00 3.437826633453369141e-01
0.000000000000000000e+00 3.723223507404327393e-01
0.000000000000000000e+00 4.052877128124237061e-01
0.000000000000000000e+00 4.036905467510223389e-01
0.000000000000000000e+00 3.975255489349365234e-01
0.000000000000000000e+00 3.360594511032104492e-01
0.000000000000000000e+00 3.532834947109222412e-01
0.000000000000000000e+00 4.243536293506622314e-01
0.000000000000000000e+00 3.986715674400329590e-01
0.000000000000000000e+00 4.526551067829132080e-01
0.000000000000000000e+00 5.170081853866577148e-01
0.000000000000000000e+00 5.164932608604431152e-01
0.000000000000000000e+00 5.881276130676269531e-01
0.000000000000000000e+00 5.754849910736083984e-01
0.000000000000000000e+00 5.124330520629882812e-01
0.000000000000000000e+00 6.102908253669738770e-01
0.000000000000000000e+00 5.608441233634948730e-01
0.000000000000000000e+00 5.770787000656127930e-01
0.000000000000000000e+00 6.293506026268005371e-01
0.000000000000000000e+00 6.454555988311767578e-01
0.000000000000000000e+00 6.226172447204589844e-01
0.000000000000000000e+00 6.471634507179260254e-01
0.000000000000000000e+00 6.771870851516723633e-01
0.000000000000000000e+00 6.602992415428161621e-01
0.000000000000000000e+00 7.118839025497436523e-01
0.000000000000000000e+00 6.656768321990966797e-01
0.000000000000000000e+00 7.037491798400878906e-01
0.000000000000000000e+00 6.623300909996032715e-01
0.000000000000000000e+00 6.458656787872314453e-01
0.000000000000000000e+00 6.011140346527099609e-01
0.000000000000000000e+00 6.562047600746154785e-01
1.000000000000000000e+00 8.697794675827026367e-01
1.000000000000000000e+00 8.836382627487182617e-01
1.000000000000000000e+00 8.995676040649414062e-01
1.000000000000000000e+00 8.798528909683227539e-01
1.000000000000000000e+00 8.164055943489074707e-01
0.000000000000000000e+00 7.734593152999877930e-01
0.000000000000000000e+00 6.606111526489257812e-01
0.000000000000000000e+00 6.249885559082031250e-01
0.000000000000000000e+00 4.536114335060119629e-01
0.000000000000000000e+00 3.764441609382629395e-01
0.000000000000000000e+00 2.873048782348632812e-01
0.000000000000000000e+00 2.599363625049591064e-01
0.000000000000000000e+00 1.616958528757095337e-01
0.000000000000000000e+00 1.453613042831420898e-01
0.000000000000000000e+00 8.233070373535156250e-02
0.000000000000000000e+00 7.877192646265029907e-02
0.000000000000000000e+00 5.861765146255493164e-02
0.000000000000000000e+00 7.240495085716247559e-02
0.000000000000000000e+00 7.402968406677246094e-02
0.000000000000000000e+00 6.407935917377471924e-02
0.000000000000000000e+00 8.846881985664367676e-02
0.000000000000000000e+00 1.194708943367004395e-01
1.000000000000000000e+00 1.152816191315650940e-01
0.000000000000000000e+00 1.105592474341392517e-01
0.000000000000000000e+00 8.800747245550155640e-02
0.000000000000000000e+00 6.989683210849761963e-02
0.000000000000000000e+00 5.179848894476890564e-02
0.000000000000000000e+00 5.607185512781143188e-02
0.000000000000000000e+00 6.433552503585815430e-02
0.000000000000000000e+00 6.909845024347305298e-02
0.000000000000000000e+00 7.989954203367233276e-02
0.000000000000000000e+00 7.834102958440780640e-02
0.000000000000000000e+00 6.349532306194305420e-02
0.000000000000000000e+00 9.349319338798522949e-02
0.000000000000000000e+00 8.069809526205062866e-02
0.000000000000000000e+00 6.419375538825988770e-02
0.000000000000000000e+00 6.398299336433410645e-02
0.000000000000000000e+00 5.381059274077415466e-02
0.000000000000000000e+00 5.336188524961471558e-02
0.000000000000000000e+00 5.272102355957031250e-02
0.000000000000000000e+00 5.262801423668861389e-02
0.000000000000000000e+00 5.588736757636070251e-02
0.000000000000000000e+00 5.911608040332794189e-02
0.000000000000000000e+00 6.771302223205566406e-02
0.000000000000000000e+00 6.429856270551681519e-02
0.000000000000000000e+00 8.174001425504684448e-02
0.000000000000000000e+00 1.210981979966163635e-01
0.000000000000000000e+00 1.341934204101562500e-01
0.000000000000000000e+00 1.880356222391128540e-01
0.000000000000000000e+00 3.907741010189056396e-01
0.000000000000000000e+00 4.042888283729553223e-01
0.000000000000000000e+00 5.965062975883483887e-01
0.000000000000000000e+00 7.442408204078674316e-01
0.000000000000000000e+00 6.961553692817687988e-01
0.000000000000000000e+00 7.029376626014709473e-01
0.000000000000000000e+00 6.763380169868469238e-01
1.000000000000000000e+00 6.956339478492736816e-01
0.000000000000000000e+00 7.025318741798400879e-01
0.000000000000000000e+00 7.329451441764831543e-01
1.000000000000000000e+00 7.630182504653930664e-01
1.000000000000000000e+00 8.036567568778991699e-01
0.000000000000000000e+00 7.912122607231140137e-01
0.000000000000000000e+00 7.961773872375488281e-01
0.000000000000000000e+00 8.037247061729431152e-01
0.000000000000000000e+00 8.038238883018493652e-01
0.000000000000000000e+00 8.120844364166259766e-01
1.000000000000000000e+00 7.880786061286926270e-01
1.000000000000000000e+00 7.187424302101135254e-01
1.000000000000000000e+00 7.289179563522338867e-01
1.000000000000000000e+00 6.835265159606933594e-01
0.000000000000000000e+00 5.921301841735839844e-01
0.000000000000000000e+00 6.382935047149658203e-01
0.000000000000000000e+00 5.373219847679138184e-01
0.000000000000000000e+00 4.274477064609527588e-01
0.000000000000000000e+00 3.960729539394378662e-01
0.000000000000000000e+00 6.368350386619567871e-01
0.000000000000000000e+00 6.360086202621459961e-01
1.000000000000000000e+00 5.857363343238830566e-01
0.000000000000000000e+00 5.084540247917175293e-01
0.000000000000000000e+00 3.517602980136871338e-01
0.000000000000000000e+00 3.262801766395568848e-01
0.000000000000000000e+00 3.112908899784088135e-01
0.000000000000000000e+00 1.995058804750442505e-01
0.000000000000000000e+00 1.326161175966262817e-01
0.000000000000000000e+00 6.747972220182418823e-02
0.000000000000000000e+00 9.611037373542785645e-02
0.000000000000000000e+00 7.099692523479461670e-02
0.000000000000000000e+00 8.316584676504135132e-02
0.000000000000000000e+00 5.354069173336029053e-02
0.000000000000000000e+00 3.641073033213615417e-02
0.000000000000000000e+00 3.719541430473327637e-02
1.000000000000000000e+00 3.128983825445175171e-02
0.000000000000000000e+00 5.102409794926643372e-02
0.000000000000000000e+00 5.581112578511238098e-02
0.000000000000000000e+00 5.950649827718734741e-02
0.000000000000000000e+00 1.020468845963478088e-01
0.000000000000000000e+00 1.811639815568923950e-01
0.000000000000000000e+00 1.630865186452865601e-01
0.000000000000000000e+00 2.007190883159637451e-01
0.000000000000000000e+00 1.282776147127151489e-01
0.000000000000000000e+00 1.502720415592193604e-01
0.000000000000000000e+00 1.056090220808982849e-01
0.000000000000000000e+00 9.986457228660583496e-02
0.000000000000000000e+00 1.014070659875869751e-01
0.000000000000000000e+00 1.141729727387428284e-01
0.000000000000000000e+00 1.311377435922622681e-01
0.000000000000000000e+00 1.347946822643280029e-01
0.000000000000000000e+00 1.350873112678527832e-01
0.000000000000000000e+00 1.369637548923492432e-01
0.000000000000000000e+00 1.096851825714111328e-01
0.000000000000000000e+00 8.069566637277603149e-02
0.000000000000000000e+00 6.830854713916778564e-02
0.000000000000000000e+00 5.460952594876289368e-02
0.000000000000000000e+00 5.550472810864448547e-02
0.000000000000000000e+00 6.935343146324157715e-02
0.000000000000000000e+00 7.569639384746551514e-02
0.000000000000000000e+00 7.329303026199340820e-02
0.000000000000000000e+00 1.025206744670867920e-01
0.000000000000000000e+00 1.250940114259719849e-01
0.000000000000000000e+00 7.994803786277770996e-02
0.000000000000000000e+00 6.814476102590560913e-02
0.000000000000000000e+00 1.035333871841430664e-01
0.000000000000000000e+00 2.272218167781829834e-01
0.000000000000000000e+00 2.132010310888290405e-01
0.000000000000000000e+00 5.412375330924987793e-01
0.000000000000000000e+00 6.404320001602172852e-01
0.000000000000000000e+00 8.057708740234375000e-01
0.000000000000000000e+00 8.591140508651733398e-01
0.000000000000000000e+00 8.613274693489074707e-01
0.000000000000000000e+00 9.061295986175537109e-01
0.000000000000000000e+00 9.223769903182983398e-01
0.000000000000000000e+00 9.204767346382141113e-01
0.000000000000000000e+00 9.240112900733947754e-01
0.000000000000000000e+00 8.864073157310485840e-01
0.000000000000000000e+00 8.514441847801208496e-01
0.000000000000000000e+00 8.325465917587280273e-01
0.000000000000000000e+00 7.532914280891418457e-01
0.000000000000000000e+00 7.243826985359191895e-01
0.000000000000000000e+00 6.246916651725769043e-01
0.000000000000000000e+00 5.421892404556274414e-01
0.000000000000000000e+00 4.792368113994598389e-01
1.000000000000000000e+00 4.404659867286682129e-01
1.000000000000000000e+00 2.923086285591125488e-01
1.000000000000000000e+00 2.285115867853164673e-01
1.000000000000000000e+00 1.642830520868301392e-01
1.000000000000000000e+00 1.510743349790573120e-01
1.000000000000000000e+00 1.436111032962799072e-01
1.000000000000000000e+00 1.000817790627479553e-01
0.000000000000000000e+00 5.813944339752197266e-02
1.000000000000000000e+00 5.267650634050369263e-02
1.000000000000000000e+00 1.913671344518661499e-01
1.000000000000000000e+00 7.337344437837600708e-02
1.000000000000000000e+00 5.339520424604415894e-02
0.000000000000000000e+00 2.532286569476127625e-02
0.000000000000000000e+00 1.571842655539512634e-02
0.000000000000000000e+00 1.612814888358116150e-02
0.000000000000000000e+00 1.280172914266586304e-02
0.000000000000000000e+00 1.025185268372297287e-02
0.000000000000000000e+00 1.040631067007780075e-02
0.000000000000000000e+00 6.950858049094676971e-03
0.000000000000000000e+00 1.232821308076381683e-02
0.000000000000000000e+00 1.848444715142250061e-02
0.000000000000000000e+00 2.270809374749660492e-02
0.000000000000000000e+00 4.228675365447998047e-02
0.000000000000000000e+00 6.092046573758125305e-02
0.000000000000000000e+00 1.065114662051200867e-01
0.000000000000000000e+00 1.766587346792221069e-01
0.000000000000000000e+00 2.298835515975952148e-01
0.000000000000000000e+00 2.900192439556121826e-01
0.000000000000000000e+00 3.743731081485748291e-01
0.000000000000000000e+00 4.003286063671112061e-01
0.000000000000000000e+00 5.591094493865966797e-01
0.000000000000000000e+00 4.925229847431182861e-01
0.000000000000000000e+00 4.632473886013031006e-01
0.000000000000000000e+00 4.890586733818054199e-01
0.000000000000000000e+00 3.783015310764312744e-01
0.000000000000000000e+00 3.313371837139129639e-01
0.000000000000000000e+00 3.013717532157897949e-01
0.000000000000000000e+00 1.499828100204467773e-01
0.000000000000000000e+00 1.658970862627029419e-01
0.000000000000000000e+00 1.403681188821792603e-01
0.000000000000000000e+00 9.963095188140869141e-02
0.000000000000000000e+00 9.130838513374328613e-02
0.000000000000000000e+00 1.075785309076309204e-01
0.000000000000000000e+00 7.747424393892288208e-02
0.000000000000000000e+00 4.927914962172508240e-02
0.000000000000000000e+00 8.933784067630767822e-02
0.000000000000000000e+00 1.217920258641242981e-01
0.000000000000000000e+00 9.853415191173553467e-02
0.000000000000000000e+00 1.024675369262695312e-01
0.000000000000000000e+00 1.096589267253875732e-01
0.000000000000000000e+00 1.246344894170761108e-01
0.000000000000000000e+00 1.168646216392517090e-01
0.000000000000000000e+00 1.140093579888343811e-01
0.000000000000000000e+00 1.116312742233276367e-01
0.000000000000000000e+00 1.119702681899070740e-01
0.000000000000000000e+00 1.347183734178543091e-01
0.000000000000000000e+00 2.444370985031127930e-01
0.000000000000000000e+00 3.804288804531097412e-01
0.000000000000000000e+00 5.559079647064208984e-01
0.000000000000000000e+00 5.666828751564025879e-01
0.000000000000000000e+00 6.680947542190551758e-01
0.000000000000000000e+00 7.075415849685668945e-01
0.000000000000000000e+00 7.541821599006652832e-01
0.000000000000000000e+00 7.930331826210021973e-01
1.000000000000000000e+00 7.858694791793823242e-01
1.000000000000000000e+00 7.628558874130249023e-01
1.000000000000000000e+00 7.954126596450805664e-01
0.000000000000000000e+00 8.016296029090881348e-01
1.000000000000000000e+00 8.340720534324645996e-01
1.000000000000000000e+00 8.829575777053833008e-01
1.000000000000000000e+00 8.708553314208984375e-01
1.000000000000000000e+00 8.779639005661010742e-01
1.000000000000000000e+00 8.692410588264465332e-01
0.000000000000000000e+00 8.312342166900634766e-01
0.000000000000000000e+00 8.055989146232604980e-01
1.000000000000000000e+00 7.769395112991333008e-01
1.000000000000000000e+00 7.184767127037048340e-01
1.000000000000000000e+00 6.954666972160339355e-01
1.000000000000000000e+00 6.495161056518554688e-01
0.000000000000000000e+00 6.118980050086975098e-01
0.000000000000000000e+00 6.385840177536010742e-01
0.000000000000000000e+00 6.224175095558166504e-01
0.000000000000000000e+00 5.396389961242675781e-01
0.000000000000000000e+00 4.935782849788665771e-01
1.000000000000000000e+00 8.614294528961181641e-01
1.000000000000000000e+00 9.191061258316040039e-01
1.000000000000000000e+00 9.215861558914184570e-01
1.000000000000000000e+00 9.033906459808349609e-01
1.000000000000000000e+00 8.965389132499694824e-01
1.000000000000000000e+00 7.762236595153808594e-01
1.000000000000000000e+00 6.336579322814941406e-01
0.000000000000000000e+00 5.927029848098754883e-01
0.000000000000000000e+00 5.866042375564575195e-01
0.000000000000000000e+00 4.806666672229766846e-01
0.000000000000000000e+00 3.741438984870910645e-01
0.000000000000000000e+00 2.958782315254211426e-01
0.000000000000000000e+00 2.630321681499481201e-01
0.000000000000000000e+00 1.723860502243041992e-01
0.000000000000000000e+00 1.004530638456344604e-01
0.000000000000000000e+00 5.612749606370925903e-02
1.000000000000000000e+00 5.135279893875122070e-02
0.000000000000000000e+00 4.143613949418067932e-02
0.000000000000000000e+00 3.826892003417015076e-02
0.000000000000000000e+00 2.805338613688945770e-02
0.000000000000000000e+00 3.534645959734916687e-02
0.000000000000000000e+00 4.294255748391151428e-02
0.000000000000000000e+00 4.837367683649063110e-02
0.000000000000000000e+00 6.344693154096603394e-02
0.000000000000000000e+00 6.616935878992080688e-02
0.000000000000000000e+00 8.339796960353851318e-02
0.000000000000000000e+00 1.075258553028106689e-01
0.000000000000000000e+00 8.356426656246185303e-02
0.000000000000000000e+00 1.385879963636398315e-01
0.000000000000000000e+00 1.440919935703277588e-01
0.000000000000000000e+00 1.943797171115875244e-01
0.000000000000000000e+00 1.892977058887481689e-01
0.000000000000000000e+00 1.947652548551559448e-01
0.000000000000000000e+00 2.427435666322708130e-01
0.000000000000000000e+00 2.243039309978485107e-01
0.000000000000000000e+00 1.676877737045288086e-01
0.000000000000000000e+00 9.641116112470626831e-02
0.000000000000000000e+00 8.852019160985946655e-02
0.000000000000000000e+00 1.019115298986434937e-01
0.000000000000000000e+00 1.621270775794982910e-01
0.000000000000000000e+00 1.358357071876525879e-01
0.000000000000000000e+00 1.233217120170593262e-01
0.000000000000000000e+00 9.448780119419097900e-02
0.000000000000000000e+00 5.899131298065185547e-02
0.000000000000000000e+00 5.461149662733078003e-02
0.000000000000000000e+00 4.403619095683097839e-02
0.000000000000000000e+00 5.750710144639015198e-02
0.000000000000000000e+00 9.003481268882751465e-02
0.000000000000000000e+00 1.313154399394989014e-01
0.000000000000000000e+00 1.942345201969146729e-01
0.000000000000000000e+00 3.356347382068634033e-01
0.000000000000000000e+00 4.454432129859924316e-01
0.000000000000000000e+00 6.396343708038330078e-01
0.000000000000000000e+00 6.901718378067016602e-01
0.000000000000000000e+00 6.825150847434997559e-01
1.000000000000000000e+00 6.880886554718017578e-01
1.000000000000000000e+00 6.627879738807678223e-01
1.000000000000000000e+00 7.084693908691406250e-01
1.000000000000000000e+00 7.499925494194030762e-01
1.000000000000000000e+00 7.243445515632629395e-01
1.000000000000000000e+00 7.720608115196228027e-01
0.000000000000000000e+00 7.870061993598937988e-01
0.000000000000000000e+00 8.009584546089172363e-01
0.000000000000000000e+00 7.847883105278015137e-01
0.000000000000000000e+00 7.377015352249145508e-01
0.000000000000000000e+00 7.089080214500427246e-01
0.000000000000000000e+00 6.662455201148986816e-01
0.000000000000000000e+00 6.312057375907897949e-01
0.000000000000000000e+00 6.182852983474731445e-01
0.000000000000000000e+00 5.468757748603820801e-01
0.000000000000000000e+00 5.478702783584594727e-01
0.000000000000000000e+00 4.981012642383575439e-01
0.000000000000000000e+00 3.592145442962646484e-01
0.000000000000000000e+00 2.766975164413452148e-01
0.000000000000000000e+00 2.108561694622039795e-01
0.000000000000000000e+00 8.881153464317321777e-01
0.000000000000000000e+00 9.135602712631225586e-01
0.000000000000000000e+00 8.748669028282165527e-01
0.000000000000000000e+00 8.737503290176391602e-01
0.000000000000000000e+00 8.012759089469909668e-01
0.000000000000000000e+00 8.509992957115173340e-01
0.000000000000000000e+00 7.192763686180114746e-01
0.000000000000000000e+00 4.884807169437408447e-01
0.000000000000000000e+00 5.205275416374206543e-01
0.000000000000000000e+00 2.679061293601989746e-01
0.000000000000000000e+00 2.124713808298110962e-01
0.000000000000000000e+00 2.195183932781219482e-01
0.000000000000000000e+00 1.002878323197364807e-01
0.000000000000000000e+00 1.374438405036926270e-01
0.000000000000000000e+00 1.564392894506454468e-01
0.000000000000000000e+00 1.187339425086975098e-01
0.000000000000000000e+00 9.921062737703323364e-02
0.000000000000000000e+00 1.068639382719993591e-01
0.000000000000000000e+00 1.066523119807243347e-01
0.000000000000000000e+00 1.317404955625534058e-01
0.000000000000000000e+00 1.325196474790573120e-01
1.000000000000000000e+00 2.294159531593322754e-01
1.000000000000000000e+00 3.673165440559387207e-01
1.000000000000000000e+00 3.398819267749786377e-01
0.000000000000000000e+00 2.689144313335418701e-01
0.000000000000000000e+00 2.467730641365051270e-01
0.000000000000000000e+00 1.932706534862518311e-01
0.000000000000000000e+00 2.252710610628128052e-01
0.000000000000000000e+00 2.405153214931488037e-01
0.000000000000000000e+00 1.904068291187286377e-01
0.000000000000000000e+00 1.653238534927368164e-01
0.000000000000000000e+00 1.293347924947738647e-01
0.000000000000000000e+00 1.627035588026046753e-01
0.000000000000000000e+00 1.773192882537841797e-01
0.000000000000000000e+00 1.190676316618919373e-01
0.000000000000000000e+00 6.924185901880264282e-02
0.000000000000000000e+00 7.632188498973846436e-02
0.000000000000000000e+00 9.056061506271362305e-02
0.000000000000000000e+00 5.821212008595466614e-02
0.000000000000000000e+00 4.866118356585502625e-02
0.000000000000000000e+00 4.033993557095527649e-02
0.000000000000000000e+00 3.549440950155258179e-02
0.000000000000000000e+00 2.806507796049118042e-02
0.000000000000000000e+00 3.996842727065086365e-02
0.000000000000000000e+00 2.415604144334793091e-02
0.000000000000000000e+00 1.814212463796138763e-02
0.000000000000000000e+00 1.481366250663995743e-02
0.000000000000000000e+00 1.865660212934017181e-02
1.000000000000000000e+00 1.848681829869747162e-02
0.000000000000000000e+00 1.956552825868129730e-02
0.000000000000000000e+00 3.252892941236495972e-02
0.000000000000000000e+00 5.147591978311538696e-02
0.000000000000000000e+00 1.001653000712394714e-01
1.000000000000000000e+00 1.670536398887634277e-01
1.000000000000000000e+00 2.365844249725341797e-01
1.000000000000000000e+00 2.628221511840820312e-01
0.000000000000000000e+00 1.890652775764465332e-01
0.000000000000000000e+00 2.316777408123016357e-01
0.000000000000000000e+00 1.852774173021316528e-01
1.000000000000000000e+00 2.613120377063751221e-01
1.000000000000000000e+00 2.110588699579238892e-01
1.000000000000000000e+00 3.766258955001831055e-01
1.000000000000000000e+00 4.454138875007629395e-01
1.000000000000000000e+00 4.925815165042877197e-01
1.000000000000000000e+00 4.573528766632080078e-01
0.000000000000000000e+00 6.108551025390625000e-01
0.000000000000000000e+00 7.111864089965820312e-01
0.000000000000000000e+00 7.340453267097473145e-01
0.000000000000000000e+00 7.793045639991760254e-01
0.000000000000000000e+00 7.282835841178894043e-01
0.000000000000000000e+00 7.244307398796081543e-01
0.000000000000000000e+00 6.957079768180847168e-01
0.000000000000000000e+00 6.987481117248535156e-01
0.000000000000000000e+00 6.947585940361022949e-01
0.000000000000000000e+00 6.365239620208740234e-01
