0.000000000000000000e+00 5.484809279441833496e-01
0.000000000000000000e+00 7.834108471870422363e-01
0.000000000000000000e+00 7.668889760971069336e-01
0.000000000000000000e+00 6.912836432456970215e-01
0.000000000000000000e+00 6.904186606407165527e-01
0.000000000000000000e+00 5.830229520797729492e-01
0.000000000000000000e+00 6.580226421356201172e-01
0.000000000000000000e+00 6.002689599990844727e-01
0.000000000000000000e+00 4.345778226852416992e-01
0.000000000000000000e+00 4.407706558704376221e-01
0.000000000000000000e+00 3.240793645381927490e-01
0.000000000000000000e+00 3.872512876987457275e-01
0.000000000000000000e+00 2.937715053558349609e-01
0.000000000000000000e+00 2.582554519176483154e-01
0.000000000000000000e+00 2.024721503257751465e-01
0.000000000000000000e+00 1.807999759912490845e-01
0.000000000000000000e+00 1.442697644233703613e-01
0.000000000000000000e+00 2.246704101562500000e-01
0.000000000000000000e+00 1.399284154176712036e-01
0.000000000000000000e+00 2.793497145175933838e-01
0.000000000000000000e+00 1.833968907594680786e-01
0.000000000000000000e+00 2.299564927816390991e-01
0.000000000000000000e+00 3.138166069984436035e-01
1.000000000000000000e+00 3.826240301132202148e-01
1.000000000000000000e+00 2.932832539081573486e-01
1.000000000000000000e+00 5.201407670974731445e-01
1.000000000000000000e+00 2.902600467205047607e-01
1.000000000000000000e+00 3.254387080669403076e-01
1.000000000000000000e+00 2.433866411447525024e-01
1.000000000000000000e+00 1.009218618273735046e-01
1.000000000000000000e+00 5.344621837139129639e-02
0.000000000000000000e+00 2.497352473437786102e-02
0.000000000000000000e+00 1.128040812909603119e-02
0.000000000000000000e+00 7.497696671634912491e-03
0.000000000000000000e+00 7.819199003279209137e-03
0.000000000000000000e+00 5.955245345830917358e-03
0.000000000000000000e+00 7.420002482831478119e-03
0.000000000000000000e+00 5.651592742651700974e-03
0.000000000000000000e+00 3.409349126741290092e-03
0.000000000000000000e+00 3.301417920738458633e-03
0.000000000000000000e+00 1.932189217768609524e-03
0.000000000000000000e+00 1.376493833959102631e-03
0.000000000000000000e+00 1.339783077128231525e-03
0.000000000000000000e+00 1.011795829981565475e-03
0.000000000000000000e+00 4.763689648825675249e-04
0.000000000000000000e+00 4.019401967525482178e-04
0.000000000000000000e+00 2.111150242853909731e-04
0.000000000000000000e+00 1.885076781036332250e-04
0.000000000000000000e+00 1.476049219490960240e-04
0.000000000000000000e+00 1.915147440740838647e-04
0.000000000000000000e+00 2.348839625483378768e-04
0.000000000000000000e+00 2.822920505423098803e-04
0.000000000000000000e+00 6.049512303434312344e-04
0.000000000000000000e+00 6.101502222009003162e-04
0.000000000000000000e+00 8.932825876399874687e-04
0.000000000000000000e+00 9.551060502417385578e-04
0.000000000000000000e+00 2.496137749403715134e-03
0.000000000000000000e+00 3.225158201530575752e-03
0.000000000000000000e+00 1.061588805168867111e-02
0.000000000000000000e+00 2.240958437323570251e-02
0.000000000000000000e+00 5.469989776611328125e-02
0.000000000000000000e+00 4.572817310690879822e-02
0.000000000000000000e+00 1.004979461431503296e-01
0.000000000000000000e+00 1.213604509830474854e-01
0.000000000000000000e+00 1.251748353242874146e-01
0.000000000000000000e+00 2.301921248435974121e-01
0.000000000000000000e+00 2.736755311489105225e-01
0.000000000000000000e+00 3.528199493885040283e-01
0.000000000000000000e+00 3.718445897102355957e-01
0.000000000000000000e+00 5.175570249557495117e-01
0.000000000000000000e+00 5.233028531074523926e-01
0.000000000000000000e+00 4.828871786594390869e-01
0.000000000000000000e+00 5.244658589363098145e-01
0.000000000000000000e+00 4.262607991695404053e-01
0.000000000000000000e+00 3.070965111255645752e-01
0.000000000000000000e+00 7.861855030059814453e-01
0.000000000000000000e+00 8.655038475990295410e-01
0.000000000000000000e+00 8.268120884895324707e-01
0.000000000000000000e+00 8.681253194808959961e-01
0.000000000000000000e+00 8.764267563819885254e-01
0.000000000000000000e+00 8.783087134361267090e-01
0.000000000000000000e+00 8.924356102943420410e-01
0.000000000000000000e+00 9.070436358451843262e-01
0.000000000000000000e+00 8.993971347808837891e-01
0.000000000000000000e+00 8.797140121459960938e-01
0.000000000000000000e+00 9.067935943603515625e-01
0.000000000000000000e+00 8.935580849647521973e-01
0.000000000000000000e+00 9.066033959388732910e-01
0.000000000000000000e+00 8.992559909820556641e-01
0.000000000000000000e+00 8.459252715110778809e-01
1.000000000000000000e+00 8.513805270195007324e-01
1.000000000000000000e+00 8.673459291458129883e-01
1.000000000000000000e+00 8.560169339179992676e-01
1.000000000000000000e+00 8.032847046852111816e-01
0.000000000000000000e+00 7.798773050308227539e-01
0.000000000000000000e+00 7.456960082054138184e-01
0.000000000000000000e+00 6.445282101631164551e-01
0.000000000000000000e+00 5.516074895858764648e-01
0.000000000000000000e+00 3.915706276893615723e-01
0.000000000000000000e+00 4.463729262351989746e-01
0.000000000000000000e+00 2.895823717117309570e-01
0.000000000000000000e+00 2.381918430328369141e-01
0.000000000000000000e+00 1.870824247598648071e-01
0.000000000000000000e+00 1.301365792751312256e-01
0.000000000000000000e+00 9.087995439767837524e-02
0.000000000000000000e+00 6.695766001939773560e-02
0.000000000000000000e+00 5.277284234762191772e-02
1.000000000000000000e+00 2.902093902230262756e-02
1.000000000000000000e+00 3.431187570095062256e-02
0.000000000000000000e+00 2.949925698339939117e-02
0.000000000000000000e+00 2.493530325591564178e-02
0.000000000000000000e+00 2.681874483823776245e-02
0.000000000000000000e+00 3.713263943791389465e-02
0.000000000000000000e+00 3.565216064453125000e-02
0.000000000000000000e+00 4.228965193033218384e-02
0.000000000000000000e+00 3.450280427932739258e-02
0.000000000000000000e+00 2.925126627087593079e-02
0.000000000000000000e+00 3.530073538422584534e-02
0.000000000000000000e+00 3.657323122024536133e-02
0.000000000000000000e+00 2.623017504811286926e-02
0.000000000000000000e+00 2.328900806605815887e-02
0.000000000000000000e+00 2.102100104093551636e-02
0.000000000000000000e+00 2.272408828139305115e-02
0.000000000000000000e+00 2.277080342173576355e-02
0.000000000000000000e+00 2.537420019507408142e-02
0.000000000000000000e+00 3.670446574687957764e-02
0.000000000000000000e+00 7.291012257337570190e-02
0.000000000000000000e+00 8.129844069480895996e-02
0.000000000000000000e+00 9.035056829452514648e-02
0.000000000000000000e+00 8.684506267309188843e-02
0.000000000000000000e+00 7.924252003431320190e-02
0.000000000000000000e+00 1.066489964723587036e-01
0.000000000000000000e+00 6.968212127685546875e-02
0.000000000000000000e+00 1.057193726301193237e-01
0.000000000000000000e+00 1.061948835849761963e-01
0.000000000000000000e+00 1.180952340364456177e-01
0.000000000000000000e+00 9.282760322093963623e-02
0.000000000000000000e+00 1.233990341424942017e-01
0.000000000000000000e+00 1.090770140290260315e-01
0.000000000000000000e+00 1.039934381842613220e-01
0.000000000000000000e+00 1.308602392673492432e-01
0.000000000000000000e+00 1.405196189880371094e-01
0.000000000000000000e+00 1.307291537523269653e-01
0.000000000000000000e+00 1.272053569555282593e-01
0.000000000000000000e+00 1.608610600233078003e-01
0.000000000000000000e+00 1.682270020246505737e-01
0.000000000000000000e+00 1.855966150760650635e-01
0.000000000000000000e+00 1.851903051137924194e-01
0.000000000000000000e+00 1.807952821254730225e-01
0.000000000000000000e+00 1.917240172624588013e-01
1.000000000000000000e+00 7.406491637229919434e-01
1.000000000000000000e+00 3.759987950325012207e-01
1.000000000000000000e+00 2.844152152538299561e-01
1.000000000000000000e+00 1.676254123449325562e-01
1.000000000000000000e+00 1.079424694180488586e-01
0.000000000000000000e+00 6.669605523347854614e-02
0.000000000000000000e+00 3.218433260917663574e-02
0.000000000000000000e+00 3.302276134490966797e-02
0.000000000000000000e+00 2.757226489484310150e-02
0.000000000000000000e+00 2.156746014952659607e-02
0.000000000000000000e+00 2.002909407019615173e-02
0.000000000000000000e+00 1.233411952853202820e-02
0.000000000000000000e+00 1.206830237060785294e-02
0.000000000000000000e+00 9.845142252743244171e-03
0.000000000000000000e+00 7.971714250743389130e-03
0.000000000000000000e+00 4.757450427860021591e-03
0.000000000000000000e+00 3.978532738983631134e-03
0.000000000000000000e+00 2.704029204323887825e-03
0.000000000000000000e+00 2.835333812981843948e-03
0.000000000000000000e+00 2.255440223962068558e-03
0.000000000000000000e+00 1.452187076210975647e-03
0.000000000000000000e+00 1.690270495600998402e-03
0.000000000000000000e+00 1.276643597520887852e-03
0.000000000000000000e+00 1.292961533181369305e-03
0.000000000000000000e+00 8.997318218462169170e-04
0.000000000000000000e+00 1.302487333305180073e-03
1.000000000000000000e+00 9.994321735575795174e-04
1.000000000000000000e+00 7.100536022335290909e-04
0.000000000000000000e+00 1.392342848703265190e-03
0.000000000000000000e+00 1.676002983003854752e-03
0.000000000000000000e+00 2.464025514200329781e-03
0.000000000000000000e+00 2.824052004143595695e-03
0.000000000000000000e+00 2.841344801709055901e-03
0.000000000000000000e+00 1.758495811372995377e-03
0.000000000000000000e+00 2.554206177592277527e-03
0.000000000000000000e+00 2.105739433318376541e-03
0.000000000000000000e+00 2.036210848018527031e-03
0.000000000000000000e+00 1.886570593342185020e-03
0.000000000000000000e+00 1.923168078064918518e-03
0.000000000000000000e+00 1.919142552651464939e-03
0.000000000000000000e+00 1.927544595673680305e-03
0.000000000000000000e+00 1.830819877795875072e-03
0.000000000000000000e+00 1.426695263944566250e-03
0.000000000000000000e+00 1.233180519193410873e-03
0.000000000000000000e+00 1.579639152623713017e-03
0.000000000000000000e+00 1.931354403495788574e-03
0.000000000000000000e+00 2.422489691525697708e-03
0.000000000000000000e+00 2.869497518986463547e-03
0.000000000000000000e+00 2.134381094947457314e-03
0.000000000000000000e+00 2.613437827676534653e-03
0.000000000000000000e+00 2.864467445760965347e-03
0.000000000000000000e+00 2.624160377308726311e-03
0.000000000000000000e+00 2.675488591194152832e-03
0.000000000000000000e+00 3.367332508787512779e-03
0.000000000000000000e+00 3.922851290553808212e-03
0.000000000000000000e+00 3.734563244506716728e-03
0.000000000000000000e+00 3.205311251804232597e-03
0.000000000000000000e+00 2.747403923422098160e-03
0.000000000000000000e+00 3.790090791881084442e-03
0.000000000000000000e+00 4.799210466444492340e-03
0.000000000000000000e+00 3.604212310165166855e-03
0.000000000000000000e+00 4.228966310620307922e-03
0.000000000000000000e+00 3.765844972804188728e-03
0.000000000000000000e+00 4.794138483703136444e-03
0.000000000000000000e+00 3.827067557722330093e-03
0.000000000000000000e+00 4.110780078917741776e-03
0.000000000000000000e+00 4.837435670197010040e-03
0.000000000000000000e+00 4.663911648094654083e-03
0.000000000000000000e+00 4.918912425637245178e-03
0.000000000000000000e+00 5.963335279375314713e-03
0.000000000000000000e+00 5.863456521183252335e-03
0.000000000000000000e+00 5.215188022702932358e-03
0.000000000000000000e+00 7.135508581995964050e-03
0.000000000000000000e+00 6.060255691409111023e-03
0.000000000000000000e+00 6.771614309400320053e-03
1.000000000000000000e+00 8.626804351806640625e-01
0.000000000000000000e+00 7.144707441329956055e-01
0.000000000000000000e+00 5.387051105499267578e-01
0.000000000000000000e+00 5.369585156440734863e-01
0.000000000000000000e+00 2.582027614116668701e-01
0.000000000000000000e+00 1.604624688625335693e-01
0.000000000000000000e+00 2.045990526676177979e-01
0.000000000000000000e+00 1.964478343725204468e-01
0.000000000000000000e+00 1.242954879999160767e-01
0.000000000000000000e+00 1.094351038336753845e-01
0.000000000000000000e+00 7.137778401374816895e-02
0.000000000000000000e+00 8.402670174837112427e-02
0.000000000000000000e+00 4.684780910611152649e-02
0.000000000000000000e+00 3.809063881635665894e-02
0.000000000000000000e+00 2.598589099943637848e-02
0.000000000000000000e+00 3.561140596866607666e-02
0.000000000000000000e+00 2.973872423171997070e-02
0.000000000000000000e+00 3.273857384920120239e-02
0.000000000000000000e+00 2.514522708952426910e-02
0.000000000000000000e+00 1.848607696592807770e-02
0.000000000000000000e+00 2.968437224626541138e-02
0.000000000000000000e+00 2.464357949793338776e-02
0.000000000000000000e+00 2.915249578654766083e-02
0.000000000000000000e+00 2.116568200290203094e-02
0.000000000000000000e+00 1.965187862515449524e-02
0.000000000000000000e+00 1.963451690971851349e-02
0.000000000000000000e+00 1.692707277834415436e-02
0.000000000000000000e+00 1.776842772960662842e-02
0.000000000000000000e+00 2.598629519343376160e-02
0.000000000000000000e+00 2.649673260748386383e-02
0.000000000000000000e+00 3.659495338797569275e-02
0.000000000000000000e+00 3.776274621486663818e-02
0.000000000000000000e+00 4.564188793301582336e-02
0.000000000000000000e+00 5.400745943188667297e-02
0.000000000000000000e+00 4.682253301143646240e-02
0.000000000000000000e+00 3.224404528737068176e-02
0.000000000000000000e+00 3.081735037267208099e-02
0.000000000000000000e+00 2.443091943860054016e-02
0.000000000000000000e+00 1.972391270101070404e-02
0.000000000000000000e+00 2.659461274743080139e-02
0.000000000000000000e+00 1.824869774281978607e-02
0.000000000000000000e+00 1.677574217319488525e-02
0.000000000000000000e+00 1.857876777648925781e-02
0.000000000000000000e+00 1.881005056202411652e-02
0.000000000000000000e+00 1.697471551597118378e-02
0.000000000000000000e+00 1.317954529076814651e-02
0.000000000000000000e+00 2.215048670768737793e-02
0.000000000000000000e+00 1.692151091992855072e-02
0.000000000000000000e+00 3.475638106465339661e-02
0.000000000000000000e+00 4.157267883419990540e-02
0.000000000000000000e+00 5.696266889572143555e-02
0.000000000000000000e+00 1.194750070571899414e-01
0.000000000000000000e+00 1.086385026574134827e-01
0.000000000000000000e+00 1.065281406044960022e-01
0.000000000000000000e+00 1.085726097226142883e-01
0.000000000000000000e+00 1.089133247733116150e-01
0.000000000000000000e+00 1.496153622865676880e-01
0.000000000000000000e+00 1.461264193058013916e-01
0.000000000000000000e+00 2.387834340333938599e-01
0.000000000000000000e+00 2.325075864791870117e-01
0.000000000000000000e+00 2.564297318458557129e-01
0.000000000000000000e+00 2.370493859052658081e-01
0.000000000000000000e+00 2.751602530479431152e-01
0.000000000000000000e+00 2.836981713771820068e-01
0.000000000000000000e+00 2.687597274780273438e-01
0.000000000000000000e+00 3.108648657798767090e-01
0.000000000000000000e+00 3.041405379772186279e-01
1.000000000000000000e+00 2.553851902484893799e-01
1.000000000000000000e+00 2.209333628416061401e-01
0.000000000000000000e+00 2.080941051244735718e-01
0.000000000000000000e+00 1.659870594739913940e-01
0.000000000000000000e+00 1.581948846578598022e-01
0.000000000000000000e+00 1.595000475645065308e-01
0.000000000000000000e+00 1.235896348953247070e-01
0.000000000000000000e+00 1.466671228408813477e-01
0.000000000000000000e+00 7.454539537429809570e-01
0.000000000000000000e+00 4.342834949493408203e-01
0.000000000000000000e+00 1.142343953251838684e-01
0.000000000000000000e+00 6.574213504791259766e-02
0.000000000000000000e+00 4.348462447524070740e-02
0.000000000000000000e+00 5.389740318059921265e-02
0.000000000000000000e+00 2.080095931887626648e-02
0.000000000000000000e+00 2.315631322562694550e-02
0.000000000000000000e+00 1.325894985347986221e-02
0.000000000000000000e+00 1.170899998396635056e-02
0.000000000000000000e+00 1.691022701561450958e-02
0.000000000000000000e+00 1.362084783613681793e-02
0.000000000000000000e+00 1.077985297888517380e-02
0.000000000000000000e+00 9.224497713148593903e-03
0.000000000000000000e+00 9.399544447660446167e-03
0.000000000000000000e+00 9.047275409102439880e-03
0.000000000000000000e+00 8.391167037189006805e-03
0.000000000000000000e+00 2.025456354022026062e-02
0.000000000000000000e+00 1.506640017032623291e-02
0.000000000000000000e+00 2.410541288554668427e-02
0.000000000000000000e+00 2.511976286768913269e-02
0.000000000000000000e+00 4.375514760613441467e-02
0.000000000000000000e+00 6.863112747669219971e-02
0.000000000000000000e+00 8.255291730165481567e-02
0.000000000000000000e+00 8.963519334793090820e-02
0.000000000000000000e+00 8.507723361253738403e-02
0.000000000000000000e+00 7.532832771539688110e-02
0.000000000000000000e+00 7.178119570016860962e-02
0.000000000000000000e+00 9.457993507385253906e-02
0.000000000000000000e+00 1.270696669816970825e-01
0.000000000000000000e+00 1.267741322517395020e-01
0.000000000000000000e+00 1.516173332929611206e-01
0.000000000000000000e+00 1.615108549594879150e-01
0.000000000000000000e+00 1.713920682668685913e-01
0.000000000000000000e+00 1.667831838130950928e-01
0.000000000000000000e+00 1.392758190631866455e-01
0.000000000000000000e+00 1.339009702205657959e-01
0.000000000000000000e+00 1.262761056423187256e-01
0.000000000000000000e+00 1.258396506309509277e-01
0.000000000000000000e+00 1.337510794401168823e-01
0.000000000000000000e+00 1.418942362070083618e-01
0.000000000000000000e+00 1.428749710321426392e-01
0.000000000000000000e+00 1.434414982795715332e-01
0.000000000000000000e+00 2.117691934108734131e-01
0.000000000000000000e+00 1.153887510299682617e-01
0.000000000000000000e+00 1.855543404817581177e-01
0.000000000000000000e+00 1.831490695476531982e-01
0.000000000000000000e+00 2.369905412197113037e-01
0.000000000000000000e+00 2.411837130784988403e-01
0.000000000000000000e+00 3.138954937458038330e-01
0.000000000000000000e+00 3.897969424724578857e-01
0.000000000000000000e+00 6.311047673225402832e-01
0.000000000000000000e+00 5.441511869430541992e-01
0.000000000000000000e+00 6.108297705650329590e-01
0.000000000000000000e+00 6.482788920402526855e-01
0.000000000000000000e+00 6.521845459938049316e-01
0.000000000000000000e+00 6.281672120094299316e-01
0.000000000000000000e+00 6.765636205673217773e-01
0.000000000000000000e+00 6.351308822631835938e-01
0.000000000000000000e+00 6.684033870697021484e-01
0.000000000000000000e+00 6.484467387199401855e-01
0.000000000000000000e+00 6.415932178497314453e-01
0.000000000000000000e+00 6.707473993301391602e-01
0.000000000000000000e+00 6.514286398887634277e-01
0.000000000000000000e+00 6.419857740402221680e-01
0.000000000000000000e+00 6.096109151840209961e-01
0.000000000000000000e+00 6.331359148025512695e-01
0.000000000000000000e+00 6.590827703475952148e-01
0.000000000000000000e+00 6.095263361930847168e-01
0.000000000000000000e+00 6.541786193847656250e-01
0.000000000000000000e+00 4.852168858051300049e-01
0.000000000000000000e+00 5.131491422653198242e-01
0.000000000000000000e+00 3.882172703742980957e-01
0.000000000000000000e+00 3.398503065109252930e-01
0.000000000000000000e+00 4.285981059074401855e-01
0.000000000000000000e+00 3.429247736930847168e-01
0.000000000000000000e+00 2.010413110256195068e-01
0.000000000000000000e+00 9.798098355531692505e-02
0.000000000000000000e+00 1.039659082889556885e-01
0.000000000000000000e+00 5.666007101535797119e-02
0.000000000000000000e+00 4.114114493131637573e-02
0.000000000000000000e+00 2.535076066851615906e-02
0.000000000000000000e+00 2.225849777460098267e-02
0.000000000000000000e+00 1.349791511893272400e-02
0.000000000000000000e+00 1.535735651850700378e-02
0.000000000000000000e+00 1.197140384465456009e-02
0.000000000000000000e+00 1.044751144945621490e-02
0.000000000000000000e+00 9.844203479588031769e-03
0.000000000000000000e+00 9.034599177539348602e-03
0.000000000000000000e+00 7.849391549825668335e-03
0.000000000000000000e+00 1.038100849837064743e-02
0.000000000000000000e+00 8.951578289270401001e-03
0.000000000000000000e+00 1.192319393157958984e-02
0.000000000000000000e+00 1.125634741038084030e-02
0.000000000000000000e+00 1.137932762503623962e-02
0.000000000000000000e+00 1.435762457549571991e-02
0.000000000000000000e+00 1.852389797568321228e-02
0.000000000000000000e+00 2.013162896037101746e-02
0.000000000000000000e+00 2.846548520028591156e-02
0.000000000000000000e+00 3.221983462572097778e-02
0.000000000000000000e+00 3.710430860519409180e-02
0.000000000000000000e+00 3.884181007742881775e-02
0.000000000000000000e+00 4.776591062545776367e-02
0.000000000000000000e+00 5.972223356366157532e-02
0.000000000000000000e+00 4.714928939938545227e-02
0.000000000000000000e+00 3.861662372946739197e-02
0.000000000000000000e+00 5.746505409479141235e-02
0.000000000000000000e+00 3.925634920597076416e-02
0.000000000000000000e+00 2.707846648991107941e-02
0.000000000000000000e+00 3.720809519290924072e-02
0.000000000000000000e+00 4.173620790243148804e-02
0.000000000000000000e+00 4.392130300402641296e-02
0.000000000000000000e+00 3.683852404356002808e-02
0.000000000000000000e+00 3.495807573199272156e-02
0.000000000000000000e+00 3.825296461582183838e-02
0.000000000000000000e+00 3.147677704691886902e-02
0.000000000000000000e+00 3.423862904310226440e-02
0.000000000000000000e+00 2.978651784360408783e-02
0.000000000000000000e+00 3.237164765596389771e-02
0.000000000000000000e+00 2.428433299064636230e-02
0.000000000000000000e+00 3.009359352290630341e-02
0.000000000000000000e+00 3.156284615397453308e-02
0.000000000000000000e+00 3.302885964512825012e-02
0.000000000000000000e+00 4.613009467720985413e-02
0.000000000000000000e+00 4.305807128548622131e-02
0.000000000000000000e+00 5.076616629958152771e-02
0.000000000000000000e+00 6.340713798999786377e-02
0.000000000000000000e+00 6.129038333892822266e-02
0.000000000000000000e+00 7.981722056865692139e-02
0.000000000000000000e+00 8.306514471769332886e-02
0.000000000000000000e+00 7.044374197721481323e-02
0.000000000000000000e+00 8.243387192487716675e-02
0.000000000000000000e+00 1.116462275385856628e-01
0.000000000000000000e+00 1.033309102058410645e-01
0.000000000000000000e+00 1.245995089411735535e-01
0.000000000000000000e+00 1.573413014411926270e-01
0.000000000000000000e+00 1.739276498556137085e-01
0.000000000000000000e+00 2.062767297029495239e-01
0.000000000000000000e+00 1.785002648830413818e-01
0.000000000000000000e+00 2.270649671554565430e-01
0.000000000000000000e+00 2.335311174392700195e-01
0.000000000000000000e+00 2.727328836917877197e-01
1.000000000000000000e+00 2.506497502326965332e-01
0.000000000000000000e+00 2.419680356979370117e-01
0.000000000000000000e+00 2.651018500328063965e-01
0.000000000000000000e+00 2.354386597871780396e-01
0.000000000000000000e+00 2.258205711841583252e-01
0.000000000000000000e+00 1.855984628200531006e-01
0.000000000000000000e+00 1.989003270864486694e-01
0.000000000000000000e+00 2.160741388797760010e-01
1.000000000000000000e+00 9.979553222656250000e-01
1.000000000000000000e+00 9.976020455360412598e-01
1.000000000000000000e+00 9.954262375831604004e-01
1.000000000000000000e+00 9.923948049545288086e-01
0.000000000000000000e+00 9.935995340347290039e-01
0.000000000000000000e+00 9.812418222427368164e-01
0.000000000000000000e+00 9.717372059822082520e-01
0.000000000000000000e+00 9.188155531883239746e-01
0.000000000000000000e+00 8.896661400794982910e-01
0.000000000000000000e+00 5.361962318420410156e-01
0.000000000000000000e+00 4.844953119754791260e-01
0.000000000000000000e+00 2.846970260143280029e-01
0.000000000000000000e+00 9.242273122072219849e-02
0.000000000000000000e+00 3.683906048536300659e-02
0.000000000000000000e+00 7.125151809304952621e-03
0.000000000000000000e+00 5.387037526816129684e-03
0.000000000000000000e+00 2.727581886574625969e-03
0.000000000000000000e+00 1.436271239072084427e-03
0.000000000000000000e+00 8.183990139514207840e-04
0.000000000000000000e+00 4.082552040927112103e-04
0.000000000000000000e+00 2.726940729189664125e-04
0.000000000000000000e+00 2.784583193715661764e-04
0.000000000000000000e+00 1.688129996182397008e-04
0.000000000000000000e+00 1.525793777545914054e-04
0.000000000000000000e+00 9.896097617456689477e-05
0.000000000000000000e+00 1.122582834796048701e-04
0.000000000000000000e+00 1.445089146727696061e-04
0.000000000000000000e+00 2.450938045512884855e-04
0.000000000000000000e+00 4.391744441818445921e-04
0.000000000000000000e+00 9.697329951450228691e-04
0.000000000000000000e+00 1.750000170432031155e-03
0.000000000000000000e+00 4.263022914528846741e-03
0.000000000000000000e+00 7.272686343640089035e-03
0.000000000000000000e+00 7.301931269466876984e-03
0.000000000000000000e+00 2.158365212380886078e-02
0.000000000000000000e+00 2.650764025747776031e-02
0.000000000000000000e+00 4.040649160742759705e-02
0.000000000000000000e+00 3.998712822794914246e-02
0.000000000000000000e+00 5.138317123055458069e-02
0.000000000000000000e+00 6.277324259281158447e-02
0.000000000000000000e+00 1.191650852560997009e-01
0.000000000000000000e+00 4.593575000762939453e-02
0.000000000000000000e+00 6.044725701212882996e-02
0.000000000000000000e+00 6.919673085212707520e-02
0.000000000000000000e+00 4.475573077797889709e-02
0.000000000000000000e+00 4.826759174466133118e-02
0.000000000000000000e+00 5.669257417321205139e-02
0.000000000000000000e+00 7.412192970514297485e-02
0.000000000000000000e+00 1.161095947027206421e-01
0.000000000000000000e+00 1.046225652098655701e-01
0.000000000000000000e+00 7.109684497117996216e-02
0.000000000000000000e+00 1.583690047264099121e-01
0.000000000000000000e+00 1.546520143747329712e-01
0.000000000000000000e+00 1.673687696456909180e-01
0.000000000000000000e+00 2.436239570379257202e-01
0.000000000000000000e+00 1.804245263338088989e-01
0.000000000000000000e+00 2.683658897876739502e-01
0.000000000000000000e+00 2.650523781776428223e-01
0.000000000000000000e+00 4.468196928501129150e-01
0.000000000000000000e+00 3.213678002357482910e-01
0.000000000000000000e+00 6.014440655708312988e-01
0.000000000000000000e+00 5.765801668167114258e-01
0.000000000000000000e+00 5.371118187904357910e-01
0.000000000000000000e+00 4.430697560310363770e-01
0.000000000000000000e+00 5.159043073654174805e-01
0.000000000000000000e+00 4.793735742568969727e-01
0.000000000000000000e+00 4.942679107189178467e-01
0.000000000000000000e+00 4.631891846656799316e-01
0.000000000000000000e+00 4.477670788764953613e-01
0.000000000000000000e+00 4.392287135124206543e-01
0.000000000000000000e+00 3.394108414649963379e-01
0.000000000000000000e+00 2.953890860080718994e-01
0.000000000000000000e+00 2.601474821567535400e-01
0.000000000000000000e+00 2.244840562343597412e-01
0.000000000000000000e+00 1.710595488548278809e-01
0.000000000000000000e+00 2.394090890884399414e-01
0.000000000000000000e+00 1.540904492139816284e-01
0.000000000000000000e+00 6.052256748080253601e-02
0.000000000000000000e+00 8.036211878061294556e-02
0.000000000000000000e+00 6.039467081427574158e-02
0.000000000000000000e+00 5.870451778173446655e-02
0.000000000000000000e+00 7.553502917289733887e-02
0.000000000000000000e+00 3.473826870322227478e-02
0.000000000000000000e+00 5.722859129309654236e-02
0.000000000000000000e+00 2.727347239851951599e-02
0.000000000000000000e+00 4.021929204463958740e-02
0.000000000000000000e+00 3.473640978336334229e-02
0.000000000000000000e+00 3.034733794629573822e-02
0.000000000000000000e+00 2.336491830646991730e-02
0.000000000000000000e+00 1.100004371255636215e-02
0.000000000000000000e+00 5.832178052514791489e-03
0.000000000000000000e+00 1.375659834593534470e-02
0.000000000000000000e+00 8.565061725676059723e-03
0.000000000000000000e+00 6.631977390497922897e-03
0.000000000000000000e+00 4.038996528834104538e-03
0.000000000000000000e+00 1.199642661958932877e-02
0.000000000000000000e+00 1.785053499042987823e-02
0.000000000000000000e+00 2.886886894702911377e-02
0.000000000000000000e+00 3.010209836065769196e-02
0.000000000000000000e+00 6.219076737761497498e-02
0.000000000000000000e+00 4.074988514184951782e-02
0.000000000000000000e+00 7.037690281867980957e-02
0.000000000000000000e+00 7.611084729433059692e-02
0.000000000000000000e+00 7.308419793844223022e-02
0.000000000000000000e+00 7.296434789896011353e-02
0.000000000000000000e+00 6.894867867231369019e-02
0.000000000000000000e+00 8.890253305435180664e-02
0.000000000000000000e+00 9.805811196565628052e-02
0.000000000000000000e+00 7.373663038015365601e-02
0.000000000000000000e+00 6.692998856306076050e-02
0.000000000000000000e+00 5.616435408592224121e-02
0.000000000000000000e+00 2.862215600907802582e-02
0.000000000000000000e+00 5.475459992885589600e-02
0.000000000000000000e+00 4.550963640213012695e-02
0.000000000000000000e+00 2.224474772810935974e-02
0.000000000000000000e+00 3.703004866838455200e-02
0.000000000000000000e+00 3.107622638344764709e-02
0.000000000000000000e+00 5.072199553251266479e-02
0.000000000000000000e+00 5.125952512025833130e-02
0.000000000000000000e+00 2.794216386973857880e-02
0.000000000000000000e+00 1.579830050468444824e-02
0.000000000000000000e+00 1.082454342395067215e-02
0.000000000000000000e+00 9.057108312845230103e-03
0.000000000000000000e+00 9.515139274299144745e-03
0.000000000000000000e+00 9.921194054186344147e-03
0.000000000000000000e+00 2.051002159714698792e-02
0.000000000000000000e+00 5.659741908311843872e-02
0.000000000000000000e+00 3.234478086233139038e-02
0.000000000000000000e+00 9.228785336017608643e-02
0.000000000000000000e+00 1.005734503269195557e-01
0.000000000000000000e+00 6.614124029874801636e-02
0.000000000000000000e+00 3.747222200036048889e-02
0.000000000000000000e+00 6.226881593465805054e-02
0.000000000000000000e+00 4.894186183810234070e-02
0.000000000000000000e+00 6.400534510612487793e-02
1.000000000000000000e+00 6.679504364728927612e-02
1.000000000000000000e+00 9.049640595912933350e-02
0.000000000000000000e+00 1.573238372802734375e-01
0.000000000000000000e+00 1.449731290340423584e-01
0.000000000000000000e+00 9.376080334186553955e-02
0.000000000000000000e+00 2.730079889297485352e-01
0.000000000000000000e+00 2.713776826858520508e-01
0.000000000000000000e+00 4.823422431945800781e-01
0.000000000000000000e+00 4.459716379642486572e-01
0.000000000000000000e+00 5.189597010612487793e-01
0.000000000000000000e+00 5.351771712303161621e-01
0.000000000000000000e+00 5.088938474655151367e-01
0.000000000000000000e+00 4.533375203609466553e-01
0.000000000000000000e+00 5.412598252296447754e-01
0.000000000000000000e+00 5.092676877975463867e-01
