1.000000000000000000e+00 5.979005694389343262e-01
1.000000000000000000e+00 5.205034017562866211e-01
1.000000000000000000e+00 5.434177517890930176e-01
1.000000000000000000e+00 5.278853774070739746e-01
0.000000000000000000e+00 5.759380459785461426e-01
0.000000000000000000e+00 5.047549009323120117e-01
0.000000000000000000e+00 5.424463152885437012e-01
0.000000000000000000e+00 5.586587786674499512e-01
0.000000000000000000e+00 5.445832014083862305e-01
1.000000000000000000e+00 5.295786261558532715e-01
1.000000000000000000e+00 5.221155285835266113e-01
1.000000000000000000e+00 5.170450210571289062e-01
1.000000000000000000e+00 5.449419021606445312e-01
0.000000000000000000e+00 5.212572216987609863e-01
0.000000000000000000e+00 4.821940958499908447e-01
0.000000000000000000e+00 5.412926673889160156e-01
0.000000000000000000e+00 5.285299420356750488e-01
0.000000000000000000e+00 4.909187853336334229e-01
0.000000000000000000e+00 5.473663806915283203e-01
0.000000000000000000e+00 4.652139246463775635e-01
0.000000000000000000e+00 4.849806129932403564e-01
0.000000000000000000e+00 4.571763277053833008e-01
0.000000000000000000e+00 4.579831361770629883e-01
1.000000000000000000e+00 5.082758665084838867e-01
1.000000000000000000e+00 4.403153359889984131e-01
1.000000000000000000e+00 4.591102898120880127e-01
1.000000000000000000e+00 4.519453346729278564e-01
1.000000000000000000e+00 4.333298504352569580e-01
1.000000000000000000e+00 4.307935833930969238e-01
1.000000000000000000e+00 4.499828815460205078e-01
1.000000000000000000e+00 3.956279456615447998e-01
1.000000000000000000e+00 4.230839014053344727e-01
1.000000000000000000e+00 3.908426463603973389e-01
0.000000000000000000e+00 3.834481537342071533e-01
0.000000000000000000e+00 2.551546096801757812e-01
0.000000000000000000e+00 3.020048737525939941e-01
0.000000000000000000e+00 2.573958337306976318e-01
0.000000000000000000e+00 2.218424677848815918e-01
0.000000000000000000e+00 2.273817807435989380e-01
0.000000000000000000e+00 2.027290910482406616e-01
0.000000000000000000e+00 1.719379276037216187e-01
0.000000000000000000e+00 1.542296856641769409e-01
0.000000000000000000e+00 1.335915178060531616e-01
0.000000000000000000e+00 9.552921354770660400e-02
0.000000000000000000e+00 8.911544084548950195e-02
0.000000000000000000e+00 6.021857727319002151e-03
0.000000000000000000e+00 4.550151061266660690e-03
0.000000000000000000e+00 3.162554232403635979e-03
0.000000000000000000e+00 2.306556794792413712e-03
0.000000000000000000e+00 2.298217965289950371e-03
0.000000000000000000e+00 1.427923329174518585e-03
0.000000000000000000e+00 1.230786088854074478e-03
0.000000000000000000e+00 1.310226973146200180e-03
0.000000000000000000e+00 1.048562233336269855e-03
0.000000000000000000e+00 1.159284962341189384e-03
0.000000000000000000e+00 1.126992516219615936e-03
0.000000000000000000e+00 1.145246089436113834e-03
0.000000000000000000e+00 9.718145593069493771e-04
0.000000000000000000e+00 1.033405424095690250e-03
0.000000000000000000e+00 1.143440837040543556e-03
0.000000000000000000e+00 1.003195531666278839e-03
0.000000000000000000e+00 1.241015852428972721e-03
0.000000000000000000e+00 1.113934093154966831e-03
0.000000000000000000e+00 1.063590869307518005e-03
0.000000000000000000e+00 1.003456069156527519e-03
0.000000000000000000e+00 1.279152114875614643e-03
0.000000000000000000e+00 1.041517942212522030e-03
0.000000000000000000e+00 1.033262116834521294e-03
0.000000000000000000e+00 1.132080913521349430e-03
0.000000000000000000e+00 9.733962942846119404e-04
0.000000000000000000e+00 9.560096659697592258e-04
0.000000000000000000e+00 1.125992392189800739e-03
0.000000000000000000e+00 1.041405834257602692e-03
0.000000000000000000e+00 1.074486412107944489e-03
0.000000000000000000e+00 1.014912733808159828e-03
0.000000000000000000e+00 9.465795010328292847e-04
0.000000000000000000e+00 9.899314027279615402e-04
0.000000000000000000e+00 9.305111016146838665e-04
0.000000000000000000e+00 1.057121320627629757e-03
0.000000000000000000e+00 1.006069360300898552e-03
0.000000000000000000e+00 1.009778352454304695e-03
0.000000000000000000e+00 9.170098346658051014e-04
0.000000000000000000e+00 9.695103508420288563e-04
0.000000000000000000e+00 1.113394624553620815e-03
0.000000000000000000e+00 1.084476360119879246e-03
0.000000000000000000e+00 1.033683540299534798e-03
0.000000000000000000e+00 1.024846220389008522e-03
0.000000000000000000e+00 1.094118691980838776e-03
0.000000000000000000e+00 9.482237510383129120e-04
0.000000000000000000e+00 9.869236964732408524e-04
0.000000000000000000e+00 3.509224625304341316e-03
0.000000000000000000e+00 2.528823679313063622e-03
0.000000000000000000e+00 2.091722330078482628e-03
0.000000000000000000e+00 1.663943985477089882e-03
0.000000000000000000e+00 1.464063301682472229e-03
0.000000000000000000e+00 1.245126128196716309e-03
0.000000000000000000e+00 1.158522791229188442e-03
0.000000000000000000e+00 9.658070048317313194e-04
0.000000000000000000e+00 9.074705885723233223e-04
0.000000000000000000e+00 8.358776103705167770e-04
0.000000000000000000e+00 8.052203338593244553e-04
0.000000000000000000e+00 8.179741562344133854e-04
0.000000000000000000e+00 9.150011464953422546e-04
0.000000000000000000e+00 8.461099932901561260e-04
0.000000000000000000e+00 8.396866614930331707e-04
0.000000000000000000e+00 8.409470319747924805e-04
0.000000000000000000e+00 1.026106416247785091e-03
0.000000000000000000e+00 1.050244201906025410e-03
0.000000000000000000e+00 9.882333688437938690e-04
0.000000000000000000e+00 1.202435814775526524e-03
0.000000000000000000e+00 1.253053313121199608e-03
0.000000000000000000e+00 1.489485381171107292e-03
0.000000000000000000e+00 1.446095062419772148e-03
0.000000000000000000e+00 1.425424241460859776e-03
0.000000000000000000e+00 1.269888132810592651e-03
0.000000000000000000e+00 1.556384144350886345e-03
0.000000000000000000e+00 1.791554619558155537e-03
0.000000000000000000e+00 1.726487767882645130e-03
0.000000000000000000e+00 1.740754116326570511e-03
0.000000000000000000e+00 1.918991678394377232e-03
0.000000000000000000e+00 1.873412285931408405e-03
0.000000000000000000e+00 2.214155392721295357e-03
0.000000000000000000e+00 1.952253165654838085e-03
0.000000000000000000e+00 2.084215171635150909e-03
0.000000000000000000e+00 2.294786274433135986e-03
0.000000000000000000e+00 2.330799819901585579e-03
0.000000000000000000e+00 2.505391836166381836e-03
0.000000000000000000e+00 2.678649732843041420e-03
0.000000000000000000e+00 2.869301009923219681e-03
0.000000000000000000e+00 3.101141192018985748e-03
0.000000000000000000e+00 3.247840097174048424e-03
0.000000000000000000e+00 3.049698891118168831e-03
0.000000000000000000e+00 3.471325384452939034e-03
0.000000000000000000e+00 3.056876361370086670e-03
0.000000000000000000e+00 3.258275100961327553e-03
0.000000000000000000e+00 2.576358914375305176e-01
0.000000000000000000e+00 1.872031539678573608e-01
0.000000000000000000e+00 1.401320993900299072e-01
0.000000000000000000e+00 1.016449853777885437e-01
0.000000000000000000e+00 7.785873860120773315e-02
0.000000000000000000e+00 5.766906589269638062e-02
0.000000000000000000e+00 3.217789530754089355e-02
0.000000000000000000e+00 2.754467539489269257e-02
0.000000000000000000e+00 1.635969802737236023e-02
0.000000000000000000e+00 1.214528828859329224e-02
0.000000000000000000e+00 8.425504900515079498e-03
0.000000000000000000e+00 4.731662105768918991e-03
0.000000000000000000e+00 3.955816850066184998e-03
0.000000000000000000e+00 2.937055192887783051e-03
0.000000000000000000e+00 2.524777082726359367e-03
0.000000000000000000e+00 1.704509719274938107e-03
0.000000000000000000e+00 1.360202440991997719e-03
0.000000000000000000e+00 9.498386061750352383e-04
0.000000000000000000e+00 9.305257699452340603e-04
0.000000000000000000e+00 8.106596069410443306e-04
0.000000000000000000e+00 7.885871455073356628e-04
0.000000000000000000e+00 7.028971449472010136e-04
0.000000000000000000e+00 6.375532830134034157e-04
0.000000000000000000e+00 5.363075761124491692e-04
0.000000000000000000e+00 5.255650612525641918e-04
0.000000000000000000e+00 4.412062407936900854e-04
0.000000000000000000e+00 4.982710233889520168e-04
0.000000000000000000e+00 4.490829305723309517e-04
0.000000000000000000e+00 4.167675215285271406e-04
0.000000000000000000e+00 4.399649333208799362e-04
0.000000000000000000e+00 4.008995310869067907e-04
0.000000000000000000e+00 4.377477453090250492e-04
0.000000000000000000e+00 5.022579571232199669e-04
0.000000000000000000e+00 4.283366433810442686e-04
0.000000000000000000e+00 4.869664553552865982e-04
0.000000000000000000e+00 4.130706947762519121e-04
0.000000000000000000e+00 5.651121609844267368e-04
0.000000000000000000e+00 5.387101555243134499e-04
0.000000000000000000e+00 5.457877996377646923e-04
0.000000000000000000e+00 6.534418207593262196e-04
0.000000000000000000e+00 6.282305694185197353e-04
0.000000000000000000e+00 6.538896705023944378e-04
0.000000000000000000e+00 6.563734496012330055e-04
0.000000000000000000e+00 6.820968119427561760e-04
0.000000000000000000e+00 6.467328639701008797e-04
0.000000000000000000e+00 1.329370774328708649e-03
0.000000000000000000e+00 9.257019264623522758e-04
0.000000000000000000e+00 7.396575529128313065e-04
0.000000000000000000e+00 5.976933171041309834e-04
0.000000000000000000e+00 5.027996958233416080e-04
0.000000000000000000e+00 4.391650145407766104e-04
0.000000000000000000e+00 3.953921259380877018e-04
0.000000000000000000e+00 3.474954864941537380e-04
0.000000000000000000e+00 3.511085815262049437e-04
0.000000000000000000e+00 3.349411417730152607e-04
0.000000000000000000e+00 3.498068836051970720e-04
0.000000000000000000e+00 3.361468261573463678e-04
0.000000000000000000e+00 3.531410184223204851e-04
0.000000000000000000e+00 3.212484589312225580e-04
0.000000000000000000e+00 3.395040403120219707e-04
0.000000000000000000e+00 3.968743840232491493e-04
0.000000000000000000e+00 4.108177963644266129e-04
0.000000000000000000e+00 4.270053468644618988e-04
0.000000000000000000e+00 4.266133473720401525e-04
0.000000000000000000e+00 4.329935181885957718e-04
0.000000000000000000e+00 4.404475330375134945e-04
0.000000000000000000e+00 4.635570803657174110e-04
0.000000000000000000e+00 4.394125135149806738e-04
0.000000000000000000e+00 4.797275760211050510e-04
0.000000000000000000e+00 4.783636250067502260e-04
0.000000000000000000e+00 4.835141298826783895e-04
0.000000000000000000e+00 4.959484795108437538e-04
0.000000000000000000e+00 5.271080299280583858e-04
0.000000000000000000e+00 5.355990142561495304e-04
0.000000000000000000e+00 5.552811780944466591e-04
0.000000000000000000e+00 4.888069233857095242e-04
0.000000000000000000e+00 5.483506247401237488e-04
0.000000000000000000e+00 4.691468493547290564e-04
0.000000000000000000e+00 4.886455135419964790e-04
0.000000000000000000e+00 4.823489871341735125e-04
0.000000000000000000e+00 5.208649090491235256e-04
0.000000000000000000e+00 6.039701402187347412e-04
0.000000000000000000e+00 5.295996088534593582e-04
0.000000000000000000e+00 6.416588439606130123e-04
0.000000000000000000e+00 5.362615920603275299e-04
0.000000000000000000e+00 5.583809106610715389e-04
0.000000000000000000e+00 5.269153625704348087e-04
0.000000000000000000e+00 5.353606538847088814e-04
0.000000000000000000e+00 4.806361394003033638e-04
0.000000000000000000e+00 5.175984697416424751e-04
0.000000000000000000e+00 4.263073671609163284e-03
0.000000000000000000e+00 3.288007806986570358e-03
0.000000000000000000e+00 1.755873556248843670e-03
0.000000000000000000e+00 1.571084721945226192e-03
0.000000000000000000e+00 9.222746011801064014e-04
0.000000000000000000e+00 7.222807034850120544e-04
0.000000000000000000e+00 6.255314801819622517e-04
0.000000000000000000e+00 5.065019358880817890e-04
0.000000000000000000e+00 4.872220742981880903e-04
0.000000000000000000e+00 4.006834642495959997e-04
0.000000000000000000e+00 3.507891960907727480e-04
0.000000000000000000e+00 3.044495533686131239e-04
0.000000000000000000e+00 4.136754141654819250e-04
0.000000000000000000e+00 3.363104769960045815e-04
0.000000000000000000e+00 3.568037354853004217e-04
0.000000000000000000e+00 4.505455435719341040e-04
0.000000000000000000e+00 4.721290606539696455e-04
0.000000000000000000e+00 4.698174889199435711e-04
0.000000000000000000e+00 4.462315409909933805e-04
0.000000000000000000e+00 4.789780068676918745e-04
0.000000000000000000e+00 6.324140704236924648e-04
0.000000000000000000e+00 4.431113484315574169e-04
0.000000000000000000e+00 5.716945743188261986e-04
0.000000000000000000e+00 5.935155204497277737e-04
0.000000000000000000e+00 5.665419157594442368e-04
0.000000000000000000e+00 7.521627703681588173e-04
0.000000000000000000e+00 7.714638486504554749e-04
0.000000000000000000e+00 6.525170174427330494e-04
0.000000000000000000e+00 7.795870769768953323e-04
0.000000000000000000e+00 8.810472209006547928e-04
0.000000000000000000e+00 7.689499761909246445e-04
0.000000000000000000e+00 8.123751613311469555e-04
0.000000000000000000e+00 8.693931158632040024e-04
0.000000000000000000e+00 8.481522672809660435e-04
0.000000000000000000e+00 9.521641186438500881e-04
0.000000000000000000e+00 9.692249586805701256e-04
0.000000000000000000e+00 8.826173143461346626e-04
0.000000000000000000e+00 9.300125529989600182e-04
0.000000000000000000e+00 1.028598868288099766e-03
0.000000000000000000e+00 8.818413480184972286e-04
0.000000000000000000e+00 8.675100980326533318e-04
0.000000000000000000e+00 8.829209255054593086e-04
0.000000000000000000e+00 1.092554186470806599e-03
0.000000000000000000e+00 9.905310580506920815e-04
0.000000000000000000e+00 9.927861392498016357e-04
0.000000000000000000e+00 8.938819169998168945e-01
0.000000000000000000e+00 9.049952030181884766e-01
0.000000000000000000e+00 9.083756208419799805e-01
0.000000000000000000e+00 9.109750390052795410e-01
0.000000000000000000e+00 9.103947877883911133e-01
0.000000000000000000e+00 9.080682396888732910e-01
0.000000000000000000e+00 9.076064229011535645e-01
0.000000000000000000e+00 9.088196754455566406e-01
0.000000000000000000e+00 9.128295779228210449e-01
0.000000000000000000e+00 9.141846895217895508e-01
0.000000000000000000e+00 9.119961261749267578e-01
0.000000000000000000e+00 9.118355512619018555e-01
0.000000000000000000e+00 9.137989878654479980e-01
0.000000000000000000e+00 9.158846735954284668e-01
0.000000000000000000e+00 9.135748744010925293e-01
0.000000000000000000e+00 9.168899655342102051e-01
0.000000000000000000e+00 9.103491306304931641e-01
0.000000000000000000e+00 9.136180281639099121e-01
0.000000000000000000e+00 9.144966006278991699e-01
0.000000000000000000e+00 9.154422283172607422e-01
0.000000000000000000e+00 9.122521281242370605e-01
0.000000000000000000e+00 9.147579073905944824e-01
0.000000000000000000e+00 9.125445485115051270e-01
0.000000000000000000e+00 9.135708212852478027e-01
0.000000000000000000e+00 9.137095808982849121e-01
0.000000000000000000e+00 9.165368676185607910e-01
0.000000000000000000e+00 9.188333153724670410e-01
0.000000000000000000e+00 9.172129034996032715e-01
1.000000000000000000e+00 9.159079790115356445e-01
1.000000000000000000e+00 9.185904264450073242e-01
1.000000000000000000e+00 9.207513332366943359e-01
1.000000000000000000e+00 9.182757735252380371e-01
0.000000000000000000e+00 9.179399609565734863e-01
0.000000000000000000e+00 9.185383915901184082e-01
0.000000000000000000e+00 9.186215996742248535e-01
0.000000000000000000e+00 9.208157062530517578e-01
0.000000000000000000e+00 9.186810255050659180e-01
0.000000000000000000e+00 9.202632308006286621e-01
0.000000000000000000e+00 9.189955592155456543e-01
0.000000000000000000e+00 9.193629622459411621e-01
0.000000000000000000e+00 9.191507101058959961e-01
0.000000000000000000e+00 9.194756150245666504e-01
0.000000000000000000e+00 9.193645715713500977e-01
0.000000000000000000e+00 9.163281917572021484e-01
0.000000000000000000e+00 9.199091196060180664e-01
1.000000000000000000e+00 2.909183800220489502e-01
1.000000000000000000e+00 2.966842651367187500e-01
1.000000000000000000e+00 2.207059115171432495e-01
1.000000000000000000e+00 2.716495692729949951e-01
1.000000000000000000e+00 2.383632659912109375e-01
0.000000000000000000e+00 2.110324203968048096e-01
0.000000000000000000e+00 1.354838460683822632e-01
0.000000000000000000e+00 1.084817498922348022e-01
0.000000000000000000e+00 1.173350587487220764e-01
0.000000000000000000e+00 1.193801984190940857e-01
0.000000000000000000e+00 7.501489669084548950e-02
0.000000000000000000e+00 6.753595173358917236e-02
0.000000000000000000e+00 5.832416564226150513e-02
0.000000000000000000e+00 5.390218272805213928e-02
0.000000000000000000e+00 4.968475550413131714e-02
0.000000000000000000e+00 4.092425853013992310e-02
1.000000000000000000e+00 3.415436670184135437e-02
1.000000000000000000e+00 3.447149693965911865e-02
0.000000000000000000e+00 2.667132206261157990e-02
0.000000000000000000e+00 3.164035454392433167e-02
0.000000000000000000e+00 1.959767937660217285e-02
0.000000000000000000e+00 1.620761491358280182e-02
0.000000000000000000e+00 1.392663177102804184e-02
0.000000000000000000e+00 1.012085750699043274e-02
0.000000000000000000e+00 1.080198399722576141e-02
1.000000000000000000e+00 8.691045455634593964e-03
1.000000000000000000e+00 7.802203763276338577e-03
1.000000000000000000e+00 7.317792624235153198e-03
1.000000000000000000e+00 4.444647580385208130e-03
0.000000000000000000e+00 3.984250593930482864e-03
0.000000000000000000e+00 4.157994873821735382e-03
0.000000000000000000e+00 3.111825091764330864e-03
0.000000000000000000e+00 3.078615758568048477e-03
0.000000000000000000e+00 2.697711344808340073e-03
0.000000000000000000e+00 2.453440101817250252e-03
0.000000000000000000e+00 1.893528504297137260e-03
0.000000000000000000e+00 1.730031101033091545e-03
0.000000000000000000e+00 1.776864286512136459e-03
0.000000000000000000e+00 1.192399300634860992e-03
0.000000000000000000e+00 1.201428938657045364e-03
0.000000000000000000e+00 9.240941144526004791e-04
0.000000000000000000e+00 9.349915198981761932e-04
0.000000000000000000e+00 8.622597088105976582e-04
0.000000000000000000e+00 8.624138426966965199e-04
0.000000000000000000e+00 7.877252646721899509e-04
