0.000000000000000000e+00 9.947904348373413086e-01
0.000000000000000000e+00 9.934141635894775391e-01
0.000000000000000000e+00 9.917954802513122559e-01
0.000000000000000000e+00 9.925361871719360352e-01
0.000000000000000000e+00 9.878920316696166992e-01
0.000000000000000000e+00 9.914776682853698730e-01
0.000000000000000000e+00 9.875959157943725586e-01
0.000000000000000000e+00 9.867247343063354492e-01
0.000000000000000000e+00 9.829871654510498047e-01
0.000000000000000000e+00 9.873835444450378418e-01
0.000000000000000000e+00 9.888480901718139648e-01
0.000000000000000000e+00 9.849810600280761719e-01
0.000000000000000000e+00 9.869808554649353027e-01
0.000000000000000000e+00 9.897819757461547852e-01
0.000000000000000000e+00 9.884948134422302246e-01
0.000000000000000000e+00 9.910538792610168457e-01
1.000000000000000000e+00 9.908950328826904297e-01
1.000000000000000000e+00 9.891487956047058105e-01
1.000000000000000000e+00 9.890382289886474609e-01
0.000000000000000000e+00 9.882710576057434082e-01
0.000000000000000000e+00 9.935278296470642090e-01
0.000000000000000000e+00 9.947571754455566406e-01
1.000000000000000000e+00 9.955879449844360352e-01
1.000000000000000000e+00 9.958243370056152344e-01
1.000000000000000000e+00 9.949719905853271484e-01
1.000000000000000000e+00 9.951600432395935059e-01
1.000000000000000000e+00 9.962802529335021973e-01
1.000000000000000000e+00 9.946334362030029297e-01
1.000000000000000000e+00 9.905272722244262695e-01
1.000000000000000000e+00 9.910321831703186035e-01
1.000000000000000000e+00 9.861648082733154297e-01
1.000000000000000000e+00 9.758937358856201172e-01
0.000000000000000000e+00 9.349356293678283691e-01
0.000000000000000000e+00 8.571390509605407715e-01
0.000000000000000000e+00 7.757983803749084473e-01
0.000000000000000000e+00 7.450064420700073242e-01
0.000000000000000000e+00 6.935444474220275879e-01
0.000000000000000000e+00 2.845665216445922852e-01
0.000000000000000000e+00 2.235894799232482910e-01
0.000000000000000000e+00 1.244904100894927979e-01
0.000000000000000000e+00 1.031009480357170105e-01
0.000000000000000000e+00 9.102931618690490723e-02
0.000000000000000000e+00 8.727362751960754395e-02
0.000000000000000000e+00 6.011665612459182739e-02
0.000000000000000000e+00 4.321659356355667114e-02
0.000000000000000000e+00 2.584847062826156616e-02
0.000000000000000000e+00 2.138910070061683655e-02
0.000000000000000000e+00 2.132590673863887787e-02
0.000000000000000000e+00 2.686698921024799347e-02
0.000000000000000000e+00 2.132020145654678345e-02
0.000000000000000000e+00 2.249174378812313080e-02
0.000000000000000000e+00 1.829298585653305054e-02
0.000000000000000000e+00 1.558135729283094406e-02
0.000000000000000000e+00 2.357221394777297974e-02
0.000000000000000000e+00 3.449326008558273315e-02
1.000000000000000000e+00 3.210730105638504028e-02
1.000000000000000000e+00 3.314544633030891418e-02
0.000000000000000000e+00 7.970219850540161133e-02
0.000000000000000000e+00 9.161692112684249878e-02
0.000000000000000000e+00 1.330853551626205444e-01
0.000000000000000000e+00 1.607660353183746338e-01
1.000000000000000000e+00 1.789864748716354370e-01
1.000000000000000000e+00 2.348686754703521729e-01
1.000000000000000000e+00 3.294924795627593994e-01
1.000000000000000000e+00 4.421468079090118408e-01
1.000000000000000000e+00 4.424853920936584473e-01
1.000000000000000000e+00 6.171314120292663574e-01
1.000000000000000000e+00 6.261855959892272949e-01
1.000000000000000000e+00 5.644832849502563477e-01
1.000000000000000000e+00 5.788271427154541016e-01
0.000000000000000000e+00 5.233573317527770996e-01
0.000000000000000000e+00 5.063977837562561035e-01
0.000000000000000000e+00 3.820767998695373535e-01
0.000000000000000000e+00 3.396919369697570801e-01
0.000000000000000000e+00 1.381222009658813477e-01
0.000000000000000000e+00 9.258911609649658203e-01
0.000000000000000000e+00 9.124691486358642578e-01
0.000000000000000000e+00 9.045088887214660645e-01
0.000000000000000000e+00 8.770875334739685059e-01
0.000000000000000000e+00 8.946443796157836914e-01
0.000000000000000000e+00 8.514856696128845215e-01
0.000000000000000000e+00 8.689198493957519531e-01
0.000000000000000000e+00 8.585832118988037109e-01
0.000000000000000000e+00 8.639717698097229004e-01
0.000000000000000000e+00 8.009014129638671875e-01
0.000000000000000000e+00 7.702103853225708008e-01
0.000000000000000000e+00 8.046466112136840820e-01
0.000000000000000000e+00 7.652584910392761230e-01
0.000000000000000000e+00 7.239069938659667969e-01
1.000000000000000000e+00 6.595833897590637207e-01
1.000000000000000000e+00 6.027991175651550293e-01
1.000000000000000000e+00 5.816237330436706543e-01
1.000000000000000000e+00 6.631781458854675293e-01
1.000000000000000000e+00 5.610615611076354980e-01
1.000000000000000000e+00 5.725763440132141113e-01
0.000000000000000000e+00 6.391726732254028320e-01
1.000000000000000000e+00 5.707691311836242676e-01
1.000000000000000000e+00 6.204302906990051270e-01
1.000000000000000000e+00 5.453644990921020508e-01
0.000000000000000000e+00 4.370600581169128418e-01
1.000000000000000000e+00 4.585986733436584473e-01
1.000000000000000000e+00 2.961182296276092529e-01
1.000000000000000000e+00 2.977523803710937500e-01
1.000000000000000000e+00 2.504935860633850098e-01
0.000000000000000000e+00 1.880444437265396118e-01
1.000000000000000000e+00 1.323247253894805908e-01
1.000000000000000000e+00 9.756930172443389893e-02
1.000000000000000000e+00 1.109930723905563354e-01
1.000000000000000000e+00 6.231980770826339722e-02
1.000000000000000000e+00 4.650624096393585205e-02
0.000000000000000000e+00 1.952800713479518890e-02
0.000000000000000000e+00 1.116940192878246307e-02
0.000000000000000000e+00 8.963421918451786041e-03
0.000000000000000000e+00 1.275441888719797134e-02
0.000000000000000000e+00 1.086846832185983658e-02
0.000000000000000000e+00 1.724043488502502441e-02
0.000000000000000000e+00 1.346828229725360870e-02
0.000000000000000000e+00 2.268271148204803467e-02
0.000000000000000000e+00 2.879077382385730743e-02
0.000000000000000000e+00 4.140523821115493774e-02
0.000000000000000000e+00 4.495594650506973267e-02
0.000000000000000000e+00 3.697106987237930298e-02
0.000000000000000000e+00 5.655881017446517944e-02
0.000000000000000000e+00 4.393671080470085144e-02
0.000000000000000000e+00 6.300291419029235840e-02
0.000000000000000000e+00 4.917478933930397034e-02
0.000000000000000000e+00 5.393729731440544128e-02
0.000000000000000000e+00 7.576704025268554688e-02
0.000000000000000000e+00 6.880406290292739868e-02
0.000000000000000000e+00 7.927996665239334106e-02
0.000000000000000000e+00 4.421126097440719604e-02
0.000000000000000000e+00 3.978469222784042358e-02
0.000000000000000000e+00 3.991064801812171936e-02
0.000000000000000000e+00 4.708149284124374390e-02
0.000000000000000000e+00 4.364845529198646545e-02
0.000000000000000000e+00 4.157321155071258545e-02
0.000000000000000000e+00 3.548618406057357788e-02
0.000000000000000000e+00 3.162617236375808716e-02
0.000000000000000000e+00 3.493604436516761780e-02
0.000000000000000000e+00 3.222015500068664551e-02
0.000000000000000000e+00 3.794179111719131470e-02
0.000000000000000000e+00 5.147028341889381409e-02
0.000000000000000000e+00 4.252139478921890259e-02
0.000000000000000000e+00 6.224844232201576233e-02
0.000000000000000000e+00 5.342889949679374695e-02
0.000000000000000000e+00 4.299440979957580566e-02
0.000000000000000000e+00 5.163542553782463074e-02
0.000000000000000000e+00 5.279037728905677795e-02
0.000000000000000000e+00 5.265847593545913696e-02
0.000000000000000000e+00 4.759285226464271545e-02
1.000000000000000000e+00 8.878297805786132812e-01
1.000000000000000000e+00 7.204867005348205566e-01
1.000000000000000000e+00 5.768744945526123047e-01
1.000000000000000000e+00 1.713291853666305542e-01
1.000000000000000000e+00 3.290830552577972412e-02
1.000000000000000000e+00 1.618303731083869934e-02
0.000000000000000000e+00 6.574895232915878296e-03
0.000000000000000000e+00 3.305314574390649796e-03
0.000000000000000000e+00 1.771339797414839268e-03
0.000000000000000000e+00 1.154280616901814938e-03
0.000000000000000000e+00 7.356489077210426331e-04
0.000000000000000000e+00 7.245512097142636776e-04
0.000000000000000000e+00 4.495129396673291922e-04
0.000000000000000000e+00 3.766120353247970343e-04
0.000000000000000000e+00 2.260598994325846434e-04
0.000000000000000000e+00 1.669782213866710663e-04
0.000000000000000000e+00 1.616710796952247620e-04
0.000000000000000000e+00 1.077640190487727523e-04
0.000000000000000000e+00 1.213714058394543827e-04
0.000000000000000000e+00 1.289094798266887665e-04
0.000000000000000000e+00 1.421782508259639144e-04
0.000000000000000000e+00 1.614641805645078421e-04
0.000000000000000000e+00 1.550687011331319809e-04
0.000000000000000000e+00 1.325916964560747147e-04
1.000000000000000000e+00 1.449123956263065338e-04
1.000000000000000000e+00 1.483871456002816558e-04
1.000000000000000000e+00 1.714335230644792318e-04
1.000000000000000000e+00 2.252287958981469274e-04
1.000000000000000000e+00 2.853987389244139194e-04
0.000000000000000000e+00 4.976497148163616657e-04
0.000000000000000000e+00 5.746084498241543770e-04
0.000000000000000000e+00 7.755606202408671379e-04
1.000000000000000000e+00 1.430775038897991180e-03
1.000000000000000000e+00 2.400462981313467026e-03
0.000000000000000000e+00 1.978833228349685669e-03
0.000000000000000000e+00 1.930363825522363186e-03
0.000000000000000000e+00 1.253247843123972416e-03
0.000000000000000000e+00 1.565194106660783291e-03
0.000000000000000000e+00 1.416485756635665894e-03
0.000000000000000000e+00 1.551578170619904995e-03
0.000000000000000000e+00 1.761729712598025799e-03
0.000000000000000000e+00 1.737663638778030872e-03
0.000000000000000000e+00 1.604053424671292305e-03
0.000000000000000000e+00 8.577319094911217690e-04
0.000000000000000000e+00 5.192558746784925461e-04
0.000000000000000000e+00 4.334622353781014681e-04
0.000000000000000000e+00 5.155636463314294815e-04
0.000000000000000000e+00 5.627906066365540028e-04
0.000000000000000000e+00 5.644161719828844070e-04
0.000000000000000000e+00 5.869158194400370121e-04
0.000000000000000000e+00 4.614754288922995329e-04
0.000000000000000000e+00 3.519168531056493521e-04
0.000000000000000000e+00 4.934838507324457169e-04
0.000000000000000000e+00 5.747295217588543892e-04
0.000000000000000000e+00 9.385434095747768879e-04
0.000000000000000000e+00 7.005054503679275513e-04
0.000000000000000000e+00 6.820074049755930901e-04
0.000000000000000000e+00 8.200833108276128769e-04
0.000000000000000000e+00 5.709028337150812149e-04
0.000000000000000000e+00 6.731228204444050789e-04
0.000000000000000000e+00 6.485376507043838501e-04
0.000000000000000000e+00 5.071376799605786800e-04
0.000000000000000000e+00 5.995230167172849178e-04
0.000000000000000000e+00 9.422083385288715363e-04
0.000000000000000000e+00 8.528498001396656036e-04
0.000000000000000000e+00 8.457880467176437378e-04
0.000000000000000000e+00 1.475799013860523701e-03
0.000000000000000000e+00 1.894482295028865337e-03
0.000000000000000000e+00 2.268593292683362961e-03
0.000000000000000000e+00 2.444194629788398743e-03
0.000000000000000000e+00 1.774822827428579330e-03
0.000000000000000000e+00 2.871584380045533180e-03
0.000000000000000000e+00 1.839186181314289570e-03
0.000000000000000000e+00 2.177216112613677979e-03
0.000000000000000000e+00 2.374406903982162476e-03
1.000000000000000000e+00 9.886302947998046875e-01
1.000000000000000000e+00 9.868039488792419434e-01
1.000000000000000000e+00 9.819918870925903320e-01
1.000000000000000000e+00 9.710497856140136719e-01
1.000000000000000000e+00 9.694755077362060547e-01
0.000000000000000000e+00 9.380829334259033203e-01
0.000000000000000000e+00 9.003100991249084473e-01
0.000000000000000000e+00 7.675730586051940918e-01
0.000000000000000000e+00 7.557396888732910156e-01
0.000000000000000000e+00 5.419179201126098633e-01
0.000000000000000000e+00 5.894610881805419922e-01
0.000000000000000000e+00 5.400829911231994629e-01
0.000000000000000000e+00 2.336317002773284912e-01
0.000000000000000000e+00 1.404858380556106567e-01
0.000000000000000000e+00 1.011248528957366943e-01
0.000000000000000000e+00 4.824790731072425842e-02
0.000000000000000000e+00 8.274617046117782593e-02
0.000000000000000000e+00 4.327539727091789246e-02
0.000000000000000000e+00 6.459938734769821167e-02
0.000000000000000000e+00 5.482406169176101685e-02
0.000000000000000000e+00 5.337239801883697510e-02
0.000000000000000000e+00 9.650152921676635742e-02
1.000000000000000000e+00 1.120187789201736450e-01
0.000000000000000000e+00 9.166002273559570312e-02
0.000000000000000000e+00 5.201604589819908142e-02
0.000000000000000000e+00 4.595647379755973816e-02
0.000000000000000000e+00 3.913135454058647156e-02
0.000000000000000000e+00 3.914329782128334045e-02
0.000000000000000000e+00 3.359312564134597778e-02
0.000000000000000000e+00 7.369098067283630371e-02
0.000000000000000000e+00 7.991278171539306641e-02
0.000000000000000000e+00 9.106382727622985840e-02
0.000000000000000000e+00 9.238722920417785645e-02
0.000000000000000000e+00 1.018793284893035889e-01
0.000000000000000000e+00 7.503524422645568848e-02
0.000000000000000000e+00 7.622686028480529785e-02
0.000000000000000000e+00 2.969614602625370026e-02
0.000000000000000000e+00 3.915673121809959412e-02
0.000000000000000000e+00 2.214976958930492401e-02
0.000000000000000000e+00 2.727768383920192719e-02
0.000000000000000000e+00 2.057929337024688721e-02
0.000000000000000000e+00 1.982188224792480469e-02
0.000000000000000000e+00 1.911701261997222900e-02
0.000000000000000000e+00 2.602383866906166077e-02
0.000000000000000000e+00 2.088523842394351959e-02
0.000000000000000000e+00 2.886084653437137604e-02
0.000000000000000000e+00 5.911938101053237915e-02
0.000000000000000000e+00 7.260856032371520996e-02
0.000000000000000000e+00 1.653300821781158447e-01
0.000000000000000000e+00 2.839205265045166016e-01
0.000000000000000000e+00 3.356938362121582031e-01
0.000000000000000000e+00 6.666876673698425293e-01
0.000000000000000000e+00 7.345484495162963867e-01
0.000000000000000000e+00 7.750888466835021973e-01
0.000000000000000000e+00 7.261384129524230957e-01
0.000000000000000000e+00 7.321638464927673340e-01
1.000000000000000000e+00 7.109596133232116699e-01
0.000000000000000000e+00 8.088659644126892090e-01
0.000000000000000000e+00 7.669317722320556641e-01
1.000000000000000000e+00 7.580394148826599121e-01
1.000000000000000000e+00 7.425168752670288086e-01
0.000000000000000000e+00 7.741901278495788574e-01
0.000000000000000000e+00 8.797010779380798340e-01
0.000000000000000000e+00 8.580903410911560059e-01
0.000000000000000000e+00 7.027212381362915039e-01
0.000000000000000000e+00 7.003028392791748047e-01
1.000000000000000000e+00 7.590903043746948242e-01
1.000000000000000000e+00 4.507052004337310791e-01
1.000000000000000000e+00 5.851169228553771973e-01
1.000000000000000000e+00 2.527740895748138428e-01
0.000000000000000000e+00 1.266079545021057129e-01
0.000000000000000000e+00 6.419577449560165405e-02
0.000000000000000000e+00 1.025517135858535767e-01
0.000000000000000000e+00 3.261026367545127869e-02
0.000000000000000000e+00 2.416834235191345215e-02
0.000000000000000000e+00 9.562907218933105469e-01
0.000000000000000000e+00 8.398998975753784180e-01
1.000000000000000000e+00 7.189640998840332031e-01
0.000000000000000000e+00 6.406952738761901855e-01
0.000000000000000000e+00 4.504438042640686035e-01
0.000000000000000000e+00 3.548550307750701904e-01
0.000000000000000000e+00 2.367791235446929932e-01
0.000000000000000000e+00 1.476946175098419189e-01
0.000000000000000000e+00 1.281890422105789185e-01
0.000000000000000000e+00 9.021598845720291138e-02
0.000000000000000000e+00 6.706556677818298340e-02
0.000000000000000000e+00 1.083314567804336548e-01
0.000000000000000000e+00 1.185033693909645081e-01
0.000000000000000000e+00 9.243579208850860596e-02
0.000000000000000000e+00 6.278582662343978882e-02
0.000000000000000000e+00 6.438894569873809814e-02
1.000000000000000000e+00 7.746940851211547852e-02
0.000000000000000000e+00 8.906204998493194580e-02
0.000000000000000000e+00 1.260452568531036377e-01
0.000000000000000000e+00 2.048776298761367798e-01
0.000000000000000000e+00 2.600281238555908203e-01
0.000000000000000000e+00 3.850552439689636230e-01
0.000000000000000000e+00 4.253974556922912598e-01
0.000000000000000000e+00 6.737075448036193848e-01
0.000000000000000000e+00 6.100627183914184570e-01
0.000000000000000000e+00 3.722755312919616699e-01
0.000000000000000000e+00 5.701617598533630371e-01
0.000000000000000000e+00 4.121274948120117188e-01
0.000000000000000000e+00 4.187086820602416992e-01
0.000000000000000000e+00 4.783427715301513672e-01
0.000000000000000000e+00 4.692553281784057617e-01
0.000000000000000000e+00 3.190237283706665039e-01
0.000000000000000000e+00 4.944988787174224854e-01
0.000000000000000000e+00 3.406649827957153320e-01
0.000000000000000000e+00 2.244534194469451904e-01
0.000000000000000000e+00 1.543797999620437622e-01
0.000000000000000000e+00 9.583048522472381592e-02
0.000000000000000000e+00 8.499257266521453857e-02
0.000000000000000000e+00 7.002475112676620483e-02
0.000000000000000000e+00 4.225376248359680176e-02
0.000000000000000000e+00 6.310204416513442993e-02
0.000000000000000000e+00 7.777034491300582886e-02
0.000000000000000000e+00 1.273438036441802979e-01
0.000000000000000000e+00 7.186066359281539917e-02
0.000000000000000000e+00 5.789491906762123108e-02
0.000000000000000000e+00 5.795068293809890747e-02
0.000000000000000000e+00 6.244058534502983093e-02
0.000000000000000000e+00 1.471660137176513672e-01
0.000000000000000000e+00 2.334078252315521240e-01
0.000000000000000000e+00 3.002509176731109619e-01
0.000000000000000000e+00 5.421479940414428711e-01
0.000000000000000000e+00 6.703752279281616211e-01
0.000000000000000000e+00 8.391848206520080566e-01
0.000000000000000000e+00 9.055578708648681641e-01
0.000000000000000000e+00 8.941971063613891602e-01
0.000000000000000000e+00 9.255737066268920898e-01
0.000000000000000000e+00 9.482237100601196289e-01
0.000000000000000000e+00 9.481794238090515137e-01
0.000000000000000000e+00 9.378935694694519043e-01
0.000000000000000000e+00 8.455160260200500488e-01
0.000000000000000000e+00 8.251473307609558105e-01
0.000000000000000000e+00 8.726350665092468262e-01
0.000000000000000000e+00 8.675757646560668945e-01
0.000000000000000000e+00 9.220535159111022949e-01
0.000000000000000000e+00 9.018099308013916016e-01
0.000000000000000000e+00 8.119786977767944336e-01
1.000000000000000000e+00 7.449362277984619141e-01
1.000000000000000000e+00 7.806527614593505859e-01
1.000000000000000000e+00 7.793810367584228516e-01
1.000000000000000000e+00 7.814043164253234863e-01
1.000000000000000000e+00 7.165428996086120605e-01
1.000000000000000000e+00 6.158209443092346191e-01
1.000000000000000000e+00 4.357180297374725342e-01
0.000000000000000000e+00 1.841534823179244995e-01
1.000000000000000000e+00 1.554049998521804810e-01
1.000000000000000000e+00 1.122797429561614990e-01
1.000000000000000000e+00 5.249006673693656921e-02
1.000000000000000000e+00 5.522878840565681458e-02
0.000000000000000000e+00 4.492547363042831421e-02
0.000000000000000000e+00 3.853154182434082031e-02
0.000000000000000000e+00 3.354264423251152039e-02
0.000000000000000000e+00 2.755895256996154785e-02
0.000000000000000000e+00 2.693302184343338013e-02
0.000000000000000000e+00 2.608052268624305725e-02
0.000000000000000000e+00 2.384945377707481384e-02
0.000000000000000000e+00 2.373335883021354675e-02
0.000000000000000000e+00 2.629158645868301392e-02
0.000000000000000000e+00 2.906622737646102905e-02
0.000000000000000000e+00 3.365335240960121155e-02
0.000000000000000000e+00 3.574249893426895142e-02
0.000000000000000000e+00 3.397884592413902283e-02
0.000000000000000000e+00 4.612793028354644775e-02
0.000000000000000000e+00 6.289213150739669800e-02
0.000000000000000000e+00 6.724523007869720459e-02
0.000000000000000000e+00 8.625894784927368164e-02
0.000000000000000000e+00 8.768136799335479736e-02
0.000000000000000000e+00 8.972227573394775391e-02
0.000000000000000000e+00 1.376587897539138794e-01
0.000000000000000000e+00 1.255872100591659546e-01
0.000000000000000000e+00 1.357688307762145996e-01
0.000000000000000000e+00 8.767703920602798462e-02
0.000000000000000000e+00 6.980016827583312988e-02
0.000000000000000000e+00 6.267876923084259033e-02
0.000000000000000000e+00 6.893141567707061768e-02
0.000000000000000000e+00 5.517356470227241516e-02
0.000000000000000000e+00 5.452028661966323853e-02
0.000000000000000000e+00 4.725292325019836426e-02
0.000000000000000000e+00 5.025293678045272827e-02
0.000000000000000000e+00 4.832950234413146973e-02
0.000000000000000000e+00 3.891341015696525574e-02
0.000000000000000000e+00 3.891017287969589233e-02
0.000000000000000000e+00 4.458009451627731323e-02
0.000000000000000000e+00 4.448958113789558411e-02
0.000000000000000000e+00 4.169713333249092102e-02
0.000000000000000000e+00 4.663947224617004395e-02
0.000000000000000000e+00 4.891770705580711365e-02
0.000000000000000000e+00 3.688538819551467896e-02
0.000000000000000000e+00 4.278378561139106750e-02
0.000000000000000000e+00 3.826974332332611084e-02
0.000000000000000000e+00 3.890242800116539001e-02
0.000000000000000000e+00 4.384433850646018982e-02
0.000000000000000000e+00 4.332259669899940491e-02
0.000000000000000000e+00 5.763726681470870972e-02
0.000000000000000000e+00 9.232576191425323486e-02
0.000000000000000000e+00 1.150306090712547302e-01
0.000000000000000000e+00 1.497151404619216919e-01
0.000000000000000000e+00 1.833526790142059326e-01
0.000000000000000000e+00 2.149349004030227661e-01
0.000000000000000000e+00 3.971616029739379883e-01
0.000000000000000000e+00 1.995683610439300537e-01
1.000000000000000000e+00 5.090402364730834961e-01
1.000000000000000000e+00 3.975825309753417969e-01
1.000000000000000000e+00 5.199884176254272461e-01
0.000000000000000000e+00 4.545753598213195801e-01
1.000000000000000000e+00 6.275202631950378418e-01
1.000000000000000000e+00 7.077422142028808594e-01
1.000000000000000000e+00 7.978768944740295410e-01
1.000000000000000000e+00 7.571113705635070801e-01
1.000000000000000000e+00 7.389044761657714844e-01
0.000000000000000000e+00 6.516167521476745605e-01
0.000000000000000000e+00 6.092742085456848145e-01
1.000000000000000000e+00 4.378716349601745605e-01
1.000000000000000000e+00 3.476727604866027832e-01
1.000000000000000000e+00 3.331365287303924561e-01
1.000000000000000000e+00 2.053664177656173706e-01
0.000000000000000000e+00 1.285632252693176270e-01
0.000000000000000000e+00 1.131478250026702881e-01
0.000000000000000000e+00 9.932226687669754028e-02
0.000000000000000000e+00 8.018069714307785034e-02
0.000000000000000000e+00 6.546725332736968994e-02
1.000000000000000000e+00 9.806857109069824219e-01
1.000000000000000000e+00 9.793201684951782227e-01
1.000000000000000000e+00 9.812894463539123535e-01
1.000000000000000000e+00 9.502009749412536621e-01
1.000000000000000000e+00 8.586077690124511719e-01
1.000000000000000000e+00 6.954694986343383789e-01
1.000000000000000000e+00 5.347495675086975098e-01
0.000000000000000000e+00 4.819057285785675049e-01
0.000000000000000000e+00 4.284813702106475830e-01
0.000000000000000000e+00 2.326285839080810547e-01
0.000000000000000000e+00 1.561258882284164429e-01
0.000000000000000000e+00 1.690494120121002197e-01
0.000000000000000000e+00 1.263612210750579834e-01
0.000000000000000000e+00 7.683229446411132812e-02
0.000000000000000000e+00 2.981014735996723175e-02
0.000000000000000000e+00 2.357232011854648590e-02
1.000000000000000000e+00 3.834620490670204163e-02
0.000000000000000000e+00 3.720511496067047119e-02
0.000000000000000000e+00 4.047032818198204041e-02
0.000000000000000000e+00 3.640917316079139709e-02
0.000000000000000000e+00 4.030890017747879028e-02
0.000000000000000000e+00 4.201288148760795593e-02
0.000000000000000000e+00 5.957169830799102783e-02
0.000000000000000000e+00 6.626019626855850220e-02
0.000000000000000000e+00 1.162617653608322144e-01
0.000000000000000000e+00 1.075284779071807861e-01
0.000000000000000000e+00 9.804327040910720825e-02
0.000000000000000000e+00 9.083658456802368164e-02
0.000000000000000000e+00 1.137491166591644287e-01
0.000000000000000000e+00 1.672666817903518677e-01
0.000000000000000000e+00 1.243511587381362915e-01
0.000000000000000000e+00 1.112451180815696716e-01
0.000000000000000000e+00 1.015134453773498535e-01
0.000000000000000000e+00 2.061473280191421509e-01
0.000000000000000000e+00 1.210961192846298218e-01
0.000000000000000000e+00 9.162057191133499146e-02
0.000000000000000000e+00 1.118483915925025940e-01
0.000000000000000000e+00 1.281166821718215942e-01
0.000000000000000000e+00 9.941320866346359253e-02
0.000000000000000000e+00 1.065042316913604736e-01
0.000000000000000000e+00 1.306401193141937256e-01
0.000000000000000000e+00 1.218388825654983521e-01
0.000000000000000000e+00 1.275950968265533447e-01
0.000000000000000000e+00 9.055946022272109985e-02
0.000000000000000000e+00 7.822997868061065674e-02
0.000000000000000000e+00 7.885381579399108887e-02
0.000000000000000000e+00 8.523967117071151733e-02
0.000000000000000000e+00 1.019709259271621704e-01
0.000000000000000000e+00 2.127739042043685913e-01
0.000000000000000000e+00 2.447972744703292847e-01
0.000000000000000000e+00 3.995540142059326172e-01
0.000000000000000000e+00 4.931119680404663086e-01
0.000000000000000000e+00 6.215742826461791992e-01
0.000000000000000000e+00 7.758073806762695312e-01
0.000000000000000000e+00 8.363954424858093262e-01
1.000000000000000000e+00 8.206506371498107910e-01
1.000000000000000000e+00 8.434519767761230469e-01
1.000000000000000000e+00 8.328038454055786133e-01
1.000000000000000000e+00 8.114740252494812012e-01
1.000000000000000000e+00 8.398212194442749023e-01
1.000000000000000000e+00 8.150459527969360352e-01
0.000000000000000000e+00 8.452008962631225586e-01
0.000000000000000000e+00 7.952336668968200684e-01
0.000000000000000000e+00 7.406271100044250488e-01
0.000000000000000000e+00 6.885054111480712891e-01
0.000000000000000000e+00 5.503064393997192383e-01
0.000000000000000000e+00 6.082031726837158203e-01
0.000000000000000000e+00 5.053851604461669922e-01
0.000000000000000000e+00 4.109663069248199463e-01
0.000000000000000000e+00 4.719249606132507324e-01
0.000000000000000000e+00 3.192750215530395508e-01
0.000000000000000000e+00 1.437184065580368042e-01
0.000000000000000000e+00 1.379489898681640625e-01
0.000000000000000000e+00 5.713559687137603760e-02
0.000000000000000000e+00 3.182930499315261841e-02
0.000000000000000000e+00 2.548522055149078369e-01
0.000000000000000000e+00 3.137245476245880127e-01
0.000000000000000000e+00 2.530295550823211670e-01
0.000000000000000000e+00 2.497448176145553589e-01
0.000000000000000000e+00 2.311926782131195068e-01
0.000000000000000000e+00 1.959121823310852051e-01
0.000000000000000000e+00 1.394968330860137939e-01
0.000000000000000000e+00 1.594962030649185181e-01
0.000000000000000000e+00 1.094849407672882080e-01
0.000000000000000000e+00 8.477413654327392578e-02
0.000000000000000000e+00 1.041050776839256287e-01
0.000000000000000000e+00 9.441861510276794434e-02
0.000000000000000000e+00 8.046945929527282715e-02
0.000000000000000000e+00 5.993416532874107361e-02
0.000000000000000000e+00 7.078564912080764771e-02
0.000000000000000000e+00 7.644063234329223633e-02
0.000000000000000000e+00 5.952796339988708496e-02
0.000000000000000000e+00 5.861261114478111267e-02
0.000000000000000000e+00 5.215426534414291382e-02
0.000000000000000000e+00 4.906286671757698059e-02
0.000000000000000000e+00 6.299684941768646240e-02
1.000000000000000000e+00 8.190130442380905151e-02
1.000000000000000000e+00 8.572021126747131348e-02
1.000000000000000000e+00 2.566978633403778076e-01
0.000000000000000000e+00 2.626986503601074219e-01
0.000000000000000000e+00 2.274501472711563110e-01
0.000000000000000000e+00 2.590258121490478516e-01
0.000000000000000000e+00 5.111240148544311523e-01
0.000000000000000000e+00 3.554356396198272705e-01
0.000000000000000000e+00 3.134792149066925049e-01
0.000000000000000000e+00 3.727874457836151123e-01
0.000000000000000000e+00 3.349412977695465088e-01
0.000000000000000000e+00 4.297621250152587891e-01
0.000000000000000000e+00 3.986450731754302979e-01
0.000000000000000000e+00 2.703035175800323486e-01
0.000000000000000000e+00 2.419750243425369263e-01
0.000000000000000000e+00 2.454643845558166504e-01
0.000000000000000000e+00 3.767415285110473633e-01
0.000000000000000000e+00 2.526309490203857422e-01
0.000000000000000000e+00 3.635374009609222412e-01
0.000000000000000000e+00 1.189750358462333679e-01
0.000000000000000000e+00 1.125195994973182678e-01
0.000000000000000000e+00 6.335476785898208618e-02
0.000000000000000000e+00 9.386523067951202393e-02
0.000000000000000000e+00 4.539519175887107849e-02
0.000000000000000000e+00 4.361623898148536682e-02
0.000000000000000000e+00 4.595028609037399292e-02
0.000000000000000000e+00 4.267064109444618225e-02
1.000000000000000000e+00 4.053967446088790894e-02
0.000000000000000000e+00 5.177041515707969666e-02
0.000000000000000000e+00 4.309897869825363159e-02
0.000000000000000000e+00 6.233287602663040161e-02
0.000000000000000000e+00 5.461938679218292236e-02
1.000000000000000000e+00 8.674450218677520752e-02
1.000000000000000000e+00 2.871820330619812012e-01
1.000000000000000000e+00 1.765036731958389282e-01
0.000000000000000000e+00 1.532022804021835327e-01
0.000000000000000000e+00 9.107161313295364380e-02
0.000000000000000000e+00 1.119140610098838806e-01
1.000000000000000000e+00 1.085494458675384521e-01
1.000000000000000000e+00 7.834380120038986206e-02
1.000000000000000000e+00 1.006662175059318542e-01
1.000000000000000000e+00 1.162378415465354919e-01
1.000000000000000000e+00 2.067625075578689575e-01
1.000000000000000000e+00 2.192437946796417236e-01
0.000000000000000000e+00 4.021672904491424561e-01
0.000000000000000000e+00 8.031390905380249023e-01
0.000000000000000000e+00 7.928327322006225586e-01
0.000000000000000000e+00 7.963061332702636719e-01
0.000000000000000000e+00 7.685727477073669434e-01
0.000000000000000000e+00 5.113645792007446289e-01
0.000000000000000000e+00 3.407512605190277100e-01
0.000000000000000000e+00 4.276683926582336426e-01
0.000000000000000000e+00 3.118410706520080566e-01
0.000000000000000000e+00 1.349976509809494019e-01
