0.000000000000000000e+00 7.179388999938964844e-01
0.000000000000000000e+00 7.260739207267761230e-01
0.000000000000000000e+00 6.904439330101013184e-01
0.000000000000000000e+00 7.229695916175842285e-01
0.000000000000000000e+00 7.038881182670593262e-01
0.000000000000000000e+00 7.515392899513244629e-01
0.000000000000000000e+00 7.110425233840942383e-01
0.000000000000000000e+00 7.577771544456481934e-01
0.000000000000000000e+00 7.434744834899902344e-01
0.000000000000000000e+00 7.881433963775634766e-01
0.000000000000000000e+00 7.132250070571899414e-01
0.000000000000000000e+00 7.588244080543518066e-01
0.000000000000000000e+00 7.799574732780456543e-01
0.000000000000000000e+00 7.527927756309509277e-01
0.000000000000000000e+00 7.408657670021057129e-01
0.000000000000000000e+00 7.241439819335937500e-01
1.000000000000000000e+00 7.068486213684082031e-01
1.000000000000000000e+00 7.360782623291015625e-01
1.000000000000000000e+00 7.529130578041076660e-01
0.000000000000000000e+00 7.107131481170654297e-01
0.000000000000000000e+00 7.507720589637756348e-01
0.000000000000000000e+00 7.017488479614257812e-01
1.000000000000000000e+00 7.121174335479736328e-01
1.000000000000000000e+00 7.451679110527038574e-01
1.000000000000000000e+00 7.185583114624023438e-01
1.000000000000000000e+00 7.537767887115478516e-01
1.000000000000000000e+00 7.356331944465637207e-01
1.000000000000000000e+00 7.887386679649353027e-01
1.000000000000000000e+00 7.674708366394042969e-01
1.000000000000000000e+00 7.860279083251953125e-01
1.000000000000000000e+00 8.345409631729125977e-01
1.000000000000000000e+00 8.328649997711181641e-01
0.000000000000000000e+00 7.354807257652282715e-01
0.000000000000000000e+00 7.995266318321228027e-01
0.000000000000000000e+00 6.416959762573242188e-01
0.000000000000000000e+00 6.071681380271911621e-01
0.000000000000000000e+00 4.832859039306640625e-01
0.000000000000000000e+00 4.138499498367309570e-01
0.000000000000000000e+00 3.060655891895294189e-01
0.000000000000000000e+00 2.948393523693084717e-01
0.000000000000000000e+00 2.066646665334701538e-01
0.000000000000000000e+00 1.515728533267974854e-01
0.000000000000000000e+00 1.190798655152320862e-01
0.000000000000000000e+00 9.548583626747131348e-02
0.000000000000000000e+00 9.156587719917297363e-02
0.000000000000000000e+00 8.890043944120407104e-02
0.000000000000000000e+00 8.393616974353790283e-02
0.000000000000000000e+00 8.518408238887786865e-02
0.000000000000000000e+00 8.724837750196456909e-02
0.000000000000000000e+00 8.742092549800872803e-02
0.000000000000000000e+00 9.227794408798217773e-02
0.000000000000000000e+00 9.957452118396759033e-02
0.000000000000000000e+00 1.094419807195663452e-01
0.000000000000000000e+00 1.310592889785766602e-01
0.000000000000000000e+00 1.387996971607208252e-01
1.000000000000000000e+00 1.592284291982650757e-01
1.000000000000000000e+00 1.809012442827224731e-01
0.000000000000000000e+00 2.384919822216033936e-01
0.000000000000000000e+00 2.996140420436859131e-01
0.000000000000000000e+00 4.032275974750518799e-01
0.000000000000000000e+00 4.775443077087402344e-01
1.000000000000000000e+00 4.929262399673461914e-01
1.000000000000000000e+00 5.410734415054321289e-01
1.000000000000000000e+00 5.884432196617126465e-01
1.000000000000000000e+00 5.818890929222106934e-01
1.000000000000000000e+00 6.131177544593811035e-01
1.000000000000000000e+00 6.286246776580810547e-01
1.000000000000000000e+00 6.466447710990905762e-01
1.000000000000000000e+00 6.502628922462463379e-01
1.000000000000000000e+00 6.503256559371948242e-01
0.000000000000000000e+00 6.572659611701965332e-01
0.000000000000000000e+00 6.736441850662231445e-01
0.000000000000000000e+00 6.633604168891906738e-01
0.000000000000000000e+00 6.477758884429931641e-01
0.000000000000000000e+00 6.316268444061279297e-01
0.000000000000000000e+00 7.397775053977966309e-01
0.000000000000000000e+00 7.336977124214172363e-01
0.000000000000000000e+00 7.419677972793579102e-01
0.000000000000000000e+00 7.304601073265075684e-01
0.000000000000000000e+00 7.314746379852294922e-01
0.000000000000000000e+00 7.495084404945373535e-01
0.000000000000000000e+00 7.599683403968811035e-01
0.000000000000000000e+00 7.466708421707153320e-01
0.000000000000000000e+00 7.333427667617797852e-01
0.000000000000000000e+00 7.289621829986572266e-01
0.000000000000000000e+00 7.296110391616821289e-01
0.000000000000000000e+00 7.462721467018127441e-01
0.000000000000000000e+00 7.429952621459960938e-01
0.000000000000000000e+00 7.244004607200622559e-01
1.000000000000000000e+00 7.380568385124206543e-01
1.000000000000000000e+00 7.361089587211608887e-01
1.000000000000000000e+00 7.204136252403259277e-01
1.000000000000000000e+00 7.305532097816467285e-01
1.000000000000000000e+00 7.610775232315063477e-01
1.000000000000000000e+00 7.351183295249938965e-01
0.000000000000000000e+00 7.674939036369323730e-01
1.000000000000000000e+00 7.737119793891906738e-01
1.000000000000000000e+00 7.617371678352355957e-01
1.000000000000000000e+00 7.748866081237792969e-01
0.000000000000000000e+00 7.460873126983642578e-01
1.000000000000000000e+00 7.193675041198730469e-01
1.000000000000000000e+00 6.671109795570373535e-01
1.000000000000000000e+00 5.526284575462341309e-01
1.000000000000000000e+00 4.711200892925262451e-01
0.000000000000000000e+00 4.765090346336364746e-01
1.000000000000000000e+00 3.169557154178619385e-01
1.000000000000000000e+00 2.620906233787536621e-01
1.000000000000000000e+00 2.229188084602355957e-01
1.000000000000000000e+00 1.891017258167266846e-01
1.000000000000000000e+00 1.333049088716506958e-01
0.000000000000000000e+00 9.915599226951599121e-02
0.000000000000000000e+00 1.049001291394233704e-01
0.000000000000000000e+00 8.642455190420150757e-02
0.000000000000000000e+00 1.055078953504562378e-01
0.000000000000000000e+00 1.114710941910743713e-01
0.000000000000000000e+00 1.476374566555023193e-01
0.000000000000000000e+00 1.469282656908035278e-01
0.000000000000000000e+00 1.693896204233169556e-01
0.000000000000000000e+00 1.793335825204849243e-01
0.000000000000000000e+00 2.264067232608795166e-01
0.000000000000000000e+00 2.223169654607772827e-01
0.000000000000000000e+00 1.943685561418533325e-01
0.000000000000000000e+00 1.756910979747772217e-01
0.000000000000000000e+00 1.881767511367797852e-01
0.000000000000000000e+00 2.363846898078918457e-01
0.000000000000000000e+00 3.555436134338378906e-01
0.000000000000000000e+00 4.783587455749511719e-01
0.000000000000000000e+00 5.245041251182556152e-01
0.000000000000000000e+00 5.478574633598327637e-01
0.000000000000000000e+00 5.405162572860717773e-01
0.000000000000000000e+00 5.896981358528137207e-01
0.000000000000000000e+00 6.032863259315490723e-01
0.000000000000000000e+00 6.135070323944091797e-01
0.000000000000000000e+00 5.887532234191894531e-01
0.000000000000000000e+00 6.121801733970642090e-01
0.000000000000000000e+00 6.215216517448425293e-01
0.000000000000000000e+00 6.354503631591796875e-01
0.000000000000000000e+00 6.271355152130126953e-01
0.000000000000000000e+00 6.315551400184631348e-01
0.000000000000000000e+00 6.466996073722839355e-01
0.000000000000000000e+00 6.433666348457336426e-01
0.000000000000000000e+00 6.539530754089355469e-01
0.000000000000000000e+00 6.444711685180664062e-01
0.000000000000000000e+00 6.454361081123352051e-01
0.000000000000000000e+00 6.390122771263122559e-01
0.000000000000000000e+00 6.392568945884704590e-01
0.000000000000000000e+00 6.332553029060363770e-01
0.000000000000000000e+00 6.263136267662048340e-01
0.000000000000000000e+00 6.236940026283264160e-01
0.000000000000000000e+00 6.206628084182739258e-01
1.000000000000000000e+00 7.585550546646118164e-01
1.000000000000000000e+00 7.684635519981384277e-01
1.000000000000000000e+00 7.637999057769775391e-01
1.000000000000000000e+00 7.715227007865905762e-01
1.000000000000000000e+00 7.567230463027954102e-01
1.000000000000000000e+00 7.591596841812133789e-01
0.000000000000000000e+00 7.581645846366882324e-01
0.000000000000000000e+00 7.675940394401550293e-01
0.000000000000000000e+00 7.690417766571044922e-01
0.000000000000000000e+00 7.573331594467163086e-01
0.000000000000000000e+00 7.675045728683471680e-01
0.000000000000000000e+00 7.572914361953735352e-01
0.000000000000000000e+00 7.564752101898193359e-01
0.000000000000000000e+00 7.530347108840942383e-01
0.000000000000000000e+00 7.494920492172241211e-01
0.000000000000000000e+00 7.644972205162048340e-01
0.000000000000000000e+00 7.519875168800354004e-01
0.000000000000000000e+00 7.591204643249511719e-01
0.000000000000000000e+00 7.425463199615478516e-01
0.000000000000000000e+00 7.632841467857360840e-01
0.000000000000000000e+00 7.626241445541381836e-01
0.000000000000000000e+00 7.581912875175476074e-01
0.000000000000000000e+00 7.475575804710388184e-01
0.000000000000000000e+00 7.588301897048950195e-01
1.000000000000000000e+00 7.756811976432800293e-01
1.000000000000000000e+00 7.829990386962890625e-01
1.000000000000000000e+00 7.757750749588012695e-01
1.000000000000000000e+00 7.754657268524169922e-01
1.000000000000000000e+00 7.888566255569458008e-01
0.000000000000000000e+00 7.875574231147766113e-01
0.000000000000000000e+00 8.074576258659362793e-01
0.000000000000000000e+00 8.034428954124450684e-01
1.000000000000000000e+00 7.733498811721801758e-01
1.000000000000000000e+00 6.703368425369262695e-01
0.000000000000000000e+00 7.192102074623107910e-01
0.000000000000000000e+00 6.957544088363647461e-01
0.000000000000000000e+00 6.762946248054504395e-01
0.000000000000000000e+00 6.334483623504638672e-01
0.000000000000000000e+00 6.185912489891052246e-01
0.000000000000000000e+00 5.801216363906860352e-01
0.000000000000000000e+00 5.533906221389770508e-01
0.000000000000000000e+00 5.100666284561157227e-01
0.000000000000000000e+00 5.175417065620422363e-01
0.000000000000000000e+00 5.251713395118713379e-01
0.000000000000000000e+00 4.753479659557342529e-01
0.000000000000000000e+00 5.256976485252380371e-01
0.000000000000000000e+00 5.009639263153076172e-01
0.000000000000000000e+00 5.013856291770935059e-01
0.000000000000000000e+00 5.024996995925903320e-01
0.000000000000000000e+00 5.280966758728027344e-01
0.000000000000000000e+00 5.532556772232055664e-01
0.000000000000000000e+00 5.680689215660095215e-01
0.000000000000000000e+00 5.894523262977600098e-01
0.000000000000000000e+00 6.174395680427551270e-01
0.000000000000000000e+00 6.314080953598022461e-01
0.000000000000000000e+00 6.351496577262878418e-01
0.000000000000000000e+00 6.446467638015747070e-01
0.000000000000000000e+00 6.461768746376037598e-01
0.000000000000000000e+00 6.513268351554870605e-01
0.000000000000000000e+00 6.392302513122558594e-01
0.000000000000000000e+00 6.506299376487731934e-01
0.000000000000000000e+00 6.488015055656433105e-01
0.000000000000000000e+00 6.545683145523071289e-01
0.000000000000000000e+00 6.475255489349365234e-01
0.000000000000000000e+00 6.445262432098388672e-01
0.000000000000000000e+00 6.491212248802185059e-01
0.000000000000000000e+00 6.460148096084594727e-01
0.000000000000000000e+00 6.498716473579406738e-01
0.000000000000000000e+00 6.517311930656433105e-01
0.000000000000000000e+00 6.524899601936340332e-01
0.000000000000000000e+00 6.499461531639099121e-01
0.000000000000000000e+00 6.536706089973449707e-01
0.000000000000000000e+00 6.483317017555236816e-01
0.000000000000000000e+00 6.460800766944885254e-01
0.000000000000000000e+00 6.641701459884643555e-01
1.000000000000000000e+00 7.347446680068969727e-01
1.000000000000000000e+00 7.275919318199157715e-01
1.000000000000000000e+00 7.527976036071777344e-01
1.000000000000000000e+00 7.124148607254028320e-01
1.000000000000000000e+00 6.927188038825988770e-01
0.000000000000000000e+00 6.533594727516174316e-01
0.000000000000000000e+00 6.321874856948852539e-01
0.000000000000000000e+00 5.586639046669006348e-01
0.000000000000000000e+00 4.890763461589813232e-01
0.000000000000000000e+00 4.289356172084808350e-01
0.000000000000000000e+00 3.809975683689117432e-01
0.000000000000000000e+00 3.064147531986236572e-01
0.000000000000000000e+00 2.642226815223693848e-01
0.000000000000000000e+00 2.232755273580551147e-01
0.000000000000000000e+00 1.635204255580902100e-01
0.000000000000000000e+00 1.422659009695053101e-01
0.000000000000000000e+00 1.176075264811515808e-01
0.000000000000000000e+00 9.125886857509613037e-02
0.000000000000000000e+00 8.492581546306610107e-02
0.000000000000000000e+00 7.351835817098617554e-02
0.000000000000000000e+00 7.486171275377273560e-02
0.000000000000000000e+00 8.480504900217056274e-02
1.000000000000000000e+00 1.156613826751708984e-01
0.000000000000000000e+00 1.140998005867004395e-01
0.000000000000000000e+00 1.153950095176696777e-01
0.000000000000000000e+00 1.012162342667579651e-01
0.000000000000000000e+00 1.049740463495254517e-01
0.000000000000000000e+00 9.011760354042053223e-02
0.000000000000000000e+00 1.046509593725204468e-01
0.000000000000000000e+00 1.092202812433242798e-01
0.000000000000000000e+00 1.082788631319999695e-01
0.000000000000000000e+00 1.023211106657981873e-01
0.000000000000000000e+00 9.885127097368240356e-02
0.000000000000000000e+00 9.969787299633026123e-02
0.000000000000000000e+00 1.000573188066482544e-01
0.000000000000000000e+00 8.383266627788543701e-02
0.000000000000000000e+00 8.099652826786041260e-02
0.000000000000000000e+00 6.659744679927825928e-02
0.000000000000000000e+00 6.529673933982849121e-02
0.000000000000000000e+00 6.816080212593078613e-02
0.000000000000000000e+00 6.742827594280242920e-02
0.000000000000000000e+00 7.207912951707839966e-02
0.000000000000000000e+00 6.974746286869049072e-02
0.000000000000000000e+00 9.104945510625839233e-02
0.000000000000000000e+00 1.210505887866020203e-01
0.000000000000000000e+00 1.431434899568557739e-01
0.000000000000000000e+00 2.193684726953506470e-01
0.000000000000000000e+00 3.249384462833404541e-01
0.000000000000000000e+00 3.482511341571807861e-01
0.000000000000000000e+00 4.310599267482757568e-01
0.000000000000000000e+00 5.426620841026306152e-01
0.000000000000000000e+00 6.423597931861877441e-01
0.000000000000000000e+00 6.416208744049072266e-01
0.000000000000000000e+00 7.003397941589355469e-01
0.000000000000000000e+00 6.707681417465209961e-01
0.000000000000000000e+00 5.819243192672729492e-01
1.000000000000000000e+00 5.850787758827209473e-01
0.000000000000000000e+00 6.410885453224182129e-01
0.000000000000000000e+00 6.831555962562561035e-01
1.000000000000000000e+00 6.995395421981811523e-01
1.000000000000000000e+00 7.058811187744140625e-01
0.000000000000000000e+00 7.109361886978149414e-01
0.000000000000000000e+00 6.935813426971435547e-01
0.000000000000000000e+00 6.904056668281555176e-01
0.000000000000000000e+00 6.942808032035827637e-01
0.000000000000000000e+00 6.980749964714050293e-01
1.000000000000000000e+00 6.908900737762451172e-01
1.000000000000000000e+00 6.733474731445312500e-01
1.000000000000000000e+00 6.569764614105224609e-01
1.000000000000000000e+00 6.705949902534484863e-01
0.000000000000000000e+00 6.791061758995056152e-01
0.000000000000000000e+00 6.906169652938842773e-01
0.000000000000000000e+00 6.910660862922668457e-01
0.000000000000000000e+00 6.940917968750000000e-01
0.000000000000000000e+00 6.742497086524963379e-01
0.000000000000000000e+00 7.907851934432983398e-01
0.000000000000000000e+00 7.293530106544494629e-01
1.000000000000000000e+00 7.164751887321472168e-01
0.000000000000000000e+00 6.529404520988464355e-01
0.000000000000000000e+00 5.825539827346801758e-01
0.000000000000000000e+00 5.138425827026367188e-01
0.000000000000000000e+00 4.371500015258789062e-01
0.000000000000000000e+00 3.424251973628997803e-01
0.000000000000000000e+00 2.657366394996643066e-01
0.000000000000000000e+00 2.367983013391494751e-01
0.000000000000000000e+00 1.586748063564300537e-01
0.000000000000000000e+00 1.190321743488311768e-01
0.000000000000000000e+00 1.088991165161132812e-01
0.000000000000000000e+00 7.967476546764373779e-02
0.000000000000000000e+00 6.597372144460678101e-02
0.000000000000000000e+00 6.273423135280609131e-02
1.000000000000000000e+00 7.230021059513092041e-02
0.000000000000000000e+00 6.940130889415740967e-02
0.000000000000000000e+00 8.631200343370437622e-02
0.000000000000000000e+00 9.735883772373199463e-02
0.000000000000000000e+00 1.156847700476646423e-01
0.000000000000000000e+00 1.808240115642547607e-01
0.000000000000000000e+00 1.953711956739425659e-01
0.000000000000000000e+00 2.029362767934799194e-01
0.000000000000000000e+00 2.551265656948089600e-01
0.000000000000000000e+00 2.588281929492950439e-01
0.000000000000000000e+00 2.763350903987884521e-01
0.000000000000000000e+00 2.469658553600311279e-01
0.000000000000000000e+00 2.261122316122055054e-01
0.000000000000000000e+00 2.219066619873046875e-01
0.000000000000000000e+00 2.035205811262130737e-01
0.000000000000000000e+00 1.834985911846160889e-01
0.000000000000000000e+00 2.207074463367462158e-01
0.000000000000000000e+00 2.518371045589447021e-01
0.000000000000000000e+00 2.395513653755187988e-01
0.000000000000000000e+00 2.144800424575805664e-01
0.000000000000000000e+00 1.971387118101119995e-01
0.000000000000000000e+00 1.379028111696243286e-01
0.000000000000000000e+00 1.200701966881752014e-01
0.000000000000000000e+00 1.447135359048843384e-01
0.000000000000000000e+00 1.654141545295715332e-01
0.000000000000000000e+00 1.537571251392364502e-01
0.000000000000000000e+00 1.776407957077026367e-01
0.000000000000000000e+00 2.129178643226623535e-01
0.000000000000000000e+00 1.790990829467773438e-01
0.000000000000000000e+00 1.797846555709838867e-01
0.000000000000000000e+00 2.098473459482192993e-01
0.000000000000000000e+00 2.747908830642700195e-01
0.000000000000000000e+00 3.203646242618560791e-01
0.000000000000000000e+00 3.727583587169647217e-01
0.000000000000000000e+00 3.757826089859008789e-01
0.000000000000000000e+00 4.330167770385742188e-01
0.000000000000000000e+00 5.106891989707946777e-01
0.000000000000000000e+00 6.079750657081604004e-01
0.000000000000000000e+00 6.202842593193054199e-01
0.000000000000000000e+00 6.435279250144958496e-01
0.000000000000000000e+00 7.012734413146972656e-01
0.000000000000000000e+00 7.019929289817810059e-01
0.000000000000000000e+00 6.999837160110473633e-01
0.000000000000000000e+00 6.877183318138122559e-01
0.000000000000000000e+00 6.420459747314453125e-01
0.000000000000000000e+00 6.763643622398376465e-01
0.000000000000000000e+00 6.650421023368835449e-01
0.000000000000000000e+00 6.596991419792175293e-01
0.000000000000000000e+00 6.533023118972778320e-01
0.000000000000000000e+00 6.462770700454711914e-01
1.000000000000000000e+00 6.133975982666015625e-01
1.000000000000000000e+00 6.119738221168518066e-01
1.000000000000000000e+00 5.969006419181823730e-01
1.000000000000000000e+00 5.798653960227966309e-01
1.000000000000000000e+00 5.544807314872741699e-01
1.000000000000000000e+00 5.324233174324035645e-01
1.000000000000000000e+00 5.216000080108642578e-01
0.000000000000000000e+00 5.232597589492797852e-01
1.000000000000000000e+00 5.370249152183532715e-01
1.000000000000000000e+00 5.738018155097961426e-01
1.000000000000000000e+00 4.950218796730041504e-01
1.000000000000000000e+00 3.826627433300018311e-01
0.000000000000000000e+00 2.941155731678009033e-01
0.000000000000000000e+00 2.477466315031051636e-01
0.000000000000000000e+00 1.966101378202438354e-01
0.000000000000000000e+00 1.752588450908660889e-01
0.000000000000000000e+00 1.354769766330718994e-01
0.000000000000000000e+00 1.099296212196350098e-01
0.000000000000000000e+00 8.560517430305480957e-02
0.000000000000000000e+00 6.908516585826873779e-02
0.000000000000000000e+00 5.907911807298660278e-02
0.000000000000000000e+00 6.292316317558288574e-02
0.000000000000000000e+00 7.533940672874450684e-02
0.000000000000000000e+00 8.688625693321228027e-02
0.000000000000000000e+00 1.128263324499130249e-01
0.000000000000000000e+00 1.367999166250228882e-01
0.000000000000000000e+00 1.402976512908935547e-01
0.000000000000000000e+00 1.760276108980178833e-01
0.000000000000000000e+00 1.825590729713439941e-01
0.000000000000000000e+00 1.807772964239120483e-01
0.000000000000000000e+00 1.758808642625808716e-01
0.000000000000000000e+00 1.763501763343811035e-01
0.000000000000000000e+00 1.657225638628005981e-01
0.000000000000000000e+00 1.418735086917877197e-01
0.000000000000000000e+00 1.321701705455780029e-01
0.000000000000000000e+00 1.259927302598953247e-01
0.000000000000000000e+00 1.226032450795173645e-01
0.000000000000000000e+00 1.023735851049423218e-01
0.000000000000000000e+00 8.772348612546920776e-02
0.000000000000000000e+00 8.580558747053146362e-02
0.000000000000000000e+00 7.577371597290039062e-02
0.000000000000000000e+00 7.675530016422271729e-02
0.000000000000000000e+00 7.089025527238845825e-02
0.000000000000000000e+00 6.976757943630218506e-02
0.000000000000000000e+00 6.716329604387283325e-02
0.000000000000000000e+00 8.013036847114562988e-02
0.000000000000000000e+00 9.837760776281356812e-02
0.000000000000000000e+00 1.063231229782104492e-01
0.000000000000000000e+00 1.097786575555801392e-01
0.000000000000000000e+00 1.169345900416374207e-01
0.000000000000000000e+00 1.237784475088119507e-01
0.000000000000000000e+00 1.310956031084060669e-01
0.000000000000000000e+00 1.448957175016403198e-01
0.000000000000000000e+00 1.546957343816757202e-01
0.000000000000000000e+00 1.677859127521514893e-01
0.000000000000000000e+00 2.105599641799926758e-01
0.000000000000000000e+00 2.678372561931610107e-01
0.000000000000000000e+00 3.822673857212066650e-01
0.000000000000000000e+00 4.299725592136383057e-01
0.000000000000000000e+00 4.642014205455780029e-01
0.000000000000000000e+00 4.978083372116088867e-01
0.000000000000000000e+00 5.497090816497802734e-01
0.000000000000000000e+00 5.965310335159301758e-01
0.000000000000000000e+00 6.052616238594055176e-01
1.000000000000000000e+00 6.142929196357727051e-01
1.000000000000000000e+00 6.194619536399841309e-01
1.000000000000000000e+00 6.290867924690246582e-01
0.000000000000000000e+00 6.509459614753723145e-01
1.000000000000000000e+00 6.710928678512573242e-01
1.000000000000000000e+00 6.745913624763488770e-01
1.000000000000000000e+00 6.809844374656677246e-01
1.000000000000000000e+00 6.787680387496948242e-01
1.000000000000000000e+00 6.799924969673156738e-01
0.000000000000000000e+00 6.821709275245666504e-01
0.000000000000000000e+00 6.882147192955017090e-01
1.000000000000000000e+00 6.864048242568969727e-01
1.000000000000000000e+00 6.861604452133178711e-01
1.000000000000000000e+00 6.735678315162658691e-01
1.000000000000000000e+00 6.732707023620605469e-01
0.000000000000000000e+00 6.787551045417785645e-01
0.000000000000000000e+00 6.758639216423034668e-01
0.000000000000000000e+00 6.802555918693542480e-01
0.000000000000000000e+00 6.767853498458862305e-01
0.000000000000000000e+00 6.709678769111633301e-01
1.000000000000000000e+00 6.772436499595642090e-01
1.000000000000000000e+00 7.039578557014465332e-01
1.000000000000000000e+00 7.459613680839538574e-01
1.000000000000000000e+00 7.804043889045715332e-01
1.000000000000000000e+00 8.074122667312622070e-01
1.000000000000000000e+00 8.015643954277038574e-01
1.000000000000000000e+00 7.783873677253723145e-01
0.000000000000000000e+00 7.633940577507019043e-01
0.000000000000000000e+00 7.172519564628601074e-01
0.000000000000000000e+00 7.028157711029052734e-01
0.000000000000000000e+00 6.109262704849243164e-01
0.000000000000000000e+00 5.335466265678405762e-01
0.000000000000000000e+00 4.085763692855834961e-01
0.000000000000000000e+00 3.132942914962768555e-01
0.000000000000000000e+00 2.561769485473632812e-01
0.000000000000000000e+00 1.854723542928695679e-01
1.000000000000000000e+00 1.392396092414855957e-01
0.000000000000000000e+00 9.929101169109344482e-02
0.000000000000000000e+00 6.497803330421447754e-02
0.000000000000000000e+00 4.630348086357116699e-02
0.000000000000000000e+00 5.131601914763450623e-02
0.000000000000000000e+00 6.018925458192825317e-02
0.000000000000000000e+00 6.436585634946823120e-02
0.000000000000000000e+00 6.622672080993652344e-02
0.000000000000000000e+00 7.369343936443328857e-02
0.000000000000000000e+00 7.536515593528747559e-02
0.000000000000000000e+00 8.633344620466232300e-02
0.000000000000000000e+00 9.967530518770217896e-02
0.000000000000000000e+00 1.129466816782951355e-01
0.000000000000000000e+00 1.143602505326271057e-01
0.000000000000000000e+00 1.362553238868713379e-01
0.000000000000000000e+00 1.404928267002105713e-01
0.000000000000000000e+00 1.466364562511444092e-01
0.000000000000000000e+00 1.564555317163467407e-01
0.000000000000000000e+00 1.616047024726867676e-01
0.000000000000000000e+00 1.708495318889617920e-01
0.000000000000000000e+00 1.783864498138427734e-01
0.000000000000000000e+00 2.129513770341873169e-01
0.000000000000000000e+00 2.083315104246139526e-01
0.000000000000000000e+00 2.354418337345123291e-01
0.000000000000000000e+00 2.251353561878204346e-01
0.000000000000000000e+00 2.242560833692550659e-01
0.000000000000000000e+00 2.156984359025955200e-01
0.000000000000000000e+00 1.927553564310073853e-01
0.000000000000000000e+00 1.797650009393692017e-01
0.000000000000000000e+00 1.790229976177215576e-01
0.000000000000000000e+00 1.972631216049194336e-01
0.000000000000000000e+00 2.428979724645614624e-01
0.000000000000000000e+00 2.907823026180267334e-01
0.000000000000000000e+00 3.587188422679901123e-01
0.000000000000000000e+00 3.672371208667755127e-01
0.000000000000000000e+00 3.465719521045684814e-01
0.000000000000000000e+00 4.424939751625061035e-01
0.000000000000000000e+00 4.937229752540588379e-01
0.000000000000000000e+00 5.102128386497497559e-01
1.000000000000000000e+00 5.563535094261169434e-01
1.000000000000000000e+00 5.606271028518676758e-01
1.000000000000000000e+00 5.995701551437377930e-01
1.000000000000000000e+00 6.246939897537231445e-01
1.000000000000000000e+00 6.549947261810302734e-01
1.000000000000000000e+00 6.594325304031372070e-01
0.000000000000000000e+00 6.667403578758239746e-01
0.000000000000000000e+00 6.882572174072265625e-01
0.000000000000000000e+00 6.843658089637756348e-01
0.000000000000000000e+00 6.813994646072387695e-01
0.000000000000000000e+00 6.755045652389526367e-01
0.000000000000000000e+00 6.751660704612731934e-01
0.000000000000000000e+00 6.656785607337951660e-01
0.000000000000000000e+00 6.542957425117492676e-01
0.000000000000000000e+00 6.506608724594116211e-01
0.000000000000000000e+00 6.469091176986694336e-01
0.000000000000000000e+00 6.394598484039306641e-01
0.000000000000000000e+00 6.327666044235229492e-01
0.000000000000000000e+00 6.238994002342224121e-01
0.000000000000000000e+00 6.178470253944396973e-01
0.000000000000000000e+00 7.924069762229919434e-01
0.000000000000000000e+00 7.637127637863159180e-01
0.000000000000000000e+00 7.209240794181823730e-01
0.000000000000000000e+00 6.986133456230163574e-01
0.000000000000000000e+00 6.710900068283081055e-01
0.000000000000000000e+00 5.944120287895202637e-01
0.000000000000000000e+00 5.508242249488830566e-01
0.000000000000000000e+00 5.014245510101318359e-01
0.000000000000000000e+00 4.053070247173309326e-01
0.000000000000000000e+00 3.418152928352355957e-01
0.000000000000000000e+00 2.946482300758361816e-01
0.000000000000000000e+00 2.164723128080368042e-01
0.000000000000000000e+00 1.640436649322509766e-01
0.000000000000000000e+00 1.247212141752243042e-01
0.000000000000000000e+00 1.207190155982971191e-01
0.000000000000000000e+00 1.115953698754310608e-01
0.000000000000000000e+00 9.887720644474029541e-02
0.000000000000000000e+00 1.096764281392097473e-01
0.000000000000000000e+00 1.111072972416877747e-01
0.000000000000000000e+00 1.144808828830718994e-01
0.000000000000000000e+00 1.253351867198944092e-01
1.000000000000000000e+00 1.365821212530136108e-01
1.000000000000000000e+00 1.732199192047119141e-01
1.000000000000000000e+00 1.740506887435913086e-01
0.000000000000000000e+00 1.815354079008102417e-01
0.000000000000000000e+00 1.803055554628372192e-01
0.000000000000000000e+00 2.036019563674926758e-01
0.000000000000000000e+00 2.270673513412475586e-01
0.000000000000000000e+00 2.228766381740570068e-01
0.000000000000000000e+00 2.676176130771636963e-01
0.000000000000000000e+00 2.536426186561584473e-01
0.000000000000000000e+00 2.500809729099273682e-01
0.000000000000000000e+00 2.639655470848083496e-01
0.000000000000000000e+00 2.596597671508789062e-01
0.000000000000000000e+00 2.215322852134704590e-01
0.000000000000000000e+00 2.270483970642089844e-01
0.000000000000000000e+00 2.298296093940734863e-01
0.000000000000000000e+00 2.412556856870651245e-01
0.000000000000000000e+00 2.618285715579986572e-01
0.000000000000000000e+00 2.212178856134414673e-01
0.000000000000000000e+00 1.966834068298339844e-01
0.000000000000000000e+00 1.606385409832000732e-01
0.000000000000000000e+00 1.555857658386230469e-01
0.000000000000000000e+00 1.661165058612823486e-01
0.000000000000000000e+00 1.228332668542861938e-01
0.000000000000000000e+00 1.042214334011077881e-01
0.000000000000000000e+00 1.043267548084259033e-01
0.000000000000000000e+00 9.897664189338684082e-02
1.000000000000000000e+00 9.778735786676406860e-02
0.000000000000000000e+00 1.015250533819198608e-01
0.000000000000000000e+00 1.191804707050323486e-01
0.000000000000000000e+00 1.343293488025665283e-01
0.000000000000000000e+00 1.520626097917556763e-01
1.000000000000000000e+00 2.129200249910354614e-01
1.000000000000000000e+00 2.392846345901489258e-01
1.000000000000000000e+00 2.325263172388076782e-01
0.000000000000000000e+00 2.339635640382766724e-01
0.000000000000000000e+00 2.262134402990341187e-01
0.000000000000000000e+00 2.949357330799102783e-01
1.000000000000000000e+00 2.846288681030273438e-01
1.000000000000000000e+00 3.033011555671691895e-01
1.000000000000000000e+00 3.884570002555847168e-01
1.000000000000000000e+00 3.895589411258697510e-01
1.000000000000000000e+00 4.569959342479705811e-01
1.000000000000000000e+00 4.305842518806457520e-01
0.000000000000000000e+00 6.159520745277404785e-01
0.000000000000000000e+00 6.484286189079284668e-01
0.000000000000000000e+00 7.006178498268127441e-01
0.000000000000000000e+00 6.882273554801940918e-01
0.000000000000000000e+00 6.670916676521301270e-01
0.000000000000000000e+00 6.559022665023803711e-01
0.000000000000000000e+00 6.111603975296020508e-01
0.000000000000000000e+00 6.024565100669860840e-01
0.000000000000000000e+00 5.635204911231994629e-01
0.000000000000000000e+00 5.679051876068115234e-01
