0.000000000000000000e+00 9.909917116165161133e-01
0.000000000000000000e+00 9.890266060829162598e-01
0.000000000000000000e+00 9.893131852149963379e-01
0.000000000000000000e+00 9.908540248870849609e-01
0.000000000000000000e+00 9.898978471755981445e-01
0.000000000000000000e+00 9.914496541023254395e-01
0.000000000000000000e+00 9.888246655464172363e-01
0.000000000000000000e+00 9.891557097434997559e-01
0.000000000000000000e+00 9.904981255531311035e-01
0.000000000000000000e+00 9.888541698455810547e-01
0.000000000000000000e+00 9.874544143676757812e-01
0.000000000000000000e+00 9.895877838134765625e-01
0.000000000000000000e+00 9.865096211433410645e-01
0.000000000000000000e+00 9.854149818420410156e-01
0.000000000000000000e+00 9.857631921768188477e-01
0.000000000000000000e+00 9.909911155700683594e-01
1.000000000000000000e+00 9.870094060897827148e-01
1.000000000000000000e+00 9.849054217338562012e-01
1.000000000000000000e+00 9.857977032661437988e-01
0.000000000000000000e+00 9.910250902175903320e-01
0.000000000000000000e+00 9.865415096282958984e-01
0.000000000000000000e+00 9.918923377990722656e-01
1.000000000000000000e+00 9.914259910583496094e-01
1.000000000000000000e+00 9.925287961959838867e-01
1.000000000000000000e+00 9.916455149650573730e-01
1.000000000000000000e+00 9.931710958480834961e-01
1.000000000000000000e+00 9.897895455360412598e-01
1.000000000000000000e+00 9.899145364761352539e-01
1.000000000000000000e+00 9.912268519401550293e-01
1.000000000000000000e+00 9.890149235725402832e-01
1.000000000000000000e+00 9.811167716979980469e-01
1.000000000000000000e+00 9.755610823631286621e-01
0.000000000000000000e+00 9.356025457382202148e-01
0.000000000000000000e+00 8.604055047035217285e-01
0.000000000000000000e+00 7.528558969497680664e-01
0.000000000000000000e+00 4.963954091072082520e-01
0.000000000000000000e+00 3.570407032966613770e-01
0.000000000000000000e+00 2.545016705989837646e-01
0.000000000000000000e+00 1.762744635343551636e-01
0.000000000000000000e+00 1.131508052349090576e-01
0.000000000000000000e+00 8.052220195531845093e-02
0.000000000000000000e+00 6.838702410459518433e-02
0.000000000000000000e+00 4.953429475426673889e-02
0.000000000000000000e+00 3.429023548960685730e-02
0.000000000000000000e+00 2.866196632385253906e-02
0.000000000000000000e+00 2.300142496824264526e-02
0.000000000000000000e+00 1.976156793534755707e-02
0.000000000000000000e+00 2.055066265165805817e-02
0.000000000000000000e+00 2.439975738525390625e-02
0.000000000000000000e+00 2.370064519345760345e-02
0.000000000000000000e+00 2.733203954994678497e-02
0.000000000000000000e+00 3.011157177388668060e-02
0.000000000000000000e+00 3.530254587531089783e-02
0.000000000000000000e+00 4.255446419119834900e-02
0.000000000000000000e+00 5.509273707866668701e-02
1.000000000000000000e+00 5.730462819337844849e-02
1.000000000000000000e+00 6.664880365133285522e-02
0.000000000000000000e+00 8.516821265220642090e-02
0.000000000000000000e+00 1.090785041451454163e-01
0.000000000000000000e+00 1.634380966424942017e-01
0.000000000000000000e+00 1.670416742563247681e-01
1.000000000000000000e+00 1.974821835756301880e-01
1.000000000000000000e+00 2.516027390956878662e-01
1.000000000000000000e+00 3.509114384651184082e-01
1.000000000000000000e+00 4.764650166034698486e-01
1.000000000000000000e+00 4.382328093051910400e-01
1.000000000000000000e+00 4.765040576457977295e-01
1.000000000000000000e+00 5.814450383186340332e-01
1.000000000000000000e+00 6.252203583717346191e-01
1.000000000000000000e+00 6.765789389610290527e-01
0.000000000000000000e+00 6.750097274780273438e-01
0.000000000000000000e+00 5.851877331733703613e-01
0.000000000000000000e+00 4.477394819259643555e-01
0.000000000000000000e+00 3.532006740570068359e-01
0.000000000000000000e+00 2.763382792472839355e-01
0.000000000000000000e+00 9.552800059318542480e-01
0.000000000000000000e+00 9.685824513435363770e-01
0.000000000000000000e+00 9.531600475311279297e-01
0.000000000000000000e+00 9.521480202674865723e-01
0.000000000000000000e+00 9.164386987686157227e-01
0.000000000000000000e+00 9.293502569198608398e-01
0.000000000000000000e+00 9.180304408073425293e-01
0.000000000000000000e+00 9.372586011886596680e-01
0.000000000000000000e+00 9.280766248703002930e-01
0.000000000000000000e+00 9.064594507217407227e-01
0.000000000000000000e+00 9.152070283889770508e-01
0.000000000000000000e+00 9.345114827156066895e-01
0.000000000000000000e+00 8.693473935127258301e-01
0.000000000000000000e+00 8.423918485641479492e-01
1.000000000000000000e+00 7.851117253303527832e-01
1.000000000000000000e+00 6.753696203231811523e-01
1.000000000000000000e+00 7.354134321212768555e-01
1.000000000000000000e+00 6.171770095825195312e-01
1.000000000000000000e+00 7.741180062294006348e-01
1.000000000000000000e+00 8.600546121597290039e-01
0.000000000000000000e+00 7.929005026817321777e-01
1.000000000000000000e+00 7.574048638343811035e-01
1.000000000000000000e+00 7.819567918777465820e-01
1.000000000000000000e+00 7.428569197654724121e-01
0.000000000000000000e+00 7.108958959579467773e-01
1.000000000000000000e+00 6.683438420295715332e-01
1.000000000000000000e+00 6.106817722320556641e-01
1.000000000000000000e+00 5.465239882469177246e-01
1.000000000000000000e+00 4.748232960700988770e-01
0.000000000000000000e+00 3.926094174385070801e-01
1.000000000000000000e+00 3.559809327125549316e-01
1.000000000000000000e+00 2.910822033882141113e-01
1.000000000000000000e+00 2.422811836004257202e-01
1.000000000000000000e+00 1.683787703514099121e-01
1.000000000000000000e+00 1.445583552122116089e-01
0.000000000000000000e+00 1.042768433690071106e-01
0.000000000000000000e+00 6.855301558971405029e-02
0.000000000000000000e+00 7.481275498867034912e-02
0.000000000000000000e+00 6.713040918111801147e-02
0.000000000000000000e+00 7.407863438129425049e-02
0.000000000000000000e+00 7.175002992153167725e-02
0.000000000000000000e+00 6.795261800289154053e-02
0.000000000000000000e+00 7.050768285989761353e-02
0.000000000000000000e+00 6.234258040785789490e-02
0.000000000000000000e+00 4.795124754309654236e-02
0.000000000000000000e+00 4.600920155644416809e-02
0.000000000000000000e+00 4.508745297789573669e-02
0.000000000000000000e+00 3.295332938432693481e-02
0.000000000000000000e+00 3.779387101531028748e-02
0.000000000000000000e+00 2.761079370975494385e-02
0.000000000000000000e+00 2.635867334902286530e-02
0.000000000000000000e+00 3.491052612662315369e-02
0.000000000000000000e+00 3.386591002345085144e-02
0.000000000000000000e+00 2.926488406956195831e-02
0.000000000000000000e+00 2.855833619832992554e-02
0.000000000000000000e+00 2.650892548263072968e-02
0.000000000000000000e+00 2.541553601622581482e-02
0.000000000000000000e+00 2.937066182494163513e-02
0.000000000000000000e+00 2.797585725784301758e-02
0.000000000000000000e+00 2.267142012715339661e-02
0.000000000000000000e+00 2.579984627664089203e-02
0.000000000000000000e+00 2.933071553707122803e-02
0.000000000000000000e+00 2.913475409150123596e-02
0.000000000000000000e+00 2.697803452610969543e-02
0.000000000000000000e+00 2.977873571217060089e-02
0.000000000000000000e+00 2.916368842124938965e-02
0.000000000000000000e+00 3.196441009640693665e-02
0.000000000000000000e+00 3.223665803670883179e-02
0.000000000000000000e+00 2.990357019007205963e-02
0.000000000000000000e+00 3.302665054798126221e-02
0.000000000000000000e+00 3.271053731441497803e-02
0.000000000000000000e+00 3.715007007122039795e-02
0.000000000000000000e+00 4.221949726343154907e-02
0.000000000000000000e+00 4.490117356181144714e-02
0.000000000000000000e+00 5.035074800252914429e-02
1.000000000000000000e+00 5.721006393432617188e-01
1.000000000000000000e+00 4.468302130699157715e-01
1.000000000000000000e+00 1.754333078861236572e-01
1.000000000000000000e+00 7.260745018720626831e-02
1.000000000000000000e+00 4.347252845764160156e-02
1.000000000000000000e+00 1.573584787547588348e-02
0.000000000000000000e+00 7.240348495543003082e-03
0.000000000000000000e+00 3.166879294440150261e-03
0.000000000000000000e+00 1.496720360592007637e-03
0.000000000000000000e+00 8.492650231346487999e-04
0.000000000000000000e+00 4.035821475554257631e-04
0.000000000000000000e+00 2.427516446914523840e-04
0.000000000000000000e+00 1.380159374093636870e-04
0.000000000000000000e+00 8.221561438404023647e-05
0.000000000000000000e+00 5.428242729976773262e-05
0.000000000000000000e+00 3.507997826091013849e-05
0.000000000000000000e+00 2.460396353853866458e-05
0.000000000000000000e+00 2.111703361151739955e-05
0.000000000000000000e+00 1.233882176165934652e-05
0.000000000000000000e+00 8.396430530410725623e-06
0.000000000000000000e+00 6.333252713375259191e-06
0.000000000000000000e+00 6.705487066938076168e-06
0.000000000000000000e+00 5.484491339302621782e-06
0.000000000000000000e+00 4.895659913017880172e-06
1.000000000000000000e+00 3.475588755463832058e-06
1.000000000000000000e+00 4.155751412326935679e-06
1.000000000000000000e+00 3.979820121458033100e-06
1.000000000000000000e+00 4.309354153519961983e-06
1.000000000000000000e+00 5.755567599408095703e-06
0.000000000000000000e+00 9.122772098635323346e-06
0.000000000000000000e+00 1.747785609040874988e-05
0.000000000000000000e+00 2.956118078145664185e-05
1.000000000000000000e+00 5.798755228170193732e-05
1.000000000000000000e+00 9.285973646910861135e-05
0.000000000000000000e+00 9.531925024930387735e-05
0.000000000000000000e+00 7.150031160563230515e-05
0.000000000000000000e+00 6.399381527444347739e-05
0.000000000000000000e+00 7.253441435750573874e-05
0.000000000000000000e+00 9.112872794503346086e-05
0.000000000000000000e+00 9.644549572840332985e-05
0.000000000000000000e+00 9.939545270754024386e-05
0.000000000000000000e+00 1.180232575279660523e-04
0.000000000000000000e+00 1.432332355761900544e-04
0.000000000000000000e+00 9.282893006457015872e-05
0.000000000000000000e+00 5.048376260674558580e-05
0.000000000000000000e+00 4.422937126946635544e-05
0.000000000000000000e+00 5.321338176145218313e-05
0.000000000000000000e+00 6.118573946878314018e-05
0.000000000000000000e+00 5.191353557165712118e-05
0.000000000000000000e+00 4.747950515593402088e-05
0.000000000000000000e+00 2.549442251620348543e-05
0.000000000000000000e+00 2.194517946918494999e-05
0.000000000000000000e+00 2.594636862340848893e-05
0.000000000000000000e+00 4.270884164725430310e-05
0.000000000000000000e+00 4.235774395056068897e-05
0.000000000000000000e+00 3.173335790052078664e-05
0.000000000000000000e+00 2.067685090878512710e-05
0.000000000000000000e+00 2.162070450140163302e-05
0.000000000000000000e+00 2.136778130079619586e-05
0.000000000000000000e+00 1.950479963852558285e-05
0.000000000000000000e+00 2.484043216099962592e-05
0.000000000000000000e+00 2.231623875559307635e-05
0.000000000000000000e+00 2.568952004367019981e-05
0.000000000000000000e+00 4.632943455362692475e-05
0.000000000000000000e+00 3.909741644747555256e-05
0.000000000000000000e+00 3.891132655553519726e-05
0.000000000000000000e+00 4.378290032036602497e-05
0.000000000000000000e+00 8.197011629818007350e-05
0.000000000000000000e+00 1.033874359563924372e-04
0.000000000000000000e+00 1.036669127643108368e-04
0.000000000000000000e+00 1.030594576150178909e-04
0.000000000000000000e+00 1.139255909947678447e-04
0.000000000000000000e+00 1.132760662585496902e-04
0.000000000000000000e+00 1.225282176164910197e-04
0.000000000000000000e+00 1.246088068000972271e-04
1.000000000000000000e+00 8.514491915702819824e-01
1.000000000000000000e+00 8.812928199768066406e-01
1.000000000000000000e+00 8.490742444992065430e-01
1.000000000000000000e+00 8.263476490974426270e-01
1.000000000000000000e+00 8.086686134338378906e-01
0.000000000000000000e+00 7.457074522972106934e-01
0.000000000000000000e+00 6.697062849998474121e-01
0.000000000000000000e+00 6.246721744537353516e-01
0.000000000000000000e+00 4.443561136722564697e-01
0.000000000000000000e+00 3.029605150222778320e-01
0.000000000000000000e+00 2.069367021322250366e-01
0.000000000000000000e+00 1.302139610052108765e-01
0.000000000000000000e+00 1.265797466039657593e-01
0.000000000000000000e+00 8.616271615028381348e-02
0.000000000000000000e+00 5.634278059005737305e-02
0.000000000000000000e+00 4.374997317790985107e-02
0.000000000000000000e+00 3.004152141511440277e-02
0.000000000000000000e+00 3.074148297309875488e-02
0.000000000000000000e+00 2.703349664807319641e-02
0.000000000000000000e+00 3.641644865274429321e-02
0.000000000000000000e+00 4.711603373289108276e-02
0.000000000000000000e+00 4.282581061124801636e-02
1.000000000000000000e+00 6.123324856162071228e-02
0.000000000000000000e+00 4.029459878802299500e-02
0.000000000000000000e+00 3.446502611041069031e-02
0.000000000000000000e+00 3.991127759218215942e-02
0.000000000000000000e+00 3.162812069058418274e-02
0.000000000000000000e+00 2.862125821411609650e-02
0.000000000000000000e+00 3.819785267114639282e-02
0.000000000000000000e+00 3.534914925694465637e-02
0.000000000000000000e+00 4.398865997791290283e-02
0.000000000000000000e+00 3.594898059964179993e-02
0.000000000000000000e+00 4.071602225303649902e-02
0.000000000000000000e+00 3.979982435703277588e-02
0.000000000000000000e+00 3.374570980668067932e-02
0.000000000000000000e+00 2.569842711091041565e-02
0.000000000000000000e+00 2.440646290779113770e-02
0.000000000000000000e+00 1.748788170516490936e-02
0.000000000000000000e+00 1.520562637597322464e-02
0.000000000000000000e+00 1.496353745460510254e-02
0.000000000000000000e+00 1.309772394597530365e-02
0.000000000000000000e+00 1.530260313302278519e-02
0.000000000000000000e+00 1.546067837625741959e-02
0.000000000000000000e+00 1.541944779455661774e-02
0.000000000000000000e+00 1.546457689255475998e-02
0.000000000000000000e+00 1.711518876254558563e-02
0.000000000000000000e+00 2.657498046755790710e-02
0.000000000000000000e+00 4.218988865613937378e-02
0.000000000000000000e+00 8.163449168205261230e-02
0.000000000000000000e+00 1.674637347459793091e-01
0.000000000000000000e+00 2.654028534889221191e-01
0.000000000000000000e+00 4.603109359741210938e-01
0.000000000000000000e+00 5.525810718536376953e-01
0.000000000000000000e+00 5.714762806892395020e-01
0.000000000000000000e+00 5.559964179992675781e-01
0.000000000000000000e+00 5.700831413269042969e-01
1.000000000000000000e+00 5.194202661514282227e-01
0.000000000000000000e+00 6.300187706947326660e-01
0.000000000000000000e+00 7.068349123001098633e-01
1.000000000000000000e+00 7.565134167671203613e-01
1.000000000000000000e+00 7.916383147239685059e-01
0.000000000000000000e+00 7.640851140022277832e-01
0.000000000000000000e+00 8.216339945793151855e-01
0.000000000000000000e+00 7.911205291748046875e-01
0.000000000000000000e+00 6.947982907295227051e-01
0.000000000000000000e+00 7.519135475158691406e-01
1.000000000000000000e+00 7.060215473175048828e-01
1.000000000000000000e+00 6.652514338493347168e-01
1.000000000000000000e+00 4.482049942016601562e-01
1.000000000000000000e+00 3.751547038555145264e-01
0.000000000000000000e+00 2.275613844394683838e-01
0.000000000000000000e+00 1.260222494602203369e-01
0.000000000000000000e+00 7.551401853561401367e-02
0.000000000000000000e+00 3.444462642073631287e-02
0.000000000000000000e+00 2.660493366420269012e-02
0.000000000000000000e+00 7.156712412834167480e-01
0.000000000000000000e+00 4.910562038421630859e-01
1.000000000000000000e+00 3.777693808078765869e-01
0.000000000000000000e+00 2.373711168766021729e-01
0.000000000000000000e+00 2.767209410667419434e-01
0.000000000000000000e+00 1.874648630619049072e-01
0.000000000000000000e+00 1.445192396640777588e-01
0.000000000000000000e+00 1.460056006908416748e-01
0.000000000000000000e+00 1.009210124611854553e-01
0.000000000000000000e+00 6.260549277067184448e-02
0.000000000000000000e+00 9.286154061555862427e-02
0.000000000000000000e+00 7.511514425277709961e-02
0.000000000000000000e+00 8.873178809881210327e-02
0.000000000000000000e+00 4.993072524666786194e-02
0.000000000000000000e+00 6.011558696627616882e-02
0.000000000000000000e+00 4.071633890271186829e-02
1.000000000000000000e+00 5.417494103312492371e-02
0.000000000000000000e+00 6.298618763685226440e-02
0.000000000000000000e+00 1.020106673240661621e-01
0.000000000000000000e+00 1.444724053144454956e-01
0.000000000000000000e+00 1.619308143854141235e-01
0.000000000000000000e+00 3.005569279193878174e-01
0.000000000000000000e+00 3.600219488143920898e-01
0.000000000000000000e+00 1.849073767662048340e-01
0.000000000000000000e+00 1.864857375621795654e-01
0.000000000000000000e+00 1.763121932744979858e-01
0.000000000000000000e+00 1.307238340377807617e-01
0.000000000000000000e+00 1.250738650560379028e-01
0.000000000000000000e+00 1.121828481554985046e-01
0.000000000000000000e+00 1.079533696174621582e-01
0.000000000000000000e+00 1.330131292343139648e-01
0.000000000000000000e+00 1.158884912729263306e-01
0.000000000000000000e+00 1.776698231697082520e-01
0.000000000000000000e+00 1.911292076110839844e-01
0.000000000000000000e+00 1.074584126472473145e-01
0.000000000000000000e+00 8.301525563001632690e-02
0.000000000000000000e+00 6.507915258407592773e-02
0.000000000000000000e+00 5.936270207166671753e-02
0.000000000000000000e+00 6.033819541335105896e-02
0.000000000000000000e+00 6.083511933684349060e-02
0.000000000000000000e+00 8.405333012342453003e-02
0.000000000000000000e+00 7.842966169118881226e-02
0.000000000000000000e+00 9.168408811092376709e-02
0.000000000000000000e+00 1.008160784840583801e-01
0.000000000000000000e+00 9.048153460025787354e-02
0.000000000000000000e+00 8.727636188268661499e-02
0.000000000000000000e+00 1.361659914255142212e-01
0.000000000000000000e+00 1.475319862365722656e-01
0.000000000000000000e+00 2.060643434524536133e-01
0.000000000000000000e+00 3.856662809848785400e-01
0.000000000000000000e+00 6.349977850914001465e-01
0.000000000000000000e+00 7.294325828552246094e-01
0.000000000000000000e+00 7.589023113250732422e-01
0.000000000000000000e+00 8.808307051658630371e-01
0.000000000000000000e+00 8.354804515838623047e-01
0.000000000000000000e+00 8.584454655647277832e-01
0.000000000000000000e+00 9.051693677902221680e-01
0.000000000000000000e+00 9.270874261856079102e-01
0.000000000000000000e+00 8.909152746200561523e-01
0.000000000000000000e+00 9.140505194664001465e-01
0.000000000000000000e+00 8.882708549499511719e-01
0.000000000000000000e+00 9.033361673355102539e-01
0.000000000000000000e+00 8.876832127571105957e-01
0.000000000000000000e+00 8.686671257019042969e-01
0.000000000000000000e+00 8.739256858825683594e-01
0.000000000000000000e+00 8.614429831504821777e-01
1.000000000000000000e+00 8.750597238540649414e-01
1.000000000000000000e+00 8.211882710456848145e-01
1.000000000000000000e+00 8.672524690628051758e-01
1.000000000000000000e+00 8.578538298606872559e-01
1.000000000000000000e+00 8.385527729988098145e-01
1.000000000000000000e+00 7.129707336425781250e-01
1.000000000000000000e+00 4.998896420001983643e-01
0.000000000000000000e+00 1.669751852750778198e-01
1.000000000000000000e+00 1.944740861654281616e-01
1.000000000000000000e+00 5.948301032185554504e-02
1.000000000000000000e+00 3.554520010948181152e-02
1.000000000000000000e+00 2.276325039565563202e-02
0.000000000000000000e+00 1.527891121804714203e-02
0.000000000000000000e+00 1.160740200430154800e-02
0.000000000000000000e+00 9.229610674083232880e-03
0.000000000000000000e+00 5.959037691354751587e-03
0.000000000000000000e+00 6.007871590554714203e-03
0.000000000000000000e+00 5.724984221160411835e-03
0.000000000000000000e+00 4.480708390474319458e-03
0.000000000000000000e+00 4.298998042941093445e-03
0.000000000000000000e+00 7.273078430444002151e-03
0.000000000000000000e+00 1.026633474975824356e-02
0.000000000000000000e+00 1.483445707708597183e-02
0.000000000000000000e+00 2.434408664703369141e-02
0.000000000000000000e+00 3.533228486776351929e-02
0.000000000000000000e+00 5.581466108560562134e-02
0.000000000000000000e+00 8.618181198835372925e-02
0.000000000000000000e+00 1.278255879878997803e-01
0.000000000000000000e+00 1.625696718692779541e-01
0.000000000000000000e+00 2.018072605133056641e-01
0.000000000000000000e+00 2.178553193807601929e-01
0.000000000000000000e+00 2.008213698863983154e-01
0.000000000000000000e+00 3.028215467929840088e-01
0.000000000000000000e+00 1.796606481075286865e-01
0.000000000000000000e+00 2.127691358327865601e-01
0.000000000000000000e+00 1.370420008897781372e-01
0.000000000000000000e+00 9.693711251020431519e-02
0.000000000000000000e+00 9.767664968967437744e-02
0.000000000000000000e+00 5.096828192472457886e-02
0.000000000000000000e+00 5.525229126214981079e-02
0.000000000000000000e+00 4.771735146641731262e-02
0.000000000000000000e+00 3.532468900084495544e-02
0.000000000000000000e+00 2.931701950728893280e-02
0.000000000000000000e+00 2.425494045019149780e-02
0.000000000000000000e+00 2.407565899193286896e-02
0.000000000000000000e+00 3.550489991903305054e-02
0.000000000000000000e+00 4.407927021384239197e-02
0.000000000000000000e+00 5.022629350423812866e-02
0.000000000000000000e+00 4.419580847024917603e-02
0.000000000000000000e+00 4.705088958144187927e-02
0.000000000000000000e+00 4.964676499366760254e-02
0.000000000000000000e+00 3.507858142256736755e-02
0.000000000000000000e+00 4.736894741654396057e-02
0.000000000000000000e+00 4.222981259226799011e-02
0.000000000000000000e+00 4.495077952742576599e-02
0.000000000000000000e+00 5.566671118140220642e-02
0.000000000000000000e+00 1.124874651432037354e-01
0.000000000000000000e+00 2.137432098388671875e-01
0.000000000000000000e+00 2.600176632404327393e-01
0.000000000000000000e+00 3.797725737094879150e-01
0.000000000000000000e+00 4.376963973045349121e-01
0.000000000000000000e+00 5.022569894790649414e-01
0.000000000000000000e+00 6.595056056976318359e-01
0.000000000000000000e+00 6.973460912704467773e-01
1.000000000000000000e+00 7.018387913703918457e-01
1.000000000000000000e+00 6.873562932014465332e-01
1.000000000000000000e+00 7.011198401451110840e-01
0.000000000000000000e+00 7.544076442718505859e-01
1.000000000000000000e+00 8.108685016632080078e-01
1.000000000000000000e+00 8.341215848922729492e-01
1.000000000000000000e+00 8.344622850418090820e-01
1.000000000000000000e+00 8.313395977020263672e-01
1.000000000000000000e+00 8.280885219573974609e-01
0.000000000000000000e+00 7.835240364074707031e-01
0.000000000000000000e+00 6.962298154830932617e-01
1.000000000000000000e+00 6.218364238739013672e-01
1.000000000000000000e+00 6.070570349693298340e-01
1.000000000000000000e+00 4.823614954948425293e-01
1.000000000000000000e+00 3.750085830688476562e-01
0.000000000000000000e+00 3.052809536457061768e-01
0.000000000000000000e+00 2.628780305385589600e-01
0.000000000000000000e+00 2.551516294479370117e-01
0.000000000000000000e+00 1.179835945367813110e-01
0.000000000000000000e+00 1.498851627111434937e-01
1.000000000000000000e+00 9.222201704978942871e-01
1.000000000000000000e+00 9.241318106651306152e-01
1.000000000000000000e+00 9.402149319648742676e-01
1.000000000000000000e+00 9.142990708351135254e-01
1.000000000000000000e+00 9.255390167236328125e-01
1.000000000000000000e+00 9.038112163543701172e-01
1.000000000000000000e+00 8.545747399330139160e-01
0.000000000000000000e+00 8.294227719306945801e-01
0.000000000000000000e+00 7.197555303573608398e-01
0.000000000000000000e+00 6.855189800262451172e-01
0.000000000000000000e+00 4.503931403160095215e-01
0.000000000000000000e+00 3.628668487071990967e-01
0.000000000000000000e+00 2.385117709636688232e-01
0.000000000000000000e+00 2.225669324398040771e-01
0.000000000000000000e+00 1.167840808629989624e-01
0.000000000000000000e+00 8.468239009380340576e-02
1.000000000000000000e+00 9.173566848039627075e-02
0.000000000000000000e+00 6.143771857023239136e-02
0.000000000000000000e+00 4.107129573822021484e-02
0.000000000000000000e+00 3.895602747797966003e-02
0.000000000000000000e+00 3.790573775768280029e-02
0.000000000000000000e+00 4.154600203037261963e-02
0.000000000000000000e+00 6.414613872766494751e-02
0.000000000000000000e+00 6.464631855487823486e-02
0.000000000000000000e+00 7.321165502071380615e-02
0.000000000000000000e+00 9.453070908784866333e-02
0.000000000000000000e+00 1.036961823701858521e-01
0.000000000000000000e+00 1.141254827380180359e-01
0.000000000000000000e+00 2.049295157194137573e-01
0.000000000000000000e+00 3.117831349372863770e-01
0.000000000000000000e+00 3.658380508422851562e-01
0.000000000000000000e+00 3.820489346981048584e-01
0.000000000000000000e+00 3.616817295551300049e-01
0.000000000000000000e+00 3.834069967269897461e-01
0.000000000000000000e+00 3.570197224617004395e-01
0.000000000000000000e+00 2.302171736955642700e-01
0.000000000000000000e+00 2.161936610937118530e-01
0.000000000000000000e+00 3.324989974498748779e-01
0.000000000000000000e+00 2.228629589080810547e-01
0.000000000000000000e+00 2.593078017234802246e-01
0.000000000000000000e+00 2.564237117767333984e-01
0.000000000000000000e+00 2.073273509740829468e-01
0.000000000000000000e+00 1.140087917447090149e-01
0.000000000000000000e+00 1.578113436698913574e-01
0.000000000000000000e+00 8.423188328742980957e-02
0.000000000000000000e+00 8.992008864879608154e-02
0.000000000000000000e+00 1.161897331476211548e-01
0.000000000000000000e+00 2.235953509807586670e-01
0.000000000000000000e+00 3.728842735290527344e-01
0.000000000000000000e+00 4.794620275497436523e-01
0.000000000000000000e+00 4.752918183803558350e-01
0.000000000000000000e+00 6.158254742622375488e-01
0.000000000000000000e+00 7.428581714630126953e-01
0.000000000000000000e+00 8.097828030586242676e-01
0.000000000000000000e+00 8.180114626884460449e-01
1.000000000000000000e+00 8.700812458992004395e-01
1.000000000000000000e+00 8.637168407440185547e-01
1.000000000000000000e+00 8.733722567558288574e-01
1.000000000000000000e+00 8.768177032470703125e-01
1.000000000000000000e+00 8.800490498542785645e-01
1.000000000000000000e+00 8.923648595809936523e-01
0.000000000000000000e+00 8.429729342460632324e-01
0.000000000000000000e+00 8.936081528663635254e-01
0.000000000000000000e+00 8.934919238090515137e-01
0.000000000000000000e+00 8.180171251296997070e-01
0.000000000000000000e+00 6.905937194824218750e-01
0.000000000000000000e+00 6.869795322418212891e-01
0.000000000000000000e+00 6.858590841293334961e-01
0.000000000000000000e+00 5.997308492660522461e-01
0.000000000000000000e+00 5.105326175689697266e-01
0.000000000000000000e+00 3.260657191276550293e-01
0.000000000000000000e+00 3.463550806045532227e-01
0.000000000000000000e+00 2.355709969997406006e-01
0.000000000000000000e+00 1.188203617930412292e-01
0.000000000000000000e+00 1.434764713048934937e-01
0.000000000000000000e+00 9.238943457603454590e-01
0.000000000000000000e+00 8.995137810707092285e-01
0.000000000000000000e+00 9.052326083183288574e-01
0.000000000000000000e+00 8.439993262290954590e-01
0.000000000000000000e+00 8.704565167427062988e-01
0.000000000000000000e+00 7.869201302528381348e-01
0.000000000000000000e+00 6.874334216117858887e-01
0.000000000000000000e+00 5.381340384483337402e-01
0.000000000000000000e+00 5.724941492080688477e-01
0.000000000000000000e+00 4.346428215503692627e-01
0.000000000000000000e+00 3.589141964912414551e-01
0.000000000000000000e+00 3.670677840709686279e-01
0.000000000000000000e+00 2.561916410923004150e-01
0.000000000000000000e+00 2.640827000141143799e-01
0.000000000000000000e+00 2.031510174274444580e-01
0.000000000000000000e+00 1.957509219646453857e-01
0.000000000000000000e+00 2.079445570707321167e-01
0.000000000000000000e+00 1.632680743932723999e-01
0.000000000000000000e+00 1.567731797695159912e-01
0.000000000000000000e+00 1.733682155609130859e-01
0.000000000000000000e+00 2.355330139398574829e-01
1.000000000000000000e+00 3.097916543483734131e-01
1.000000000000000000e+00 5.584776401519775391e-01
1.000000000000000000e+00 6.501407027244567871e-01
0.000000000000000000e+00 6.537953615188598633e-01
0.000000000000000000e+00 5.934840440750122070e-01
0.000000000000000000e+00 4.738214015960693359e-01
0.000000000000000000e+00 5.472975373268127441e-01
0.000000000000000000e+00 5.887147784233093262e-01
0.000000000000000000e+00 5.928965806961059570e-01
0.000000000000000000e+00 4.291404783725738525e-01
0.000000000000000000e+00 3.916321396827697754e-01
0.000000000000000000e+00 3.603743612766265869e-01
0.000000000000000000e+00 5.575377941131591797e-01
0.000000000000000000e+00 3.867339491844177246e-01
0.000000000000000000e+00 3.095720708370208740e-01
0.000000000000000000e+00 3.583944141864776611e-01
0.000000000000000000e+00 2.086776196956634521e-01
0.000000000000000000e+00 2.122624367475509644e-01
0.000000000000000000e+00 2.605305910110473633e-01
0.000000000000000000e+00 1.929912716150283813e-01
0.000000000000000000e+00 1.043724119663238525e-01
0.000000000000000000e+00 9.588748216629028320e-02
0.000000000000000000e+00 8.281845599412918091e-02
0.000000000000000000e+00 7.451060414314270020e-02
0.000000000000000000e+00 5.685509368777275085e-02
0.000000000000000000e+00 5.436921492218971252e-02
0.000000000000000000e+00 5.475902557373046875e-02
1.000000000000000000e+00 5.106095969676971436e-02
0.000000000000000000e+00 6.576099991798400879e-02
0.000000000000000000e+00 9.734848886728286743e-02
0.000000000000000000e+00 1.038301512598991394e-01
0.000000000000000000e+00 1.688200086355209351e-01
1.000000000000000000e+00 2.702518105506896973e-01
1.000000000000000000e+00 4.792245328426361084e-01
1.000000000000000000e+00 4.623488485813140869e-01
0.000000000000000000e+00 4.068160951137542725e-01
0.000000000000000000e+00 4.174819290637969971e-01
0.000000000000000000e+00 3.569293618202209473e-01
1.000000000000000000e+00 4.302576184272766113e-01
1.000000000000000000e+00 5.256986618041992188e-01
1.000000000000000000e+00 5.435905456542968750e-01
1.000000000000000000e+00 6.714041233062744141e-01
1.000000000000000000e+00 6.061605811119079590e-01
1.000000000000000000e+00 5.486073493957519531e-01
0.000000000000000000e+00 7.324034571647644043e-01
0.000000000000000000e+00 7.401765584945678711e-01
0.000000000000000000e+00 8.020296692848205566e-01
0.000000000000000000e+00 8.046343922615051270e-01
0.000000000000000000e+00 8.000621199607849121e-01
0.000000000000000000e+00 7.239574790000915527e-01
0.000000000000000000e+00 6.281783580780029297e-01
0.000000000000000000e+00 5.471481084823608398e-01
0.000000000000000000e+00 3.927469253540039062e-01
0.000000000000000000e+00 3.905795514583587646e-01
