0.000000000000000000e+00 9.752272963523864746e-01
0.000000000000000000e+00 9.726833701133728027e-01
0.000000000000000000e+00 9.755594134330749512e-01
0.000000000000000000e+00 9.743875861167907715e-01
0.000000000000000000e+00 9.680463075637817383e-01
0.000000000000000000e+00 9.764807224273681641e-01
0.000000000000000000e+00 9.739413857460021973e-01
0.000000000000000000e+00 9.664499759674072266e-01
0.000000000000000000e+00 9.767810106277465820e-01
0.000000000000000000e+00 9.775617718696594238e-01
0.000000000000000000e+00 9.600036740303039551e-01
0.000000000000000000e+00 9.638606309890747070e-01
0.000000000000000000e+00 9.682479500770568848e-01
0.000000000000000000e+00 9.688378572463989258e-01
0.000000000000000000e+00 9.686883687973022461e-01
0.000000000000000000e+00 9.596067667007446289e-01
1.000000000000000000e+00 9.627674221992492676e-01
1.000000000000000000e+00 9.638736844062805176e-01
1.000000000000000000e+00 9.613329768180847168e-01
0.000000000000000000e+00 9.636281132698059082e-01
0.000000000000000000e+00 9.772605299949645996e-01
0.000000000000000000e+00 9.739812016487121582e-01
1.000000000000000000e+00 9.736961126327514648e-01
1.000000000000000000e+00 9.800467491149902344e-01
1.000000000000000000e+00 9.790515899658203125e-01
1.000000000000000000e+00 9.723103046417236328e-01
1.000000000000000000e+00 9.767643809318542480e-01
1.000000000000000000e+00 9.683282375335693359e-01
1.000000000000000000e+00 9.790040850639343262e-01
1.000000000000000000e+00 9.758911132812500000e-01
1.000000000000000000e+00 9.782255887985229492e-01
1.000000000000000000e+00 9.704259037971496582e-01
0.000000000000000000e+00 9.469239711761474609e-01
0.000000000000000000e+00 9.510866403579711914e-01
0.000000000000000000e+00 8.946549892425537109e-01
0.000000000000000000e+00 8.516301512718200684e-01
0.000000000000000000e+00 6.809341907501220703e-01
0.000000000000000000e+00 6.449255943298339844e-01
0.000000000000000000e+00 4.252414107322692871e-01
0.000000000000000000e+00 3.235591053962707520e-01
0.000000000000000000e+00 1.610727012157440186e-01
0.000000000000000000e+00 1.084754988551139832e-01
0.000000000000000000e+00 4.235473647713661194e-02
0.000000000000000000e+00 2.268821932375431061e-02
0.000000000000000000e+00 1.032861601561307907e-02
0.000000000000000000e+00 6.491092033684253693e-03
0.000000000000000000e+00 4.354403354227542877e-03
0.000000000000000000e+00 3.062212606891989708e-03
0.000000000000000000e+00 3.887191647663712502e-03
0.000000000000000000e+00 2.549066441133618355e-03
0.000000000000000000e+00 3.239019541069865227e-03
0.000000000000000000e+00 4.345197230577468872e-03
0.000000000000000000e+00 3.680842695757746696e-03
0.000000000000000000e+00 8.177619427442550659e-03
0.000000000000000000e+00 8.962973952293395996e-03
1.000000000000000000e+00 1.150872930884361267e-02
1.000000000000000000e+00 1.782600022852420807e-02
0.000000000000000000e+00 3.903491795063018799e-02
0.000000000000000000e+00 8.166732639074325562e-02
0.000000000000000000e+00 2.305218726396560669e-01
0.000000000000000000e+00 2.442081570625305176e-01
1.000000000000000000e+00 1.644163727760314941e-01
1.000000000000000000e+00 2.979569435119628906e-01
1.000000000000000000e+00 4.157332479953765869e-01
1.000000000000000000e+00 5.017415881156921387e-01
1.000000000000000000e+00 4.558824002742767334e-01
1.000000000000000000e+00 6.300091147422790527e-01
1.000000000000000000e+00 6.997138857841491699e-01
1.000000000000000000e+00 7.135313153266906738e-01
1.000000000000000000e+00 7.161236405372619629e-01
0.000000000000000000e+00 7.079994082450866699e-01
0.000000000000000000e+00 6.535741090774536133e-01
0.000000000000000000e+00 4.176971316337585449e-01
0.000000000000000000e+00 4.238712191581726074e-01
0.000000000000000000e+00 2.174874693155288696e-01
0.000000000000000000e+00 9.610421061515808105e-01
0.000000000000000000e+00 9.620180726051330566e-01
0.000000000000000000e+00 9.577460289001464844e-01
0.000000000000000000e+00 9.681370258331298828e-01
0.000000000000000000e+00 9.428051710128784180e-01
0.000000000000000000e+00 9.576358795166015625e-01
0.000000000000000000e+00 9.542223811149597168e-01
0.000000000000000000e+00 9.622408747673034668e-01
0.000000000000000000e+00 9.542939066886901855e-01
0.000000000000000000e+00 9.458559155464172363e-01
0.000000000000000000e+00 9.185391068458557129e-01
0.000000000000000000e+00 9.442075490951538086e-01
0.000000000000000000e+00 9.182892441749572754e-01
0.000000000000000000e+00 8.541401028633117676e-01
1.000000000000000000e+00 8.572040200233459473e-01
1.000000000000000000e+00 8.581670522689819336e-01
1.000000000000000000e+00 8.583108782768249512e-01
1.000000000000000000e+00 8.308467268943786621e-01
1.000000000000000000e+00 8.470762372016906738e-01
1.000000000000000000e+00 8.261830210685729980e-01
0.000000000000000000e+00 8.270642161369323730e-01
1.000000000000000000e+00 8.838571906089782715e-01
1.000000000000000000e+00 8.851218819618225098e-01
1.000000000000000000e+00 9.136744737625122070e-01
0.000000000000000000e+00 9.086396694183349609e-01
1.000000000000000000e+00 9.022153615951538086e-01
1.000000000000000000e+00 8.265663981437683105e-01
1.000000000000000000e+00 7.145693302154541016e-01
1.000000000000000000e+00 7.841565608978271484e-01
0.000000000000000000e+00 8.159789443016052246e-01
1.000000000000000000e+00 7.902389168739318848e-01
1.000000000000000000e+00 6.469810009002685547e-01
1.000000000000000000e+00 3.527683913707733154e-01
1.000000000000000000e+00 3.085509836673736572e-01
1.000000000000000000e+00 2.253723889589309692e-01
0.000000000000000000e+00 1.246985644102096558e-01
0.000000000000000000e+00 9.616819769144058228e-02
0.000000000000000000e+00 7.759620249271392822e-02
0.000000000000000000e+00 7.499392330646514893e-02
0.000000000000000000e+00 6.737997382879257202e-02
0.000000000000000000e+00 6.482208520174026489e-02
0.000000000000000000e+00 6.342366337776184082e-02
0.000000000000000000e+00 6.966838240623474121e-02
0.000000000000000000e+00 5.635628476738929749e-02
0.000000000000000000e+00 5.991149321198463440e-02
0.000000000000000000e+00 5.273358523845672607e-02
0.000000000000000000e+00 4.832761734724044800e-02
0.000000000000000000e+00 4.656019434332847595e-02
0.000000000000000000e+00 4.326200485229492188e-02
0.000000000000000000e+00 4.052499681711196899e-02
0.000000000000000000e+00 4.250191897153854370e-02
0.000000000000000000e+00 4.493618384003639221e-02
0.000000000000000000e+00 4.817180335521697998e-02
0.000000000000000000e+00 4.773364961147308350e-02
0.000000000000000000e+00 4.641810059547424316e-02
0.000000000000000000e+00 3.806555643677711487e-02
0.000000000000000000e+00 3.608585149049758911e-02
0.000000000000000000e+00 3.545049205422401428e-02
0.000000000000000000e+00 3.444572910666465759e-02
0.000000000000000000e+00 3.697239980101585388e-02
0.000000000000000000e+00 3.693187981843948364e-02
0.000000000000000000e+00 3.196461871266365051e-02
0.000000000000000000e+00 3.230520337820053101e-02
0.000000000000000000e+00 3.314673155546188354e-02
0.000000000000000000e+00 3.359726816415786743e-02
0.000000000000000000e+00 3.713130578398704529e-02
0.000000000000000000e+00 4.287115111947059631e-02
0.000000000000000000e+00 3.648283332586288452e-02
0.000000000000000000e+00 4.141600802540779114e-02
0.000000000000000000e+00 4.473879933357238770e-02
0.000000000000000000e+00 4.376854747533798218e-02
0.000000000000000000e+00 5.559401214122772217e-02
0.000000000000000000e+00 5.077986046671867371e-02
0.000000000000000000e+00 5.210112407803535461e-02
0.000000000000000000e+00 4.797150194644927979e-02
1.000000000000000000e+00 8.810902237892150879e-01
1.000000000000000000e+00 8.004683256149291992e-01
1.000000000000000000e+00 6.147011518478393555e-01
1.000000000000000000e+00 3.209936916828155518e-01
1.000000000000000000e+00 5.387312918901443481e-02
1.000000000000000000e+00 1.005235966295003891e-02
0.000000000000000000e+00 2.529111225157976151e-03
0.000000000000000000e+00 6.568127428181469440e-04
0.000000000000000000e+00 3.848579362966120243e-04
0.000000000000000000e+00 1.314843830186873674e-04
0.000000000000000000e+00 3.818968616542406380e-05
0.000000000000000000e+00 2.568493982835207134e-05
0.000000000000000000e+00 1.096315554605098441e-05
0.000000000000000000e+00 8.037210136535577476e-06
0.000000000000000000e+00 5.320981472323182970e-06
0.000000000000000000e+00 2.339608272450277582e-06
0.000000000000000000e+00 1.510612150923407171e-06
0.000000000000000000e+00 1.632275484553247225e-06
0.000000000000000000e+00 1.217909016304474790e-06
0.000000000000000000e+00 1.136872697315993719e-06
0.000000000000000000e+00 1.461178271711105481e-06
0.000000000000000000e+00 1.473581164646020625e-06
0.000000000000000000e+00 1.092666252588969655e-06
0.000000000000000000e+00 1.131713815993862227e-06
1.000000000000000000e+00 9.822585980145959184e-07
1.000000000000000000e+00 7.136393378459615633e-07
1.000000000000000000e+00 7.792212954882415943e-07
1.000000000000000000e+00 1.444027020625071600e-06
1.000000000000000000e+00 1.708418835733027663e-06
0.000000000000000000e+00 3.812358499999390915e-06
0.000000000000000000e+00 5.010188488085987046e-06
0.000000000000000000e+00 7.454221304215025157e-06
1.000000000000000000e+00 1.769468872225843370e-05
1.000000000000000000e+00 2.289981966896448284e-05
0.000000000000000000e+00 2.047105226665735245e-05
0.000000000000000000e+00 1.883850018202792853e-05
0.000000000000000000e+00 1.465118475607596338e-05
0.000000000000000000e+00 1.378245360683649778e-05
0.000000000000000000e+00 1.993715522985439748e-05
0.000000000000000000e+00 1.653233630349859595e-05
0.000000000000000000e+00 2.346442306588869542e-05
0.000000000000000000e+00 2.703708014450967312e-05
0.000000000000000000e+00 2.545957977417856455e-05
0.000000000000000000e+00 1.309182698605582118e-05
0.000000000000000000e+00 9.064191544894129038e-06
0.000000000000000000e+00 4.878540948993759230e-06
0.000000000000000000e+00 6.444253358495188877e-06
0.000000000000000000e+00 6.742873210896505043e-06
0.000000000000000000e+00 7.968194950080942363e-06
0.000000000000000000e+00 7.347464361373567954e-06
0.000000000000000000e+00 5.074015916761709377e-06
0.000000000000000000e+00 3.846299023280153051e-06
0.000000000000000000e+00 5.925590357946930453e-06
0.000000000000000000e+00 1.355669792246771976e-05
0.000000000000000000e+00 1.385350697091780603e-05
0.000000000000000000e+00 1.133513160311849788e-05
0.000000000000000000e+00 1.099446126318071038e-05
0.000000000000000000e+00 7.677328540012240410e-06
0.000000000000000000e+00 8.540944691048935056e-06
0.000000000000000000e+00 1.024412267724983394e-05
0.000000000000000000e+00 1.108551987272221595e-05
0.000000000000000000e+00 8.306915333378128707e-06
0.000000000000000000e+00 1.036997673509176821e-05
0.000000000000000000e+00 1.524648268969031051e-05
0.000000000000000000e+00 1.294654975936282426e-05
0.000000000000000000e+00 1.223234448843868449e-05
0.000000000000000000e+00 2.365817454119678587e-05
0.000000000000000000e+00 4.607033042702823877e-05
0.000000000000000000e+00 5.327497638063505292e-05
0.000000000000000000e+00 5.124431118019856513e-05
0.000000000000000000e+00 6.801614654250442982e-05
0.000000000000000000e+00 4.470174462767317891e-05
0.000000000000000000e+00 5.601371958618983626e-05
0.000000000000000000e+00 5.543825318454764783e-05
0.000000000000000000e+00 8.104125299723818898e-05
1.000000000000000000e+00 9.901870489120483398e-01
1.000000000000000000e+00 9.866255521774291992e-01
1.000000000000000000e+00 9.828778505325317383e-01
1.000000000000000000e+00 9.783873558044433594e-01
1.000000000000000000e+00 9.655189514160156250e-01
0.000000000000000000e+00 9.178162217140197754e-01
0.000000000000000000e+00 8.342357873916625977e-01
0.000000000000000000e+00 7.878603339195251465e-01
0.000000000000000000e+00 5.991743206977844238e-01
0.000000000000000000e+00 5.668801069259643555e-01
0.000000000000000000e+00 3.259313404560089111e-01
0.000000000000000000e+00 3.503604233264923096e-01
0.000000000000000000e+00 2.355187833309173584e-01
0.000000000000000000e+00 1.335871517658233643e-01
0.000000000000000000e+00 1.018542423844337463e-01
0.000000000000000000e+00 7.144451886415481567e-02
0.000000000000000000e+00 5.546064674854278564e-02
0.000000000000000000e+00 4.123626649379730225e-02
0.000000000000000000e+00 3.145918995141983032e-02
0.000000000000000000e+00 3.589235618710517883e-02
0.000000000000000000e+00 3.493776544928550720e-02
0.000000000000000000e+00 4.891197383403778076e-02
1.000000000000000000e+00 3.842937573790550232e-02
0.000000000000000000e+00 4.313558340072631836e-02
0.000000000000000000e+00 2.892293035984039307e-02
0.000000000000000000e+00 2.413640357553958893e-02
0.000000000000000000e+00 1.986791379749774933e-02
0.000000000000000000e+00 2.189064398407936096e-02
0.000000000000000000e+00 2.884867601096630096e-02
0.000000000000000000e+00 3.232192993164062500e-02
0.000000000000000000e+00 2.338013797998428345e-02
0.000000000000000000e+00 4.286725819110870361e-02
0.000000000000000000e+00 4.363954067230224609e-02
0.000000000000000000e+00 5.299292132258415222e-02
0.000000000000000000e+00 3.907404094934463501e-02
0.000000000000000000e+00 5.056760832667350769e-02
0.000000000000000000e+00 2.729017660021781921e-02
0.000000000000000000e+00 2.582524158060550690e-02
0.000000000000000000e+00 1.695464551448822021e-02
0.000000000000000000e+00 1.825756393373012543e-02
0.000000000000000000e+00 1.752758026123046875e-02
0.000000000000000000e+00 1.712024956941604614e-02
0.000000000000000000e+00 1.252311281859874725e-02
0.000000000000000000e+00 1.232352294027805328e-02
0.000000000000000000e+00 1.409976556897163391e-02
0.000000000000000000e+00 1.313661132007837296e-02
0.000000000000000000e+00 3.386122733354568481e-02
0.000000000000000000e+00 3.562139719724655151e-02
0.000000000000000000e+00 1.194658353924751282e-01
0.000000000000000000e+00 1.552528142929077148e-01
0.000000000000000000e+00 3.285277783870697021e-01
0.000000000000000000e+00 6.273937225341796875e-01
0.000000000000000000e+00 6.540854573249816895e-01
0.000000000000000000e+00 6.848036646842956543e-01
0.000000000000000000e+00 6.903584599494934082e-01
0.000000000000000000e+00 6.505814194679260254e-01
1.000000000000000000e+00 7.056577205657958984e-01
0.000000000000000000e+00 8.302977681159973145e-01
0.000000000000000000e+00 7.564232945442199707e-01
1.000000000000000000e+00 7.001296281814575195e-01
1.000000000000000000e+00 8.863137960433959961e-01
0.000000000000000000e+00 8.762431740760803223e-01
0.000000000000000000e+00 8.921924829483032227e-01
0.000000000000000000e+00 8.119409084320068359e-01
0.000000000000000000e+00 8.031486272811889648e-01
0.000000000000000000e+00 7.745778560638427734e-01
1.000000000000000000e+00 7.381174564361572266e-01
1.000000000000000000e+00 5.280030965805053711e-01
1.000000000000000000e+00 3.103314340114593506e-01
1.000000000000000000e+00 2.023663520812988281e-01
0.000000000000000000e+00 8.660186827182769775e-02
0.000000000000000000e+00 5.583578348159790039e-02
0.000000000000000000e+00 4.298095405101776123e-02
0.000000000000000000e+00 1.774457469582557678e-02
0.000000000000000000e+00 1.460398547351360321e-02
0.000000000000000000e+00 9.252108931541442871e-01
0.000000000000000000e+00 8.721101880073547363e-01
1.000000000000000000e+00 7.442749142646789551e-01
0.000000000000000000e+00 5.752079486846923828e-01
0.000000000000000000e+00 3.557822108268737793e-01
0.000000000000000000e+00 2.272482216358184814e-01
0.000000000000000000e+00 1.629830598831176758e-01
0.000000000000000000e+00 1.787527352571487427e-01
0.000000000000000000e+00 1.083084717392921448e-01
0.000000000000000000e+00 1.657966226339340210e-01
0.000000000000000000e+00 8.329199254512786865e-02
0.000000000000000000e+00 1.645168811082839966e-01
0.000000000000000000e+00 1.722281277179718018e-01
0.000000000000000000e+00 2.079665362834930420e-01
0.000000000000000000e+00 1.461857557296752930e-01
0.000000000000000000e+00 1.706764847040176392e-01
1.000000000000000000e+00 1.605244725942611694e-01
0.000000000000000000e+00 1.696949303150177002e-01
0.000000000000000000e+00 2.487026751041412354e-01
0.000000000000000000e+00 3.550100326538085938e-01
0.000000000000000000e+00 6.720972061157226562e-01
0.000000000000000000e+00 6.118711233139038086e-01
0.000000000000000000e+00 6.372707486152648926e-01
0.000000000000000000e+00 5.915738940238952637e-01
0.000000000000000000e+00 6.113074421882629395e-01
0.000000000000000000e+00 3.659538924694061279e-01
0.000000000000000000e+00 3.955663144588470459e-01
0.000000000000000000e+00 4.195076823234558105e-01
0.000000000000000000e+00 4.809101521968841553e-01
0.000000000000000000e+00 3.000132441520690918e-01
0.000000000000000000e+00 3.653223216533660889e-01
0.000000000000000000e+00 3.919590115547180176e-01
0.000000000000000000e+00 3.867687880992889404e-01
0.000000000000000000e+00 4.866520464420318604e-01
0.000000000000000000e+00 2.328259497880935669e-01
0.000000000000000000e+00 1.202373132109642029e-01
0.000000000000000000e+00 6.275034695863723755e-02
0.000000000000000000e+00 7.633870095014572144e-02
0.000000000000000000e+00 4.005969688296318054e-02
0.000000000000000000e+00 3.726587817072868347e-02
0.000000000000000000e+00 4.874612018465995789e-02
0.000000000000000000e+00 9.532863646745681763e-02
0.000000000000000000e+00 6.692147254943847656e-02
0.000000000000000000e+00 4.899249225854873657e-02
0.000000000000000000e+00 4.178958013653755188e-02
0.000000000000000000e+00 2.598592638969421387e-02
0.000000000000000000e+00 1.212080419063568115e-01
0.000000000000000000e+00 2.194450944662094116e-01
0.000000000000000000e+00 3.182624578475952148e-01
0.000000000000000000e+00 5.596370697021484375e-01
0.000000000000000000e+00 7.914181947708129883e-01
0.000000000000000000e+00 9.005447030067443848e-01
0.000000000000000000e+00 9.487762451171875000e-01
0.000000000000000000e+00 9.561218619346618652e-01
0.000000000000000000e+00 9.500812292098999023e-01
0.000000000000000000e+00 9.682027101516723633e-01
0.000000000000000000e+00 9.534742236137390137e-01
0.000000000000000000e+00 9.631668329238891602e-01
0.000000000000000000e+00 9.603869318962097168e-01
0.000000000000000000e+00 8.924033045768737793e-01
0.000000000000000000e+00 8.850257992744445801e-01
0.000000000000000000e+00 8.214734792709350586e-01
0.000000000000000000e+00 9.245511889457702637e-01
0.000000000000000000e+00 8.703148365020751953e-01
0.000000000000000000e+00 8.048859834671020508e-01
0.000000000000000000e+00 8.177682161331176758e-01
1.000000000000000000e+00 8.018221259117126465e-01
1.000000000000000000e+00 8.246077895164489746e-01
1.000000000000000000e+00 7.542462348937988281e-01
1.000000000000000000e+00 7.754183411598205566e-01
1.000000000000000000e+00 6.379773616790771484e-01
1.000000000000000000e+00 6.755518913269042969e-01
1.000000000000000000e+00 3.029277622699737549e-01
0.000000000000000000e+00 1.557296216487884521e-01
1.000000000000000000e+00 1.475429236888885498e-01
1.000000000000000000e+00 2.716732025146484375e-01
1.000000000000000000e+00 2.003015279769897461e-01
1.000000000000000000e+00 1.731797754764556885e-01
0.000000000000000000e+00 1.389951109886169434e-01
0.000000000000000000e+00 1.067000180482864380e-01
0.000000000000000000e+00 6.961821019649505615e-02
0.000000000000000000e+00 5.571191012859344482e-02
0.000000000000000000e+00 4.416909813880920410e-02
0.000000000000000000e+00 4.673359170556068420e-02
0.000000000000000000e+00 4.445476830005645752e-02
0.000000000000000000e+00 4.940203204751014709e-02
0.000000000000000000e+00 5.300683900713920593e-02
0.000000000000000000e+00 6.005461141467094421e-02
0.000000000000000000e+00 5.648706108331680298e-02
0.000000000000000000e+00 6.596409529447555542e-02
0.000000000000000000e+00 7.991712540388107300e-02
0.000000000000000000e+00 9.225941449403762817e-02
0.000000000000000000e+00 1.005069389939308167e-01
0.000000000000000000e+00 1.030638739466667175e-01
0.000000000000000000e+00 9.820105880498886108e-02
0.000000000000000000e+00 1.174704357981681824e-01
0.000000000000000000e+00 1.074967309832572937e-01
0.000000000000000000e+00 1.307237148284912109e-01
0.000000000000000000e+00 1.032252684235572815e-01
0.000000000000000000e+00 9.489775449037551880e-02
0.000000000000000000e+00 1.044847071170806885e-01
0.000000000000000000e+00 1.043222174048423767e-01
0.000000000000000000e+00 7.766052335500717163e-02
0.000000000000000000e+00 7.056652754545211792e-02
0.000000000000000000e+00 6.948352605104446411e-02
0.000000000000000000e+00 5.889192968606948853e-02
0.000000000000000000e+00 4.815424233675003052e-02
0.000000000000000000e+00 4.553268849849700928e-02
0.000000000000000000e+00 4.415246099233627319e-02
0.000000000000000000e+00 4.292861744761466980e-02
0.000000000000000000e+00 3.622377663850784302e-02
0.000000000000000000e+00 4.103262722492218018e-02
0.000000000000000000e+00 3.963610902428627014e-02
0.000000000000000000e+00 4.326136410236358643e-02
0.000000000000000000e+00 4.272509366273880005e-02
0.000000000000000000e+00 4.178600385785102844e-02
0.000000000000000000e+00 3.552974388003349304e-02
0.000000000000000000e+00 3.554336726665496826e-02
0.000000000000000000e+00 4.496917873620986938e-02
0.000000000000000000e+00 4.117729142308235168e-02
0.000000000000000000e+00 3.792662918567657471e-02
0.000000000000000000e+00 5.186957865953445435e-02
0.000000000000000000e+00 7.524961978197097778e-02
0.000000000000000000e+00 1.175433993339538574e-01
0.000000000000000000e+00 1.532760262489318848e-01
0.000000000000000000e+00 1.639728397130966187e-01
0.000000000000000000e+00 2.614066004753112793e-01
0.000000000000000000e+00 3.051570057868957520e-01
0.000000000000000000e+00 2.658604383468627930e-01
0.000000000000000000e+00 5.845082998275756836e-01
1.000000000000000000e+00 4.580253958702087402e-01
1.000000000000000000e+00 4.746484458446502686e-01
1.000000000000000000e+00 5.358324646949768066e-01
0.000000000000000000e+00 6.477898359298706055e-01
1.000000000000000000e+00 6.604056954383850098e-01
1.000000000000000000e+00 7.601363062858581543e-01
1.000000000000000000e+00 7.770336270332336426e-01
1.000000000000000000e+00 6.651496291160583496e-01
1.000000000000000000e+00 6.760742068290710449e-01
0.000000000000000000e+00 5.293686389923095703e-01
0.000000000000000000e+00 2.882806062698364258e-01
1.000000000000000000e+00 2.789080142974853516e-01
1.000000000000000000e+00 2.125471979379653931e-01
1.000000000000000000e+00 1.674354076385498047e-01
1.000000000000000000e+00 9.234143048524856567e-02
0.000000000000000000e+00 6.832479685544967651e-02
0.000000000000000000e+00 4.419882223010063171e-02
0.000000000000000000e+00 3.657985106110572815e-02
0.000000000000000000e+00 1.709710806608200073e-02
0.000000000000000000e+00 1.508561708033084869e-02
1.000000000000000000e+00 9.650376439094543457e-01
1.000000000000000000e+00 9.579036831855773926e-01
1.000000000000000000e+00 9.663290977478027344e-01
1.000000000000000000e+00 9.370332956314086914e-01
1.000000000000000000e+00 8.893283009529113770e-01
1.000000000000000000e+00 8.425313830375671387e-01
1.000000000000000000e+00 7.311777472496032715e-01
0.000000000000000000e+00 6.963750123977661133e-01
0.000000000000000000e+00 6.614200472831726074e-01
0.000000000000000000e+00 5.176512598991394043e-01
0.000000000000000000e+00 5.461653470993041992e-01
0.000000000000000000e+00 5.080681443214416504e-01
0.000000000000000000e+00 2.955136895179748535e-01
0.000000000000000000e+00 2.016960531473159790e-01
0.000000000000000000e+00 1.355029791593551636e-01
0.000000000000000000e+00 1.102770343422889709e-01
1.000000000000000000e+00 8.401266485452651978e-02
0.000000000000000000e+00 9.347338974475860596e-02
0.000000000000000000e+00 7.067836076021194458e-02
0.000000000000000000e+00 6.353925168514251709e-02
0.000000000000000000e+00 7.947865128517150879e-02
0.000000000000000000e+00 7.968044281005859375e-02
0.000000000000000000e+00 8.747104555368423462e-02
0.000000000000000000e+00 7.434792816638946533e-02
0.000000000000000000e+00 1.345468014478683472e-01
0.000000000000000000e+00 1.153529658913612366e-01
0.000000000000000000e+00 1.208236739039421082e-01
0.000000000000000000e+00 1.172067075967788696e-01
0.000000000000000000e+00 1.257230937480926514e-01
0.000000000000000000e+00 2.112103104591369629e-01
0.000000000000000000e+00 3.010641336441040039e-01
0.000000000000000000e+00 2.782323360443115234e-01
0.000000000000000000e+00 1.818110644817352295e-01
0.000000000000000000e+00 2.770299315452575684e-01
0.000000000000000000e+00 1.840618699789047241e-01
0.000000000000000000e+00 2.643098235130310059e-01
0.000000000000000000e+00 2.156394571065902710e-01
0.000000000000000000e+00 2.254401892423629761e-01
0.000000000000000000e+00 1.579803079366683960e-01
0.000000000000000000e+00 2.285055816173553467e-01
0.000000000000000000e+00 1.930530667304992676e-01
0.000000000000000000e+00 1.584310978651046753e-01
0.000000000000000000e+00 1.362930089235305786e-01
0.000000000000000000e+00 1.106126531958580017e-01
0.000000000000000000e+00 1.054518818855285645e-01
0.000000000000000000e+00 1.074409335851669312e-01
0.000000000000000000e+00 9.361025691032409668e-02
0.000000000000000000e+00 1.681393235921859741e-01
0.000000000000000000e+00 2.778871655464172363e-01
0.000000000000000000e+00 3.148381114006042480e-01
0.000000000000000000e+00 4.041667282581329346e-01
0.000000000000000000e+00 6.032068133354187012e-01
0.000000000000000000e+00 7.749582529067993164e-01
0.000000000000000000e+00 7.553226947784423828e-01
0.000000000000000000e+00 8.488721251487731934e-01
1.000000000000000000e+00 8.045734167098999023e-01
1.000000000000000000e+00 8.642894029617309570e-01
1.000000000000000000e+00 8.214908838272094727e-01
1.000000000000000000e+00 8.365635871887207031e-01
1.000000000000000000e+00 8.366174101829528809e-01
1.000000000000000000e+00 8.242062330245971680e-01
0.000000000000000000e+00 8.047415018081665039e-01
0.000000000000000000e+00 7.951207160949707031e-01
0.000000000000000000e+00 8.531044721603393555e-01
0.000000000000000000e+00 7.399035096168518066e-01
0.000000000000000000e+00 7.388089895248413086e-01
0.000000000000000000e+00 6.370615363121032715e-01
0.000000000000000000e+00 5.021229982376098633e-01
0.000000000000000000e+00 4.850040078163146973e-01
0.000000000000000000e+00 4.024467170238494873e-01
0.000000000000000000e+00 3.009813129901885986e-01
0.000000000000000000e+00 1.812631487846374512e-01
0.000000000000000000e+00 1.269812285900115967e-01
0.000000000000000000e+00 9.576351195573806763e-02
0.000000000000000000e+00 5.558634921908378601e-02
0.000000000000000000e+00 9.486413598060607910e-01
0.000000000000000000e+00 9.571771621704101562e-01
0.000000000000000000e+00 9.641851782798767090e-01
0.000000000000000000e+00 9.563714265823364258e-01
0.000000000000000000e+00 9.688091874122619629e-01
0.000000000000000000e+00 9.463777542114257812e-01
0.000000000000000000e+00 9.545762538909912109e-01
0.000000000000000000e+00 9.373305439949035645e-01
0.000000000000000000e+00 9.353857636451721191e-01
0.000000000000000000e+00 9.427672028541564941e-01
0.000000000000000000e+00 9.225612878799438477e-01
0.000000000000000000e+00 8.732037544250488281e-01
0.000000000000000000e+00 8.239931464195251465e-01
0.000000000000000000e+00 8.316811323165893555e-01
0.000000000000000000e+00 8.888403773307800293e-01
0.000000000000000000e+00 7.929505705833435059e-01
0.000000000000000000e+00 7.196233868598937988e-01
0.000000000000000000e+00 6.623353958129882812e-01
0.000000000000000000e+00 6.000621318817138672e-01
0.000000000000000000e+00 5.136455297470092773e-01
0.000000000000000000e+00 6.656265258789062500e-01
1.000000000000000000e+00 7.540223598480224609e-01
1.000000000000000000e+00 9.103226065635681152e-01
1.000000000000000000e+00 9.122077822685241699e-01
0.000000000000000000e+00 8.451843261718750000e-01
0.000000000000000000e+00 7.636259794235229492e-01
0.000000000000000000e+00 8.821119666099548340e-01
0.000000000000000000e+00 8.766772150993347168e-01
0.000000000000000000e+00 8.551444411277770996e-01
0.000000000000000000e+00 7.748461961746215820e-01
0.000000000000000000e+00 9.168206453323364258e-01
0.000000000000000000e+00 7.876300215721130371e-01
0.000000000000000000e+00 5.993242263793945312e-01
0.000000000000000000e+00 7.034221887588500977e-01
0.000000000000000000e+00 6.400495171546936035e-01
0.000000000000000000e+00 3.866490423679351807e-01
0.000000000000000000e+00 3.741881251335144043e-01
0.000000000000000000e+00 2.543168067932128906e-01
0.000000000000000000e+00 4.453176856040954590e-01
0.000000000000000000e+00 2.418463826179504395e-01
0.000000000000000000e+00 2.001436501741409302e-01
0.000000000000000000e+00 1.693101674318313599e-01
0.000000000000000000e+00 1.492909938097000122e-01
0.000000000000000000e+00 2.424459308385848999e-01
0.000000000000000000e+00 1.146507933735847473e-01
0.000000000000000000e+00 7.906257361173629761e-02
0.000000000000000000e+00 4.866623878479003906e-02
0.000000000000000000e+00 7.009550929069519043e-02
1.000000000000000000e+00 7.198492437601089478e-02
0.000000000000000000e+00 6.782683730125427246e-02
0.000000000000000000e+00 7.925985008478164673e-02
0.000000000000000000e+00 1.569624245166778564e-01
0.000000000000000000e+00 1.231527402997016907e-01
1.000000000000000000e+00 2.945476174354553223e-01
1.000000000000000000e+00 4.214842021465301514e-01
1.000000000000000000e+00 3.709847629070281982e-01
0.000000000000000000e+00 3.243223130702972412e-01
0.000000000000000000e+00 1.929679214954376221e-01
0.000000000000000000e+00 1.461535990238189697e-01
1.000000000000000000e+00 1.379531323909759521e-01
1.000000000000000000e+00 1.541216373443603516e-01
1.000000000000000000e+00 1.971190571784973145e-01
1.000000000000000000e+00 1.833587586879730225e-01
1.000000000000000000e+00 2.700795531272888184e-01
1.000000000000000000e+00 3.631491661071777344e-01
0.000000000000000000e+00 5.012353658676147461e-01
0.000000000000000000e+00 6.536703705787658691e-01
0.000000000000000000e+00 6.660639643669128418e-01
0.000000000000000000e+00 7.181133627891540527e-01
0.000000000000000000e+00 7.429563999176025391e-01
0.000000000000000000e+00 7.238696217536926270e-01
0.000000000000000000e+00 4.231702089309692383e-01
0.000000000000000000e+00 5.302996039390563965e-01
0.000000000000000000e+00 2.879232764244079590e-01
0.000000000000000000e+00 4.481704533100128174e-01
